0 0 1 166 264 51 3 13 15 19 20 22 29 32 35 36 38 39 42 43 46 53 54 55 189 222 250 270 62 97 98 77 99 100 76 105 109 60 115 116 119 122 124 127 128 73 74 141 143 144 79 148 149 188 195 197 198 221 240 265 176 69 129 214 244 78 205 273 241 12 103 193 194 213 251 175 160 179 206 224 253 2 57 82 263 182 228 183 185 268 269 271 272 233 190 275 257 150 235 199 200 237 248 230 211 274 215 249 217 254 223 219 232 173 178 181 184 212 218 225 261 180 192 207 239 252 258 186 187 191 196 201 202 203 34 204 164 208 209 210 216 220 226 227 229 231 159 234 236 238 242 243 245 247 255 256 259 260 262 266 267 276 
0 1 11 0 51 
0 2 264 0 
0 3 11 41 131 151 264 0 
0 4 11 166 153 
0 5 41 50 166 285 
0 6 41 285 
0 7 50 51 153 285 
0 8 50 51 
0 9 50 51 285 
0 10 264 284 
0 11 1 3 41 13 14 15 50 4 16 17 18 19 20 21 22 24 25 26 27 28 29 30 31 32 33 35 36 37 38 39 40 42 43 44 45 46 47 48 49 52 53 54 55 189 222 250 270 
0 12 131 264 0 
0 13 11 41 151 0 
0 14 11 153 280 
0 15 11 41 50 151 0 51 285 
0 16 11 41 131 56 153 280 285 
0 17 11 166 
0 18 11 41 131 166 151 153 285 
0 19 11 264 0 
0 20 11 41 75 166 264 0 153 280 285 
0 21 11 50 153 280 
0 22 11 41 264 0 153 280 
0 23 50 51 56 
0 24 11 41 285 
0 25 11 41 166 153 285 
0 26 11 41 50 75 151 153 280 285 
0 27 11 166 153 
0 28 11 41 
0 29 11 41 131 264 0 56 285 
0 30 11 166 
0 31 11 41 285 
0 32 11 0 
0 33 11 280 
0 34 0 153 285 
0 35 11 0 153 285 
0 36 11 0 51 
0 37 11 153 280 
0 38 11 166 0 56 
0 39 11 166 0 153 
0 40 11 166 153 
0 41 3 11 285 131 13 15 166 16 18 20 75 22 24 25 26 28 29 31 43 45 53 55 80 81 83 84 85 86 87 59 89 62 90 91 92 93 5 94 95 96 97 98 77 71 99 100 101 102 104 76 105 106 107 58 108 109 6 110 111 60 112 113 114 115 116 67 119 117 118 121 122 123 124 125 126 127 128 130 132 133 73 74 134 135 136 137 138 139 140 141 142 143 144 145 79 146 147 148 149 188 195 197 198 221 240 265 
0 42 11 166 264 0 51 280 
0 43 11 41 50 75 151 0 153 280 285 
0 44 11 153 
0 45 11 41 285 
0 46 11 166 0 
0 47 11 151 56 
0 48 11 166 
0 49 11 151 51 
0 50 151 264 15 11 166 21 26 43 52 83 86 90 92 5 94 96 71 106 107 111 130 137 147 172 8 277 154 23 61 63 7 65 167 161 162 176 165 177 69 129 9 214 244 
0 51 1 166 0 153 151 15 36 42 49 52 83 86 90 92 107 111 60 123 130 132 139 172 8 23 63 7 167 176 177 69 129 9 152 173 174 178 181 184 212 218 225 261 
0 52 11 50 51 56 
0 53 11 41 0 285 
0 54 11 0 284 
0 55 11 41 264 0 153 285 
0 56 16 29 38 47 52 71 58 60 67 73 74 23 61 63 65 69 64 57 66 68 72 180 192 207 239 252 258 
0 57 264 0 56 
0 58 41 131 56 280 285 
0 59 41 166 151 153 285 
0 60 41 151 0 51 56 285 
0 61 50 56 285 
0 62 41 0 
0 63 50 131 51 56 280 
0 64 119 56 280 285 
0 65 50 56 285 
0 66 56 285 
0 67 41 119 56 285 
0 68 56 285 
0 69 50 131 0 51 56 153 280 
0 70 280 285 
0 71 41 50 131 56 280 285 
0 72 56 280 285 
0 73 41 131 264 0 56 280 285 
0 74 41 0 56 
0 75 20 41 280 285 26 43 77 76 78 205 
0 76 41 75 264 0 285 
0 77 41 75 131 0 
0 78 75 264 0 
0 79 41 0 
0 80 41 285 
0 81 41 131 285 
0 82 264 0 280 285 
0 83 41 50 166 51 285 
0 84 41 166 153 285 
0 85 41 131 285 
0 86 41 50 51 
0 87 41 285 
0 88 131 280 285 
0 89 41 131 280 285 
0 90 41 50 51 285 
0 91 41 285 
0 92 41 50 51 153 285 
0 93 41 153 285 
0 94 41 50 166 
0 95 41 280 285 
0 96 41 50 166 285 
0 97 41 264 0 285 
0 98 41 0 285 
0 99 41 166 264 0 153 280 
0 100 41 0 285 
0 101 41 151 285 
0 102 41 264 285 
0 103 131 0 285 
0 104 41 280 285 
0 105 41 131 264 0 280 285 
0 106 41 50 131 151 153 280 285 
0 107 41 50 51 153 285 
0 108 41 166 280 285 
0 109 41 0 153 285 
0 110 41 
0 111 41 50 51 
0 112 41 285 
0 113 41 166 151 153 285 
0 114 41 285 
0 115 41 264 0 285 
0 116 41 0 153 285 
0 117 41 285 
0 118 41 285 
0 119 67 41 0 144 273 281 64 282 246 156 171 283 241 
0 120 166 153 285 
0 121 41 166 151 153 285 
0 122 41 131 151 0 280 285 
0 123 41 151 51 
0 124 41 151 0 280 285 
0 125 41 131 151 153 280 285 
0 126 41 153 285 
0 127 41 131 0 280 
0 128 41 131 264 0 280 285 
0 129 50 264 0 51 285 
0 130 41 50 51 153 285 
0 131 3 41 285 16 18 29 81 85 89 77 71 105 106 58 122 125 127 128 73 148 149 63 69 12 88 103 193 194 213 251 
0 132 41 51 285 
0 133 41 285 
0 134 41 285 
0 135 41 280 
0 136 41 280 285 
0 137 41 50 166 153 
0 138 41 166 153 280 285 
0 139 41 151 51 
0 140 41 166 280 285 
0 141 41 0 153 285 
0 142 41 285 
0 143 41 0 153 285 
0 144 41 119 166 264 0 153 280 285 
0 145 41 280 285 
0 146 41 166 153 
0 147 41 50 166 285 
0 148 41 131 151 0 280 285 
0 149 41 131 0 285 
0 150 264 0 285 
0 151 3 50 51 13 15 18 26 43 47 49 59 101 106 60 113 121 122 123 124 125 139 148 152 
0 152 151 51 280 
0 153 51 14 4 166 16 18 20 21 22 25 26 27 35 37 39 40 43 44 55 84 59 92 93 99 106 107 109 113 116 121 125 126 130 137 138 141 143 144 146 154 7 167 161 162 165 69 156 171 155 157 158 160 120 168 170 191 34 164 216 231 159 255 262 276 169 
0 154 50 153 280 
0 155 166 153 285 
0 156 119 166 153 
0 157 166 153 
0 158 166 153 285 
0 159 0 153 285 
0 160 166 0 153 
0 161 50 166 153 
0 162 50 166 153 
0 163 166 285 
0 164 0 153 285 
0 165 50 166 153 
0 166 0 51 50 4 41 153 17 18 20 25 27 30 38 39 40 42 46 48 83 84 59 5 94 96 99 108 113 121 137 138 140 144 146 147 161 162 165 156 171 155 157 158 175 160 163 120 168 170 179 206 224 253 
0 167 50 51 153 280 
0 168 166 153 280 
0 169 153 285 
0 170 166 153 285 
0 171 119 166 153 
0 172 50 51 
0 173 0 51 285 
0 174 51 285 
0 175 166 0 
0 176 50 0 51 
0 177 50 51 
0 178 0 51 280 
0 179 166 0 
0 180 0 56 
0 181 0 51 
0 182 264 0 
0 183 264 0 
0 184 0 51 
0 185 264 0 
0 186 0 
0 187 0 285 
0 188 41 0 
0 189 11 0 
0 190 264 0 
0 191 0 153 
0 192 0 56 
0 193 131 0 
0 194 131 0 
0 195 41 0 
0 196 0 285 
0 197 41 0 
0 198 41 0 
0 199 264 0 
0 200 264 0 
0 201 0 284 
0 202 0 285 
0 203 0 
0 204 0 280 
0 205 75 0 
0 206 166 0 
0 207 0 56 
0 208 0 285 
0 209 0 285 
0 210 0 280 
0 211 264 0 
0 212 0 51 
0 213 131 0 
0 214 50 0 
0 215 264 0 
0 216 0 153 
0 217 264 0 
0 218 0 51 
0 219 264 0 
0 220 0 285 
0 221 41 0 
0 222 11 0 
0 223 264 0 
0 224 166 0 
0 225 0 51 
0 226 0 285 
0 227 0 
0 228 264 0 
0 229 0 285 
0 230 264 0 
0 231 0 153 
0 232 264 0 
0 233 264 0 
0 234 0 285 
0 235 264 0 
0 236 0 285 
0 237 264 0 
0 238 0 280 
0 239 0 56 
0 240 41 0 
0 241 119 0 
0 242 0 285 
0 243 0 280 
0 244 50 0 
0 245 0 285 
0 246 119 284 
0 247 0 285 
0 248 264 0 
0 249 264 0 
0 250 11 0 
0 251 131 0 
0 252 0 56 
0 253 166 0 
0 254 264 0 
0 255 0 153 
0 256 0 285 
0 257 264 0 
0 258 0 56 
0 259 0 
0 260 0 285 
0 261 0 51 
0 262 0 153 
0 263 264 0 
0 264 0 3 50 19 20 22 29 42 55 97 99 102 76 105 115 128 73 144 129 78 273 12 2 57 82 263 182 228 183 185 268 269 271 272 233 190 275 257 150 235 199 200 10 237 248 230 211 274 215 249 217 254 223 219 232 
0 265 41 0 
0 266 0 
0 267 0 284 
0 268 264 0 
0 269 264 0 
0 270 11 0 
0 271 264 0 
0 272 264 0 284 
0 273 119 264 0 284 
0 274 264 0 
0 275 264 0 
0 276 0 153 
0 277 50 280 285 
0 278 280 
0 279 280 285 
0 280 14 16 20 75 21 22 26 33 37 42 43 89 95 71 99 104 105 106 58 108 122 124 125 127 128 73 135 136 138 140 144 145 148 277 154 63 167 69 64 88 168 152 82 178 72 204 210 238 243 278 279 70 
0 281 119 284 
0 282 119 284 
0 283 119 284 
0 284 54 273 281 282 246 283 272 10 201 267 
0 285 41 131 15 16 18 20 75 24 25 26 29 31 35 43 45 53 55 80 81 83 84 85 87 59 89 90 91 92 93 5 95 96 97 98 71 100 101 102 104 76 105 106 107 58 108 109 6 60 112 113 114 115 116 67 117 118 121 122 124 125 126 128 130 132 133 73 134 136 138 140 141 142 143 144 145 147 148 149 277 61 7 65 129 9 64 88 103 155 158 163 120 170 82 150 173 174 66 68 72 187 196 202 34 164 208 209 220 226 229 159 234 236 242 245 247 256 260 169 279 70 
900 0 1 158 251 48 3 13 15 18 20 26 29 32 33 35 36 39 40 43 50 51 52 180 211 239 257 59 92 73 93 94 72 99 103 57 109 110 112 115 117 120 121 69 70 133 135 136 75 140 141 179 186 188 189 210 229 252 168 66 122 203 233 74 260 230 12 97 184 185 202 240 167 152 171 196 213 242 2 54 78 250 217 174 176 255 256 258 259 222 181 262 142 224 190 191 226 237 219 200 261 204 238 206 243 212 208 221 165 170 173 175 201 207 214 248 172 183 197 228 241 177 178 182 187 192 193 194 31 195 156 198 199 205 209 215 216 218 220 151 223 225 227 231 232 234 236 244 245 246 247 249 253 254 263 
900 1 11 0 48 
900 2 251 0 
900 3 11 38 124 143 251 0 
900 4 11 158 145 
900 5 38 47 158 271 
900 6 38 271 
900 7 47 48 145 271 
900 8 47 48 
900 9 47 48 271 
900 10 251 
900 11 1 3 38 13 14 15 47 4 16 17 18 19 20 22 23 24 25 26 27 28 29 30 32 33 34 35 36 37 39 40 41 42 43 44 45 46 49 50 51 52 180 211 239 257 
900 12 124 251 0 
900 13 11 38 143 0 
900 14 11 145 267 
900 15 11 38 47 143 0 48 271 
900 16 11 158 
900 17 11 38 124 158 143 145 271 
900 18 11 38 71 158 251 0 145 267 271 
900 19 11 47 145 267 
900 20 11 38 251 0 145 267 
900 21 47 48 53 
900 22 11 38 158 145 271 
900 23 11 38 47 71 143 145 267 271 
900 24 11 158 145 
900 25 11 38 
900 26 11 38 124 251 0 53 271 
900 27 11 158 
900 28 11 38 271 
900 29 11 0 
900 30 11 267 
900 31 0 145 271 
900 32 11 0 145 271 
900 33 11 0 48 
900 34 11 145 267 
900 35 11 158 0 53 
900 36 11 158 0 145 
900 37 11 158 145 
900 38 3 11 271 124 13 15 158 17 18 71 20 22 23 25 26 28 40 42 50 52 76 77 79 80 81 82 83 56 85 59 86 87 88 5 89 90 91 92 73 68 93 94 95 96 98 72 99 100 101 55 102 103 6 104 105 57 106 107 108 109 110 64 112 111 114 115 116 117 118 119 120 121 123 125 69 70 126 127 128 129 130 131 132 133 134 135 136 137 75 138 139 140 141 179 186 188 189 210 229 252 
900 39 11 158 251 0 48 267 
900 40 11 38 47 71 143 0 145 267 271 
900 41 11 145 
900 42 11 38 271 
900 43 11 158 0 
900 44 11 143 53 
900 45 11 158 
900 46 11 143 48 
900 47 143 251 15 11 158 19 23 40 49 79 82 86 88 5 89 91 68 100 101 105 123 129 139 164 8 264 146 21 58 60 7 62 159 153 154 168 157 169 66 122 9 203 233 
900 48 1 158 0 145 143 15 33 39 46 49 79 82 86 88 101 105 57 116 123 131 164 8 21 60 7 159 168 169 66 122 9 144 165 166 170 173 175 201 207 214 248 
900 49 11 47 48 53 
900 50 11 38 0 271 
900 51 11 0 
900 52 11 38 251 0 145 271 
900 53 26 35 44 49 68 55 57 64 69 70 21 58 60 62 66 61 54 63 65 172 183 197 228 241 
900 54 251 0 53 
900 55 38 124 53 267 271 
900 56 38 158 143 145 271 
900 57 38 143 0 48 53 271 
900 58 47 53 271 
900 59 38 0 
900 60 47 124 48 53 267 
900 61 112 53 267 271 
900 62 47 53 271 
900 63 53 271 
900 64 38 112 53 271 
900 65 53 271 
900 66 47 124 0 48 53 145 267 
900 67 267 271 
900 68 38 47 124 53 267 271 
900 69 38 124 251 0 53 267 271 
900 70 38 0 53 
900 71 18 38 267 271 23 40 73 72 74 
900 72 38 71 251 0 271 
900 73 38 71 124 0 
900 74 71 251 0 
900 75 38 0 
900 76 38 271 
900 77 38 124 271 
900 78 251 0 267 271 
900 79 38 47 158 48 271 
900 80 38 158 145 271 
900 81 38 124 271 
900 82 38 47 48 
900 83 38 271 
900 84 124 267 271 
900 85 38 124 267 271 
900 86 38 47 48 271 
900 87 38 271 
900 88 38 47 48 145 271 
900 89 38 47 158 
900 90 38 267 271 
900 91 38 47 158 271 
900 92 38 251 0 271 
900 93 38 158 251 0 145 267 
900 94 38 0 271 
900 95 38 143 271 
900 96 38 251 271 
900 97 124 0 271 
900 98 38 267 271 
900 99 38 124 251 0 267 271 
900 100 38 47 124 143 145 267 271 
900 101 38 47 48 145 271 
900 102 38 158 267 271 
900 103 38 0 145 271 
900 104 38 
900 105 38 47 48 
900 106 38 271 
900 107 38 158 143 145 271 
900 108 38 271 
900 109 38 251 0 271 
900 110 38 0 145 271 
900 111 38 271 
900 112 64 38 0 136 260 268 61 269 235 148 163 270 230 
900 113 158 145 271 
900 114 38 158 143 145 271 
900 115 38 124 143 0 267 271 
900 116 38 143 48 
900 117 38 143 0 267 271 
900 118 38 124 143 145 267 271 
900 119 38 145 271 
900 120 38 124 0 267 
900 121 38 124 251 0 267 271 
900 122 47 251 0 48 271 
900 123 38 47 48 145 271 
900 124 3 38 271 17 26 77 81 85 73 68 99 100 55 115 118 120 121 69 140 141 60 66 12 84 97 184 185 202 240 
900 125 38 271 
900 126 38 271 
900 127 38 267 
900 128 38 267 271 
900 129 38 47 158 145 
900 130 38 158 145 267 271 
900 131 38 143 48 
900 132 38 158 267 271 
900 133 38 0 145 271 
900 134 38 271 
900 135 38 0 145 271 
900 136 38 112 158 251 0 145 267 271 
900 137 38 267 271 
900 138 38 158 145 
900 139 38 47 158 271 
900 140 38 124 143 0 267 271 
900 141 38 124 0 271 
900 142 251 0 271 
900 143 3 47 48 13 15 17 23 40 44 46 56 95 100 57 107 114 115 116 117 118 131 140 144 
900 144 143 48 267 
900 145 48 14 4 158 17 18 19 20 22 23 24 32 34 36 37 40 41 52 80 56 88 93 100 101 103 107 110 114 118 119 123 129 130 133 135 136 138 146 7 159 153 154 157 66 148 163 147 149 150 152 113 160 162 182 31 156 205 220 151 244 249 263 161 
900 146 47 145 267 
900 147 158 145 271 
900 148 112 158 145 
900 149 158 145 
900 150 158 145 271 
900 151 0 145 271 
900 152 158 0 145 
900 153 47 158 145 
900 154 47 158 145 
900 155 158 271 
900 156 0 145 271 
900 157 47 158 145 
900 158 0 48 47 4 38 145 16 17 18 22 24 27 35 36 37 39 43 45 79 80 56 5 89 91 93 102 107 114 129 130 132 136 138 139 153 154 157 148 163 147 149 150 167 152 155 113 160 162 171 196 213 242 
900 159 47 48 145 267 
900 160 158 145 267 
900 161 145 271 
900 162 158 145 271 
900 163 112 158 145 
900 164 47 48 
900 165 0 48 271 
900 166 48 271 
900 167 158 0 
900 168 47 0 48 
900 169 47 48 
900 170 0 48 267 
900 171 158 0 
900 172 0 53 
900 173 0 48 
900 174 251 0 
900 175 0 48 
900 176 251 0 
900 177 0 
900 178 0 271 
900 179 38 0 
900 180 11 0 
900 181 251 0 
900 182 0 145 
900 183 0 53 
900 184 124 0 
900 185 124 0 
900 186 38 0 
900 187 0 271 
900 188 38 0 
900 189 38 0 
900 190 251 0 
900 191 251 0 
900 192 0 
900 193 0 271 
900 194 0 
900 195 0 267 
900 196 158 0 
900 197 0 53 
900 198 0 271 
900 199 0 267 
900 200 251 0 
900 201 0 48 
900 202 124 0 
900 203 47 0 
900 204 251 0 
900 205 0 145 
900 206 251 0 
900 207 0 48 
900 208 251 0 
900 209 0 271 
900 210 38 0 
900 211 11 0 
900 212 251 0 
900 213 158 0 
900 214 0 48 
900 215 0 271 
900 216 0 
900 217 251 0 
900 218 0 271 
900 219 251 0 
900 220 0 145 
900 221 251 0 
900 222 251 0 
900 223 0 271 
900 224 251 0 
900 225 0 271 
900 226 251 0 
900 227 0 267 
900 228 0 53 
900 229 38 0 
900 230 112 0 
900 231 0 271 
900 232 0 267 
900 233 47 0 
900 234 0 271 
900 235 112 
900 236 0 271 
900 237 251 0 
900 238 251 0 
900 239 11 0 
900 240 124 0 
900 241 0 53 
900 242 158 0 
900 243 251 0 
900 244 0 145 
900 245 0 271 
900 246 0 
900 247 0 271 
900 248 0 48 
900 249 0 145 
900 250 251 0 
900 251 0 3 47 18 20 26 39 52 92 93 96 72 99 109 121 69 136 122 74 260 12 2 54 78 250 217 174 176 255 256 258 259 222 181 262 142 224 190 191 10 226 237 219 200 261 204 238 206 243 212 208 221 
900 252 38 0 
900 253 0 
900 254 0 
900 255 251 0 
900 256 251 0 
900 257 11 0 
900 258 251 0 
900 259 251 0 
900 260 112 251 0 
900 261 251 0 
900 262 251 0 
900 263 0 145 
900 264 47 267 271 
900 265 267 
900 266 267 271 
900 267 14 18 71 19 20 23 30 34 39 40 85 90 68 93 98 99 100 55 102 115 117 118 120 121 69 127 128 130 132 136 137 140 264 146 60 159 66 61 84 160 144 78 170 195 199 227 232 265 266 67 
900 268 112 
900 269 112 
900 270 112 
900 271 38 124 15 17 18 71 22 23 26 28 32 40 42 50 52 76 77 79 80 81 83 56 85 86 87 88 5 90 91 92 68 94 95 96 98 72 99 100 101 55 102 103 6 57 106 107 108 109 110 64 111 114 115 117 118 119 121 123 125 69 126 128 130 132 133 134 135 136 137 139 140 141 264 58 7 62 122 9 61 84 97 147 150 155 113 162 78 142 165 166 63 65 178 187 193 31 156 198 209 215 218 151 223 225 231 234 236 245 247 161 266 67 
1800 0 1 151 237 46 3 12 14 17 19 25 30 31 33 34 37 38 41 48 49 50 171 200 226 242 57 87 88 89 70 94 98 55 104 105 108 110 113 114 67 68 126 128 129 72 133 134 170 177 179 180 199 217 160 64 115 193 71 245 218 92 175 176 192 227 159 145 163 202 228 2 52 74 236 206 166 240 241 243 244 210 172 247 135 212 181 182 214 224 208 190 246 225 195 229 201 197 209 157 162 165 167 191 196 203 234 164 174 187 216 168 169 173 178 183 184 185 29 186 149 188 189 194 198 204 205 207 144 211 213 215 219 220 221 223 230 231 232 233 235 238 239 248 
1800 1 11 0 46 
1800 2 237 0 
1800 3 11 36 117 136 237 0 
1800 4 11 151 138 
1800 5 36 45 151 256 
1800 6 36 256 
1800 7 45 46 138 256 
1800 8 45 46 
1800 9 45 46 256 
1800 10 237 
1800 11 1 3 36 12 13 14 45 4 15 16 17 18 19 21 22 23 24 25 26 27 28 30 31 32 33 34 35 37 38 39 40 41 42 43 44 47 48 49 50 171 200 226 242 
1800 12 11 36 136 0 
1800 13 11 138 252 
1800 14 11 36 45 136 0 46 256 
1800 15 11 151 
1800 16 11 36 117 151 136 138 256 
1800 17 11 36 69 151 237 0 138 252 256 
1800 18 11 45 138 252 
1800 19 11 36 237 0 138 252 
1800 20 45 46 51 
1800 21 11 36 151 138 256 
1800 22 11 36 45 69 136 138 252 256 
1800 23 11 151 138 
1800 24 11 36 
1800 25 11 36 117 237 0 51 256 
1800 26 11 151 
1800 27 11 36 256 
1800 28 11 252 
1800 29 0 138 256 
1800 30 11 0 138 256 
1800 31 11 0 46 
1800 32 11 138 252 
1800 33 11 151 0 51 
1800 34 11 151 0 138 
1800 35 11 151 138 
1800 36 3 11 256 117 12 14 151 16 17 69 19 21 22 24 25 27 38 40 48 50 73 75 76 77 78 79 54 80 57 81 82 83 5 84 85 86 87 66 88 89 90 91 93 70 94 95 96 53 97 98 6 99 100 55 101 102 103 104 62 105 107 108 109 110 111 112 113 114 116 118 67 68 119 120 121 122 123 124 125 126 127 128 129 130 72 131 132 133 134 170 177 179 180 199 217 
1800 37 11 151 237 0 46 252 
1800 38 11 36 45 69 136 0 138 252 256 
1800 39 11 138 
1800 40 11 36 256 
1800 41 11 151 0 
1800 42 11 136 51 
1800 43 11 151 
1800 44 11 136 46 
1800 45 136 237 14 11 151 18 22 38 47 75 78 81 83 5 84 86 66 95 96 100 116 122 132 156 8 249 139 20 56 58 7 60 152 146 147 160 150 161 64 115 9 193 
1800 46 1 151 0 138 136 14 31 37 44 47 75 78 81 83 96 100 55 109 116 124 156 8 20 58 7 152 160 161 64 115 9 137 157 158 162 165 167 191 196 203 234 
1800 47 11 45 46 51 
1800 48 11 36 0 256 
1800 49 11 0 
1800 50 11 36 237 0 138 256 
1800 51 25 33 42 47 66 53 55 62 67 68 20 56 58 60 64 59 52 61 63 164 174 187 216 
1800 52 237 0 51 
1800 53 36 117 51 252 256 
1800 54 36 151 136 138 256 
1800 55 36 136 0 46 51 256 
1800 56 45 51 256 
1800 57 36 0 
1800 58 45 117 46 51 252 
1800 59 105 51 252 256 
1800 60 45 51 256 
1800 61 51 256 
1800 62 36 105 51 256 
1800 63 51 256 
1800 64 45 117 0 46 51 138 252 
1800 65 252 256 
1800 66 36 45 117 51 252 256 
1800 67 36 117 237 0 51 252 256 
1800 68 36 0 51 
1800 69 17 36 252 256 22 38 70 71 
1800 70 36 69 237 0 256 
1800 71 69 237 0 
1800 72 36 0 
1800 73 36 256 
1800 74 237 0 252 256 
1800 75 36 45 151 46 256 
1800 76 36 151 138 256 
1800 77 36 117 256 
1800 78 36 45 46 
1800 79 36 256 
1800 80 36 117 252 256 
1800 81 36 45 46 256 
1800 82 36 256 
1800 83 36 45 46 138 256 
1800 84 36 45 151 
1800 85 36 252 256 
1800 86 36 45 151 256 
1800 87 36 237 0 256 
1800 88 36 151 237 0 138 252 
1800 89 36 0 256 
1800 90 36 136 256 
1800 91 36 237 256 
1800 92 117 0 256 
1800 93 36 252 256 
1800 94 36 117 237 0 252 256 
1800 95 36 45 117 136 138 252 256 
1800 96 36 45 46 138 256 
1800 97 36 151 252 256 
1800 98 36 0 138 256 
1800 99 36 
1800 100 36 45 46 
1800 101 36 256 
1800 102 36 151 136 138 256 
1800 103 36 256 
1800 104 36 237 0 256 
1800 105 62 36 0 129 245 253 59 254 222 141 255 218 
1800 106 151 138 256 
1800 107 36 151 136 138 256 
1800 108 36 117 136 0 252 256 
1800 109 36 136 46 
1800 110 36 136 0 252 256 
1800 111 36 117 136 138 252 256 
1800 112 36 138 256 
1800 113 36 117 0 252 
1800 114 36 117 237 0 252 256 
1800 115 45 237 0 46 256 
1800 116 36 45 46 138 256 
1800 117 3 36 256 16 25 77 80 66 94 95 53 108 111 113 114 67 133 134 58 64 92 175 176 192 227 
1800 118 36 256 
1800 119 36 256 
1800 120 36 252 
1800 121 36 252 256 
1800 122 36 45 151 138 
1800 123 36 151 138 252 256 
1800 124 36 136 46 
1800 125 36 151 252 256 
1800 126 36 0 138 256 
1800 127 36 256 
1800 128 36 0 138 256 
1800 129 36 105 151 237 0 138 252 256 
1800 130 36 252 256 
1800 131 36 151 138 
1800 132 36 45 151 256 
1800 133 36 117 136 0 252 256 
1800 134 36 117 0 256 
1800 135 237 0 256 
1800 136 3 45 46 12 14 16 22 38 42 44 54 90 95 55 102 107 108 109 110 111 124 133 137 
1800 137 136 46 252 
1800 138 46 13 4 151 16 17 18 19 21 22 23 30 32 34 35 38 39 50 76 54 83 88 95 96 98 102 107 111 112 116 122 123 126 128 129 131 139 7 152 146 147 150 64 141 140 142 143 145 106 153 155 173 29 149 194 144 230 235 248 154 
1800 139 45 138 252 
1800 140 151 138 256 
1800 141 105 151 138 
1800 142 151 138 
1800 143 151 138 256 
1800 144 0 138 256 
1800 145 151 0 138 
1800 146 45 151 138 
1800 147 45 151 138 
1800 148 151 256 
1800 149 0 138 256 
1800 150 45 151 138 
1800 151 0 46 45 4 36 138 15 16 17 21 23 26 33 34 35 37 41 43 75 76 54 5 84 86 88 97 102 107 122 123 125 129 131 132 146 147 150 141 140 142 143 159 145 148 106 153 155 163 202 228 
1800 152 45 46 138 252 
1800 153 151 138 252 
1800 154 138 256 
1800 155 151 138 256 
1800 156 45 46 
1800 157 0 46 256 
1800 158 46 256 
1800 159 151 0 
1800 160 45 0 46 
1800 161 45 46 
1800 162 0 46 252 
1800 163 151 0 
1800 164 0 51 
1800 165 0 46 
1800 166 237 0 
1800 167 0 46 
1800 168 0 
1800 169 0 256 
1800 170 36 0 
1800 171 11 0 
1800 172 237 0 
1800 173 0 138 
1800 174 0 51 
1800 175 117 0 
1800 176 117 0 
1800 177 36 0 
1800 178 0 256 
1800 179 36 0 
1800 180 36 0 
1800 181 237 0 
1800 182 237 0 
1800 183 0 
1800 184 0 256 
1800 185 0 
1800 186 0 252 
1800 187 0 51 
1800 188 0 256 
1800 189 0 252 
1800 190 237 0 
1800 191 0 46 
1800 192 117 0 
1800 193 45 0 
1800 194 0 138 
1800 195 237 0 
1800 196 0 46 
1800 197 237 0 
1800 198 0 256 
1800 199 36 0 
1800 200 11 0 
1800 201 237 0 
1800 202 151 0 
1800 203 0 46 
1800 204 0 256 
1800 205 0 
1800 206 237 0 
1800 207 0 256 
1800 208 237 0 
1800 209 237 0 
1800 210 237 0 
1800 211 0 256 
1800 212 237 0 
1800 213 0 256 
1800 214 237 0 
1800 215 0 252 
1800 216 0 51 
1800 217 36 0 
1800 218 105 0 
1800 219 0 256 
1800 220 0 252 
1800 221 0 256 
1800 222 105 
1800 223 0 256 
1800 224 237 0 
1800 225 237 0 
1800 226 11 0 
1800 227 117 0 
1800 228 151 0 
1800 229 237 0 
1800 230 0 138 
1800 231 0 256 
1800 232 0 
1800 233 0 256 
1800 234 0 46 
1800 235 0 138 
1800 236 237 0 
1800 237 0 3 45 17 19 25 37 50 87 88 91 70 94 104 114 67 129 115 71 245 2 52 74 236 206 166 240 241 243 244 210 172 247 135 212 181 182 10 214 224 208 190 246 225 195 229 201 197 209 
1800 238 0 
1800 239 0 
1800 240 237 0 
1800 241 237 0 
1800 242 11 0 
1800 243 237 0 
1800 244 237 0 
1800 245 105 237 0 
1800 246 237 0 
1800 247 237 0 
1800 248 0 138 
1800 249 45 252 256 
1800 250 252 
1800 251 252 256 
1800 252 13 17 69 18 19 22 28 32 37 38 80 85 66 88 93 94 95 53 97 108 110 111 113 114 67 120 121 123 125 129 130 133 249 139 58 152 64 59 153 137 74 162 186 189 215 220 250 251 65 
1800 253 105 
1800 254 105 
1800 255 105 
1800 256 36 117 14 16 17 69 21 22 25 27 30 38 40 48 50 73 75 76 77 79 54 80 81 82 83 5 85 86 87 66 89 90 91 93 70 94 95 96 53 97 98 6 55 101 102 103 104 62 107 108 110 111 112 114 116 118 67 119 121 123 125 126 127 128 129 130 132 133 134 249 56 7 60 115 9 59 92 140 143 148 106 155 74 135 157 158 61 63 169 178 184 29 149 188 198 204 207 144 211 213 219 221 223 231 233 154 251 65 
2700 0 1 145 224 3 13 16 18 24 29 30 32 33 36 37 40 46 47 48 165 191 214 229 55 84 85 86 67 91 53 100 101 104 106 109 110 64 65 121 123 124 69 128 164 170 172 173 190 207 154 61 111 184 68 232 208 89 169 183 215 153 139 157 193 2 50 71 223 196 160 227 228 230 231 200 166 234 129 202 174 175 204 212 198 181 233 213 186 216 192 188 199 151 156 159 161 182 187 194 221 158 168 179 206 162 163 167 171 176 177 28 178 143 180 185 189 195 197 138 201 203 205 209 211 217 218 219 220 222 225 226 235 
2700 1 11 0 
2700 2 224 0 
2700 3 11 35 112 130 224 0 
2700 4 11 145 132 
2700 5 35 44 145 
2700 6 35 
2700 7 44 132 
2700 8 44 
2700 9 44 
2700 10 224 
2700 11 1 3 35 12 13 44 4 14 15 16 17 18 20 21 22 23 24 25 26 27 29 30 31 32 33 34 36 37 38 39 40 41 42 43 45 46 47 48 165 191 214 229 
2700 12 11 132 238 
2700 13 11 35 44 130 0 
2700 14 11 145 
2700 15 11 35 112 145 130 132 
2700 16 11 35 66 145 224 0 132 238 
2700 17 11 44 132 238 
2700 18 11 35 224 0 132 238 
2700 19 44 49 
2700 20 11 35 145 132 
2700 21 11 35 44 66 130 132 238 
2700 22 11 145 132 
2700 23 11 35 
2700 24 11 35 112 224 0 49 
2700 25 11 145 
2700 26 11 35 
2700 27 11 238 
2700 28 0 132 
2700 29 11 0 132 
2700 30 11 0 
2700 31 11 132 238 
2700 32 11 145 0 49 
2700 33 11 145 0 132 
2700 34 11 145 132 
2700 35 3 11 112 13 145 15 16 66 18 20 21 23 24 26 37 39 46 48 70 72 73 74 75 76 52 77 55 78 79 80 5 81 82 83 84 63 85 86 87 88 90 67 91 92 93 51 94 6 95 96 53 97 98 99 100 59 101 103 104 105 106 107 108 109 110 113 64 65 114 115 116 117 118 119 120 121 122 123 124 125 69 126 127 128 164 170 172 173 190 207 
2700 36 11 145 224 0 238 
2700 37 11 35 44 66 130 0 132 238 
2700 38 11 132 
2700 39 11 35 
2700 40 11 145 0 
2700 41 11 130 49 
2700 42 11 145 
2700 43 11 130 
2700 44 130 224 13 11 145 17 21 37 45 72 75 78 80 5 81 83 63 92 93 96 117 127 150 8 236 133 19 54 7 57 146 140 141 154 144 155 61 111 9 184 
2700 45 11 44 49 
2700 46 11 35 0 
2700 47 11 0 
2700 48 11 35 224 0 132 
2700 49 24 32 41 45 63 51 53 59 64 65 19 54 57 61 56 50 58 60 158 168 179 206 
2700 50 224 0 49 
2700 51 35 112 49 238 
2700 52 35 145 130 132 
2700 53 35 130 0 49 
2700 54 44 49 
2700 55 35 0 
2700 56 101 49 238 
2700 57 44 49 
2700 58 49 
2700 59 35 101 49 
2700 60 49 
2700 61 44 112 0 49 132 238 
2700 62 238 
2700 63 35 44 112 49 238 
2700 64 35 112 224 0 49 238 
2700 65 35 0 49 
2700 66 16 35 238 21 37 67 68 
2700 67 35 66 224 0 
2700 68 66 224 0 
2700 69 35 0 
2700 70 35 
2700 71 224 0 238 
2700 72 35 44 145 
2700 73 35 145 132 
2700 74 35 112 
2700 75 35 44 
2700 76 35 
2700 77 35 112 238 
2700 78 35 44 
2700 79 35 
2700 80 35 44 132 
2700 81 35 44 145 
2700 82 35 238 
2700 83 35 44 145 
2700 84 35 224 0 
2700 85 35 145 224 0 132 238 
2700 86 35 0 
2700 87 35 130 
2700 88 35 224 
2700 89 112 0 
2700 90 35 238 
2700 91 35 112 224 0 238 
2700 92 35 44 112 130 132 238 
2700 93 35 44 132 
2700 94 35 145 238 
2700 95 35 
2700 96 35 44 
2700 97 35 
2700 98 35 145 130 132 
2700 99 35 
2700 100 35 224 0 
2700 101 59 35 0 124 232 239 56 240 210 135 241 208 
2700 102 145 132 
2700 103 35 145 130 132 
2700 104 35 112 130 0 238 
2700 105 35 130 
2700 106 35 130 0 238 
2700 107 35 112 130 132 238 
2700 108 35 132 
2700 109 35 112 0 238 
2700 110 35 112 224 0 238 
2700 111 44 224 0 
2700 112 3 35 15 24 74 77 63 91 92 51 104 107 109 110 64 128 61 89 169 183 215 
2700 113 35 
2700 114 35 
2700 115 35 238 
2700 116 35 238 
2700 117 35 44 145 132 
2700 118 35 145 132 238 
2700 119 35 130 
2700 120 35 145 238 
2700 121 35 0 132 
2700 122 35 
2700 123 35 0 132 
2700 124 35 101 145 224 0 132 238 
2700 125 35 238 
2700 126 35 145 132 
2700 127 35 44 145 
2700 128 35 112 130 0 238 
2700 129 224 0 
2700 130 3 44 13 15 21 37 41 43 52 87 92 53 98 103 104 105 106 107 119 128 131 
2700 131 130 238 
2700 132 12 4 145 15 16 17 18 20 21 22 29 31 33 34 37 38 48 73 52 80 85 92 93 98 103 107 108 117 118 121 123 124 126 133 7 146 140 141 144 61 135 134 136 137 139 102 147 149 167 28 143 185 138 217 222 235 148 
2700 133 44 132 238 
2700 134 145 132 
2700 135 101 145 132 
2700 136 145 132 
2700 137 145 132 
2700 138 0 132 
2700 139 145 0 132 
2700 140 44 145 132 
2700 141 44 145 132 
2700 142 145 
2700 143 0 132 
2700 144 44 145 132 
2700 145 0 44 4 35 132 14 15 16 20 22 25 32 33 34 36 40 42 72 73 52 5 81 83 85 94 98 103 117 118 120 124 126 127 140 141 144 135 134 136 137 153 139 142 102 147 149 157 193 
2700 146 44 132 238 
2700 147 145 132 238 
2700 148 132 
2700 149 145 132 
2700 150 44 
2700 151 0 
2700 152 
2700 153 145 0 
2700 154 44 0 
2700 155 44 
2700 156 0 238 
2700 157 145 0 
2700 158 0 49 
2700 159 0 
2700 160 224 0 
2700 161 0 
2700 162 0 
2700 163 0 
2700 164 35 0 
2700 165 11 0 
2700 166 224 0 
2700 167 0 132 
2700 168 0 49 
2700 169 112 0 
2700 170 35 0 
2700 171 0 
2700 172 35 0 
2700 173 35 0 
2700 174 224 0 
2700 175 224 0 
2700 176 0 
2700 177 0 
2700 178 0 238 
2700 179 0 49 
2700 180 0 
2700 181 224 0 
2700 182 0 
2700 183 112 0 
2700 184 44 0 
2700 185 0 132 
2700 186 224 0 
2700 187 0 
2700 188 224 0 
2700 189 0 
2700 190 35 0 
2700 191 11 0 
2700 192 224 0 
2700 193 145 0 
2700 194 0 
2700 195 0 
2700 196 224 0 
2700 197 0 
2700 198 224 0 
2700 199 224 0 
2700 200 224 0 
2700 201 0 
2700 202 224 0 
2700 203 0 
2700 204 224 0 
2700 205 0 238 
2700 206 0 49 
2700 207 35 0 
2700 208 101 0 
2700 209 0 
2700 210 101 
2700 211 0 
2700 212 224 0 
2700 213 224 0 
2700 214 11 0 
2700 215 112 0 
2700 216 224 0 
2700 217 0 132 
2700 218 0 
2700 219 0 
2700 220 0 
2700 221 0 
2700 222 0 132 
2700 223 224 0 
2700 224 0 3 44 16 18 24 36 48 84 85 88 67 91 100 110 64 124 111 68 232 2 50 71 223 196 160 227 228 230 231 200 166 234 129 202 174 175 10 204 212 198 181 233 213 186 216 192 188 199 
2700 225 0 
2700 226 0 
2700 227 224 0 
2700 228 224 0 
2700 229 11 0 
2700 230 224 0 
2700 231 224 0 
2700 232 101 224 0 
2700 233 224 0 
2700 234 224 0 
2700 235 0 132 
2700 236 44 238 
2700 237 238 
2700 238 12 16 66 17 18 21 27 31 36 37 77 82 63 85 90 91 92 51 94 104 106 107 109 110 64 115 116 118 120 124 125 128 236 133 146 61 56 147 131 71 156 178 205 237 62 
2700 239 101 
2700 240 101 
2700 241 101 
3600 0 1 139 211 3 13 16 23 28 29 31 32 34 35 38 44 45 46 158 201 216 52 79 80 81 63 86 94 95 98 100 103 104 60 61 115 117 118 65 122 157 163 164 181 195 147 57 105 175 64 219 196 84 161 174 202 146 133 150 183 2 48 67 210 185 153 214 215 217 218 188 159 221 123 190 165 166 192 199 187 172 220 200 177 203 182 179 144 149 152 154 173 178 184 208 151 160 170 194 155 156 162 167 168 27 169 137 171 176 180 186 132 189 191 193 198 204 205 206 207 209 212 213 222 
3600 1 11 0 
3600 2 211 0 
3600 3 11 106 124 211 0 
3600 4 11 139 126 
3600 5 42 139 
3600 6 
3600 7 42 126 
3600 8 42 
3600 9 42 
3600 10 211 
3600 11 1 3 12 13 42 4 14 15 16 17 19 20 21 22 23 24 25 26 28 29 30 31 32 33 34 35 36 37 38 39 40 41 43 44 45 46 158 201 216 
3600 12 11 126 225 
3600 13 11 42 124 0 
3600 14 11 139 
3600 15 11 106 139 124 126 
3600 16 11 62 139 211 0 126 225 
3600 17 11 42 126 225 
3600 18 42 47 
3600 19 11 139 126 
3600 20 11 42 62 124 126 225 
3600 21 11 139 126 
3600 22 11 
3600 23 11 106 211 0 47 
3600 24 11 139 
3600 25 11 
3600 26 11 225 
3600 27 0 126 
3600 28 11 0 126 
3600 29 11 0 
3600 30 11 126 225 
3600 31 11 139 0 47 
3600 32 11 139 0 126 
3600 33 11 139 126 
3600 34 11 139 211 0 225 
3600 35 11 42 62 124 0 126 225 
3600 36 11 126 
3600 37 11 
3600 38 11 139 0 
3600 39 11 124 47 
3600 40 11 139 
3600 41 11 124 
3600 42 124 211 13 11 139 17 20 35 43 68 71 75 5 76 78 59 87 90 111 121 8 223 127 18 51 7 54 140 134 135 147 138 148 57 105 9 175 
3600 43 11 42 47 
3600 44 11 0 
3600 45 11 0 
3600 46 11 211 0 126 
3600 47 23 31 39 43 59 49 60 61 18 51 54 57 53 48 55 56 151 160 170 194 
3600 48 211 0 47 
3600 49 106 47 225 
3600 50 139 124 126 
3600 51 42 47 
3600 52 0 
3600 53 95 47 225 
3600 54 42 47 
3600 55 47 
3600 56 47 
3600 57 42 106 0 47 126 225 
3600 58 225 
3600 59 42 106 47 225 
3600 60 106 211 0 47 225 
3600 61 0 47 
3600 62 16 225 20 35 63 64 
3600 63 62 211 0 
3600 64 62 211 0 
3600 65 0 
3600 66 
3600 67 211 0 225 
3600 68 42 139 
3600 69 139 126 
3600 70 106 
3600 71 42 
3600 72 
3600 73 106 225 
3600 74 
3600 75 42 126 
3600 76 42 139 
3600 77 225 
3600 78 42 139 
3600 79 211 0 
3600 80 139 211 0 126 225 
3600 81 0 
3600 82 124 
3600 83 211 
3600 84 106 0 
3600 85 225 
3600 86 106 211 0 225 
3600 87 42 106 124 126 225 
3600 88 139 225 
3600 89 
3600 90 42 
3600 91 
3600 92 139 124 126 
3600 93 
3600 94 211 0 
3600 95 0 118 219 226 53 227 197 129 228 196 
3600 96 139 126 
3600 97 139 124 126 
3600 98 106 124 0 225 
3600 99 124 
3600 100 124 0 225 
3600 101 106 124 126 225 
3600 102 126 
3600 103 106 0 225 
3600 104 106 211 0 225 
3600 105 42 211 0 
3600 106 3 15 23 70 73 59 86 87 49 98 101 103 104 60 122 57 84 161 174 202 
3600 107 
3600 108 
3600 109 225 
3600 110 225 
3600 111 42 139 126 
3600 112 139 126 225 
3600 113 124 
3600 114 139 225 
3600 115 0 126 
3600 116 
3600 117 0 126 
3600 118 95 139 211 0 126 225 
3600 119 225 
3600 120 139 126 
3600 121 42 139 
3600 122 106 124 0 225 
3600 123 211 0 
3600 124 3 42 13 15 20 35 39 41 50 82 87 92 97 98 99 100 101 113 122 125 
3600 125 124 225 
3600 126 12 4 139 15 16 17 19 20 21 28 30 32 33 35 36 46 69 50 75 80 87 92 97 101 102 111 112 115 117 118 120 127 7 140 134 135 138 57 129 128 130 131 133 96 141 143 27 137 176 132 204 209 222 142 
3600 127 42 126 225 
3600 128 139 126 
3600 129 95 139 126 
3600 130 139 126 
3600 131 139 126 
3600 132 0 126 
3600 133 139 0 126 
3600 134 42 139 126 
3600 135 42 139 126 
3600 136 139 
3600 137 0 126 
3600 138 42 139 126 
3600 139 0 42 4 126 14 15 16 19 21 24 31 32 33 34 38 40 68 69 50 5 76 78 80 88 92 97 111 112 114 118 120 121 134 135 138 129 128 130 131 146 133 136 96 141 143 150 183 
3600 140 42 126 225 
3600 141 139 126 225 
3600 142 126 
3600 143 139 126 
3600 144 0 
3600 145 
3600 146 139 0 
3600 147 42 0 
3600 148 42 
3600 149 0 225 
3600 150 139 0 
3600 151 0 47 
3600 152 0 
3600 153 211 0 
3600 154 0 
3600 155 0 
3600 156 0 
3600 157 0 
3600 158 11 0 
3600 159 211 0 
3600 160 0 47 
3600 161 106 0 
3600 162 0 
3600 163 0 
3600 164 0 
3600 165 211 0 
3600 166 211 0 
3600 167 0 
3600 168 0 
3600 169 0 225 
3600 170 0 47 
3600 171 0 
3600 172 211 0 
3600 173 0 
3600 174 106 0 
3600 175 42 0 
3600 176 0 126 
3600 177 211 0 
3600 178 0 
3600 179 211 0 
3600 180 0 
3600 181 0 
3600 182 211 0 
3600 183 139 0 
3600 184 0 
3600 185 211 0 
3600 186 0 
3600 187 211 0 
3600 188 211 0 
3600 189 0 
3600 190 211 0 
3600 191 0 
3600 192 211 0 
3600 193 0 225 
3600 194 0 47 
3600 195 0 
3600 196 95 0 
3600 197 95 
3600 198 0 
3600 199 211 0 
3600 200 211 0 
3600 201 11 0 
3600 202 106 0 
3600 203 211 0 
3600 204 0 126 
3600 205 0 
3600 206 0 
3600 207 0 
3600 208 0 
3600 209 0 126 
3600 210 211 0 
3600 211 0 3 42 16 23 34 46 79 80 83 63 86 94 104 60 118 105 64 219 2 48 67 210 185 153 214 215 217 218 188 159 221 123 190 165 166 10 192 199 187 172 220 200 177 203 182 179 
3600 212 0 
3600 213 0 
3600 214 211 0 
3600 215 211 0 
3600 216 11 0 
3600 217 211 0 
3600 218 211 0 
3600 219 95 211 0 
3600 220 211 0 
3600 221 211 0 
3600 222 0 126 
3600 223 42 225 
3600 224 225 
3600 225 12 16 62 17 20 26 30 34 35 73 77 59 80 85 86 87 49 88 98 100 101 103 104 60 109 110 112 114 118 119 122 223 127 140 57 53 141 125 67 149 169 193 224 58 
3600 226 95 
3600 227 95 
3600 228 95 
4500 0 1 134 199 3 13 16 23 27 28 30 31 33 34 37 42 43 44 152 189 203 49 76 77 78 60 83 90 91 94 96 99 100 57 58 111 113 114 62 118 151 157 158 174 184 142 54 101 168 61 206 185 81 155 167 190 141 145 2 46 64 198 148 202 204 205 178 153 208 119 179 159 181 177 165 207 188 170 191 175 172 139 144 147 149 166 171 176 196 146 154 163 183 150 156 160 161 162 132 164 169 173 128 180 182 187 192 193 194 195 197 200 201 209 
4500 1 11 0 
4500 2 199 0 
4500 3 11 102 120 199 0 
4500 4 11 134 122 
4500 5 134 
4500 6 
4500 7 122 
4500 8 
4500 9 
4500 10 199 
4500 11 1 3 12 13 4 14 15 16 17 19 20 21 22 23 24 25 26 27 28 29 30 31 32 33 34 35 36 37 38 39 40 41 42 43 44 152 189 203 
4500 12 11 122 212 
4500 13 11 120 0 
4500 14 11 134 
4500 15 11 102 134 120 122 
4500 16 11 59 134 199 0 122 212 
4500 17 11 122 212 
4500 18 45 
4500 19 11 134 122 
4500 20 11 59 120 122 212 
4500 21 11 134 122 
4500 22 11 
4500 23 11 102 199 0 45 
4500 24 11 134 
4500 25 11 
4500 26 11 212 
4500 27 11 0 122 
4500 28 11 0 
4500 29 11 122 212 
4500 30 11 134 0 45 
4500 31 11 134 0 122 
4500 32 11 134 122 
4500 33 11 134 199 0 212 
4500 34 11 59 120 0 122 212 
4500 35 11 122 
4500 36 11 
4500 37 11 134 0 
4500 38 11 120 45 
4500 39 11 134 
4500 40 11 120 
4500 41 11 45 
4500 42 11 0 
4500 43 11 0 
4500 44 11 199 0 122 
4500 45 23 30 38 41 56 47 57 58 18 51 54 50 46 52 53 146 154 163 183 
4500 46 199 0 45 
4500 47 102 45 212 
4500 48 134 120 122 
4500 49 0 
4500 50 91 45 212 
4500 51 45 
4500 52 45 
4500 53 45 
4500 54 102 0 45 122 212 
4500 55 212 
4500 56 102 45 212 
4500 57 102 199 0 45 212 
4500 58 0 45 
4500 59 16 212 20 34 60 61 
4500 60 59 199 0 
4500 61 59 199 0 
4500 62 0 
4500 63 
4500 64 199 0 212 
4500 65 134 
4500 66 134 122 
4500 67 102 
4500 68 
4500 69 
4500 70 102 212 
4500 71 
4500 72 122 
4500 73 134 
4500 74 212 
4500 75 134 
4500 76 199 0 
4500 77 134 199 0 122 212 
4500 78 0 
4500 79 120 
4500 80 199 
4500 81 102 0 
4500 82 212 
4500 83 102 199 0 212 
4500 84 102 120 122 212 
4500 85 134 212 
4500 86 
4500 87 
4500 88 134 120 122 
4500 89 
4500 90 199 0 
4500 91 0 114 206 213 50 214 186 125 215 185 
4500 92 134 122 
4500 93 134 120 122 
4500 94 102 120 0 212 
4500 95 120 
4500 96 120 0 212 
4500 97 102 120 122 212 
4500 98 122 
4500 99 102 0 212 
4500 100 102 199 0 212 
4500 101 199 0 
4500 102 3 15 23 67 70 56 83 84 47 94 97 99 100 57 118 54 81 155 167 190 
4500 103 
4500 104 
4500 105 212 
4500 106 212 
4500 107 134 122 
4500 108 134 122 212 
4500 109 120 
4500 110 134 212 
4500 111 0 122 
4500 112 
4500 113 0 122 
4500 114 91 134 199 0 122 212 
4500 115 212 
4500 116 134 122 
4500 117 134 
4500 118 102 120 0 212 
4500 119 199 0 
4500 120 3 13 15 20 34 38 40 48 79 84 88 93 94 95 96 97 109 118 121 
4500 121 120 212 
4500 122 12 4 134 15 16 17 19 20 21 27 29 31 32 34 35 44 66 48 72 77 84 88 93 97 98 107 108 111 113 114 116 123 7 135 129 130 133 54 125 124 126 127 92 136 138 132 169 128 192 197 209 137 
4500 123 122 212 
4500 124 134 122 
4500 125 91 134 122 
4500 126 134 122 
4500 127 134 122 
4500 128 0 122 
4500 129 134 122 
4500 130 134 122 
4500 131 134 
4500 132 0 122 
4500 133 134 122 
4500 134 0 4 122 14 15 16 19 21 24 30 31 32 33 37 39 65 66 48 5 73 75 77 85 88 93 107 108 110 114 116 117 129 130 133 125 124 126 127 141 131 92 136 138 145 
4500 135 122 212 
4500 136 134 122 212 
4500 137 122 
4500 138 134 122 
4500 139 0 
4500 140 
4500 141 134 0 
4500 142 0 
4500 143 
4500 144 0 212 
4500 145 134 0 
4500 146 0 45 
4500 147 0 
4500 148 199 0 
4500 149 0 
4500 150 0 
4500 151 0 
4500 152 11 0 
4500 153 199 0 
4500 154 0 45 
4500 155 102 0 
4500 156 0 
4500 157 0 
4500 158 0 
4500 159 199 0 
4500 160 0 
4500 161 0 
4500 162 0 212 
4500 163 0 45 
4500 164 0 
4500 165 199 0 
4500 166 0 
4500 167 102 0 
4500 168 0 
4500 169 0 122 
4500 170 199 0 
4500 171 0 
4500 172 199 0 
4500 173 0 
4500 174 0 
4500 175 199 0 
4500 176 0 
4500 177 199 0 
4500 178 199 0 
4500 179 199 0 
4500 180 0 
4500 181 199 0 
4500 182 0 212 
4500 183 0 45 
4500 184 0 
4500 185 91 0 
4500 186 91 
4500 187 0 
4500 188 199 0 
4500 189 11 0 
4500 190 102 0 
4500 191 199 0 
4500 192 0 122 
4500 193 0 
4500 194 0 
4500 195 0 
4500 196 0 
4500 197 0 122 
4500 198 199 0 
4500 199 0 3 16 23 33 44 76 77 80 60 83 90 100 57 114 101 61 206 2 46 64 198 148 202 204 205 178 153 208 119 179 159 10 181 177 165 207 188 170 191 175 172 
4500 200 0 
4500 201 0 
4500 202 199 0 
4500 203 11 0 
4500 204 199 0 
4500 205 199 0 
4500 206 91 199 0 
4500 207 199 0 
4500 208 199 0 
4500 209 0 122 
4500 210 212 
4500 211 212 
4500 212 12 16 59 17 20 26 29 33 34 70 74 56 77 82 83 84 47 85 94 96 97 99 100 57 105 106 108 110 114 115 118 210 123 135 54 50 136 121 64 144 162 182 211 55 
4500 213 91 
4500 214 91 
4500 215 91 
5400 0 1 127 190 3 15 22 25 26 27 28 30 31 34 39 40 41 145 181 194 46 72 73 74 57 78 84 85 88 90 93 94 54 55 104 106 107 111 144 150 151 166 176 135 51 95 160 58 177 76 148 159 182 134 138 2 43 60 189 141 193 195 196 170 146 198 112 171 152 173 169 157 197 180 162 183 167 164 132 137 140 142 158 163 168 139 147 175 143 149 153 154 155 125 156 161 165 121 172 174 179 184 185 186 187 188 191 192 199 
5400 1 11 0 
5400 2 190 0 
5400 3 11 96 113 190 0 
5400 4 11 127 115 
5400 5 127 
5400 6 
5400 7 115 
5400 8 
5400 9 
5400 10 190 
5400 11 1 3 12 4 13 14 15 16 18 19 20 21 22 23 24 25 26 27 28 29 30 31 32 33 34 35 36 37 38 39 40 41 145 181 194 
5400 12 11 115 202 
5400 13 11 127 
5400 14 11 96 127 113 115 
5400 15 11 56 127 190 0 115 202 
5400 16 11 115 202 
5400 17 42 
5400 18 11 127 115 
5400 19 11 56 113 115 202 
5400 20 11 127 115 
5400 21 11 
5400 22 11 96 190 0 42 
5400 23 11 
5400 24 11 202 
5400 25 11 0 115 
5400 26 11 0 
5400 27 11 127 0 42 
5400 28 11 127 0 115 
5400 29 11 127 115 
5400 30 11 127 190 0 202 
5400 31 11 56 113 0 115 202 
5400 32 11 115 
5400 33 11 
5400 34 11 127 0 
5400 35 11 113 42 
5400 36 11 127 
5400 37 11 113 
5400 38 11 42 
5400 39 11 0 
5400 40 11 0 
5400 41 11 190 0 115 
5400 42 22 27 35 38 53 44 54 55 17 48 51 47 43 49 50 139 147 175 
5400 43 190 0 42 
5400 44 96 42 202 
5400 45 127 113 115 
5400 46 0 
5400 47 85 42 202 
5400 48 42 
5400 49 42 
5400 50 42 
5400 51 96 0 42 115 202 
5400 52 202 
5400 53 96 42 202 
5400 54 96 190 0 42 202 
5400 55 0 42 
5400 56 15 202 19 31 57 58 
5400 57 56 190 0 
5400 58 56 190 0 
5400 59 
5400 60 190 0 202 
5400 61 127 
5400 62 127 115 
5400 63 96 
5400 64 
5400 65 
5400 66 96 202 
5400 67 
5400 68 115 
5400 69 127 
5400 70 202 
5400 71 127 
5400 72 190 0 
5400 73 127 190 0 115 202 
5400 74 0 
5400 75 113 
5400 76 96 0 
5400 77 202 
5400 78 96 190 0 202 
5400 79 127 202 
5400 80 
5400 81 
5400 82 127 113 115 
5400 83 
5400 84 190 0 
5400 85 0 107 203 47 204 178 118 205 177 
5400 86 127 115 
5400 87 127 113 115 
5400 88 96 113 0 202 
5400 89 113 
5400 90 113 0 202 
5400 91 96 113 115 202 
5400 92 115 
5400 93 96 0 202 
5400 94 96 190 0 202 
5400 95 190 0 
5400 96 3 14 22 63 66 53 78 44 88 91 93 94 54 111 51 76 148 159 182 
5400 97 
5400 98 
5400 99 202 
5400 100 202 
5400 101 127 115 202 
5400 102 113 
5400 103 127 202 
5400 104 0 115 
5400 105 
5400 106 0 115 
5400 107 85 127 190 0 115 202 
5400 108 202 
5400 109 127 115 
5400 110 127 
5400 111 96 113 0 202 
5400 112 190 0 
5400 113 3 14 19 31 35 37 45 75 82 87 88 89 90 91 102 111 114 
5400 114 113 202 
5400 115 12 4 127 14 15 16 18 19 20 25 28 29 31 32 41 62 45 68 73 82 87 91 92 101 104 106 107 109 116 7 128 122 123 126 51 118 117 119 120 86 129 131 125 161 121 184 188 199 130 
5400 116 115 202 
5400 117 127 115 
5400 118 85 127 115 
5400 119 127 115 
5400 120 127 115 
5400 121 0 115 
5400 122 127 115 
5400 123 127 115 
5400 124 127 
5400 125 0 115 
5400 126 127 115 
5400 127 0 4 115 13 14 15 18 20 27 28 29 30 34 36 61 62 45 5 69 71 73 79 82 87 101 103 107 109 110 122 123 126 118 117 119 120 134 124 86 129 131 138 
5400 128 115 202 
5400 129 127 115 202 
5400 130 115 
5400 131 127 115 
5400 132 0 
5400 133 
5400 134 127 0 
5400 135 0 
5400 136 
5400 137 0 202 
5400 138 127 0 
5400 139 0 42 
5400 140 0 
5400 141 190 0 
5400 142 0 
5400 143 0 
5400 144 0 
5400 145 11 0 
5400 146 190 0 
5400 147 0 42 
5400 148 96 0 
5400 149 0 
5400 150 0 
5400 151 0 
5400 152 190 0 
5400 153 0 
5400 154 0 
5400 155 0 202 
5400 156 0 
5400 157 190 0 
5400 158 0 
5400 159 96 0 
5400 160 0 
5400 161 0 115 
5400 162 190 0 
5400 163 0 
5400 164 190 0 
5400 165 0 
5400 166 0 
5400 167 190 0 
5400 168 0 
5400 169 190 0 
5400 170 190 0 
5400 171 190 0 
5400 172 0 
5400 173 190 0 
5400 174 0 202 
5400 175 0 42 
5400 176 0 
5400 177 85 0 
5400 178 85 
5400 179 0 
5400 180 190 0 
5400 181 11 0 
5400 182 96 0 
5400 183 190 0 
5400 184 0 115 
5400 185 0 
5400 186 0 
5400 187 0 
5400 188 0 115 
5400 189 190 0 
5400 190 0 3 15 22 30 41 72 73 57 78 84 94 54 107 95 58 2 43 60 189 141 193 195 196 170 146 198 112 171 152 10 173 169 157 197 180 162 183 167 164 
5400 191 0 
5400 192 0 
5400 193 190 0 
5400 194 11 0 
5400 195 190 0 
5400 196 190 0 
5400 197 190 0 
5400 198 190 0 
5400 199 0 115 
5400 200 202 
5400 201 202 
5400 202 12 15 56 16 19 24 30 31 66 70 53 73 77 78 44 79 88 90 91 93 94 54 99 100 101 103 107 108 111 200 116 128 51 47 129 114 60 137 155 174 201 52 
5400 203 85 
5400 204 85 
5400 205 85 
6300 0 1 124 3 15 22 25 26 27 28 30 31 34 39 40 41 141 177 188 46 72 73 74 57 78 84 85 88 90 93 94 54 55 104 106 107 111 140 146 147 162 172 131 51 95 156 58 173 76 144 155 178 130 134 2 43 60 185 137 187 189 190 166 142 192 167 148 169 165 153 191 176 158 179 163 160 129 133 136 138 154 159 164 135 143 171 139 145 149 150 151 122 152 157 161 118 168 170 175 180 181 182 183 184 186 193 
6300 1 11 0 
6300 2 0 
6300 3 11 96 112 0 
6300 4 11 124 
6300 5 124 
6300 6 
6300 7 
6300 8 
6300 9 
6300 10 
6300 11 1 3 12 4 13 14 15 16 18 19 20 21 22 23 24 25 26 27 28 29 30 31 32 33 34 35 36 37 38 39 40 41 141 177 188 
6300 12 11 
6300 13 11 124 
6300 14 11 96 124 112 
6300 15 11 56 124 0 
6300 16 11 
6300 17 42 
6300 18 11 124 
6300 19 11 56 112 
6300 20 11 124 
6300 21 11 
6300 22 11 96 0 42 
6300 23 11 
6300 24 11 
6300 25 11 0 
6300 26 11 0 
6300 27 11 124 0 42 
6300 28 11 124 0 
6300 29 11 124 
6300 30 11 124 0 
6300 31 11 56 112 0 
6300 32 11 
6300 33 11 
6300 34 11 124 0 
6300 35 11 112 42 
6300 36 11 124 
6300 37 11 112 
6300 38 11 42 
6300 39 11 0 
6300 40 11 0 
6300 41 11 0 
6300 42 22 27 35 38 53 44 54 55 17 48 51 47 43 49 50 135 143 171 
6300 43 0 42 
6300 44 96 42 
6300 45 124 112 
6300 46 0 
6300 47 85 42 
6300 48 42 
6300 49 42 
6300 50 42 
6300 51 96 0 42 
6300 52 
6300 53 96 42 
6300 54 96 0 42 
6300 55 0 42 
6300 56 15 19 31 57 58 
6300 57 56 0 
6300 58 56 0 
6300 59 
6300 60 0 
6300 61 124 
6300 62 124 
6300 63 96 
6300 64 
6300 65 
6300 66 96 
6300 67 
6300 68 
6300 69 124 
6300 70 
6300 71 124 
6300 72 0 
6300 73 124 0 
6300 74 0 
6300 75 112 
6300 76 96 0 
6300 77 
6300 78 96 0 
6300 79 124 
6300 80 
6300 81 
6300 82 124 112 
6300 83 
6300 84 0 
6300 85 0 107 195 47 196 174 115 197 173 
6300 86 124 
6300 87 124 112 
6300 88 96 112 0 
6300 89 112 
6300 90 112 0 
6300 91 96 112 
6300 92 
6300 93 96 0 
6300 94 96 0 
6300 95 0 
6300 96 3 14 22 63 66 53 78 44 88 91 93 94 54 111 51 76 144 155 178 
6300 97 
6300 98 
6300 99 
6300 100 
6300 101 124 
6300 102 112 
6300 103 124 
6300 104 0 
6300 105 
6300 106 0 
6300 107 85 124 0 
6300 108 
6300 109 124 
6300 110 124 
6300 111 96 112 0 
6300 112 3 14 19 31 35 37 45 75 82 87 88 89 90 91 102 111 113 
6300 113 112 
6300 114 
6300 115 85 124 
6300 116 124 
6300 117 124 
6300 118 0 
6300 119 124 
6300 120 124 
6300 121 124 
6300 122 0 
6300 123 124 
6300 124 0 4 13 14 15 18 20 27 28 29 30 34 36 61 62 45 5 69 71 73 79 82 87 101 103 107 109 110 119 120 123 115 116 117 130 121 86 126 128 134 
6300 125 
6300 126 124 
6300 127 
6300 128 124 
6300 129 0 
6300 130 124 0 
6300 131 0 
6300 132 
6300 133 0 
6300 134 124 0 
6300 135 0 42 
6300 136 0 
6300 137 0 
6300 138 0 
6300 139 0 
6300 140 0 
6300 141 11 0 
6300 142 0 
6300 143 0 42 
6300 144 96 0 
6300 145 0 
6300 146 0 
6300 147 0 
6300 148 0 
6300 149 0 
6300 150 0 
6300 151 0 
6300 152 0 
6300 153 0 
6300 154 0 
6300 155 96 0 
6300 156 0 
6300 157 0 
6300 158 0 
6300 159 0 
6300 160 0 
6300 161 0 
6300 162 0 
6300 163 0 
6300 164 0 
6300 165 0 
6300 166 0 
6300 167 0 
6300 168 0 
6300 169 0 
6300 170 0 
6300 171 0 42 
6300 172 0 
6300 173 85 0 
6300 174 85 
6300 175 0 
6300 176 0 
6300 177 11 0 
6300 178 96 0 
6300 179 0 
6300 180 0 
6300 181 0 
6300 182 0 
6300 183 0 
6300 184 0 
6300 185 0 
6300 186 0 
6300 187 0 
6300 188 11 0 
6300 189 0 
6300 190 0 
6300 191 0 
6300 192 0 
6300 193 0 
6300 194 
6300 195 85 
6300 196 85 
6300 197 85 
