0 0 132 
0 1 94 106 138 269 
0 2 94 231 269 
0 3 28 132 263 
0 4 94 132 263 162 269 
0 5 132 
0 6 132 
0 7 132 
0 8 94 138 269 
0 9 132 109 211 
0 10 132 
0 11 228 110 138 162 269 
0 12 132 
0 13 228 110 138 
0 14 132 
0 15 132 
0 16 94 228 110 211 138 269 
0 17 94 109 211 138 269 
0 18 28 94 62 109 211 162 269 
0 19 94 231 138 269 
0 20 94 228 110 
0 21 94 138 269 
0 22 132 263 
0 23 196 109 211 
0 24 110 132 138 269 
0 25 94 231 162 269 
0 26 28 132 262 
0 27 228 138 162 269 
0 28 125 110 3 251 94 136 18 128 145 228 146 147 31 152 164 155 40 281 45 46 50 52 173 61 181 67 185 72 189 75 258 81 198 83 202 209 215 216 219 222 88 137 117 26 119 
0 29 132 263 
0 30 132 
0 31 28 109 211 
0 32 132 263 
0 33 109 211 138 269 
0 34 228 110 269 
0 35 132 
0 36 196 262 
0 37 132 
0 38 94 106 62 109 211 138 162 269 
0 39 132 
0 40 28 228 109 162 
0 41 132 
0 42 94 228 231 138 162 269 
0 43 132 263 
0 44 132 
0 45 28 228 110 62 
0 46 28 94 138 269 
0 47 94 62 132 269 
0 48 132 
0 49 94 228 110 109 138 269 
0 50 28 94 109 211 269 
0 51 132 
0 52 28 94 228 85 106 132 109 162 269 
0 53 132 
0 54 132 
0 55 132 
0 56 132 
0 57 132 
0 58 132 263 
0 59 132 263 
0 60 85 132 263 
0 61 28 94 138 269 
0 62 18 147 155 45 181 83 222 137 38 47 105 139 163 183 240 244 165 168 174 96 64 204 97 227 
0 63 196 132 263 
0 64 62 138 269 
0 65 196 132 262 
0 66 94 138 269 
0 67 28 109 211 
0 68 132 
0 69 94 228 110 109 138 269 
0 70 94 228 196 262 
0 71 94 109 138 269 
0 72 28 132 263 
0 73 132 
0 74 94 228 211 138 269 
0 75 28 132 109 138 269 
0 76 228 109 211 138 
0 77 228 110 132 
0 78 132 
0 79 132 
0 80 109 211 138 269 
0 81 28 110 132 
0 82 132 
0 83 28 62 132 211 
0 84 138 162 269 
0 85 155 94 138 162 269 52 215 103 129 274 60 
0 86 132 109 138 269 
0 87 132 
0 88 28 110 106 
0 89 132 
0 90 132 
0 91 94 228 211 138 269 
0 92 132 162 
0 93 132 
0 94 251 28 138 269 231 18 145 147 152 155 85 281 46 50 52 61 181 185 215 117 119 1 2 4 16 17 19 20 21 25 38 42 47 49 66 69 70 196 71 74 91 99 100 102 103 105 108 112 114 116 118 121 123 129 130 134 135 139 141 142 144 148 149 154 163 169 8 175 177 179 182 183 191 192 194 197 199 203 205 208 210 212 214 218 225 230 233 236 240 244 246 248 249 253 255 256 257 260 264 265 266 268 274 280 283 284 
0 95 132 
0 96 228 110 231 62 132 109 162 
0 97 62 162 269 
0 98 132 
0 99 94 106 269 
0 100 94 228 211 138 269 
0 101 132 263 
0 102 94 132 269 
0 103 94 85 231 132 
0 104 109 211 138 269 
0 105 94 228 231 62 138 162 269 
0 106 251 228 110 145 152 52 215 222 88 1 38 99 114 134 163 175 177 194 199 203 205 208 210 256 280 170 
0 107 132 
0 108 94 196 132 109 211 263 138 162 269 
0 109 110 211 18 128 228 146 147 31 152 155 40 281 50 52 173 67 75 258 198 202 209 215 216 119 17 38 49 69 71 108 116 134 135 141 144 169 175 182 192 197 199 210 212 230 253 255 260 265 266 131 213 188 76 206 96 23 184 254 150 33 166 9 80 86 217 221 104 
0 110 125 28 132 109 211 106 145 45 81 88 137 16 20 49 69 135 154 163 169 205 225 230 233 256 11 13 140 34 157 168 213 77 207 96 226 24 170 237 
0 111 132 
0 112 94 132 269 
0 113 132 
0 114 94 106 138 269 
0 115 132 
0 116 94 109 211 162 
0 117 28 94 132 138 269 
0 118 94 132 263 269 
0 119 28 94 132 109 263 269 
0 120 132 263 
0 121 94 231 132 269 
0 122 132 
0 123 94 138 162 269 
0 124 132 
0 125 28 110 132 211 
0 126 132 211 138 269 
0 127 132 
0 128 28 109 162 
0 129 94 85 132 263 138 269 
0 130 94 231 132 263 162 269 
0 131 228 109 162 
0 132 125 110 231 211 263 3 251 136 145 164 155 281 52 181 72 75 258 81 83 202 215 216 219 117 26 119 4 47 196 102 103 108 112 118 121 129 130 144 163 179 182 203 208 214 218 225 240 244 260 265 266 274 280 283 284 157 77 96 24 237 60 277 278 200 176 63 65 150 166 9 86 126 12 14 15 22 29 30 32 35 37 39 41 43 44 48 51 53 54 55 56 57 58 59 68 73 78 79 82 87 89 90 92 93 5 95 98 101 107 6 111 7 113 115 120 122 124 127 133 143 151 153 158 160 161 167 171 172 178 0 180 186 187 190 193 195 201 220 223 224 229 232 234 235 238 239 241 242 243 245 247 250 261 267 270 271 272 273 275 276 279 282 10 285 
0 133 132 
0 134 94 228 231 106 109 162 269 
0 135 94 228 110 109 138 269 
0 136 28 231 132 263 
0 137 28 228 110 62 
0 138 251 94 145 152 85 46 61 185 75 258 117 1 16 17 19 21 38 42 49 66 69 71 74 91 100 105 108 114 123 129 135 139 141 142 144 148 149 154 163 169 8 177 179 182 191 197 203 205 208 212 230 233 236 240 246 248 249 253 255 256 257 260 264 265 266 268 280 284 11 13 140 27 165 174 188 76 206 207 24 237 64 254 33 166 80 86 217 221 104 126 143 261 84 159 
0 139 94 228 231 62 138 162 269 
0 140 228 110 138 
0 141 94 109 211 138 162 269 
0 142 94 138 269 
0 143 132 263 138 
0 144 94 132 109 138 269 
0 145 28 94 228 110 106 132 138 269 
0 146 28 109 211 
0 147 28 94 231 62 109 162 269 
0 148 94 138 269 
0 149 94 138 269 
0 150 132 109 211 
0 151 132 
0 152 28 94 231 106 109 211 138 269 
0 153 132 263 
0 154 94 228 110 138 269 
0 155 28 94 85 62 132 109 211 263 162 269 
0 156 263 262 
0 157 228 110 132 211 
0 158 132 
0 159 138 162 269 
0 160 132 
0 161 132 263 
0 162 18 128 147 155 85 40 281 52 189 198 215 4 25 38 42 105 108 116 123 130 134 139 141 192 203 208 210 214 218 240 248 249 255 257 266 268 280 11 27 131 168 213 96 170 237 204 97 227 217 92 84 159 
0 163 94 110 106 62 132 138 269 
0 164 28 132 263 
0 165 228 62 138 269 
0 166 132 109 138 269 
0 167 132 
0 168 228 110 231 62 162 
0 169 94 228 110 109 138 269 
0 170 110 106 162 
0 171 132 263 
0 172 132 
0 173 28 109 211 
0 174 228 62 138 269 
0 175 94 106 109 211 269 
0 176 196 132 263 
0 177 94 106 138 269 
0 178 132 
0 179 94 132 263 138 269 
0 180 132 
0 181 28 94 231 62 132 263 269 
0 182 94 132 109 138 269 
0 183 94 196 62 269 
0 184 196 109 211 
0 185 28 94 138 269 
0 186 132 
0 187 132 
0 188 228 109 211 138 
0 189 28 231 162 
0 190 132 
0 191 94 138 269 
0 192 94 228 109 162 269 
0 193 132 
0 194 94 106 269 
0 195 132 
0 196 70 94 132 269 108 183 266 277 278 252 259 200 23 176 184 63 65 36 
0 197 94 109 211 138 269 
0 198 28 109 162 
0 199 94 106 109 211 269 
0 200 196 132 262 
0 201 132 263 
0 202 28 132 109 211 
0 203 94 231 106 132 138 162 269 
0 204 62 162 269 
0 205 94 110 106 138 
0 206 228 109 211 138 
0 207 228 110 138 
0 208 94 231 106 132 138 162 269 
0 209 28 109 211 
0 210 94 228 231 106 109 162 269 
0 211 125 110 132 109 18 228 146 31 152 155 50 173 67 83 202 209 219 16 17 38 74 91 100 108 116 141 175 197 199 253 255 257 266 157 188 76 206 23 184 254 150 33 9 80 217 104 126 
0 212 94 109 138 269 
0 213 228 110 109 162 
0 214 94 231 132 162 
0 215 28 94 228 85 106 132 109 162 269 
0 216 28 132 109 
0 217 109 211 138 162 269 
0 218 94 231 132 263 162 269 
0 219 28 132 211 
0 220 132 263 
0 221 109 138 269 
0 222 28 106 62 
0 223 132 
0 224 132 
0 225 94 228 110 132 263 269 
0 226 228 110 269 
0 227 62 162 269 
0 228 106 145 28 109 211 40 45 52 215 137 16 20 42 49 69 70 74 91 100 105 134 135 139 154 169 192 210 225 230 253 11 13 140 27 34 157 131 165 168 174 213 188 76 77 206 207 96 226 
0 229 132 
0 230 94 228 110 109 138 269 
0 231 132 251 94 136 147 152 181 189 2 19 25 42 103 105 121 130 134 139 203 208 210 214 218 240 274 280 283 168 96 
0 232 132 
0 233 94 110 138 269 
0 234 132 263 
0 235 132 
0 236 94 138 269 
0 237 110 132 138 162 
0 238 132 
0 239 132 263 
0 240 94 231 62 132 263 138 162 269 
0 241 132 
0 242 132 
0 243 132 
0 244 94 62 132 269 
0 245 132 
0 246 94 138 269 
0 247 132 
0 248 94 138 162 269 
0 249 94 138 162 269 
0 250 132 
0 251 28 94 231 106 132 263 138 269 
0 252 196 262 
0 253 94 228 109 211 138 
0 254 109 211 138 269 
0 255 94 109 211 138 162 269 
0 256 94 110 106 138 
0 257 94 211 138 162 269 
0 258 28 132 109 138 269 
0 259 196 262 
0 260 94 132 109 138 269 
0 261 132 263 138 
0 262 26 70 277 278 252 259 200 65 36 156 
0 263 132 3 251 136 164 155 281 181 72 119 4 108 118 129 130 179 218 225 240 266 284 60 277 278 176 63 22 29 32 43 58 59 101 120 143 153 161 171 201 220 234 239 261 272 273 276 279 282 156 
0 264 94 138 269 
0 265 94 132 109 138 269 
0 266 94 196 132 109 211 263 138 162 269 
0 267 132 
0 268 94 138 162 269 
0 269 251 94 18 145 147 152 155 85 46 50 52 61 181 185 75 258 215 117 119 1 2 4 16 17 19 21 25 38 42 47 49 66 69 196 71 74 91 99 100 102 105 108 112 114 118 121 123 129 130 134 135 139 141 142 144 148 149 154 163 169 8 175 177 179 182 183 191 192 194 197 199 203 208 210 212 218 225 230 233 236 240 244 246 248 249 255 257 260 264 265 266 268 280 283 284 11 27 34 165 174 226 24 64 204 97 227 254 33 166 80 86 217 221 104 126 84 159 
0 270 132 
0 271 132 
0 272 132 263 
0 273 132 263 
0 274 94 85 231 132 
0 275 132 
0 276 132 263 
0 277 196 132 263 262 
0 278 196 132 263 262 
0 279 132 263 
0 280 94 231 106 132 138 162 269 
0 281 28 94 132 109 263 162 
0 282 132 263 
0 283 94 231 132 269 
0 284 94 132 263 138 269 
0 285 132 
900 0 
900 1 89 100 130 256 
900 2 89 220 256 
900 3 25 250 
900 4 89 250 154 256 
900 5 
900 6 
900 7 
900 8 89 130 256 
900 9 103 200 
900 10 
900 11 217 104 130 154 256 
900 12 
900 13 217 104 130 
900 14 
900 15 
900 16 89 103 200 130 256 
900 17 25 89 59 103 200 154 256 
900 18 89 217 104 
900 19 89 130 256 
900 20 250 
900 21 187 103 200 
900 22 89 220 154 256 
900 23 25 249 
900 24 217 130 154 256 
900 25 118 104 3 240 89 128 17 121 137 217 138 139 28 144 156 147 37 268 42 43 47 49 165 58 173 64 176 180 71 77 189 79 193 204 205 208 211 84 129 23 112 
900 26 250 
900 27 
900 28 25 103 200 
900 29 250 
900 30 103 200 130 256 
900 31 217 104 256 
900 32 
900 33 187 249 
900 34 
900 35 89 100 59 103 200 130 154 256 
900 36 
900 37 25 217 103 154 
900 38 
900 39 89 217 220 130 154 256 
900 40 250 
900 41 
900 42 25 217 104 59 
900 43 25 89 130 256 
900 44 89 59 256 
900 45 
900 46 89 217 104 103 130 256 
900 47 25 89 103 200 256 
900 48 
900 49 25 89 217 81 100 103 154 256 
900 50 
900 51 
900 52 
900 53 
900 54 
900 55 250 
900 56 250 
900 57 81 250 
900 58 25 89 130 256 
900 59 17 139 147 42 173 79 211 129 35 44 99 131 155 174 229 233 157 160 166 91 61 195 92 216 
900 60 187 250 
900 61 59 130 256 
900 62 187 249 
900 63 89 130 256 
900 64 25 103 200 
900 65 
900 66 89 217 104 103 130 256 
900 67 89 217 187 249 
900 68 89 103 130 256 
900 69 
900 70 89 217 200 130 256 
900 71 25 103 130 256 
900 72 217 103 200 130 
900 73 217 104 
900 74 
900 75 
900 76 103 200 130 256 
900 77 25 104 
900 78 
900 79 25 59 200 
900 80 130 154 256 
900 81 147 89 130 154 256 49 204 97 122 261 57 
900 82 103 130 256 
900 83 
900 84 25 104 100 
900 85 
900 86 
900 87 89 217 200 130 256 
900 88 154 
900 89 240 25 130 256 220 17 137 139 144 147 81 268 43 47 49 58 173 176 204 112 1 2 4 16 18 19 22 35 39 44 46 63 66 67 187 68 70 87 93 94 96 97 99 102 106 108 110 111 114 116 122 123 126 127 131 133 134 136 140 141 146 155 161 8 167 169 171 174 182 183 185 188 190 194 198 199 201 203 207 214 219 222 225 229 233 235 237 238 242 244 245 247 251 252 253 255 261 267 270 
900 90 
900 91 217 104 220 59 103 154 
900 92 59 154 256 
900 93 89 100 256 
900 94 89 217 200 130 256 
900 95 250 
900 96 89 256 
900 97 89 81 220 
900 98 103 200 130 256 
900 99 89 217 220 59 130 154 256 
900 100 240 217 104 137 144 49 204 211 84 1 35 93 108 126 155 167 169 185 190 194 198 199 245 267 162 
900 101 
900 102 89 187 103 200 250 130 154 256 
900 103 104 200 17 121 217 138 139 28 144 147 37 268 47 49 165 64 71 189 193 204 205 112 16 35 46 66 68 102 110 126 127 133 136 161 167 183 188 190 199 201 219 242 244 247 252 253 124 202 179 72 196 91 21 175 243 142 30 158 9 76 82 206 210 98 
900 104 118 25 103 200 100 137 42 77 84 129 18 46 66 127 146 155 161 214 219 222 245 11 13 132 31 149 160 202 73 197 91 215 162 226 
900 105 
900 106 89 256 
900 107 
900 108 89 100 130 256 
900 109 
900 110 89 103 200 154 
900 111 89 250 256 
900 112 25 89 103 250 256 
900 113 250 
900 114 89 220 256 
900 115 
900 116 89 130 154 256 
900 117 
900 118 25 104 200 
900 119 200 130 256 
900 120 
900 121 25 103 154 
900 122 89 81 250 130 256 
900 123 89 220 250 154 256 
900 124 217 103 154 
900 125 
900 126 89 217 220 100 103 154 256 
900 127 89 217 104 103 130 256 
900 128 25 220 250 
900 129 25 217 104 59 
900 130 240 89 137 144 81 43 58 176 71 1 16 19 35 39 46 63 66 68 70 87 94 99 102 108 116 122 127 131 133 134 136 140 141 146 155 161 8 169 171 182 188 194 198 201 219 222 225 229 235 237 238 242 244 245 247 251 252 253 255 267 11 13 132 24 157 166 179 72 196 197 226 61 243 30 158 76 82 206 210 98 119 135 248 80 151 
900 131 89 217 220 59 130 154 256 
900 132 217 104 130 
900 133 89 103 200 130 154 256 
900 134 89 130 256 
900 135 250 130 
900 136 89 103 130 256 
900 137 25 89 217 104 100 130 256 
900 138 25 103 200 
900 139 25 89 220 59 103 154 256 
900 140 89 130 256 
900 141 89 130 256 
900 142 103 200 
900 143 
900 144 25 89 220 100 103 200 130 256 
900 145 250 
900 146 89 217 104 130 256 
900 147 25 89 81 59 103 200 250 154 256 
900 148 250 249 
900 149 217 104 200 
900 150 
900 151 130 154 256 
900 152 
900 153 250 
900 154 17 121 139 147 81 37 268 49 180 189 204 4 22 35 39 99 102 110 116 123 126 131 133 183 194 198 199 203 207 229 237 238 244 253 255 267 11 24 124 160 202 91 162 226 195 92 216 206 88 80 151 
900 155 89 104 100 59 130 256 
900 156 25 250 
900 157 217 59 130 256 
900 158 103 130 256 
900 159 
900 160 217 104 220 59 154 
900 161 89 217 104 103 130 256 
900 162 104 100 154 
900 163 250 
900 164 
900 165 25 103 200 
900 166 217 59 130 256 
900 167 89 100 103 200 256 
900 168 187 250 
900 169 89 100 130 256 
900 170 
900 171 89 250 130 256 
900 172 
900 173 25 89 220 59 250 256 
900 174 89 187 59 256 
900 175 187 103 200 
900 176 25 89 130 256 
900 177 
900 178 
900 179 217 103 200 130 
900 180 25 220 154 
900 181 
900 182 89 130 256 
900 183 89 217 103 154 256 
900 184 
900 185 89 100 256 
900 186 
900 187 67 89 256 102 174 253 264 265 241 246 191 21 168 175 60 62 33 
900 188 89 103 200 130 256 
900 189 25 103 154 
900 190 89 100 103 200 256 
900 191 187 249 
900 192 250 
900 193 25 103 200 
900 194 89 220 100 130 154 256 
900 195 59 154 256 
900 196 217 103 200 130 
900 197 217 104 130 
900 198 89 220 100 130 154 256 
900 199 89 217 220 100 103 154 256 
900 200 118 104 103 17 217 138 28 144 147 47 165 64 79 193 208 16 35 70 87 94 102 110 133 167 188 190 242 244 253 149 179 72 196 21 175 243 142 30 9 76 206 98 119 
900 201 89 103 130 256 
900 202 217 104 103 154 
900 203 89 220 154 
900 204 25 89 217 81 100 103 154 256 
900 205 25 103 
900 206 103 200 130 154 256 
900 207 89 220 250 154 256 
900 208 25 200 
900 209 250 
900 210 103 130 256 
900 211 25 100 59 
900 212 
900 213 
900 214 89 217 104 250 256 
900 215 217 104 256 
900 216 59 154 256 
900 217 100 137 25 103 200 37 42 49 204 129 18 39 46 66 67 70 87 94 99 126 127 131 146 161 183 199 214 219 242 11 13 132 24 31 149 124 157 160 166 202 179 72 73 196 197 91 215 
900 218 
900 219 89 217 104 103 130 256 
900 220 240 89 128 139 144 173 180 2 22 39 97 99 114 123 126 131 194 198 199 203 207 229 261 267 270 160 91 
900 221 
900 222 89 104 130 256 
900 223 250 
900 224 
900 225 89 130 256 
900 226 104 130 154 
900 227 
900 228 250 
900 229 89 220 59 250 130 154 256 
900 230 
900 231 
900 232 
900 233 89 59 256 
900 234 
900 235 89 130 256 
900 236 
900 237 89 130 154 256 
900 238 89 130 154 256 
900 239 
900 240 25 89 220 100 250 130 256 
900 241 187 249 
900 242 89 217 103 200 130 
900 243 103 200 130 256 
900 244 89 103 200 130 154 256 
900 245 89 104 100 130 
900 246 187 249 
900 247 89 103 130 256 
900 248 250 130 
900 249 23 67 264 265 241 246 191 62 33 148 
900 250 3 240 128 156 147 268 173 112 4 102 111 122 123 171 207 214 229 253 57 264 265 168 60 20 26 29 40 55 56 95 113 135 145 153 163 192 209 223 228 248 259 260 263 266 269 148 
900 251 89 130 256 
900 252 89 103 130 256 
900 253 89 187 103 200 250 130 154 256 
900 254 
900 255 89 130 154 256 
900 256 240 89 17 137 139 144 147 81 43 47 49 58 173 176 71 204 112 1 2 4 16 19 22 35 39 44 46 63 66 187 68 70 87 93 94 96 99 102 106 108 111 114 116 122 123 126 127 131 133 134 136 140 141 146 155 161 8 167 169 171 174 182 183 185 188 190 194 198 199 201 207 214 219 222 225 229 233 235 237 238 244 247 251 252 253 255 267 270 11 24 31 157 166 215 61 195 92 216 243 30 158 76 82 206 210 98 119 80 151 
900 257 
900 258 
900 259 250 
900 260 250 
900 261 89 81 220 
900 262 
900 263 250 
900 264 187 250 249 
900 265 187 250 249 
900 266 250 
900 267 89 220 100 130 154 256 
900 268 25 89 103 250 154 
900 269 250 
900 270 89 220 256 
900 271 
1800 0 
1800 1 84 95 123 241 
1800 2 84 241 
1800 3 24 236 
1800 4 84 236 147 241 
1800 5 
1800 6 
1800 7 
1800 8 84 123 241 
1800 9 98 190 
1800 10 
1800 11 206 99 123 147 241 
1800 12 206 99 123 
1800 13 
1800 14 
1800 15 84 98 190 123 241 
1800 16 24 84 57 98 190 147 241 
1800 17 84 206 99 
1800 18 84 123 241 
1800 19 236 
1800 20 178 98 190 
1800 21 84 147 241 
1800 22 24 235 
1800 23 206 123 147 241 
1800 24 111 99 3 227 84 121 16 114 130 206 131 132 27 137 149 140 35 253 40 41 45 47 157 56 165 62 171 69 180 75 184 194 197 200 122 22 105 
1800 25 236 
1800 26 
1800 27 24 98 190 
1800 28 98 190 123 241 
1800 29 206 99 241 
1800 30 
1800 31 178 235 
1800 32 
1800 33 84 95 57 98 190 123 147 241 
1800 34 
1800 35 24 206 98 147 
1800 36 
1800 37 84 206 123 147 241 
1800 38 236 
1800 39 
1800 40 24 206 99 57 
1800 41 24 84 123 241 
1800 42 84 57 241 
1800 43 
1800 44 84 206 99 98 123 241 
1800 45 24 84 98 190 241 
1800 46 
1800 47 24 84 206 77 95 98 147 241 
1800 48 
1800 49 
1800 50 
1800 51 
1800 52 
1800 53 236 
1800 54 236 
1800 55 77 236 
1800 56 24 84 123 241 
1800 57 16 132 140 40 165 75 200 122 33 42 94 124 148 166 217 150 153 158 86 59 186 87 205 
1800 58 178 236 
1800 59 57 123 241 
1800 60 178 235 
1800 61 84 123 241 
1800 62 24 98 190 
1800 63 
1800 64 84 206 99 98 123 241 
1800 65 84 206 178 235 
1800 66 84 98 123 241 
1800 67 
1800 68 84 206 190 123 241 
1800 69 24 98 123 241 
1800 70 206 98 190 123 
1800 71 
1800 72 
1800 73 98 190 123 241 
1800 74 
1800 75 24 57 190 
1800 76 123 147 241 
1800 77 140 84 123 147 241 47 92 115 246 55 
1800 78 98 123 241 
1800 79 
1800 80 
1800 81 
1800 82 84 206 190 123 241 
1800 83 147 
1800 84 227 24 123 241 16 130 132 137 140 77 253 41 45 47 56 165 105 1 2 4 15 17 18 21 33 37 42 44 61 64 65 178 66 68 82 88 89 91 92 94 97 101 103 107 109 115 116 119 120 124 126 127 129 133 134 139 148 154 8 159 161 163 166 173 174 176 179 181 185 188 189 191 193 196 203 208 210 213 217 222 224 225 228 230 231 233 237 238 240 246 252 255 
1800 85 
1800 86 206 99 57 98 147 
1800 87 57 147 241 
1800 88 84 95 241 
1800 89 84 206 190 123 241 
1800 90 236 
1800 91 84 241 
1800 92 84 77 
1800 93 98 190 123 241 
1800 94 84 206 57 123 147 241 
1800 95 227 206 99 130 137 47 200 1 33 88 103 119 148 159 161 176 181 185 188 189 231 252 155 
1800 96 
1800 97 84 178 98 190 236 123 147 241 
1800 98 99 190 16 114 206 131 132 27 137 140 35 253 45 47 157 62 69 180 184 194 105 15 33 44 64 66 97 119 120 126 129 154 159 174 179 181 189 191 208 228 230 233 238 117 192 170 70 86 20 167 229 135 28 151 9 73 78 195 199 93 
1800 99 111 24 98 190 95 130 40 122 17 44 64 120 139 148 154 203 208 210 231 11 12 125 29 142 153 192 187 86 204 155 214 
1800 100 
1800 101 84 241 
1800 102 
1800 103 84 95 123 241 
1800 104 
1800 105 24 84 98 236 241 
1800 106 236 
1800 107 84 241 
1800 108 
1800 109 84 123 147 241 
1800 110 
1800 111 24 99 190 
1800 112 190 123 241 
1800 113 
1800 114 24 98 147 
1800 115 84 77 236 123 241 
1800 116 84 236 147 241 
1800 117 206 98 147 
1800 118 
1800 119 84 206 95 98 147 241 
1800 120 84 206 99 98 123 241 
1800 121 24 236 
1800 122 24 206 99 57 
1800 123 227 84 130 137 77 41 56 69 1 15 18 33 37 44 61 64 66 68 82 89 94 97 103 109 115 120 124 126 127 129 133 134 139 148 154 8 161 163 173 179 185 188 191 208 210 213 217 222 224 225 228 230 231 233 237 238 240 252 11 12 125 23 150 158 170 70 187 214 59 229 28 151 73 78 195 199 93 112 128 234 76 144 
1800 124 84 206 57 123 147 241 
1800 125 206 99 123 
1800 126 84 98 190 123 147 241 
1800 127 84 123 241 
1800 128 236 123 
1800 129 84 98 123 241 
1800 130 24 84 206 99 95 123 241 
1800 131 24 98 190 
1800 132 24 84 57 98 147 241 
1800 133 84 123 241 
1800 134 84 123 241 
1800 135 98 190 
1800 136 
1800 137 24 84 95 98 190 123 241 
1800 138 236 
1800 139 84 206 99 123 241 
1800 140 24 84 77 57 98 190 236 147 241 
1800 141 236 235 
1800 142 206 99 190 
1800 143 
1800 144 123 147 241 
1800 145 
1800 146 236 
1800 147 16 114 132 140 77 35 253 47 171 180 4 21 33 37 94 97 109 116 119 124 126 174 185 188 189 193 196 217 224 225 230 238 240 252 11 23 117 153 192 86 155 214 186 87 205 195 83 76 144 
1800 148 84 99 95 57 123 241 
1800 149 24 236 
1800 150 206 57 123 241 
1800 151 98 123 241 
1800 152 
1800 153 206 99 57 147 
1800 154 84 206 99 98 123 241 
1800 155 99 95 147 
1800 156 
1800 157 24 98 190 
1800 158 206 57 123 241 
1800 159 84 95 98 190 241 
1800 160 178 236 
1800 161 84 95 123 241 
1800 162 
1800 163 84 236 123 241 
1800 164 
1800 165 24 84 57 236 241 
1800 166 84 178 57 241 
1800 167 178 98 190 
1800 168 
1800 169 
1800 170 206 98 190 123 
1800 171 24 147 
1800 172 
1800 173 84 123 241 
1800 174 84 206 98 147 241 
1800 175 
1800 176 84 95 241 
1800 177 
1800 178 65 84 241 97 166 238 249 250 232 182 20 160 167 58 60 31 
1800 179 84 98 190 123 241 
1800 180 24 98 147 
1800 181 84 95 98 190 241 
1800 182 178 235 
1800 183 236 
1800 184 24 98 190 
1800 185 84 95 123 147 241 
1800 186 57 147 241 
1800 187 206 99 123 
1800 188 84 95 123 147 241 
1800 189 84 206 95 98 147 241 
1800 190 111 99 98 16 206 131 27 137 140 45 157 62 75 184 197 15 33 68 82 89 97 126 159 179 181 228 230 238 142 170 70 20 167 229 135 28 9 73 195 93 112 
1800 191 84 98 123 241 
1800 192 206 99 98 147 
1800 193 84 147 
1800 194 24 98 
1800 195 98 190 123 147 241 
1800 196 84 236 147 241 
1800 197 24 190 
1800 198 236 
1800 199 98 123 241 
1800 200 24 95 57 
1800 201 
1800 202 
1800 203 84 206 99 236 241 
1800 204 206 99 241 
1800 205 57 147 241 
1800 206 95 130 24 98 190 35 40 47 122 17 37 44 64 65 68 82 89 94 119 120 124 139 154 174 189 203 208 228 11 12 125 23 29 142 117 150 153 158 192 170 70 187 86 204 
1800 207 
1800 208 84 206 99 98 123 241 
1800 209 
1800 210 84 99 123 241 
1800 211 236 
1800 212 
1800 213 84 123 241 
1800 214 99 123 147 
1800 215 
1800 216 236 
1800 217 84 57 236 123 147 241 
1800 218 
1800 219 
1800 220 
1800 221 
1800 222 84 123 241 
1800 223 
1800 224 84 123 147 241 
1800 225 84 123 147 241 
1800 226 
1800 227 24 84 95 236 123 241 
1800 228 84 206 98 190 123 
1800 229 98 190 123 241 
1800 230 84 98 190 123 147 241 
1800 231 84 99 95 123 
1800 232 178 235 
1800 233 84 98 123 241 
1800 234 236 123 
1800 235 22 65 249 250 232 182 60 31 141 
1800 236 3 227 121 149 140 253 165 105 4 97 115 116 163 196 203 217 238 55 249 250 160 58 19 25 38 53 54 90 106 128 138 146 183 198 211 216 234 244 245 248 251 254 141 
1800 237 84 123 241 
1800 238 84 178 98 190 236 123 147 241 
1800 239 
1800 240 84 123 147 241 
1800 241 227 84 16 130 132 137 140 77 41 45 47 56 165 69 105 1 2 4 15 18 21 33 37 42 44 61 64 178 66 68 82 88 89 91 94 97 101 103 107 109 115 116 119 120 124 126 127 129 133 134 139 148 154 8 159 161 163 166 173 174 176 179 181 185 188 189 191 196 203 208 210 213 217 222 224 225 230 233 237 238 240 252 255 11 23 29 150 158 204 59 186 87 205 229 28 151 73 78 195 199 93 112 76 144 
1800 242 
1800 243 
1800 244 236 
1800 245 236 
1800 246 84 77 
1800 247 
1800 248 236 
1800 249 178 236 235 
1800 250 178 236 235 
1800 251 236 
1800 252 84 95 123 147 241 
1800 253 24 84 98 236 147 
1800 254 236 
1800 255 84 241 
1800 256 
2700 0 
2700 1 81 92 118 228 
2700 2 81 228 
2700 3 23 223 
2700 4 81 223 141 228 
2700 5 
2700 6 
2700 7 
2700 8 81 118 228 
2700 9 181 
2700 10 
2700 11 196 95 118 141 228 
2700 12 
2700 13 
2700 14 81 181 118 228 
2700 15 23 81 55 181 141 228 
2700 16 81 196 95 
2700 17 81 118 228 
2700 18 223 
2700 19 171 181 
2700 20 81 141 228 
2700 21 23 222 
2700 22 196 118 141 228 
2700 23 107 95 3 215 81 116 15 110 125 196 126 127 26 131 143 134 34 239 39 40 44 45 151 54 159 59 165 66 173 72 177 185 188 191 117 21 101 
2700 24 223 
2700 25 
2700 26 23 181 
2700 27 181 118 228 
2700 28 196 95 228 
2700 29 
2700 30 171 222 
2700 31 
2700 32 81 92 55 181 118 141 228 
2700 33 
2700 34 23 196 141 
2700 35 
2700 36 81 196 118 141 228 
2700 37 223 
2700 38 
2700 39 23 196 95 55 
2700 40 23 81 118 228 
2700 41 81 55 228 
2700 42 
2700 43 81 196 95 118 228 
2700 44 23 81 181 228 
2700 45 23 81 196 74 92 141 228 
2700 46 
2700 47 
2700 48 
2700 49 
2700 50 
2700 51 223 
2700 52 223 
2700 53 74 223 
2700 54 23 81 118 228 
2700 55 15 127 134 39 159 72 191 117 32 41 91 119 142 160 207 144 147 152 83 56 178 84 195 
2700 56 55 118 228 
2700 57 171 222 
2700 58 81 118 228 
2700 59 23 181 
2700 60 
2700 61 81 196 95 118 228 
2700 62 81 196 171 222 
2700 63 81 118 228 
2700 64 
2700 65 81 196 181 118 228 
2700 66 23 118 228 
2700 67 196 181 118 
2700 68 
2700 69 
2700 70 181 118 228 
2700 71 
2700 72 23 55 181 
2700 73 118 141 228 
2700 74 134 81 118 141 228 45 89 111 233 53 
2700 75 118 228 
2700 76 
2700 77 
2700 78 
2700 79 81 196 181 118 228 
2700 80 141 
2700 81 215 23 118 228 15 125 127 131 134 74 239 40 44 45 54 159 101 1 2 4 14 16 17 20 32 36 41 43 58 61 62 171 63 65 79 85 86 88 89 91 94 97 99 103 105 111 114 115 119 121 122 124 128 133 142 148 8 153 155 157 160 167 168 169 172 174 180 182 184 187 194 198 200 203 207 210 212 213 217 218 220 224 225 227 233 238 241 
2700 82 
2700 83 196 95 55 141 
2700 84 55 141 228 
2700 85 81 92 228 
2700 86 81 196 181 118 228 
2700 87 223 
2700 88 81 228 
2700 89 81 74 
2700 90 181 118 228 
2700 91 81 196 55 118 141 228 
2700 92 215 196 95 125 131 45 191 1 32 85 99 114 142 153 155 169 174 180 218 238 149 
2700 93 
2700 94 81 171 181 223 118 141 228 
2700 95 107 23 181 92 125 39 117 16 43 61 115 133 142 148 194 198 200 218 11 120 28 136 147 183 179 83 149 204 
2700 96 
2700 97 81 228 
2700 98 
2700 99 81 92 118 228 
2700 100 
2700 101 23 81 223 228 
2700 102 223 
2700 103 81 228 
2700 104 
2700 105 81 118 141 228 
2700 106 
2700 107 23 95 181 
2700 108 181 118 228 
2700 109 
2700 110 23 141 
2700 111 81 74 223 118 228 
2700 112 196 141 
2700 113 
2700 114 81 196 92 141 228 
2700 115 81 196 95 118 228 
2700 116 23 223 
2700 117 23 196 95 55 
2700 118 215 81 125 131 74 40 54 66 1 14 17 32 36 43 58 61 63 65 79 86 91 94 99 105 111 115 119 121 122 124 128 133 142 148 8 155 157 167 172 180 182 198 200 203 207 210 212 213 217 218 220 224 225 227 238 11 120 22 144 152 164 67 179 204 56 216 27 145 70 75 186 190 90 108 123 221 73 138 
2700 119 81 196 55 118 141 228 
2700 120 196 95 118 
2700 121 81 181 118 141 228 
2700 122 81 118 228 
2700 123 223 118 
2700 124 81 118 228 
2700 125 23 81 196 95 92 118 228 
2700 126 23 181 
2700 127 23 81 55 141 228 
2700 128 81 118 228 
2700 129 181 
2700 130 
2700 131 23 81 92 181 118 228 
2700 132 223 
2700 133 81 196 95 118 228 
2700 134 23 81 74 55 181 223 141 228 
2700 135 223 222 
2700 136 196 95 181 
2700 137 
2700 138 118 141 228 
2700 139 
2700 140 223 
2700 141 15 110 127 134 74 34 239 45 165 173 4 20 32 36 91 94 105 114 119 121 168 180 184 187 207 212 213 217 225 227 238 11 22 112 147 183 83 149 204 178 84 195 186 80 73 138 
2700 142 81 95 92 55 118 228 
2700 143 23 223 
2700 144 196 55 118 228 
2700 145 118 228 
2700 146 
2700 147 196 95 55 141 
2700 148 81 196 95 118 228 
2700 149 95 92 141 
2700 150 
2700 151 23 181 
2700 152 196 55 118 228 
2700 153 81 92 181 228 
2700 154 171 223 
2700 155 81 92 118 228 
2700 156 
2700 157 81 223 118 228 
2700 158 
2700 159 23 81 55 223 228 
2700 160 81 171 55 228 
2700 161 171 181 
2700 162 
2700 163 
2700 164 196 181 118 
2700 165 23 141 
2700 166 
2700 167 81 118 228 
2700 168 81 196 141 228 
2700 169 81 92 228 
2700 170 
2700 171 62 81 228 94 160 225 236 237 219 175 19 154 161 57 30 
2700 172 81 181 118 228 
2700 173 23 141 
2700 174 81 92 181 228 
2700 175 171 222 
2700 176 223 
2700 177 23 181 
2700 178 55 141 228 
2700 179 196 95 118 
2700 180 81 92 118 141 228 
2700 181 107 95 15 196 126 26 131 134 44 151 59 72 177 188 14 32 65 79 86 94 121 153 172 174 217 225 136 164 67 19 161 216 129 27 9 70 186 90 108 
2700 182 81 118 228 
2700 183 196 95 141 
2700 184 81 141 
2700 185 23 
2700 186 181 118 141 228 
2700 187 81 223 141 228 
2700 188 23 181 
2700 189 223 
2700 190 118 228 
2700 191 23 92 55 
2700 192 
2700 193 
2700 194 81 196 95 223 228 
2700 195 55 141 228 
2700 196 92 125 23 181 34 39 45 117 16 36 43 61 62 65 79 86 91 114 115 119 133 148 168 194 198 11 120 22 28 136 112 144 147 152 183 164 67 179 83 
2700 197 
2700 198 81 196 95 118 228 
2700 199 
2700 200 81 95 118 228 
2700 201 223 
2700 202 
2700 203 81 118 228 
2700 204 95 118 141 
2700 205 
2700 206 223 
2700 207 81 55 223 118 141 228 
2700 208 
2700 209 
2700 210 81 118 228 
2700 211 
2700 212 81 118 141 228 
2700 213 81 118 141 228 
2700 214 
2700 215 23 81 92 223 118 228 
2700 216 181 118 228 
2700 217 81 181 118 141 228 
2700 218 81 95 92 118 
2700 219 171 222 
2700 220 81 118 228 
2700 221 223 118 
2700 222 21 62 236 237 219 175 57 30 135 
2700 223 3 215 116 143 134 239 159 101 4 94 111 157 187 194 207 225 53 236 237 154 18 24 37 51 52 87 102 123 132 140 176 189 201 206 221 231 232 235 240 135 
2700 224 81 118 228 
2700 225 81 171 181 223 118 141 228 
2700 226 
2700 227 81 118 141 228 
2700 228 215 81 15 125 127 131 134 74 40 44 45 54 159 66 101 1 2 4 14 17 20 32 36 41 43 58 61 171 63 65 79 85 86 88 91 94 97 99 103 105 111 114 115 119 121 122 124 128 133 142 148 8 153 155 157 160 167 168 169 172 174 180 182 187 194 198 200 203 207 210 212 213 217 220 224 225 227 238 241 11 22 28 144 152 56 178 84 195 216 27 145 70 75 186 190 90 108 73 138 
2700 229 
2700 230 
2700 231 223 
2700 232 223 
2700 233 81 74 
2700 234 
2700 235 223 
2700 236 171 223 222 
2700 237 171 223 222 
2700 238 81 92 118 141 228 
2700 239 23 81 223 141 
2700 240 223 
2700 241 81 228 
3600 0 
3600 1 76 87 112 215 
3600 2 76 215 
3600 3 22 210 
3600 4 76 210 135 215 
3600 5 
3600 6 
3600 7 
3600 8 76 112 215 
3600 9 172 
3600 10 
3600 11 185 89 112 135 215 
3600 12 
3600 13 
3600 14 76 172 112 215 
3600 15 22 76 52 172 135 215 
3600 16 76 185 89 
3600 17 76 112 215 
3600 18 162 172 
3600 19 76 135 215 
3600 20 22 209 
3600 21 185 112 135 215 
3600 22 101 89 3 202 76 110 15 104 119 185 120 121 25 125 137 128 33 226 37 38 42 43 144 51 152 158 62 164 68 168 176 179 111 20 95 
3600 23 210 
3600 24 
3600 25 22 172 
3600 26 172 112 215 
3600 27 185 89 215 
3600 28 
3600 29 162 209 
3600 30 
3600 31 76 87 52 172 112 135 215 
3600 32 
3600 33 22 185 135 
3600 34 76 185 112 135 215 
3600 35 210 
3600 36 
3600 37 22 185 89 52 
3600 38 22 76 112 215 
3600 39 76 52 215 
3600 40 
3600 41 76 185 89 112 215 
3600 42 22 76 172 215 
3600 43 22 76 185 70 87 135 215 
3600 44 
3600 45 
3600 46 
3600 47 
3600 48 
3600 49 210 
3600 50 210 
3600 51 22 76 112 215 
3600 52 15 121 128 37 152 68 111 31 39 86 113 136 153 195 138 141 145 78 53 169 79 
3600 53 52 112 215 
3600 54 162 209 
3600 55 76 112 215 
3600 56 
3600 57 76 185 89 112 215 
3600 58 76 185 162 209 
3600 59 76 112 215 
3600 60 
3600 61 76 185 172 112 215 
3600 62 22 112 215 
3600 63 185 172 112 
3600 64 
3600 65 
3600 66 172 112 215 
3600 67 
3600 68 22 52 172 
3600 69 112 135 215 
3600 70 128 76 112 135 215 43 84 105 220 
3600 71 112 215 
3600 72 
3600 73 
3600 74 76 185 172 112 215 
3600 75 135 
3600 76 202 22 112 215 15 119 121 125 128 70 226 38 42 43 51 152 95 1 2 4 14 16 17 19 31 34 39 41 55 57 58 162 59 61 74 80 81 83 84 86 88 91 93 97 99 105 108 109 113 115 116 118 122 127 136 142 8 146 148 150 153 160 161 163 165 171 173 175 178 184 187 188 191 195 197 199 200 204 205 207 211 212 214 220 225 228 
3600 77 
3600 78 185 89 52 135 
3600 79 52 135 215 
3600 80 76 87 215 
3600 81 76 185 172 112 215 
3600 82 210 
3600 83 76 215 
3600 84 76 70 
3600 85 172 112 215 
3600 86 76 185 52 112 135 215 
3600 87 202 185 89 119 125 43 1 31 80 93 108 136 146 148 161 165 171 205 225 143 
3600 88 76 162 172 210 112 135 215 
3600 89 101 22 172 87 119 37 111 16 41 57 109 127 136 142 184 187 188 205 11 114 27 130 141 174 170 78 143 192 
3600 90 
3600 91 76 215 
3600 92 
3600 93 76 87 112 215 
3600 94 
3600 95 22 76 210 215 
3600 96 210 
3600 97 76 215 
3600 98 
3600 99 76 112 135 215 
3600 100 
3600 101 22 89 172 
3600 102 172 112 215 
3600 103 
3600 104 22 135 
3600 105 76 70 210 112 215 
3600 106 185 135 
3600 107 
3600 108 76 185 87 135 215 
3600 109 76 185 89 112 215 
3600 110 22 210 
3600 111 22 185 89 52 
3600 112 202 76 119 125 70 38 51 62 1 14 17 31 34 41 55 57 59 61 74 81 86 88 93 99 105 109 113 115 116 118 122 127 136 142 8 148 150 163 171 173 187 188 191 195 197 199 200 204 205 207 211 212 214 225 11 114 21 138 145 157 63 170 192 53 203 26 139 66 71 177 181 85 102 117 208 69 132 
3600 113 76 185 52 112 135 215 
3600 114 185 89 112 
3600 115 76 172 112 135 215 
3600 116 76 112 215 
3600 117 210 112 
3600 118 76 112 215 
3600 119 22 76 185 89 87 112 215 
3600 120 22 172 
3600 121 22 76 52 135 215 
3600 122 76 112 215 
3600 123 172 
3600 124 
3600 125 22 76 87 172 112 215 
3600 126 210 
3600 127 76 185 89 112 215 
3600 128 22 76 70 52 172 210 135 215 
3600 129 210 209 
3600 130 185 89 172 
3600 131 
3600 132 112 135 215 
3600 133 
3600 134 210 
3600 135 15 104 121 128 70 33 226 43 158 164 4 19 31 34 86 88 99 108 113 115 160 171 175 178 195 199 200 204 212 214 225 11 21 106 141 174 78 143 192 169 79 177 75 69 132 
3600 136 76 89 87 52 112 215 
3600 137 22 210 
3600 138 185 52 112 215 
3600 139 112 215 
3600 140 
3600 141 185 89 52 135 
3600 142 76 185 89 112 215 
3600 143 89 87 135 
3600 144 22 172 
3600 145 185 52 112 215 
3600 146 76 87 172 215 
3600 147 162 210 
3600 148 76 87 112 215 
3600 149 
3600 150 76 210 112 215 
3600 151 
3600 152 22 76 52 210 215 
3600 153 76 162 52 215 
3600 154 162 172 
3600 155 
3600 156 
3600 157 185 172 112 
3600 158 22 135 
3600 159 
3600 160 76 185 135 215 
3600 161 76 87 215 
3600 162 58 76 215 88 153 212 223 224 206 166 18 147 154 54 29 
3600 163 76 172 112 215 
3600 164 22 135 
3600 165 76 87 172 215 
3600 166 162 209 
3600 167 210 
3600 168 22 172 
3600 169 52 135 215 
3600 170 185 89 112 
3600 171 76 87 112 135 215 
3600 172 101 89 15 185 120 25 125 128 42 144 68 168 179 14 31 61 74 81 88 115 146 163 165 204 212 130 157 63 18 154 203 123 26 9 66 177 85 102 
3600 173 76 112 215 
3600 174 185 89 135 
3600 175 76 135 
3600 176 22 
3600 177 172 112 135 215 
3600 178 76 210 135 215 
3600 179 22 172 
3600 180 210 
3600 181 112 215 
3600 182 
3600 183 
3600 184 76 185 89 210 215 
3600 185 87 119 22 172 33 37 43 111 16 34 41 57 58 61 74 81 86 108 109 113 127 142 160 184 187 11 114 21 27 130 106 138 141 145 174 157 63 170 78 
3600 186 
3600 187 76 185 89 112 215 
3600 188 76 89 112 215 
3600 189 210 
3600 190 
3600 191 76 112 215 
3600 192 89 112 135 
3600 193 
3600 194 210 
3600 195 76 52 210 112 135 215 
3600 196 
3600 197 76 112 215 
3600 198 
3600 199 76 112 135 215 
3600 200 76 112 135 215 
3600 201 
3600 202 22 76 87 210 112 215 
3600 203 172 112 215 
3600 204 76 172 112 135 215 
3600 205 76 89 87 112 
3600 206 162 209 
3600 207 76 112 215 
3600 208 210 112 
3600 209 20 58 223 224 206 166 54 29 129 
3600 210 3 202 110 137 128 226 152 95 4 88 105 150 178 184 195 212 223 224 147 23 35 49 50 82 96 117 126 134 167 180 189 194 208 218 219 222 227 129 
3600 211 76 112 215 
3600 212 76 162 172 210 112 135 215 
3600 213 
3600 214 76 112 135 215 
3600 215 202 76 15 119 121 125 128 70 38 42 43 51 152 62 95 1 2 4 14 17 19 31 34 39 41 55 57 162 59 61 74 80 81 83 86 88 91 93 97 99 105 108 109 113 115 116 118 122 127 136 142 8 146 148 150 153 160 161 163 165 171 173 178 184 187 188 191 195 197 199 200 204 207 211 212 214 225 228 11 21 27 138 145 53 169 79 203 26 139 66 71 177 181 85 102 69 132 
3600 216 
3600 217 
3600 218 210 
3600 219 210 
3600 220 76 70 
3600 221 
3600 222 210 
3600 223 162 210 209 
3600 224 162 210 209 
3600 225 76 87 112 135 215 
3600 226 22 76 210 135 
3600 227 210 
3600 228 76 215 
4500 0 
4500 1 73 84 108 
4500 2 73 
4500 3 22 198 
4500 4 73 198 130 
4500 5 
4500 6 
4500 7 
4500 8 73 108 
4500 9 165 
4500 10 
4500 11 86 108 130 
4500 12 
4500 13 
4500 14 73 165 108 
4500 15 22 73 49 165 130 
4500 16 73 86 
4500 17 73 108 
4500 18 156 165 
4500 19 73 130 
4500 20 22 197 
4500 21 108 130 
4500 22 97 86 3 190 73 106 15 100 115 116 117 25 121 132 124 32 213 36 37 41 139 147 152 59 158 65 161 169 172 107 20 91 
4500 23 198 
4500 24 
4500 25 22 165 
4500 26 165 108 
4500 27 
4500 28 156 197 
4500 29 
4500 30 73 84 49 165 108 130 
4500 31 
4500 32 22 130 
4500 33 73 108 130 
4500 34 198 
4500 35 
4500 36 22 86 49 
4500 37 22 73 108 
4500 38 73 49 
4500 39 
4500 40 73 86 108 
4500 41 22 73 67 84 130 
4500 42 
4500 43 
4500 44 
4500 45 
4500 46 
4500 47 198 
4500 48 198 
4500 49 15 117 124 36 147 65 107 30 38 83 109 131 148 184 133 136 140 75 50 162 76 
4500 50 49 108 
4500 51 156 197 
4500 52 73 108 
4500 53 
4500 54 73 86 108 
4500 55 73 156 197 
4500 56 73 108 
4500 57 
4500 58 73 165 108 
4500 59 22 108 
4500 60 165 108 
4500 61 
4500 62 
4500 63 165 108 
4500 64 
4500 65 22 49 165 
4500 66 108 130 
4500 67 124 73 108 130 41 81 101 207 
4500 68 108 
4500 69 
4500 70 
4500 71 73 165 108 
4500 72 130 
4500 73 190 22 108 15 115 117 121 124 67 213 37 41 147 91 1 2 4 14 16 17 19 30 33 38 40 52 54 55 156 56 58 71 77 78 80 81 83 85 87 89 93 95 101 104 105 109 111 112 114 118 123 131 137 8 141 143 145 148 154 155 157 159 164 166 168 171 176 177 178 180 184 186 188 192 193 195 199 200 202 207 212 215 
4500 74 
4500 75 86 49 130 
4500 76 49 130 
4500 77 73 84 
4500 78 73 165 108 
4500 79 198 
4500 80 73 
4500 81 73 67 
4500 82 165 108 
4500 83 73 49 108 130 
4500 84 190 86 115 121 41 1 30 77 89 104 131 141 143 155 159 164 193 212 138 
4500 85 73 156 165 198 108 130 
4500 86 97 22 165 84 115 36 107 16 40 54 105 123 131 137 176 177 178 193 11 110 126 136 167 163 75 138 181 
4500 87 73 
4500 88 
4500 89 73 84 108 
4500 90 
4500 91 22 73 198 
4500 92 198 
4500 93 73 
4500 94 
4500 95 73 108 130 
4500 96 
4500 97 22 86 165 
4500 98 165 108 
4500 99 
4500 100 22 130 
4500 101 73 67 198 108 
4500 102 130 
4500 103 
4500 104 73 84 130 
4500 105 73 86 108 
4500 106 22 198 
4500 107 22 86 49 
4500 108 190 73 115 121 67 37 59 1 14 17 30 33 40 52 54 56 58 71 78 83 85 89 95 101 105 109 111 112 114 118 123 131 137 8 143 145 157 164 166 177 178 180 184 186 188 192 193 195 199 200 202 212 11 110 21 133 140 151 60 163 181 50 191 26 134 63 68 170 174 82 98 113 196 66 128 
4500 109 73 49 108 130 
4500 110 86 108 
4500 111 73 165 108 130 
4500 112 73 108 
4500 113 198 108 
4500 114 73 108 
4500 115 22 73 86 84 108 
4500 116 22 165 
4500 117 22 73 49 130 
4500 118 73 108 
4500 119 165 
4500 120 
4500 121 22 73 84 165 108 
4500 122 198 
4500 123 73 86 108 
4500 124 22 73 67 49 165 198 130 
4500 125 198 197 
4500 126 86 165 
4500 127 
4500 128 108 130 
4500 129 198 
4500 130 15 100 117 124 67 32 213 41 152 158 4 19 30 33 83 85 95 104 109 111 154 164 168 171 184 188 192 200 202 212 11 21 102 136 167 75 138 181 162 76 170 72 66 128 
4500 131 73 86 84 49 108 
4500 132 22 198 
4500 133 49 108 
4500 134 108 
4500 135 
4500 136 86 49 130 
4500 137 73 86 108 
4500 138 86 84 130 
4500 139 22 165 
4500 140 49 108 
4500 141 73 84 165 
4500 142 156 198 
4500 143 73 84 108 
4500 144 
4500 145 73 198 108 
4500 146 
4500 147 22 73 49 198 
4500 148 73 156 49 
4500 149 156 165 
4500 150 
4500 151 165 108 
4500 152 22 130 
4500 153 
4500 154 73 130 
4500 155 73 84 
4500 156 55 73 85 148 200 210 211 194 18 142 149 51 28 
4500 157 73 165 108 
4500 158 22 130 
4500 159 73 84 165 
4500 160 198 
4500 161 22 165 
4500 162 49 130 
4500 163 86 108 
4500 164 73 84 108 130 
4500 165 97 86 15 116 25 121 124 139 65 161 172 14 30 58 71 78 85 111 141 157 159 192 200 126 151 60 18 149 191 119 26 9 63 170 82 98 
4500 166 73 108 
4500 167 86 130 
4500 168 73 130 
4500 169 22 
4500 170 165 108 130 
4500 171 73 198 130 
4500 172 22 165 
4500 173 198 
4500 174 108 
4500 175 
4500 176 73 86 198 
4500 177 73 86 108 
4500 178 73 86 108 
4500 179 
4500 180 73 108 
4500 181 86 108 130 
4500 182 
4500 183 198 
4500 184 73 49 198 108 130 
4500 185 
4500 186 73 108 
4500 187 
4500 188 73 108 130 
4500 189 
4500 190 22 73 84 198 108 
4500 191 165 108 
4500 192 73 165 108 130 
4500 193 73 86 84 108 
4500 194 156 197 
4500 195 73 108 
4500 196 198 108 
4500 197 20 55 210 211 194 51 28 125 
4500 198 3 190 106 132 124 213 147 91 4 85 101 145 171 176 184 200 210 211 142 23 34 47 48 79 92 113 122 129 160 173 183 196 205 206 209 214 125 
4500 199 73 108 
4500 200 73 156 165 198 108 130 
4500 201 
4500 202 73 108 130 
4500 203 
4500 204 
4500 205 198 
4500 206 198 
4500 207 73 67 
4500 208 
4500 209 198 
4500 210 156 198 197 
4500 211 156 198 197 
4500 212 73 84 108 130 
4500 213 22 73 198 130 
4500 214 198 
4500 215 73 
5400 0 
5400 1 69 101 
5400 2 69 
5400 3 21 189 
5400 4 69 189 123 
5400 5 
5400 6 
5400 7 
5400 8 69 101 
5400 9 157 
5400 10 
5400 11 80 101 123 
5400 12 
5400 13 69 157 101 
5400 14 21 69 46 157 123 
5400 15 69 80 
5400 16 69 101 
5400 17 149 157 
5400 18 69 123 
5400 19 21 188 
5400 20 101 123 
5400 21 91 80 3 182 69 100 14 94 108 109 110 23 114 125 117 29 203 33 34 38 132 140 145 56 151 61 154 161 164 19 85 
5400 22 189 
5400 23 21 157 
5400 24 157 101 
5400 25 
5400 26 149 188 
5400 27 69 46 157 101 123 
5400 28 
5400 29 21 123 
5400 30 69 101 123 
5400 31 189 
5400 32 
5400 33 21 80 46 
5400 34 21 69 101 
5400 35 69 46 
5400 36 
5400 37 69 80 101 
5400 38 21 69 63 123 
5400 39 
5400 40 
5400 41 
5400 42 
5400 43 
5400 44 189 
5400 45 189 
5400 46 14 110 117 33 140 61 27 35 78 102 124 141 176 126 129 133 71 47 155 72 
5400 47 46 101 
5400 48 149 188 
5400 49 69 101 
5400 50 
5400 51 69 80 101 
5400 52 69 149 188 
5400 53 69 101 
5400 54 
5400 55 69 157 101 
5400 56 21 101 
5400 57 157 101 
5400 58 
5400 59 157 101 
5400 60 
5400 61 21 46 157 
5400 62 101 123 
5400 63 117 69 101 123 38 76 95 197 
5400 64 101 
5400 65 
5400 66 
5400 67 69 157 101 
5400 68 123 
5400 69 182 21 101 14 108 110 114 117 63 203 34 38 140 85 1 2 4 13 15 16 18 27 30 35 37 49 51 52 149 53 55 67 73 74 76 78 79 81 83 87 89 95 98 99 102 104 105 107 111 116 124 130 8 134 136 138 141 147 148 150 152 156 158 160 163 168 169 170 172 176 178 180 184 185 187 190 191 193 197 202 205 
5400 70 
5400 71 80 46 123 
5400 72 46 123 
5400 73 69 
5400 74 69 157 101 
5400 75 189 
5400 76 69 63 
5400 77 157 101 
5400 78 69 46 101 123 
5400 79 69 149 157 189 101 123 
5400 80 91 21 157 108 33 15 37 51 99 116 124 130 168 169 170 185 11 103 119 129 159 71 131 173 
5400 81 69 
5400 82 
5400 83 69 101 
5400 84 
5400 85 21 69 189 
5400 86 189 
5400 87 69 
5400 88 
5400 89 69 101 123 
5400 90 
5400 91 21 80 157 
5400 92 157 101 
5400 93 
5400 94 21 123 
5400 95 69 63 189 101 
5400 96 123 
5400 97 
5400 98 69 123 
5400 99 69 80 101 
5400 100 21 189 
5400 101 182 69 108 114 63 34 56 1 13 16 27 30 37 49 51 53 55 67 74 78 79 83 89 95 99 102 104 105 107 111 116 124 130 8 136 138 150 156 158 169 170 172 176 178 180 184 185 187 190 191 193 202 11 103 20 126 133 144 57 173 47 183 24 127 59 64 162 166 77 92 106 62 121 
5400 102 69 46 101 123 
5400 103 80 101 
5400 104 69 157 101 123 
5400 105 69 101 
5400 106 189 101 
5400 107 69 101 
5400 108 21 69 80 101 
5400 109 21 157 
5400 110 21 69 46 123 
5400 111 69 101 
5400 112 157 
5400 113 
5400 114 21 69 157 101 
5400 115 189 
5400 116 69 80 101 
5400 117 21 69 63 46 157 189 123 
5400 118 189 188 
5400 119 80 157 
5400 120 
5400 121 101 123 
5400 122 189 
5400 123 14 94 110 117 63 29 203 38 145 151 4 18 27 30 78 79 89 98 102 104 147 156 160 163 176 180 184 191 193 202 11 20 96 129 159 71 131 173 155 72 162 68 62 121 
5400 124 69 80 46 101 
5400 125 21 189 
5400 126 46 101 
5400 127 101 
5400 128 
5400 129 80 46 123 
5400 130 69 80 101 
5400 131 80 123 
5400 132 21 157 
5400 133 46 101 
5400 134 69 157 
5400 135 149 189 
5400 136 69 101 
5400 137 
5400 138 69 189 101 
5400 139 
5400 140 21 69 46 189 
5400 141 69 149 46 
5400 142 149 157 
5400 143 
5400 144 157 101 
5400 145 21 123 
5400 146 
5400 147 69 123 
5400 148 69 
5400 149 52 69 79 141 191 200 201 186 17 135 142 48 26 
5400 150 69 157 101 
5400 151 21 123 
5400 152 69 157 
5400 153 189 
5400 154 21 157 
5400 155 46 123 
5400 156 69 101 123 
5400 157 91 80 14 109 23 114 117 132 61 154 164 13 27 55 67 74 79 104 134 150 152 184 191 119 144 57 17 142 183 112 24 9 59 162 77 92 
5400 158 69 101 
5400 159 80 123 
5400 160 69 123 
5400 161 21 
5400 162 157 101 123 
5400 163 69 189 123 
5400 164 21 157 
5400 165 189 
5400 166 101 
5400 167 
5400 168 69 80 189 
5400 169 69 80 101 
5400 170 69 80 101 
5400 171 
5400 172 69 101 
5400 173 80 101 123 
5400 174 
5400 175 189 
5400 176 69 46 189 101 123 
5400 177 
5400 178 69 101 
5400 179 
5400 180 69 101 123 
5400 181 
5400 182 21 69 189 101 
5400 183 157 101 
5400 184 69 157 101 123 
5400 185 69 80 101 
5400 186 149 188 
5400 187 69 101 
5400 188 19 52 200 201 186 48 26 118 
5400 189 3 182 100 125 117 203 140 85 4 79 95 138 163 168 176 191 200 201 135 22 31 44 45 75 86 106 115 122 153 165 175 196 199 204 118 
5400 190 69 101 
5400 191 69 149 157 189 101 123 
5400 192 
5400 193 69 101 123 
5400 194 
5400 195 
5400 196 189 
5400 197 69 63 
5400 198 
5400 199 189 
5400 200 149 189 188 
5400 201 149 189 188 
5400 202 69 101 123 
5400 203 21 69 189 123 
5400 204 189 
5400 205 69 
6300 0 
6300 1 69 101 
6300 2 69 
6300 3 21 185 
6300 4 69 185 120 
6300 5 
6300 6 
6300 7 
6300 8 69 101 
6300 9 153 
6300 10 
6300 11 80 101 120 
6300 12 
6300 13 69 153 101 
6300 14 21 69 46 153 120 
6300 15 69 80 
6300 16 69 101 
6300 17 145 153 
6300 18 69 120 
6300 19 21 184 
6300 20 101 120 
6300 21 91 80 3 178 69 100 14 94 108 109 110 23 113 122 29 195 33 34 38 129 136 141 56 147 61 150 157 160 19 85 
6300 22 185 
6300 23 21 153 
6300 24 153 101 
6300 25 
6300 26 145 184 
6300 27 69 46 153 101 120 
6300 28 
6300 29 21 120 
6300 30 69 101 120 
6300 31 185 
6300 32 
6300 33 21 80 46 
6300 34 21 69 101 
6300 35 69 46 
6300 36 
6300 37 69 80 101 
6300 38 21 69 63 120 
6300 39 
6300 40 
6300 41 
6300 42 
6300 43 
6300 44 185 
6300 45 185 
6300 46 14 110 33 136 61 27 35 78 102 121 137 172 123 126 71 47 151 72 
6300 47 46 101 
6300 48 145 184 
6300 49 69 101 
6300 50 
6300 51 69 80 101 
6300 52 69 145 184 
6300 53 69 101 
6300 54 
6300 55 69 153 101 
6300 56 21 101 
6300 57 153 101 
6300 58 
6300 59 153 101 
6300 60 
6300 61 21 46 153 
6300 62 101 120 
6300 63 38 69 101 120 76 95 191 
6300 64 101 
6300 65 
6300 66 
6300 67 69 153 101 
6300 68 120 
6300 69 178 21 101 14 108 110 113 195 34 38 63 136 85 1 2 4 13 15 16 18 27 30 35 37 49 51 52 145 53 55 67 73 74 76 78 79 81 83 87 89 95 98 99 102 104 105 107 111 114 121 127 8 130 132 134 137 143 144 146 148 152 154 156 159 164 165 166 168 172 174 176 180 181 183 186 187 191 197 
6300 70 
6300 71 80 46 120 
6300 72 46 120 
6300 73 69 
6300 74 69 153 101 
6300 75 185 
6300 76 69 63 
6300 77 153 101 
6300 78 69 46 101 120 
6300 79 69 145 153 185 101 120 
6300 80 91 21 153 108 33 15 37 51 99 114 121 127 164 165 166 181 11 103 116 126 155 71 128 169 
6300 81 69 
6300 82 
6300 83 69 101 
6300 84 
6300 85 21 69 185 
6300 86 185 
6300 87 69 
6300 88 
6300 89 69 101 120 
6300 90 
6300 91 21 80 153 
6300 92 153 101 
6300 93 
6300 94 21 120 
6300 95 69 63 185 101 
6300 96 120 
6300 97 
6300 98 69 120 
6300 99 69 80 101 
6300 100 21 185 
6300 101 178 69 108 113 34 63 56 1 13 16 27 30 37 49 51 53 55 67 74 78 79 83 89 95 99 102 104 105 107 111 114 121 127 8 132 134 146 152 154 165 166 168 172 174 176 180 181 183 186 187 11 103 20 123 140 57 169 47 179 24 124 59 64 158 162 77 92 106 62 118 
6300 102 69 46 101 120 
6300 103 80 101 
6300 104 69 153 101 120 
6300 105 69 101 
6300 106 185 101 
6300 107 69 101 
6300 108 21 69 80 101 
6300 109 21 153 
6300 110 21 69 46 120 
6300 111 69 101 
6300 112 
6300 113 21 69 153 101 
6300 114 69 80 101 
6300 115 185 184 
6300 116 80 153 
6300 117 
6300 118 101 120 
6300 119 185 
6300 120 14 94 110 29 195 38 63 141 147 4 18 27 30 78 79 89 98 102 104 143 152 156 159 172 176 180 186 187 11 20 96 126 155 71 128 169 151 72 158 68 62 118 
6300 121 69 80 46 101 
6300 122 21 185 
6300 123 46 101 
6300 124 101 
6300 125 
6300 126 80 46 120 
6300 127 69 80 101 
6300 128 80 120 
6300 129 21 153 
6300 130 69 153 
6300 131 145 185 
6300 132 69 101 
6300 133 
6300 134 69 185 101 
6300 135 
6300 136 21 69 46 185 
6300 137 69 145 46 
6300 138 145 153 
6300 139 
6300 140 153 101 
6300 141 21 120 
6300 142 
6300 143 69 120 
6300 144 69 
6300 145 52 69 79 137 186 194 182 17 131 138 48 26 
6300 146 69 153 101 
6300 147 21 120 
6300 148 69 153 
6300 149 185 
6300 150 21 153 
6300 151 46 120 
6300 152 69 101 120 
6300 153 91 80 14 109 23 113 129 61 150 160 13 27 55 67 74 79 104 130 146 148 180 186 116 140 57 17 138 179 24 9 59 158 77 92 
6300 154 69 101 
6300 155 80 120 
6300 156 69 120 
6300 157 21 
6300 158 153 101 120 
6300 159 69 185 120 
6300 160 21 153 
6300 161 185 
6300 162 101 
6300 163 
6300 164 69 80 185 
6300 165 69 80 101 
6300 166 69 80 101 
6300 167 
6300 168 69 101 
6300 169 80 101 120 
6300 170 
6300 171 185 
6300 172 69 46 185 101 120 
6300 173 
6300 174 69 101 
6300 175 
6300 176 69 101 120 
6300 177 
6300 178 21 69 185 101 
6300 179 153 101 
6300 180 69 153 101 120 
6300 181 69 80 101 
6300 182 145 184 
6300 183 69 101 
6300 184 19 52 194 182 48 26 115 
6300 185 3 178 100 122 195 136 85 4 79 95 134 159 164 172 186 194 131 22 31 44 45 75 86 106 119 149 161 171 190 193 196 115 
6300 186 69 145 153 185 101 120 
6300 187 69 101 120 
6300 188 
6300 189 
6300 190 185 
6300 191 69 63 
6300 192 
6300 193 185 
6300 194 145 185 184 
6300 195 21 69 185 120 
6300 196 185 
6300 197 69 
