2.0 0_11 17766.1950 17908.7550 142.5600
2.0 0_12 17150.4150 17315.9100 165.4950
2.0 0_13 17918.9850 17941.4250 22.4400
2.0 0_14 17787.3150 17860.9050 73.5900
2.0 0_15 17594.2650 17775.9300 181.6650
2.0 0_16 17384.0550 17515.2300 131.1750
2.0 0_17 17517.0450 17586.1800 69.1350
2.0 0_18 17418.2100 17518.6950 100.4850
2.0 0_19 17571.4950 17665.5450 94.0500
2.0 0_20 17397.0900 17406.6600 9.5700
2.0 1_21 18192.2250 18273.9000 81.6750
2.0 1_22 18075.0750 18143.7150 68.6400
2.0 1_23 18402.6000 18478.1700 75.5700
2.0 1_24 18518.9250 18647.1300 128.2050
2.0 1_25 18479.4900 18528.8250 49.3350
2.0 1_26 18294.1950 18344.6850 50.4900
2.0 1_27 18337.4250 18458.8650 121.4400
2.0 1_28 18448.4700 18527.8350 79.3650
2.0 1_29 18379.0050 18494.0100 115.0050
2.0 1_30 18577.6650 18608.3550 30.6900
2.0 2_31 19191.1350 19226.1150 34.9800
2.0 2_32 19208.4600 19241.2950 32.8350
2.0 2_33 19216.2150 19252.0200 35.8050
2.0 2_34 19278.5850 19318.1850 39.6000
2.0 2_35 19220.0100 19254.8250 34.8150
2.0 2_36 19155.1650 19189.1550 33.9900
2.0 2_37 19219.0200 19247.5650 28.5450
2.0 2_38 19194.9300 19228.9200 33.9900
2.0 2_39 19311.2550 19311.2550 0.0000
2.0 2_40 19282.8750 19306.6350 23.7600
2.0 3_41 19504.4700 19517.6700 13.2000
2.0 3_42 19351.3500 19393.0950 41.7450
2.0 3_43 19494.5700 19530.3750 35.8050
2.0 3_44 19500.6750 19507.1100 6.4350
2.0 3_45 19506.1200 19545.8850 39.7650
2.0 3_46 19358.6100 19396.5600 37.9500
2.0 3_47 19390.2900 19433.1900 42.9000
2.0 3_48 19628.8800 19636.1400 7.2600
2.0 3_49 19468.1700 19500.1800 32.0100
2.0 3_50 19559.4150 19592.9100 33.4950
2.0 4_51 19594.7250 19656.2700 61.5450
2.0 4_52 19470.8100 19505.4600 34.6500
2.0 4_53 19318.0200 19325.4450 7.4250
2.0 4_54 19294.4250 19298.8800 4.4550
2.0 4_55 19384.5150 19388.3100 3.7950
2.0 4_56 19980.0000 19980.0000 0.0000
2.0 4_57 19980.0000 19980.0000 0.0000
