0 0 119 18 108 3 168 101 89 275 103 118 50 86 42 87 24 25 55 57 90 58 115 116 92 21 62 30 63 97 65 66 9 37 70 39 102 72 75 105 81 17 27 59 28 32 35 36 82 112 60 91 68 10 74 38 104 80 51 88 98 69 43 99 83 110 48 23 95 77 79 106 20 22 45 46 47 31 53 54 56 61 64 71 73 76 84 85 93 94 100 109 111 113 114 117 203 235 241 242 243 263 
0 1 2 12 18 191 13 3 14 15 16 212 256 
0 2 1 119 19 170 264 
0 3 1 18 192 89 0 170 152 200 264 
0 4 119 19 170 152 200 277 
0 5 192 174 
0 6 174 200 
0 7 18 200 
0 8 198 89 103 
0 9 18 137 0 103 264 
0 10 119 0 264 
0 11 150 200 277 
0 12 1 18 191 119 192 108 190 188 170 152 265 186 194 200 269 270 273 
0 13 1 18 191 192 190 188 152 194 200 269 270 
0 14 1 119 170 264 
0 15 1 18 152 270 
0 16 1 192 190 19 
0 17 18 192 137 101 89 0 152 200 264 277 
0 18 119 12 1 168 89 0 103 264 275 13 3 15 121 118 50 169 198 86 42 87 24 25 55 57 90 58 115 116 92 21 62 30 63 97 65 66 9 37 70 39 102 72 75 105 81 17 217 7 257 
0 19 2 16 42 24 30 26 166 27 28 32 33 34 35 36 4 38 43 23 41 20 22 213 221 260 262 
0 20 192 101 19 44 0 188 160 264 
0 21 18 119 192 108 190 89 0 170 160 265 194 200 
0 22 192 108 101 89 19 0 170 152 200 
0 23 192 137 101 19 44 0 264 
0 24 18 119 192 108 190 89 19 0 170 160 265 194 200 
0 25 18 191 119 192 108 190 101 89 0 170 152 265 194 200 
0 26 191 192 108 19 166 49 265 164 200 270 273 277 145 167 147 
0 27 191 192 89 19 0 170 152 265 200 
0 28 191 119 192 108 190 89 19 0 170 152 265 186 200 
0 29 191 192 
0 30 18 119 192 108 190 19 0 170 160 265 200 
0 31 192 101 44 0 
0 32 191 192 190 19 44 0 189 194 
0 33 191 190 19 
0 34 191 192 108 19 166 49 265 164 200 270 273 277 
0 35 191 192 89 19 0 170 152 265 200 
0 36 191 192 89 19 0 170 152 265 200 
0 37 18 191 119 192 108 190 101 89 0 170 152 265 186 194 200 273 
0 38 119 101 19 0 264 
0 39 18 191 119 192 108 190 101 89 0 170 152 265 186 189 194 200 269 273 
0 40 191 192 108 265 164 200 270 273 277 
0 41 137 19 44 174 189 264 
0 42 18 191 119 192 108 190 89 19 0 170 152 265 186 194 200 
0 43 198 137 108 19 44 0 189 194 264 
0 44 49 32 200 270 43 48 23 41 20 45 46 47 31 
0 45 192 101 44 0 264 
0 46 192 44 0 148 264 271 
0 47 192 101 44 0 275 
0 48 137 190 44 0 189 194 
0 49 26 192 190 44 189 194 277 34 167 
0 50 18 101 0 264 
0 51 198 137 101 0 264 
0 52 119 264 
0 53 108 168 89 0 103 148 264 275 
0 54 190 0 103 170 265 200 
0 55 18 137 190 0 148 
0 56 190 0 103 170 265 200 
0 57 18 198 137 101 0 103 264 
0 58 18 137 89 0 170 174 264 271 
0 59 191 89 0 170 148 200 
0 60 119 168 101 89 0 160 
0 61 101 89 0 
0 62 18 137 101 0 103 264 271 
0 63 18 198 168 150 101 89 0 148 160 264 
0 64 190 0 103 264 
0 65 18 168 150 101 89 0 103 160 264 271 
0 66 18 137 0 103 264 271 
0 67 119 190 89 
0 68 119 89 0 160 
0 69 198 137 190 0 103 
0 70 18 198 137 168 101 89 0 264 271 
0 71 0 264 271 
0 72 18 137 101 0 103 264 
0 73 190 89 0 189 
0 74 119 168 150 89 0 103 264 275 
0 75 18 119 198 137 168 150 101 89 0 103 264 275 
0 76 168 101 89 0 103 264 
0 77 137 150 0 103 200 
0 78 101 189 200 
0 79 137 101 89 0 103 148 264 
0 80 119 168 101 89 0 264 271 
0 81 18 89 0 264 271 
0 82 191 89 0 170 148 200 
0 83 198 137 101 89 0 103 264 
0 84 101 89 0 
0 85 101 0 264 
0 86 18 137 101 0 264 
0 87 18 137 190 0 148 
0 88 198 137 168 101 89 0 103 188 160 264 
0 89 170 18 108 3 137 190 0 118 101 198 42 24 25 58 115 116 92 21 63 97 65 37 70 39 75 105 81 17 27 59 28 35 36 82 125 112 127 60 91 67 68 74 80 107 88 8 199 99 83 110 95 79 106 22 53 61 73 76 84 93 111 117 238 245 258 
0 90 18 137 190 0 148 
0 91 119 168 101 89 0 103 160 264 
0 92 18 198 137 168 150 101 89 0 264 
0 93 101 89 0 103 148 264 275 
0 94 101 0 103 264 
0 95 137 89 0 103 264 
0 96 103 264 
0 97 18 89 0 
0 98 198 101 0 103 
0 99 198 137 101 89 0 103 264 
0 100 0 265 200 
0 101 108 190 188 0 50 198 89 103 264 169 86 25 57 116 92 62 63 65 37 70 39 72 75 105 17 123 124 60 91 130 134 135 136 38 80 141 195 51 88 98 99 266 83 110 23 79 106 20 22 45 47 31 61 76 84 85 93 94 177 272 204 171 184 156 251 78 237 
0 102 18 137 190 150 0 
0 103 18 108 190 168 0 264 101 57 116 62 65 66 9 72 75 105 112 129 91 74 195 88 274 8 98 69 199 99 266 267 83 110 95 77 79 106 53 54 56 64 76 93 94 114 272 204 251 268 234 228 96 122 248 280 202 216 219 
0 104 119 0 160 
0 105 18 198 137 168 150 101 89 146 0 103 264 275 
0 106 137 168 150 101 89 0 103 160 264 275 
0 107 119 89 
0 108 12 198 101 89 0 103 264 271 42 24 25 115 116 21 30 37 39 146 40 26 28 34 124 125 127 129 132 138 139 43 22 142 53 177 171 156 122 153 157 250 259 
0 109 0 264 271 
0 110 137 168 150 101 89 0 103 188 264 271 
0 111 89 0 189 
0 112 119 168 150 89 0 103 264 275 
0 113 0 265 200 
0 114 0 103 264 
0 115 18 191 119 192 108 89 0 170 265 186 194 200 269 
0 116 18 198 137 108 168 101 89 0 103 148 264 275 
0 117 190 89 0 
0 118 18 89 0 
0 119 2 18 0 12 14 121 137 42 24 25 115 21 30 37 39 75 28 123 124 125 126 4 112 52 127 60 129 91 130 131 132 134 135 136 67 68 10 74 38 138 104 80 139 140 141 107 
0 120 170 152 264 149 
0 121 18 191 119 170 160 200 
0 122 108 103 170 265 186 200 
0 123 119 101 160 189 
0 124 119 108 190 101 170 152 265 186 189 200 273 
0 125 119 108 89 170 160 273 
0 126 119 190 170 200 
0 127 119 108 89 170 160 273 
0 128 190 189 
0 129 119 108 190 103 170 265 186 200 
0 130 119 192 101 
0 131 119 170 
0 132 119 108 189 264 
0 133 198 148 160 264 
0 134 119 101 170 152 264 
0 135 119 101 170 265 200 
0 136 119 101 160 
0 137 89 86 119 198 87 55 57 90 58 116 92 62 66 9 70 102 72 75 105 17 195 51 196 88 197 69 43 99 83 110 48 23 95 162 41 77 79 106 207 233 
0 138 119 108 190 170 152 265 186 200 273 
0 139 119 108 170 264 270 
0 140 119 192 
0 141 119 101 170 265 200 
0 142 146 145 192 108 152 265 200 270 273 147 143 
0 143 142 170 
0 144 166 164 
0 145 26 146 142 
0 146 105 192 108 166 142 152 265 200 270 273 145 167 147 
0 147 26 146 142 
0 148 87 55 90 116 150 63 59 82 133 79 46 53 93 149 151 
0 149 190 150 120 148 271 
0 150 92 198 148 264 63 65 102 75 105 112 74 110 77 106 149 11 187 201 
0 151 148 160 264 275 
0 152 12 265 271 13 3 15 42 25 37 39 146 17 154 155 27 28 35 36 124 4 134 138 22 142 156 157 120 158 159 218 
0 153 192 108 190 170 265 194 200 
0 154 191 190 152 277 
0 155 191 190 152 277 
0 156 108 101 170 152 
0 157 192 108 152 265 200 270 273 
0 158 152 277 
0 159 152 200 
0 160 265 121 24 21 30 63 65 123 125 127 60 91 136 68 104 88 133 162 106 20 163 151 161 240 252 
0 161 160 200 
0 162 137 160 200 264 
0 163 190 170 174 160 
0 164 40 26 34 144 165 
0 165 170 164 277 
0 166 146 26 19 189 34 167 144 
0 167 26 166 146 49 
0 168 18 0 198 103 169 116 92 63 65 70 75 105 112 60 91 74 80 88 110 106 53 76 
0 169 18 198 168 101 200 
0 170 2 89 264 12 3 14 121 42 24 25 58 174 115 21 30 37 39 27 59 28 35 36 82 124 125 126 4 127 129 131 134 135 138 139 141 175 22 54 56 177 171 184 156 122 153 120 165 172 173 176 178 179 180 181 182 183 143 163 185 224 244 
0 171 108 101 170 265 200 
0 172 170 265 200 
0 173 170 265 200 
0 174 58 170 200 282 41 280 178 179 163 254 232 278 279 6 281 5 276 283 284 205 
0 175 198 170 
0 176 170 200 
0 177 108 190 101 170 265 186 194 200 
0 178 170 174 
0 179 170 174 264 
0 180 190 170 265 200 
0 181 190 170 265 200 
0 182 170 265 200 
0 183 190 170 200 
0 184 190 101 170 265 200 
0 185 190 170 200 
0 186 12 42 115 37 39 28 124 129 138 177 122 
0 187 150 189 264 
0 188 12 101 264 13 88 110 20 247 
0 189 190 39 166 49 32 123 124 132 43 48 41 73 111 78 128 187 279 
0 190 12 198 101 103 189 13 89 16 42 87 24 25 55 90 21 30 37 39 102 154 155 49 28 32 33 193 124 126 129 67 138 69 48 54 56 64 73 117 177 272 184 153 180 181 183 163 185 128 149 208 211 222 223 226 
0 191 12 1 192 13 121 42 25 115 37 39 154 155 40 26 27 59 28 29 32 33 34 35 36 193 82 282 206 239 
0 192 12 191 273 13 3 16 42 24 25 115 21 30 37 39 146 17 40 26 49 27 28 29 32 34 35 36 193 130 140 23 20 22 142 45 46 47 31 153 157 5 276 231 
0 193 191 192 190 
0 194 12 13 42 24 25 115 21 37 39 49 32 43 48 177 153 209 229 
0 195 198 137 101 103 
0 196 198 137 264 
0 197 198 137 264 
0 198 108 190 168 101 169 18 89 137 57 116 92 150 63 70 75 105 195 51 196 88 274 8 197 133 175 98 69 43 199 99 266 267 83 210 
0 199 198 89 103 
0 200 12 13 3 212 256 121 169 42 24 25 174 115 21 30 37 39 146 17 217 7 257 40 26 27 59 28 44 34 35 36 82 206 239 124 126 4 129 135 138 141 210 162 77 207 233 22 213 221 260 262 142 54 56 100 113 203 235 241 242 243 263 177 204 171 184 251 78 237 234 228 122 248 202 216 219 153 157 250 259 238 245 258 172 173 176 180 181 182 183 185 224 244 208 211 222 223 226 247 11 201 254 232 278 6 281 205 159 218 161 240 252 215 231 209 229 214 220 225 227 230 236 246 249 253 255 261 
0 201 150 200 
0 202 103 200 
0 203 0 200 
0 204 101 103 265 200 
0 205 174 200 
0 206 191 200 
0 207 137 200 
0 208 190 200 
0 209 194 200 
0 210 198 200 
0 211 190 265 200 
0 212 1 200 
0 213 19 200 
0 214 200 264 
0 215 265 200 
0 216 103 200 
0 217 18 200 
0 218 152 200 
0 219 103 200 
0 220 200 264 
0 221 19 200 
0 222 190 265 200 
0 223 190 200 
0 224 170 200 
0 225 200 264 
0 226 190 200 
0 227 200 264 
0 228 103 200 
0 229 194 200 
0 230 200 264 
0 231 192 200 
0 232 174 200 
0 233 137 200 
0 234 103 265 200 
0 235 0 200 
0 236 200 269 
0 237 101 200 
0 238 89 200 
0 239 191 200 
0 240 160 200 
0 241 0 200 
0 242 0 200 
0 243 0 200 
0 244 170 200 
0 245 89 200 
0 246 200 264 
0 247 188 200 
0 248 103 265 200 
0 249 200 264 
0 250 108 200 
0 251 101 103 265 200 
0 252 160 200 
0 253 200 264 
0 254 174 200 
0 255 200 264 
0 256 1 200 
0 257 18 200 
0 258 89 200 
0 259 108 200 
0 260 19 200 
0 261 200 264 
0 262 19 200 
0 263 0 200 
0 264 2 170 18 108 188 265 3 14 103 50 101 86 57 58 116 92 150 62 63 65 66 9 70 72 75 105 81 17 112 52 91 132 134 10 74 38 80 139 51 196 88 197 133 43 99 266 267 83 110 23 95 162 41 79 106 20 45 46 53 64 71 76 85 93 94 109 114 268 96 120 179 187 151 214 220 225 227 230 246 249 253 255 261 
0 265 12 152 160 264 42 24 25 115 21 30 37 39 146 40 26 27 28 34 35 36 124 129 135 138 141 142 54 56 100 113 177 204 171 184 251 234 122 248 153 157 172 173 180 181 182 211 222 283 284 215 
0 266 198 101 103 264 271 
0 267 198 103 264 271 
0 268 103 264 271 
0 269 12 13 115 39 236 
0 270 12 13 15 146 40 26 44 34 139 142 157 
0 271 108 152 58 62 65 66 70 81 80 266 267 110 46 71 109 268 149 
0 272 190 101 103 
0 273 12 192 37 39 146 40 26 34 124 125 127 138 142 157 
0 274 198 103 
0 275 18 0 116 75 105 112 74 106 47 53 93 151 
0 276 192 174 
0 277 17 154 155 40 26 49 34 4 165 11 158 
0 278 174 200 
0 279 174 189 
0 280 103 174 
0 281 174 200 
0 282 191 174 
0 283 174 265 
0 284 174 265 
900 0 114 17 103 3 159 96 84 98 113 46 81 38 82 22 23 51 53 85 54 110 111 87 19 28 58 92 60 61 9 34 65 36 97 67 70 100 76 16 25 55 26 30 32 33 77 107 56 86 63 10 69 35 99 75 47 83 93 64 39 94 78 105 44 21 90 72 74 101 18 20 41 42 43 29 49 50 52 57 59 66 68 71 79 80 88 89 95 104 106 108 109 112 192 222 228 229 230 250 
900 1 2 12 17 181 3 13 14 15 200 243 
900 2 1 114 161 251 
900 3 1 17 182 84 0 161 146 190 251 
900 4 114 161 146 190 263 
900 5 182 164 
900 6 164 190 
900 7 17 190 
900 8 188 84 98 
900 9 17 132 0 98 251 
900 10 114 0 251 
900 11 144 190 263 
900 12 1 17 181 114 182 103 180 178 161 146 252 176 184 190 256 257 260 
900 13 1 114 161 251 
900 14 1 17 146 257 
900 15 1 182 180 
900 16 17 182 132 96 84 0 146 190 251 263 
900 17 114 12 1 159 84 0 98 251 3 14 116 113 46 160 188 81 38 82 22 23 51 53 85 54 110 111 87 19 28 58 92 60 61 9 34 65 36 97 67 70 100 76 16 205 7 244 
900 18 182 96 40 0 178 152 251 
900 19 17 114 182 103 180 84 0 161 152 252 184 190 
900 20 182 103 96 84 0 161 146 190 
900 21 182 132 96 40 0 251 
900 22 17 114 182 103 180 84 0 161 152 252 184 190 
900 23 17 181 114 182 103 180 96 84 0 161 146 252 184 190 
900 24 181 182 103 157 45 252 190 257 260 263 140 158 
900 25 181 182 84 0 161 146 252 190 
900 26 181 114 182 103 180 84 0 161 146 252 176 190 
900 27 181 182 
900 28 17 114 182 103 180 0 161 152 252 190 
900 29 182 96 40 0 
900 30 181 182 180 40 0 179 184 
900 31 181 180 
900 32 181 182 84 0 161 146 252 190 
900 33 181 182 84 0 161 146 252 190 
900 34 17 181 114 182 103 180 96 84 0 161 146 252 176 184 190 260 
900 35 114 96 0 251 
900 36 17 181 114 182 103 180 96 84 0 161 146 252 176 179 184 190 256 260 
900 37 181 182 103 252 190 257 260 263 
900 38 17 181 114 182 103 180 84 0 161 146 252 176 184 190 
900 39 188 132 103 40 0 179 184 251 
900 40 45 30 190 257 39 44 21 18 41 42 43 29 
900 41 182 96 40 0 251 
900 42 182 40 0 142 251 258 
900 43 182 96 40 0 
900 44 132 180 40 0 179 184 
900 45 24 182 180 40 179 184 263 158 
900 46 17 96 0 251 
900 47 188 132 96 0 251 
900 48 114 251 
900 49 103 159 84 0 98 142 251 
900 50 180 0 98 161 252 190 
900 51 17 132 180 0 142 
900 52 180 0 98 161 252 190 
900 53 17 188 132 96 0 98 251 
900 54 17 132 84 0 161 164 251 258 
900 55 181 84 0 161 142 190 
900 56 114 159 96 84 0 152 
900 57 96 84 0 
900 58 17 188 159 144 96 84 0 142 152 251 
900 59 180 0 98 251 
900 60 17 159 144 96 84 0 98 152 251 258 
900 61 17 132 0 98 251 258 
900 62 114 180 84 
900 63 114 84 0 152 
900 64 188 132 180 0 98 
900 65 17 188 132 159 96 84 0 251 258 
900 66 0 251 258 
900 67 17 132 96 0 98 251 
900 68 180 84 0 179 
900 69 114 159 144 84 0 98 251 
900 70 17 114 188 132 159 144 96 84 0 98 251 
900 71 159 96 84 0 98 251 
900 72 132 144 0 98 190 
900 73 96 179 190 
900 74 132 96 84 0 98 142 251 
900 75 114 159 96 84 0 251 258 
900 76 17 84 0 251 258 
900 77 181 84 0 161 142 190 
900 78 188 132 96 84 0 98 251 
900 79 96 84 0 
900 80 96 0 251 
900 81 17 132 96 0 251 
900 82 17 132 180 0 142 
900 83 188 132 159 96 84 0 98 178 152 251 
900 84 161 17 103 3 132 180 0 113 96 188 38 22 23 54 110 111 87 19 58 92 60 34 65 36 70 100 76 16 25 55 26 32 33 77 120 107 122 56 86 62 63 69 75 102 83 8 189 94 78 105 90 74 101 20 49 57 68 71 79 88 106 112 225 232 245 
900 85 17 132 180 0 142 
900 86 114 159 96 84 0 98 152 251 
900 87 17 188 132 159 144 96 84 0 251 
900 88 96 84 0 98 142 251 
900 89 96 0 98 251 
900 90 132 84 0 98 251 
900 91 98 251 
900 92 17 84 0 
900 93 188 96 0 98 
900 94 188 132 96 84 0 98 251 
900 95 0 252 190 
900 96 103 180 178 0 46 188 84 98 251 160 81 23 53 111 87 58 60 34 65 36 67 70 100 16 118 119 56 86 125 129 130 131 35 75 136 185 47 83 93 94 253 78 105 21 74 101 18 20 41 43 29 57 71 79 80 88 89 167 259 193 174 238 73 224 
900 97 17 132 180 144 0 
900 98 17 103 180 159 0 251 96 53 111 60 61 9 67 70 100 107 124 86 69 185 83 261 8 93 64 189 94 253 254 78 105 90 72 74 101 49 50 52 59 71 88 89 109 259 193 238 255 216 91 117 235 266 204 207 
900 99 114 0 152 
900 100 17 188 132 159 144 96 84 141 0 98 251 
900 101 132 159 144 96 84 0 98 152 251 
900 102 114 84 
900 103 12 188 96 84 0 98 251 258 38 22 23 110 111 19 28 34 36 141 37 24 26 119 120 122 124 127 133 134 39 20 137 49 167 117 147 149 237 246 
900 104 0 251 258 
900 105 132 159 144 96 84 0 98 178 251 258 
900 106 84 0 179 
900 107 114 159 144 84 0 98 251 
900 108 0 252 190 
900 109 0 98 251 
900 110 17 181 114 182 103 84 0 161 252 176 184 190 256 
900 111 17 188 132 103 159 96 84 0 98 142 251 
900 112 180 84 0 
900 113 17 84 0 
900 114 2 17 0 12 13 116 132 38 22 23 110 19 28 34 36 70 26 118 119 120 121 4 107 48 122 56 124 86 125 126 127 129 130 131 62 63 10 69 35 133 99 75 134 135 136 102 
900 115 161 146 251 143 
900 116 17 181 114 161 152 190 
900 117 103 98 161 252 176 190 
900 118 114 96 152 179 
900 119 114 103 180 96 161 146 252 176 179 190 260 
900 120 114 103 84 161 152 260 
900 121 114 180 161 190 
900 122 114 103 84 161 152 260 
900 123 180 179 
900 124 114 103 180 98 161 252 176 190 
900 125 114 182 96 
900 126 114 161 
900 127 114 103 179 251 
900 128 188 142 152 251 
900 129 114 96 161 146 251 
900 130 114 96 161 252 190 
900 131 114 96 152 
900 132 84 81 114 188 82 51 53 85 54 111 87 61 9 65 97 67 70 100 16 185 47 186 83 187 64 39 94 78 105 44 21 90 154 72 74 101 221 
900 133 114 103 180 161 146 252 176 190 260 
900 134 114 103 161 251 257 
900 135 114 182 
900 136 114 96 161 252 190 
900 137 141 140 182 103 146 252 190 257 260 138 
900 138 137 161 
900 139 157 
900 140 24 141 137 
900 141 100 182 103 157 137 146 252 190 257 260 140 158 
900 142 82 51 85 111 144 58 55 77 128 74 42 49 88 143 145 
900 143 180 144 115 142 258 
900 144 87 188 142 251 58 60 97 70 100 107 69 105 72 101 143 11 177 191 
900 145 142 152 251 
900 146 12 252 258 3 14 38 23 34 36 141 16 148 25 26 32 33 119 4 129 133 20 137 149 115 150 151 206 
900 147 182 103 180 161 252 184 190 
900 148 181 180 146 263 
900 149 182 103 146 252 190 257 260 
900 150 146 263 
900 151 146 190 
900 152 252 116 22 19 28 58 60 118 120 122 56 86 131 63 99 83 128 154 101 18 155 145 153 227 239 
900 153 152 190 
900 154 132 152 190 251 
900 155 180 161 164 152 
900 156 161 263 
900 157 141 24 179 158 139 
900 158 24 157 141 45 
900 159 17 0 188 98 160 111 87 58 60 65 70 100 107 56 86 69 75 83 105 101 49 71 
900 160 17 188 159 96 190 
900 161 2 84 251 12 3 13 116 38 22 23 54 164 110 19 28 34 36 25 55 26 32 33 77 119 120 121 4 122 124 126 129 130 133 134 136 165 20 50 52 167 174 117 147 115 156 162 163 166 168 169 170 171 172 173 138 155 175 212 231 
900 162 161 252 190 
900 163 161 252 190 
900 164 54 161 190 267 266 168 169 155 241 220 264 265 6 5 262 268 269 194 
900 165 188 161 
900 166 161 190 
900 167 103 180 96 161 252 176 184 190 
900 168 161 164 
900 169 161 164 251 
900 170 180 161 252 190 
900 171 180 161 252 190 
900 172 161 252 190 
900 173 180 161 190 
900 174 180 96 161 252 190 
900 175 180 161 190 
900 176 12 38 110 34 36 26 119 124 133 167 117 
900 177 144 179 251 
900 178 12 96 251 83 105 18 234 
900 179 180 36 157 45 30 118 119 127 39 44 68 106 73 123 177 265 
900 180 12 188 96 98 179 84 15 38 82 22 23 51 85 19 28 34 36 97 148 45 26 30 31 183 119 121 124 62 133 64 44 50 52 59 68 112 167 259 174 147 170 171 173 155 175 123 143 196 199 210 211 214 
900 181 12 1 182 116 38 23 110 34 36 148 37 24 25 55 26 27 30 31 32 33 183 77 267 195 226 
900 182 12 181 260 3 15 38 22 23 110 19 28 34 36 141 16 37 24 45 25 26 27 30 32 33 183 125 135 21 18 20 137 41 42 43 29 147 149 5 262 219 
900 183 181 182 180 
900 184 12 38 22 23 110 19 34 36 45 30 39 44 167 147 197 217 
900 185 188 132 96 98 
900 186 188 132 251 
900 187 188 132 251 
900 188 103 180 159 96 160 17 84 132 53 111 87 144 58 65 70 100 185 47 186 83 261 8 187 128 165 93 64 39 189 94 253 254 78 198 
900 189 188 84 98 
900 190 12 3 200 243 116 160 38 22 23 164 110 19 28 34 36 141 16 205 7 244 37 24 25 55 26 40 32 33 77 195 226 119 121 4 124 130 133 136 198 154 72 221 20 201 209 247 249 137 50 52 95 108 192 222 228 229 230 250 167 193 174 238 73 224 216 117 235 204 207 147 149 237 246 225 232 245 162 163 166 170 171 172 173 175 212 231 196 199 210 211 214 234 11 191 241 220 264 6 194 151 206 153 227 239 203 219 197 217 202 208 213 215 218 223 233 236 240 242 248 
900 191 144 190 
900 192 0 190 
900 193 96 98 252 190 
900 194 164 190 
900 195 181 190 
900 196 180 190 
900 197 184 190 
900 198 188 190 
900 199 180 252 190 
900 200 1 190 
900 201 190 
900 202 190 251 
900 203 252 190 
900 204 98 190 
900 205 17 190 
900 206 146 190 
900 207 98 190 
900 208 190 251 
900 209 190 
900 210 180 252 190 
900 211 180 190 
900 212 161 190 
900 213 190 251 
900 214 180 190 
900 215 190 251 
900 216 98 190 
900 217 184 190 
900 218 190 251 
900 219 182 190 
900 220 164 190 
900 221 132 190 
900 222 0 190 
900 223 190 256 
900 224 96 190 
900 225 84 190 
900 226 181 190 
900 227 152 190 
900 228 0 190 
900 229 0 190 
900 230 0 190 
900 231 161 190 
900 232 84 190 
900 233 190 251 
900 234 178 190 
900 235 98 252 190 
900 236 190 251 
900 237 103 190 
900 238 96 98 252 190 
900 239 152 190 
900 240 190 251 
900 241 164 190 
900 242 190 251 
900 243 1 190 
900 244 17 190 
900 245 84 190 
900 246 103 190 
900 247 190 
900 248 190 251 
900 249 190 
900 250 0 190 
900 251 2 161 17 103 178 252 3 13 98 46 96 81 53 54 111 87 144 58 60 61 9 65 67 70 100 76 16 107 48 86 127 129 10 69 35 75 134 47 186 83 187 128 39 94 253 254 78 105 21 90 154 74 101 18 41 42 49 59 66 71 80 88 89 104 109 255 91 115 169 177 145 202 208 213 215 218 233 236 240 242 248 
900 252 12 146 152 251 38 22 23 110 19 28 34 36 141 37 24 25 26 32 33 119 124 130 133 136 137 50 52 95 108 167 193 174 238 117 235 147 149 162 163 170 171 172 199 210 268 269 203 
900 253 188 96 98 251 258 
900 254 188 98 251 258 
900 255 98 251 258 
900 256 12 110 36 223 
900 257 12 14 141 37 24 40 134 137 149 
900 258 103 146 54 60 61 65 76 75 253 254 105 42 66 104 255 143 
900 259 180 96 98 
900 260 12 182 34 36 141 37 24 119 120 122 133 137 149 
900 261 188 98 
900 262 182 164 
900 263 16 148 37 24 45 4 156 11 150 
900 264 164 190 
900 265 164 179 
900 266 98 164 
900 267 181 164 
900 268 164 252 
900 269 164 252 
1800 0 110 17 3 153 94 82 96 109 45 79 38 80 22 23 50 83 52 106 107 85 19 28 56 90 58 59 9 34 63 36 95 65 68 98 74 16 25 53 26 30 32 33 75 103 54 84 61 10 67 35 97 73 46 81 91 62 39 92 76 102 44 21 88 70 72 99 18 20 41 42 43 29 48 49 51 55 57 64 66 69 77 78 86 87 93 101 104 105 108 185 214 220 221 222 241 
1800 1 2 12 17 174 3 13 14 15 192 234 
1800 2 1 110 155 242 
1800 3 1 17 175 82 0 155 140 183 242 
1800 4 110 155 140 183 253 
1800 5 175 158 
1800 6 158 183 
1800 7 17 183 
1800 8 181 82 96 
1800 9 17 127 0 96 242 
1800 10 110 0 242 
1800 11 138 183 253 
1800 12 1 17 174 110 175 173 171 155 140 243 169 177 183 246 247 250 
1800 13 1 110 155 242 
1800 14 1 17 140 247 
1800 15 1 175 173 
1800 16 17 175 127 94 82 0 140 183 242 253 
1800 17 110 12 1 153 82 0 96 242 3 14 112 109 45 154 181 79 38 80 22 23 50 83 52 106 107 85 19 28 56 90 58 59 9 34 63 36 95 65 68 98 74 16 197 7 235 
1800 18 175 94 40 0 171 146 242 
1800 19 17 110 175 173 82 0 155 146 243 177 183 
1800 20 175 94 82 0 155 140 183 
1800 21 175 127 94 40 0 242 
1800 22 17 110 175 173 82 0 155 146 243 177 183 
1800 23 17 174 110 175 173 94 82 0 155 140 243 177 183 
1800 24 174 175 151 243 183 247 250 253 134 152 
1800 25 174 175 82 0 155 140 243 183 
1800 26 174 110 175 173 82 0 155 140 243 169 183 
1800 27 174 175 
1800 28 17 110 175 173 0 155 146 243 183 
1800 29 175 94 40 0 
1800 30 174 175 173 40 0 172 177 
1800 31 174 173 
1800 32 174 175 82 0 155 140 243 183 
1800 33 174 175 82 0 155 140 243 183 
1800 34 17 174 110 175 173 94 82 0 155 140 243 169 177 183 250 
1800 35 110 94 0 242 
1800 36 17 174 110 175 173 94 82 0 155 140 243 169 172 177 183 246 250 
1800 37 174 175 243 183 247 250 253 
1800 38 17 174 110 175 173 82 0 155 140 243 169 177 183 
1800 39 181 127 40 0 172 177 242 
1800 40 30 183 247 39 44 21 18 41 42 43 29 
1800 41 175 94 40 0 242 
1800 42 175 40 0 136 242 248 
1800 43 175 94 40 0 
1800 44 127 173 40 0 172 177 
1800 45 17 94 0 242 
1800 46 181 127 94 0 242 
1800 47 110 242 
1800 48 153 82 0 96 136 242 
1800 49 173 0 96 155 243 183 
1800 50 17 127 173 0 136 
1800 51 173 0 96 155 243 183 
1800 52 17 127 82 0 155 158 242 248 
1800 53 174 82 0 155 136 183 
1800 54 110 153 94 82 0 146 
1800 55 94 82 0 
1800 56 17 181 153 138 94 82 0 136 146 242 
1800 57 173 0 96 242 
1800 58 17 153 138 94 82 0 96 146 242 248 
1800 59 17 127 0 96 242 248 
1800 60 110 173 82 
1800 61 110 82 0 146 
1800 62 181 127 173 0 96 
1800 63 17 181 127 153 94 82 0 242 248 
1800 64 0 242 248 
1800 65 17 127 94 0 96 242 
1800 66 173 82 0 172 
1800 67 110 153 138 82 0 96 242 
1800 68 17 110 181 127 153 138 94 82 0 96 242 
1800 69 153 94 82 0 96 242 
1800 70 127 138 0 96 183 
1800 71 94 172 183 
1800 72 127 94 82 0 96 136 242 
1800 73 110 153 94 82 0 242 248 
1800 74 17 82 0 242 248 
1800 75 174 82 0 155 136 183 
1800 76 181 127 94 82 0 96 242 
1800 77 94 82 0 
1800 78 94 0 242 
1800 79 17 127 94 0 242 
1800 80 17 127 173 0 136 
1800 81 181 127 153 94 82 0 96 171 146 242 
1800 82 155 17 3 127 173 0 109 94 181 38 22 23 52 106 107 85 19 56 90 58 34 63 36 68 98 74 16 25 53 26 32 33 75 116 103 118 54 84 60 61 67 73 100 81 8 182 92 76 102 88 72 99 20 48 55 66 69 77 86 108 217 224 236 
1800 83 17 127 173 0 136 
1800 84 110 153 94 82 0 96 146 242 
1800 85 17 181 127 153 138 94 82 0 242 
1800 86 94 82 0 96 136 242 
1800 87 94 0 96 242 
1800 88 127 82 0 96 242 
1800 89 96 242 
1800 90 17 82 0 
1800 91 181 94 0 96 
1800 92 181 127 94 82 0 96 242 
1800 93 0 243 183 
1800 94 173 171 0 45 181 82 96 242 154 79 23 107 85 56 58 34 63 36 65 68 98 16 114 115 54 84 121 124 125 126 35 73 178 46 81 91 92 244 76 102 21 72 99 18 20 41 43 29 55 69 77 78 86 87 160 249 186 167 230 71 216 
1800 95 17 127 173 138 0 
1800 96 17 173 153 0 242 94 107 58 59 9 65 68 98 103 120 84 67 178 81 251 8 91 62 182 92 244 245 76 102 88 70 72 99 48 49 51 57 69 86 87 105 249 186 230 208 89 113 227 256 196 199 
1800 97 110 0 146 
1800 98 17 181 127 153 138 94 82 135 0 96 242 
1800 99 127 153 138 94 82 0 96 146 242 
1800 100 110 82 
1800 101 0 242 248 
1800 102 127 153 138 94 82 0 96 171 242 248 
1800 103 110 153 138 82 0 96 242 
1800 104 0 243 183 
1800 105 0 96 242 
1800 106 17 174 110 175 82 0 155 243 169 177 183 246 
1800 107 17 181 127 153 94 82 0 96 136 242 
1800 108 173 82 0 
1800 109 17 82 0 
1800 110 2 17 0 12 13 112 127 38 22 23 106 19 28 34 36 68 26 114 115 116 117 4 103 47 118 54 120 84 121 122 124 125 126 60 61 10 67 35 128 97 73 129 130 100 
1800 111 155 140 242 137 
1800 112 17 174 110 155 146 183 
1800 113 96 155 243 169 183 
1800 114 110 94 146 172 
1800 115 110 173 94 155 140 243 169 172 183 250 
1800 116 110 82 155 146 250 
1800 117 110 173 155 183 
1800 118 110 82 155 146 250 
1800 119 173 172 
1800 120 110 173 96 155 243 169 183 
1800 121 110 175 94 
1800 122 110 172 242 
1800 123 181 136 146 242 
1800 124 110 94 155 140 242 
1800 125 110 94 155 243 183 
1800 126 110 94 146 
1800 127 82 79 110 181 80 50 83 52 107 85 59 9 63 95 65 68 98 16 178 46 179 81 180 62 39 92 76 102 44 21 88 148 70 72 99 213 
1800 128 110 173 155 140 243 169 183 250 
1800 129 110 155 242 247 
1800 130 110 175 
1800 131 135 134 175 140 243 183 247 250 132 
1800 132 131 155 
1800 133 151 
1800 134 24 135 131 
1800 135 98 175 151 131 140 243 183 247 250 134 152 
1800 136 80 50 83 107 138 56 53 75 123 72 42 48 86 137 139 
1800 137 173 138 111 136 248 
1800 138 85 181 136 242 56 58 95 68 98 103 67 102 70 99 137 11 170 184 
1800 139 136 146 242 
1800 140 12 243 248 3 14 38 23 34 36 135 16 142 25 26 32 33 115 4 124 128 20 131 143 111 144 145 198 
1800 141 175 173 155 243 177 183 
1800 142 174 173 140 253 
1800 143 175 140 243 183 247 250 
1800 144 140 253 
1800 145 140 183 
1800 146 243 112 22 19 28 56 58 114 116 118 54 84 126 61 97 81 123 148 99 18 149 139 147 219 231 
1800 147 146 183 
1800 148 127 146 183 242 
1800 149 173 155 158 146 
1800 150 155 253 
1800 151 135 24 172 152 133 
1800 152 24 151 135 
1800 153 17 0 181 96 154 107 85 56 58 63 68 98 103 54 84 67 73 81 102 99 48 69 
1800 154 17 181 153 94 183 
1800 155 2 82 242 12 3 13 112 38 22 23 52 158 106 19 28 34 36 25 53 26 32 33 75 115 116 117 4 118 120 124 125 128 129 20 49 51 160 167 113 141 111 150 156 157 159 161 162 163 164 165 166 132 149 168 204 223 
1800 156 155 243 183 
1800 157 155 243 183 
1800 158 52 155 183 257 256 161 162 149 233 212 254 255 6 5 252 258 259 187 
1800 159 155 183 
1800 160 173 94 155 243 169 177 183 
1800 161 155 158 
1800 162 155 158 242 
1800 163 173 155 243 183 
1800 164 173 155 243 183 
1800 165 155 243 183 
1800 166 173 155 183 
1800 167 173 94 155 243 183 
1800 168 173 155 183 
1800 169 12 38 106 34 36 26 115 120 128 160 113 
1800 170 138 172 242 
1800 171 12 94 242 81 102 18 226 
1800 172 173 36 151 30 114 115 122 39 44 66 71 119 170 255 
1800 173 12 181 94 96 172 82 15 38 80 22 23 50 83 19 28 34 36 95 142 26 30 31 176 115 117 120 60 128 62 44 49 51 57 66 108 160 249 167 141 163 164 166 149 168 119 137 191 202 203 206 
1800 174 12 1 175 112 38 23 106 34 36 142 37 24 25 53 26 27 30 31 32 33 176 75 257 188 218 
1800 175 12 174 250 3 15 38 22 23 106 19 28 34 36 135 16 37 24 25 26 27 30 32 33 176 121 130 21 18 20 131 41 42 43 29 141 143 5 252 211 
1800 176 174 175 173 
1800 177 12 38 22 23 106 19 34 36 30 39 44 160 141 189 209 
1800 178 181 127 94 96 
1800 179 181 127 242 
1800 180 181 127 242 
1800 181 173 153 94 154 17 82 127 107 85 138 56 63 68 98 178 46 179 81 251 8 180 123 91 62 39 182 92 244 245 76 190 
1800 182 181 82 96 
1800 183 12 3 192 234 112 154 38 22 23 158 106 19 28 34 36 135 16 197 7 235 37 24 25 53 26 40 32 33 75 188 218 115 117 4 120 125 128 190 148 70 213 20 193 201 238 240 131 49 51 93 104 185 214 220 221 222 241 160 186 167 230 71 216 208 113 227 196 199 141 143 229 237 217 224 236 156 157 159 163 164 165 166 168 204 223 191 202 203 206 226 11 184 233 212 254 6 187 145 198 147 219 231 195 211 189 209 194 200 205 207 210 215 225 228 232 239 
1800 184 138 183 
1800 185 0 183 
1800 186 94 96 243 183 
1800 187 158 183 
1800 188 174 183 
1800 189 177 183 
1800 190 181 183 
1800 191 173 243 183 
1800 192 1 183 
1800 193 183 
1800 194 183 242 
1800 195 243 183 
1800 196 96 183 
1800 197 17 183 
1800 198 140 183 
1800 199 96 183 
1800 200 183 242 
1800 201 183 
1800 202 173 243 183 
1800 203 173 183 
1800 204 155 183 
1800 205 183 242 
1800 206 173 183 
1800 207 183 242 
1800 208 96 183 
1800 209 177 183 
1800 210 183 242 
1800 211 175 183 
1800 212 158 183 
1800 213 127 183 
1800 214 0 183 
1800 215 183 246 
1800 216 94 183 
1800 217 82 183 
1800 218 174 183 
1800 219 146 183 
1800 220 0 183 
1800 221 0 183 
1800 222 0 183 
1800 223 155 183 
1800 224 82 183 
1800 225 183 242 
1800 226 171 183 
1800 227 96 243 183 
1800 228 183 242 
1800 229 183 
1800 230 94 96 243 183 
1800 231 146 183 
1800 232 183 242 
1800 233 158 183 
1800 234 1 183 
1800 235 17 183 
1800 236 82 183 
1800 237 183 
1800 238 183 
1800 239 183 242 
1800 240 183 
1800 241 0 183 
1800 242 2 155 17 171 243 3 13 96 45 94 79 52 107 85 138 56 58 59 9 63 65 68 98 74 16 103 47 84 122 124 10 67 35 73 129 46 179 81 180 123 39 92 244 245 76 102 21 88 148 72 99 18 41 42 48 57 64 69 78 86 87 101 105 89 111 162 170 139 194 200 205 207 210 225 228 232 239 
1800 243 12 140 146 242 38 22 23 106 19 28 34 36 135 37 24 25 26 32 33 115 120 125 128 131 49 51 93 104 160 186 167 230 113 227 141 143 156 157 163 164 165 191 202 258 259 195 
1800 244 181 94 96 242 248 
1800 245 181 96 242 248 
1800 246 12 106 36 215 
1800 247 12 14 135 37 24 40 129 131 143 
1800 248 140 52 58 59 63 74 73 244 245 102 42 64 101 137 
1800 249 173 94 96 
1800 250 12 175 34 36 135 37 24 115 116 118 128 131 143 
1800 251 181 96 
1800 252 175 158 
1800 253 16 142 37 24 4 150 11 144 
1800 254 158 183 
1800 255 158 172 
1800 256 96 158 
1800 257 174 158 
1800 258 158 243 
1800 259 158 243 
2700 0 107 16 3 148 91 80 93 106 43 77 36 78 21 22 48 81 50 103 104 83 18 26 54 87 56 57 9 32 61 34 92 63 66 95 72 15 23 51 24 28 30 31 73 100 52 82 59 10 65 33 94 71 44 79 88 60 37 89 74 99 42 20 68 70 96 17 19 39 40 41 27 46 47 49 53 55 62 64 67 75 76 84 85 90 98 101 102 105 179 207 212 213 214 230 
2700 1 2 12 16 168 3 13 14 186 223 
2700 2 1 107 150 231 
2700 3 1 16 169 80 0 150 135 177 231 
2700 4 107 150 135 177 242 
2700 5 169 153 
2700 6 153 177 
2700 7 16 177 
2700 8 175 80 93 
2700 9 16 123 0 93 231 
2700 10 107 0 231 
2700 11 133 177 242 
2700 12 1 16 168 107 169 167 165 150 135 232 163 171 177 235 236 239 
2700 13 1 107 150 231 
2700 14 1 169 167 
2700 15 16 169 123 91 80 0 135 177 231 242 
2700 16 107 12 1 148 80 0 93 231 3 109 106 43 149 175 77 36 78 21 22 48 81 50 103 104 83 18 26 54 87 56 57 9 32 61 34 92 63 66 95 72 15 191 7 224 
2700 17 169 91 38 0 165 141 231 
2700 18 16 107 169 167 80 0 150 141 232 171 177 
2700 19 169 91 80 0 150 135 177 
2700 20 169 123 91 38 0 231 
2700 21 16 107 169 167 80 0 150 141 232 171 177 
2700 22 16 168 107 169 167 91 80 0 150 135 232 171 177 
2700 23 168 169 80 0 150 135 232 177 
2700 24 168 107 169 167 80 0 150 135 232 163 177 
2700 25 168 169 
2700 26 16 107 169 167 0 150 141 232 177 
2700 27 169 91 38 0 
2700 28 168 169 167 38 0 166 171 
2700 29 168 167 
2700 30 168 169 80 0 150 135 232 177 
2700 31 168 169 80 0 150 135 232 177 
2700 32 16 168 107 169 167 91 80 0 150 135 232 163 171 177 239 
2700 33 107 91 0 231 
2700 34 16 168 107 169 167 91 80 0 150 135 232 163 166 171 177 235 239 
2700 35 168 169 232 177 236 239 242 
2700 36 16 168 107 169 167 80 0 150 135 232 163 171 177 
2700 37 175 123 38 0 166 171 231 
2700 38 28 177 236 37 42 20 17 39 40 41 27 
2700 39 169 91 38 0 231 
2700 40 169 38 0 131 231 237 
2700 41 169 91 38 0 
2700 42 123 167 38 0 166 171 
2700 43 16 91 0 231 
2700 44 175 123 91 0 231 
2700 45 107 231 
2700 46 148 80 0 93 131 231 
2700 47 167 0 93 150 232 177 
2700 48 16 123 167 0 131 
2700 49 167 0 93 150 232 177 
2700 50 16 123 80 0 150 153 231 237 
2700 51 168 80 0 150 131 177 
2700 52 107 148 91 80 0 141 
2700 53 91 80 0 
2700 54 16 175 148 133 91 80 0 131 141 231 
2700 55 167 0 93 231 
2700 56 16 148 133 91 80 0 93 141 231 237 
2700 57 16 123 0 93 231 237 
2700 58 107 167 80 
2700 59 107 80 0 141 
2700 60 175 123 167 0 93 
2700 61 16 175 123 148 91 80 0 231 237 
2700 62 0 231 237 
2700 63 16 123 91 0 93 231 
2700 64 167 80 0 166 
2700 65 107 148 133 80 0 93 231 
2700 66 16 107 175 123 148 133 91 80 0 93 231 
2700 67 148 91 80 0 93 231 
2700 68 123 133 0 93 177 
2700 69 91 166 177 
2700 70 123 91 80 0 93 131 231 
2700 71 107 148 91 80 0 231 237 
2700 72 16 80 0 231 237 
2700 73 168 80 0 150 131 177 
2700 74 175 123 91 80 0 93 231 
2700 75 91 80 0 
2700 76 91 0 231 
2700 77 16 123 91 0 231 
2700 78 16 123 167 0 131 
2700 79 175 123 148 91 80 0 93 165 141 231 
2700 80 150 16 3 123 167 0 106 91 175 36 21 22 50 103 104 83 18 54 87 56 32 61 34 66 95 72 15 23 51 24 30 31 73 113 100 114 52 82 58 59 65 71 97 79 8 176 89 74 99 70 96 19 46 53 64 67 75 84 105 209 215 225 
2700 81 16 123 167 0 131 
2700 82 107 148 91 80 0 93 141 231 
2700 83 16 175 123 148 133 91 80 0 231 
2700 84 91 80 0 93 131 231 
2700 85 91 0 93 231 
2700 86 93 231 
2700 87 16 80 0 
2700 88 175 91 0 93 
2700 89 175 123 91 80 0 93 231 
2700 90 0 232 177 
2700 91 167 165 0 43 175 80 93 231 149 77 22 104 83 54 56 32 61 34 63 66 95 15 111 112 52 82 117 120 121 122 33 71 172 44 79 88 89 233 74 99 20 70 96 17 19 39 41 27 53 67 75 76 84 85 155 238 180 161 220 69 
2700 92 16 123 167 133 0 
2700 93 16 167 148 0 231 91 104 56 57 9 63 66 95 100 116 82 65 172 79 240 8 88 60 176 89 233 234 74 99 68 70 96 46 47 49 55 67 84 85 102 238 180 220 201 86 110 217 245 190 193 
2700 94 107 0 141 
2700 95 16 175 123 148 133 91 80 130 0 93 231 
2700 96 123 148 133 91 80 0 93 141 231 
2700 97 107 80 
2700 98 0 231 237 
2700 99 123 148 133 91 80 0 93 165 231 237 
2700 100 107 148 133 80 0 93 231 
2700 101 0 232 177 
2700 102 0 93 231 
2700 103 16 168 107 169 80 0 150 232 163 171 177 235 
2700 104 16 175 123 148 91 80 0 93 131 231 
2700 105 167 80 0 
2700 106 16 80 0 
2700 107 2 16 0 12 13 109 123 36 21 22 103 18 26 32 34 66 24 111 112 113 4 100 45 114 52 116 82 117 118 120 121 122 58 59 10 65 33 124 94 71 125 126 97 
2700 108 150 135 231 132 
2700 109 16 168 107 150 141 177 
2700 110 93 150 232 163 177 
2700 111 107 91 141 166 
2700 112 107 167 91 150 135 232 163 166 177 239 
2700 113 107 80 150 141 239 
2700 114 107 80 150 141 239 
2700 115 167 166 
2700 116 107 167 93 150 232 163 177 
2700 117 107 169 91 
2700 118 107 166 231 
2700 119 175 131 141 231 
2700 120 107 91 150 135 231 
2700 121 107 91 150 232 177 
2700 122 107 91 141 
2700 123 80 77 107 175 78 48 81 50 104 83 57 9 61 92 63 66 95 15 172 44 173 79 174 60 37 89 74 99 42 20 143 68 70 96 206 
2700 124 107 167 150 135 232 163 177 239 
2700 125 107 150 231 236 
2700 126 107 169 
2700 127 130 129 169 135 232 177 236 239 
2700 128 146 
2700 129 130 127 
2700 130 95 169 146 127 135 232 177 236 239 129 147 
2700 131 78 48 81 104 133 54 51 73 119 70 40 46 84 132 134 
2700 132 167 133 108 131 237 
2700 133 83 175 131 231 54 56 92 66 95 100 65 99 68 96 132 11 164 178 
2700 134 131 141 231 
2700 135 12 232 237 3 36 22 32 34 130 15 137 23 24 30 31 112 4 120 124 19 127 138 108 139 140 192 
2700 136 169 167 150 232 171 177 
2700 137 168 167 135 242 
2700 138 169 135 232 177 236 239 
2700 139 135 242 
2700 140 135 177 
2700 141 232 109 21 18 26 54 56 111 113 114 52 82 122 59 94 79 119 143 96 17 144 134 142 211 221 
2700 142 141 177 
2700 143 123 141 177 231 
2700 144 167 150 153 141 
2700 145 150 242 
2700 146 130 166 147 128 
2700 147 146 130 
2700 148 16 0 175 93 149 104 83 54 56 61 66 95 100 52 82 65 71 79 99 96 46 67 
2700 149 16 175 148 91 177 
2700 150 2 80 231 12 3 13 109 36 21 22 50 153 103 18 26 32 34 23 51 24 30 31 73 112 113 4 114 116 120 121 124 125 19 47 49 155 161 110 136 108 145 151 152 154 156 157 158 159 160 144 162 197 
2700 151 150 232 177 
2700 152 150 232 177 
2700 153 50 150 177 246 245 156 157 144 205 243 244 6 5 241 247 248 181 
2700 154 150 177 
2700 155 167 91 150 232 163 171 177 
2700 156 150 153 
2700 157 150 153 231 
2700 158 167 150 232 177 
2700 159 167 150 232 177 
2700 160 167 150 177 
2700 161 167 91 150 232 177 
2700 162 167 150 177 
2700 163 12 36 103 32 34 24 112 116 124 155 110 
2700 164 133 166 231 
2700 165 12 91 231 79 99 17 
2700 166 167 34 28 111 112 118 37 42 146 64 69 115 164 244 
2700 167 12 175 91 93 166 80 14 36 78 21 22 48 81 18 26 32 34 92 137 24 28 29 170 112 116 58 124 60 42 47 49 55 64 105 155 238 161 136 158 159 160 144 162 115 132 185 195 196 199 
2700 168 12 1 169 109 36 22 103 32 34 137 35 23 51 24 25 28 29 30 31 170 73 246 182 210 
2700 169 12 168 239 3 14 36 21 22 103 18 26 32 34 130 15 35 23 24 25 28 30 31 170 117 126 20 17 19 127 39 40 41 27 136 138 5 241 204 
2700 170 168 169 167 
2700 171 12 36 21 22 103 18 32 34 28 37 42 155 136 183 202 
2700 172 175 123 91 93 
2700 173 175 123 231 
2700 174 175 123 231 
2700 175 167 148 91 149 16 80 123 104 83 133 54 61 66 95 172 44 173 79 240 8 174 119 88 60 37 176 89 233 234 74 184 
2700 176 175 80 93 
2700 177 12 3 186 223 109 149 36 21 22 153 103 18 26 32 34 130 15 191 7 224 35 23 51 24 38 30 31 73 182 210 112 4 116 121 124 184 143 68 206 19 187 227 229 127 47 49 90 101 179 207 212 213 214 230 155 180 161 220 69 201 110 217 190 193 136 138 219 226 209 215 225 151 152 154 158 159 160 162 197 185 195 196 199 11 178 205 243 6 181 140 192 142 211 221 189 204 183 202 188 194 198 200 203 208 216 218 222 228 
2700 178 133 177 
2700 179 0 177 
2700 180 91 93 232 177 
2700 181 153 177 
2700 182 168 177 
2700 183 171 177 
2700 184 175 177 
2700 185 167 232 177 
2700 186 1 177 
2700 187 177 
2700 188 177 231 
2700 189 232 177 
2700 190 93 177 
2700 191 16 177 
2700 192 135 177 
2700 193 93 177 
2700 194 177 231 
2700 195 167 232 177 
2700 196 167 177 
2700 197 150 177 
2700 198 177 231 
2700 199 167 177 
2700 200 177 231 
2700 201 93 177 
2700 202 171 177 
2700 203 177 231 
2700 204 169 177 
2700 205 153 177 
2700 206 123 177 
2700 207 0 177 
2700 208 177 235 
2700 209 80 177 
2700 210 168 177 
2700 211 141 177 
2700 212 0 177 
2700 213 0 177 
2700 214 0 177 
2700 215 80 177 
2700 216 177 231 
2700 217 93 232 177 
2700 218 177 231 
2700 219 177 
2700 220 91 93 232 177 
2700 221 141 177 
2700 222 177 231 
2700 223 1 177 
2700 224 16 177 
2700 225 80 177 
2700 226 177 
2700 227 177 
2700 228 177 231 
2700 229 177 
2700 230 0 177 
2700 231 2 150 16 165 232 3 13 93 43 91 77 50 104 83 133 54 56 57 9 61 63 66 95 72 15 100 45 82 118 120 10 65 33 71 125 44 173 79 174 119 37 89 233 234 74 99 20 143 70 96 17 39 40 46 55 62 67 76 84 85 98 102 86 108 157 164 134 188 194 198 200 203 216 218 222 228 
2700 232 12 135 141 231 36 21 22 103 18 26 32 34 130 35 23 24 30 31 112 116 121 124 127 47 49 90 101 155 180 161 220 110 217 136 138 151 152 158 159 185 195 247 248 189 
2700 233 175 91 93 231 237 
2700 234 175 93 231 237 
2700 235 12 103 34 208 
2700 236 12 130 35 38 125 127 138 
2700 237 135 50 56 57 61 72 71 233 234 99 40 62 98 132 
2700 238 167 91 93 
2700 239 12 169 32 34 130 35 112 113 114 124 127 138 
2700 240 175 93 
2700 241 169 153 
2700 242 15 137 35 4 145 11 139 
2700 243 153 177 
2700 244 153 166 
2700 245 93 153 
2700 246 168 153 
2700 247 153 232 
2700 248 153 232 
3600 0 98 15 3 138 97 40 73 34 74 20 21 44 76 46 94 95 78 17 25 50 81 52 53 9 30 57 32 85 59 62 87 68 14 22 47 23 27 28 29 69 92 48 77 55 10 61 31 86 67 41 75 82 56 35 83 70 91 39 19 64 66 88 16 18 37 38 26 43 45 49 51 58 60 63 71 72 79 80 84 90 93 96 167 195 200 201 202 218 
3600 1 2 12 15 158 3 13 174 211 
3600 2 1 98 140 219 
3600 3 1 15 159 0 140 126 166 219 
3600 4 98 140 126 166 230 
3600 5 159 143 
3600 6 143 166 
3600 7 15 166 
3600 8 164 
3600 9 15 114 0 219 
3600 10 98 0 219 
3600 11 124 166 230 
3600 12 1 15 158 98 159 157 155 140 126 220 153 161 166 223 224 227 
3600 13 1 98 140 219 
3600 14 15 159 114 0 126 166 219 230 
3600 15 98 12 1 138 0 219 3 100 97 40 139 164 73 34 74 20 21 44 76 46 94 95 78 17 25 50 81 52 53 9 30 57 32 85 59 62 87 68 14 179 7 212 
3600 16 159 36 0 155 131 219 
3600 17 15 98 159 157 0 140 131 220 161 166 
3600 18 159 0 140 126 166 
3600 19 159 114 36 0 219 
3600 20 15 98 159 157 0 140 131 220 161 166 
3600 21 15 158 98 159 157 0 140 126 220 161 166 
3600 22 158 159 0 140 126 220 166 
3600 23 158 98 159 157 0 140 126 220 153 166 
3600 24 158 159 
3600 25 15 98 159 157 0 140 131 220 166 
3600 26 159 36 0 
3600 27 158 159 157 36 0 156 161 
3600 28 158 159 0 140 126 220 166 
3600 29 158 159 0 140 126 220 166 
3600 30 15 158 98 159 157 0 140 126 220 153 161 166 227 
3600 31 98 0 219 
3600 32 15 158 98 159 157 0 140 126 220 153 156 161 166 223 227 
3600 33 158 159 220 166 224 227 230 
3600 34 15 158 98 159 157 0 140 126 220 153 161 166 
3600 35 164 114 36 0 156 161 219 
3600 36 27 166 224 35 39 19 16 37 38 26 
3600 37 159 36 0 219 
3600 38 159 36 0 
3600 39 114 157 36 0 156 161 
3600 40 15 0 219 
3600 41 164 114 0 219 
3600 42 98 219 
3600 43 157 0 140 220 166 
3600 44 15 114 157 0 122 
3600 45 157 0 140 220 166 
3600 46 15 114 0 140 143 219 225 
3600 47 158 0 140 122 166 
3600 48 98 138 0 131 
3600 49 0 
3600 50 15 164 138 124 0 122 131 219 
3600 51 157 0 219 
3600 52 15 138 124 0 131 219 225 
3600 53 15 114 0 219 225 
3600 54 98 157 
3600 55 98 0 131 
3600 56 164 114 157 0 
3600 57 15 164 114 138 0 219 225 
3600 58 0 219 225 
3600 59 15 114 0 219 
3600 60 157 0 156 
3600 61 98 138 124 0 219 
3600 62 15 98 164 114 138 124 0 219 
3600 63 138 0 219 
3600 64 114 124 0 166 
3600 65 156 166 
3600 66 114 0 122 219 
3600 67 98 138 0 219 225 
3600 68 15 0 219 225 
3600 69 158 0 140 122 166 
3600 70 164 114 0 219 
3600 71 0 
3600 72 0 219 
3600 73 15 114 0 219 
3600 74 15 114 157 0 122 
3600 75 164 114 138 0 155 131 219 
3600 76 15 114 157 0 122 
3600 77 98 138 0 131 219 
3600 78 15 164 114 138 124 0 219 
3600 79 0 122 219 
3600 80 0 219 
3600 81 15 0 
3600 82 164 0 
3600 83 164 114 0 219 
3600 84 0 220 166 
3600 85 15 114 157 124 0 
3600 86 98 0 131 
3600 87 15 164 114 138 124 121 0 219 
3600 88 114 138 124 0 131 219 
3600 89 98 
3600 90 0 219 225 
3600 91 114 138 124 0 155 219 225 
3600 92 98 138 124 0 219 
3600 93 0 219 
3600 94 15 158 98 159 0 140 220 153 161 166 223 
3600 95 15 164 114 138 0 122 219 
3600 96 157 0 
3600 97 15 0 
3600 98 2 15 0 12 13 100 114 34 20 21 94 17 25 30 32 62 23 102 103 104 4 92 42 105 48 107 77 108 109 111 112 113 54 55 10 61 31 115 86 67 116 117 89 
3600 99 140 126 219 123 
3600 100 15 158 98 140 131 166 
3600 101 140 220 153 166 
3600 102 98 131 156 
3600 103 98 157 140 126 220 153 156 166 227 
3600 104 98 140 131 227 
3600 105 98 140 131 227 
3600 106 157 156 
3600 107 98 157 140 220 153 166 
3600 108 98 159 
3600 109 98 156 219 
3600 110 164 122 131 219 
3600 111 98 140 126 219 
3600 112 98 140 220 166 
3600 113 98 131 
3600 114 73 98 164 74 44 76 46 95 78 53 9 57 85 59 62 87 14 162 41 75 163 56 35 83 70 91 39 19 133 64 66 88 194 
3600 115 98 157 140 126 220 153 166 227 
3600 116 98 140 219 224 
3600 117 98 159 
3600 118 121 120 159 126 220 166 224 227 
3600 119 136 
3600 120 121 118 
3600 121 87 159 136 118 126 220 166 224 227 120 137 
3600 122 74 44 76 95 124 50 47 69 110 66 79 123 125 
3600 123 157 124 99 122 225 
3600 124 78 164 122 219 50 52 85 62 87 92 61 91 64 88 123 11 154 
3600 125 122 131 219 
3600 126 12 220 225 3 34 21 30 32 121 14 22 23 28 29 103 4 111 115 18 118 128 99 129 130 180 
3600 127 159 157 140 220 161 166 
3600 128 159 126 220 166 224 227 
3600 129 126 230 
3600 130 126 166 
3600 131 220 100 20 17 25 50 52 102 104 105 48 77 113 55 86 75 110 133 88 16 134 125 132 199 209 
3600 132 131 166 
3600 133 114 131 166 219 
3600 134 157 140 143 131 
3600 135 140 230 
3600 136 121 156 137 119 
3600 137 136 121 
3600 138 15 0 164 139 95 78 50 52 57 62 87 92 48 77 61 67 75 91 88 63 
3600 139 15 164 138 166 
3600 140 2 219 12 3 13 100 34 20 21 46 143 94 17 25 30 32 22 47 23 28 29 69 103 104 4 105 107 111 112 115 116 18 43 45 145 151 101 127 99 135 141 142 144 146 147 148 149 150 134 152 185 
3600 141 140 220 166 
3600 142 140 220 166 
3600 143 46 140 166 234 233 146 147 134 193 231 232 6 5 229 235 169 
3600 144 140 166 
3600 145 157 140 220 153 161 166 
3600 146 140 143 
3600 147 140 143 219 
3600 148 157 140 220 166 
3600 149 157 140 220 166 
3600 150 157 140 166 
3600 151 157 140 220 166 
3600 152 157 140 166 
3600 153 12 34 94 30 32 23 103 107 115 145 101 
3600 154 124 156 219 
3600 155 12 219 75 91 16 
3600 156 157 32 27 102 103 109 35 39 136 60 65 106 154 232 
3600 157 12 164 156 34 74 20 21 44 76 17 25 30 32 85 23 27 160 103 107 54 115 56 39 43 45 51 60 96 145 226 151 127 148 149 150 134 152 106 123 173 183 184 187 
3600 158 12 1 159 100 34 21 94 30 32 33 22 47 23 24 27 28 29 160 69 234 170 198 
3600 159 12 158 227 3 34 20 21 94 17 25 30 32 121 14 33 22 23 24 27 28 29 160 108 117 19 16 18 118 37 38 26 127 128 5 229 192 
3600 160 158 159 157 
3600 161 12 34 20 21 94 17 30 32 27 35 39 145 127 171 190 
3600 162 164 114 
3600 163 164 114 219 
3600 164 157 138 139 15 114 95 78 124 50 57 62 87 162 41 75 228 8 163 110 82 56 35 165 83 221 222 70 172 
3600 165 164 
3600 166 12 3 174 211 100 139 34 20 21 143 94 17 25 30 32 121 14 179 7 212 33 22 47 23 36 28 29 69 170 198 103 4 107 112 115 172 133 64 194 18 175 215 217 118 43 45 84 167 195 200 201 202 218 145 168 151 208 65 189 101 205 178 181 127 128 207 214 197 203 213 141 142 144 148 149 150 152 185 173 183 184 187 11 193 231 6 169 130 180 132 199 209 177 192 171 190 176 182 186 188 191 196 204 206 210 216 
3600 167 0 166 
3600 168 220 166 
3600 169 143 166 
3600 170 158 166 
3600 171 161 166 
3600 172 164 166 
3600 173 157 220 166 
3600 174 1 166 
3600 175 166 
3600 176 166 219 
3600 177 220 166 
3600 178 166 
3600 179 15 166 
3600 180 126 166 
3600 181 166 
3600 182 166 219 
3600 183 157 220 166 
3600 184 157 166 
3600 185 140 166 
3600 186 166 219 
3600 187 157 166 
3600 188 166 219 
3600 189 166 
3600 190 161 166 
3600 191 166 219 
3600 192 159 166 
3600 193 143 166 
3600 194 114 166 
3600 195 0 166 
3600 196 166 223 
3600 197 166 
3600 198 158 166 
3600 199 131 166 
3600 200 0 166 
3600 201 0 166 
3600 202 0 166 
3600 203 166 
3600 204 166 219 
3600 205 220 166 
3600 206 166 219 
3600 207 166 
3600 208 220 166 
3600 209 131 166 
3600 210 166 219 
3600 211 1 166 
3600 212 15 166 
3600 213 166 
3600 214 166 
3600 215 166 
3600 216 166 219 
3600 217 166 
3600 218 0 166 
3600 219 2 140 15 155 220 3 13 40 73 46 95 78 124 50 52 53 9 57 59 62 87 68 14 92 42 77 109 111 10 61 31 67 116 41 75 163 110 35 83 221 222 70 91 19 133 66 88 16 37 51 58 63 72 79 80 90 93 99 147 154 125 176 182 186 188 191 204 206 210 216 
3600 220 12 126 131 219 34 20 21 94 17 25 30 32 121 33 22 23 28 29 103 107 112 115 118 43 45 84 145 168 151 208 101 205 127 128 141 142 148 149 173 183 235 177 
3600 221 164 219 225 
3600 222 164 219 225 
3600 223 12 94 32 196 
3600 224 12 121 33 36 116 118 128 
3600 225 126 46 52 53 57 68 67 221 222 91 58 90 123 
3600 226 157 
3600 227 12 159 30 32 121 33 103 104 105 115 118 128 
3600 228 164 
3600 229 159 143 
3600 230 14 33 4 135 11 129 
3600 231 143 166 
3600 232 143 156 
3600 233 143 
3600 234 158 143 
3600 235 143 220 
4500 0 91 14 3 130 90 38 68 32 69 19 20 42 71 44 87 88 73 16 24 48 76 50 51 9 29 55 30 79 57 81 63 21 45 22 26 27 28 64 85 46 72 53 10 59 80 62 39 70 77 54 33 65 84 37 18 60 82 15 17 35 36 25 41 43 47 49 56 58 66 67 74 75 78 83 86 89 159 186 191 192 193 208 
4500 1 2 12 14 150 3 13 165 
4500 2 1 91 132 209 
4500 3 1 14 151 0 132 118 158 209 
4500 4 91 132 118 158 
4500 5 151 135 
4500 6 135 158 
4500 7 14 158 
4500 8 156 
4500 9 14 106 0 209 
4500 10 91 0 209 
4500 11 116 158 
4500 12 1 14 150 91 151 149 147 132 118 210 145 153 158 213 216 
4500 13 1 91 132 209 
4500 14 91 12 1 130 0 209 3 93 90 38 131 156 68 32 69 19 20 42 71 44 87 88 73 16 24 48 76 50 51 9 29 55 30 79 57 81 63 170 7 202 
4500 15 151 34 0 147 123 209 
4500 16 14 91 151 149 0 132 123 210 153 158 
4500 17 151 0 132 118 158 
4500 18 151 106 34 0 209 
4500 19 14 91 151 149 0 132 123 210 153 158 
4500 20 14 150 91 151 149 0 132 118 210 153 158 
4500 21 150 151 0 132 118 210 158 
4500 22 150 91 151 149 0 132 118 210 145 158 
4500 23 150 151 
4500 24 14 91 151 149 0 132 123 210 158 
4500 25 151 34 0 
4500 26 150 151 149 34 0 148 153 
4500 27 150 151 0 132 118 210 158 
4500 28 150 151 0 132 118 210 158 
4500 29 14 150 91 151 149 0 132 118 210 145 153 158 216 
4500 30 14 150 91 151 149 0 132 118 210 145 148 153 158 216 
4500 31 150 151 210 158 213 216 
4500 32 14 150 91 151 149 0 132 118 210 145 153 158 
4500 33 156 106 34 0 148 153 209 
4500 34 26 158 213 33 37 18 15 35 36 25 
4500 35 151 34 0 209 
4500 36 151 34 0 
4500 37 106 149 34 0 148 153 
4500 38 14 0 209 
4500 39 156 106 0 209 
4500 40 91 209 
4500 41 149 0 132 210 158 
4500 42 14 106 149 0 114 
4500 43 149 0 132 210 158 
4500 44 14 106 0 132 135 209 214 
4500 45 150 0 132 114 158 
4500 46 91 130 0 123 
4500 47 0 
4500 48 14 156 130 116 0 114 123 209 
4500 49 149 0 209 
4500 50 14 130 116 0 123 209 214 
4500 51 14 106 0 209 214 
4500 52 91 149 
4500 53 91 0 123 
4500 54 156 106 149 0 
4500 55 14 156 106 130 0 209 214 
4500 56 0 209 214 
4500 57 14 106 0 209 
4500 58 149 0 148 
4500 59 91 130 116 0 209 
4500 60 106 116 0 158 
4500 61 148 158 
4500 62 91 130 0 209 214 
4500 63 14 0 209 214 
4500 64 150 0 132 114 158 
4500 65 156 106 0 209 
4500 66 0 
4500 67 0 209 
4500 68 14 106 0 209 
4500 69 14 106 149 0 114 
4500 70 156 106 130 0 147 123 209 
4500 71 14 106 149 0 114 
4500 72 91 130 0 123 209 
4500 73 14 156 106 130 116 0 209 
4500 74 0 114 209 
4500 75 0 209 
4500 76 14 0 
4500 77 156 0 
4500 78 0 210 158 
4500 79 14 106 149 116 0 
4500 80 91 0 123 
4500 81 14 156 106 130 116 113 0 209 
4500 82 106 130 116 0 123 209 
4500 83 0 209 214 
4500 84 106 130 116 0 147 209 214 
4500 85 91 130 116 0 209 
4500 86 0 209 
4500 87 14 150 91 151 0 132 210 145 153 158 
4500 88 14 156 106 130 0 114 209 
4500 89 149 0 
4500 90 14 0 
4500 91 2 14 0 12 13 93 106 32 19 20 87 16 24 29 30 22 95 96 97 4 85 40 98 46 100 72 101 102 104 105 52 53 10 59 107 80 62 108 109 
4500 92 132 118 209 115 
4500 93 14 150 91 132 123 158 
4500 94 132 210 145 158 
4500 95 91 123 148 
4500 96 91 149 132 118 210 145 148 158 216 
4500 97 91 132 123 216 
4500 98 91 132 123 216 
4500 99 149 148 
4500 100 91 149 132 210 145 158 
4500 101 91 151 
4500 102 91 148 209 
4500 103 156 114 123 209 
4500 104 91 132 118 209 
4500 105 91 132 210 158 
4500 106 68 91 156 69 42 71 44 88 73 51 9 55 79 57 81 154 39 70 155 54 33 65 84 37 18 125 60 82 185 
4500 107 91 149 132 118 210 145 158 216 
4500 108 91 132 209 213 
4500 109 91 151 
4500 110 113 112 151 118 210 158 213 216 
4500 111 128 
4500 112 113 110 
4500 113 81 151 128 110 118 210 158 213 216 112 129 
4500 114 69 42 71 88 116 48 45 64 103 74 115 117 
4500 115 149 116 92 114 214 
4500 116 73 156 114 209 48 50 79 81 85 59 84 60 82 115 11 146 
4500 117 114 123 209 
4500 118 12 210 214 3 32 20 29 30 113 21 22 27 28 96 4 104 107 17 110 120 92 121 122 171 
4500 119 151 149 132 210 153 158 
4500 120 151 118 210 158 213 216 
4500 121 118 
4500 122 118 158 
4500 123 210 93 19 16 24 48 50 95 97 98 46 72 53 80 70 103 125 82 15 126 117 124 190 200 
4500 124 123 158 
4500 125 106 123 158 209 
4500 126 149 132 135 123 
4500 127 132 
4500 128 113 148 129 111 
4500 129 128 113 
4500 130 14 0 156 131 88 73 48 50 55 81 85 46 72 59 62 70 84 82 
4500 131 14 156 130 158 
4500 132 2 209 12 3 13 93 32 19 20 44 135 87 16 24 29 30 21 45 22 27 28 64 96 97 4 98 100 104 105 107 108 17 41 43 137 143 94 119 92 127 133 134 136 138 139 140 141 142 126 144 176 
4500 133 132 210 158 
4500 134 132 210 158 
4500 135 44 132 158 222 221 138 139 126 184 219 220 6 5 218 223 161 
4500 136 132 158 
4500 137 149 132 210 145 153 158 
4500 138 132 135 
4500 139 132 135 209 
4500 140 149 132 210 158 
4500 141 149 132 210 158 
4500 142 149 132 158 
4500 143 149 132 210 158 
4500 144 149 132 158 
4500 145 12 32 87 29 30 22 96 100 107 137 94 
4500 146 116 148 209 
4500 147 12 209 70 84 15 
4500 148 149 30 26 95 96 102 33 37 128 58 61 99 146 220 
4500 149 12 156 148 32 69 19 20 42 71 16 24 29 30 79 22 26 152 96 100 52 107 54 37 41 43 49 58 89 137 215 143 119 140 141 142 126 144 99 115 174 175 178 
4500 150 12 1 151 93 32 20 87 29 30 31 21 45 22 23 26 27 28 152 64 222 162 189 
4500 151 12 150 216 3 32 19 20 87 16 24 29 30 113 31 21 22 23 26 27 28 152 101 109 18 15 17 110 35 36 25 119 120 5 218 183 
4500 152 150 151 149 
4500 153 12 32 19 20 87 16 29 30 26 33 37 137 119 163 181 
4500 154 156 106 
4500 155 156 106 209 
4500 156 149 130 131 14 106 88 73 116 48 55 81 154 39 70 217 8 155 103 77 54 33 157 211 212 65 164 
4500 157 156 
4500 158 12 3 165 93 131 32 19 20 135 87 16 24 29 30 113 170 7 202 31 21 45 22 34 27 28 64 162 189 96 4 100 105 107 164 125 60 185 17 166 205 207 110 41 43 78 159 186 191 192 193 208 137 160 143 199 61 180 94 196 169 172 119 120 198 204 188 194 203 133 134 136 140 141 142 144 176 174 175 178 11 184 219 6 161 122 171 124 190 200 168 183 163 181 167 173 177 179 182 187 195 197 201 206 
4500 159 0 158 
4500 160 210 158 
4500 161 135 158 
4500 162 150 158 
4500 163 153 158 
4500 164 156 158 
4500 165 1 158 
4500 166 158 
4500 167 158 209 
4500 168 210 158 
4500 169 158 
4500 170 14 158 
4500 171 118 158 
4500 172 158 
4500 173 158 209 
4500 174 149 210 158 
4500 175 149 158 
4500 176 132 158 
4500 177 158 209 
4500 178 149 158 
4500 179 158 209 
4500 180 158 
4500 181 153 158 
4500 182 158 209 
4500 183 151 158 
4500 184 135 158 
4500 185 106 158 
4500 186 0 158 
4500 187 158 
4500 188 158 
4500 189 150 158 
4500 190 123 158 
4500 191 0 158 
4500 192 0 158 
4500 193 0 158 
4500 194 158 
4500 195 158 209 
4500 196 210 158 
4500 197 158 209 
4500 198 158 
4500 199 210 158 
4500 200 123 158 
4500 201 158 209 
4500 202 14 158 
4500 203 158 
4500 204 158 
4500 205 158 
4500 206 158 209 
4500 207 158 
4500 208 0 158 
4500 209 2 132 14 147 210 3 13 38 68 44 88 73 116 48 50 51 9 55 57 81 63 85 40 72 102 104 10 59 62 108 39 70 155 103 33 211 212 65 84 18 125 82 15 35 49 56 67 74 75 83 86 92 139 146 117 167 173 177 179 182 195 197 201 206 
4500 210 12 118 123 209 32 19 20 87 16 24 29 30 113 31 21 22 27 28 96 100 105 107 110 41 43 78 137 160 143 199 94 196 119 120 133 134 140 141 174 223 168 
4500 211 156 209 214 
4500 212 156 209 214 
4500 213 12 113 31 34 108 110 120 
4500 214 118 44 50 51 55 63 62 211 212 84 56 83 115 
4500 215 149 
4500 216 12 151 29 30 113 31 96 97 98 107 110 120 
4500 217 156 
4500 218 151 135 
4500 219 135 158 
4500 220 135 148 
4500 221 135 
4500 222 150 135 
4500 223 135 210 
5400 0 84 13 3 122 83 35 61 29 62 17 18 39 64 41 80 81 66 21 44 69 46 9 26 50 27 72 51 74 57 42 19 23 24 25 58 78 65 48 10 53 73 56 36 63 70 49 30 59 77 34 16 54 75 14 15 32 33 22 38 40 43 45 52 60 67 68 71 76 79 82 176 181 182 183 198 
5400 1 2 12 13 141 3 155 
5400 2 1 84 124 199 
5400 3 1 13 142 0 124 110 149 199 
5400 4 84 124 110 149 
5400 5 142 127 
5400 6 127 149 
5400 7 13 149 
5400 8 147 
5400 9 13 98 0 199 
5400 10 84 0 199 
5400 11 108 149 
5400 12 1 13 141 84 142 139 124 110 200 137 144 149 203 206 
5400 13 84 12 1 122 0 199 3 86 83 35 123 147 61 29 62 17 18 39 64 41 80 81 66 21 44 69 46 9 26 50 27 72 51 74 57 160 7 192 
5400 14 142 31 0 139 115 199 
5400 15 142 0 124 110 149 
5400 16 142 98 31 0 199 
5400 17 13 84 142 0 124 115 200 144 149 
5400 18 13 141 84 142 0 124 110 200 144 149 
5400 19 141 84 142 0 124 110 200 137 149 
5400 20 141 142 
5400 21 13 84 142 0 124 115 200 149 
5400 22 142 31 0 
5400 23 141 142 31 0 140 144 
5400 24 141 142 0 124 110 200 149 
5400 25 141 142 0 124 110 200 149 
5400 26 13 141 84 142 0 124 110 200 137 144 149 206 
5400 27 13 141 84 142 0 124 110 200 137 140 144 149 206 
5400 28 141 142 200 149 203 206 
5400 29 13 141 84 142 0 124 110 200 137 144 149 
5400 30 147 98 31 0 140 144 199 
5400 31 23 149 203 30 34 16 14 32 33 22 
5400 32 142 31 0 199 
5400 33 142 31 0 
5400 34 98 31 0 140 144 
5400 35 13 0 199 
5400 36 147 98 0 199 
5400 37 84 199 
5400 38 0 124 200 149 
5400 39 13 98 0 106 
5400 40 0 124 200 149 
5400 41 13 98 0 124 127 199 204 
5400 42 141 0 124 106 149 
5400 43 0 
5400 44 13 147 122 108 0 106 115 199 
5400 45 0 199 
5400 46 13 122 108 0 115 199 204 
5400 47 84 
5400 48 84 0 115 
5400 49 147 98 0 
5400 50 13 147 98 122 0 199 204 
5400 51 13 98 0 199 
5400 52 0 140 
5400 53 84 122 108 0 199 
5400 54 98 108 0 149 
5400 55 140 149 
5400 56 84 122 0 199 204 
5400 57 13 0 199 204 
5400 58 141 0 124 106 149 
5400 59 147 98 0 199 
5400 60 0 
5400 61 13 98 0 199 
5400 62 13 98 0 106 
5400 63 147 98 122 0 139 115 199 
5400 64 13 98 0 106 
5400 65 84 122 0 115 199 
5400 66 13 147 98 122 108 0 199 
5400 67 0 106 199 
5400 68 0 199 
5400 69 13 0 
5400 70 147 0 
5400 71 0 200 149 
5400 72 13 98 108 0 
5400 73 84 0 115 
5400 74 13 147 98 122 108 105 0 199 
5400 75 98 122 108 0 115 199 
5400 76 0 199 204 
5400 77 98 122 108 0 139 199 204 
5400 78 84 122 108 0 199 
5400 79 0 199 
5400 80 13 141 84 142 0 124 200 137 144 149 
5400 81 13 147 98 122 0 106 199 
5400 82 0 
5400 83 13 0 
5400 84 2 13 0 12 86 98 29 17 18 80 21 26 27 19 88 89 90 4 78 37 91 93 65 94 96 97 47 48 10 53 99 73 56 100 101 
5400 85 124 110 199 107 
5400 86 13 141 84 124 115 149 
5400 87 124 200 137 149 
5400 88 84 115 140 
5400 89 84 124 110 200 137 140 149 206 
5400 90 84 124 115 206 
5400 91 84 124 115 206 
5400 92 140 
5400 93 84 124 200 137 149 
5400 94 84 142 
5400 95 147 106 115 199 
5400 96 84 124 110 199 
5400 97 84 124 200 149 
5400 98 61 84 147 62 39 64 41 81 66 9 50 72 51 74 145 36 63 146 49 30 59 77 34 16 117 54 75 175 
5400 99 84 124 110 200 137 149 206 
5400 100 84 124 199 203 
5400 101 84 142 
5400 102 105 104 142 110 200 149 203 206 
5400 103 120 
5400 104 105 102 
5400 105 74 142 120 102 110 200 149 203 206 104 121 
5400 106 62 39 64 81 108 44 42 58 95 67 107 109 
5400 107 108 85 106 204 
5400 108 66 147 106 199 44 46 72 74 78 53 77 54 75 107 11 138 
5400 109 106 115 199 
5400 110 12 200 204 3 29 18 26 27 105 19 24 25 89 4 96 99 15 102 112 85 113 114 161 
5400 111 142 124 200 144 149 
5400 112 142 110 200 149 203 206 
5400 113 110 
5400 114 110 149 
5400 115 200 86 17 21 44 46 88 90 91 65 48 73 63 95 117 75 14 118 109 116 180 190 
5400 116 115 149 
5400 117 98 115 149 199 
5400 118 124 127 115 
5400 119 124 
5400 120 105 140 121 103 
5400 121 120 105 
5400 122 13 0 147 123 81 66 44 46 50 74 78 65 53 56 63 77 75 
5400 123 13 147 122 149 
5400 124 2 199 12 3 86 29 17 18 41 127 80 21 26 27 42 19 24 25 58 89 90 4 91 93 96 97 99 100 15 38 40 129 135 87 111 85 119 125 126 128 130 131 132 133 134 118 136 166 
5400 125 124 200 149 
5400 126 124 200 149 
5400 127 41 124 149 210 130 131 118 174 208 209 6 5 211 151 
5400 128 124 149 
5400 129 124 200 137 144 149 
5400 130 124 127 
5400 131 124 127 199 
5400 132 124 200 149 
5400 133 124 200 149 
5400 134 124 149 
5400 135 124 200 149 
5400 136 124 149 
5400 137 12 29 80 26 27 19 89 93 99 129 87 
5400 138 108 140 199 
5400 139 12 199 63 77 14 
5400 140 27 23 88 89 30 34 120 52 55 92 138 209 
5400 141 12 1 142 86 29 18 80 26 27 28 42 19 20 23 24 25 143 58 210 152 179 
5400 142 12 141 206 3 29 17 18 80 21 26 27 105 28 19 20 23 24 25 143 94 101 16 14 15 102 32 33 22 111 112 5 173 
5400 143 141 142 
5400 144 12 29 17 18 80 26 27 23 30 34 129 111 153 171 
5400 145 147 98 
5400 146 147 98 199 
5400 147 122 123 13 98 81 66 108 44 50 74 145 36 63 207 8 146 95 70 49 30 148 201 202 59 154 
5400 148 147 
5400 149 12 3 155 86 123 29 17 18 127 80 21 26 27 105 160 7 192 28 42 19 31 24 25 58 152 179 89 4 93 97 99 154 117 54 175 15 156 195 197 102 38 40 71 176 181 182 183 198 129 150 135 189 55 170 87 186 159 162 111 112 188 194 178 184 193 125 126 128 132 133 134 136 166 164 165 168 11 174 208 6 151 114 161 116 180 190 158 173 153 171 157 163 167 169 172 177 185 187 191 196 
5400 150 200 149 
5400 151 127 149 
5400 152 141 149 
5400 153 144 149 
5400 154 147 149 
5400 155 1 149 
5400 156 149 
5400 157 149 199 
5400 158 200 149 
5400 159 149 
5400 160 13 149 
5400 161 110 149 
5400 162 149 
5400 163 149 199 
5400 164 200 149 
5400 165 149 
5400 166 124 149 
5400 167 149 199 
5400 168 149 
5400 169 149 199 
5400 170 149 
5400 171 144 149 
5400 172 149 199 
5400 173 142 149 
5400 174 127 149 
5400 175 98 149 
5400 176 0 149 
5400 177 149 
5400 178 149 
5400 179 141 149 
5400 180 115 149 
5400 181 0 149 
5400 182 0 149 
5400 183 0 149 
5400 184 149 
5400 185 149 199 
5400 186 200 149 
5400 187 149 199 
5400 188 149 
5400 189 200 149 
5400 190 115 149 
5400 191 149 199 
5400 192 13 149 
5400 193 149 
5400 194 149 
5400 195 149 
5400 196 149 199 
5400 197 149 
5400 198 0 149 
5400 199 2 124 13 139 200 3 35 61 41 81 66 108 44 46 9 50 51 74 57 78 37 65 96 10 53 56 100 36 63 146 95 30 201 202 59 77 16 117 75 14 32 45 67 68 76 79 85 131 138 109 157 163 167 169 172 185 187 191 196 
5400 200 12 110 115 199 29 17 18 80 21 26 27 105 28 19 24 25 89 93 97 99 102 38 40 71 129 150 135 189 87 186 111 112 125 126 132 133 164 211 158 
5400 201 147 199 204 
5400 202 147 199 204 
5400 203 12 105 28 31 100 102 112 
5400 204 110 41 46 50 57 56 201 202 77 76 107 
5400 205 
5400 206 12 142 26 27 105 28 89 90 91 99 102 112 
5400 207 147 
5400 208 127 149 
5400 209 127 140 
5400 210 141 127 
5400 211 127 200 
6300 0 81 3 119 80 33 59 27 60 15 16 37 62 39 78 64 19 42 67 44 9 24 48 25 70 49 72 55 40 17 21 22 23 56 76 63 46 10 51 71 54 34 61 68 47 28 57 75 32 14 52 73 12 13 30 31 20 36 38 41 43 50 58 65 66 69 74 77 79 166 170 171 172 186 
6300 1 2 3 148 
6300 2 1 81 121 187 
6300 3 1 137 0 121 107 187 
6300 4 81 121 107 
6300 5 137 124 
6300 6 124 
6300 7 
6300 8 
6300 9 95 0 187 
6300 10 81 0 187 
6300 11 105 
6300 12 137 29 0 135 112 187 
6300 13 137 0 121 107 
6300 14 137 95 29 0 187 
6300 15 81 137 0 121 112 188 139 
6300 16 81 137 0 121 107 188 139 
6300 17 81 137 0 121 107 188 133 
6300 18 137 
6300 19 81 137 0 121 112 188 
6300 20 137 29 0 
6300 21 137 29 0 136 139 
6300 22 137 0 121 107 188 
6300 23 137 0 121 107 188 
6300 24 81 137 0 121 107 188 133 139 194 
6300 25 81 137 0 121 107 188 133 136 139 194 
6300 26 137 188 191 194 
6300 27 81 137 0 121 107 188 133 139 
6300 28 95 29 0 136 139 187 
6300 29 21 191 28 32 14 12 30 31 20 
6300 30 137 29 0 187 
6300 31 137 29 0 
6300 32 95 29 0 136 139 
6300 33 0 187 
6300 34 95 0 187 
6300 35 81 187 
6300 36 0 121 188 
6300 37 95 0 103 
6300 38 0 121 188 
6300 39 95 0 121 124 187 192 
6300 40 0 121 103 
6300 41 0 
6300 42 119 105 0 103 112 187 
6300 43 0 187 
6300 44 119 105 0 112 187 192 
6300 45 81 
6300 46 81 0 112 
6300 47 95 0 
6300 48 95 119 0 187 192 
6300 49 95 0 187 
6300 50 0 136 
6300 51 81 119 105 0 187 
6300 52 95 105 0 
6300 53 136 
6300 54 81 119 0 187 192 
6300 55 0 187 192 
6300 56 0 121 103 
6300 57 95 0 187 
6300 58 0 
6300 59 95 0 187 
6300 60 95 0 103 
6300 61 95 119 0 135 112 187 
6300 62 95 0 103 
6300 63 81 119 0 112 187 
6300 64 95 119 105 0 187 
6300 65 0 103 187 
6300 66 0 187 
6300 67 0 
6300 68 0 
6300 69 0 188 
6300 70 95 105 0 
6300 71 81 0 112 
6300 72 95 119 105 102 0 187 
6300 73 95 119 105 0 112 187 
6300 74 0 187 192 
6300 75 95 119 105 0 135 187 192 
6300 76 81 119 105 0 187 
6300 77 0 187 
6300 78 81 137 0 121 188 133 139 
6300 79 0 
6300 80 0 
6300 81 2 0 83 95 27 15 16 78 19 24 25 17 85 86 87 4 76 35 88 90 63 91 93 94 45 46 10 51 96 71 54 97 98 
6300 82 121 107 187 104 
6300 83 81 121 112 
6300 84 121 188 133 
6300 85 81 112 136 
6300 86 81 121 107 188 133 136 194 
6300 87 81 121 112 194 
6300 88 81 121 112 194 
6300 89 136 
6300 90 81 121 188 133 
6300 91 81 137 
6300 92 103 112 187 
6300 93 81 121 107 187 
6300 94 81 121 188 
6300 95 59 81 60 37 62 39 64 9 48 70 49 72 140 34 61 141 47 28 57 75 32 14 114 52 73 165 
6300 96 81 121 107 188 133 194 
6300 97 81 121 187 191 
6300 98 81 137 
6300 99 102 101 137 107 188 191 194 
6300 100 117 
6300 101 102 99 
6300 102 72 137 117 99 107 188 191 194 101 118 
6300 103 60 37 62 105 42 40 56 92 65 104 106 
6300 104 105 82 103 192 
6300 105 64 103 187 42 44 70 72 76 51 75 52 73 104 11 134 
6300 106 103 112 187 
6300 107 3 188 192 27 16 24 25 102 17 22 23 86 4 93 96 13 99 109 82 110 111 152 
6300 108 137 121 188 139 
6300 109 137 107 188 191 194 
6300 110 107 
6300 111 107 
6300 112 83 188 15 19 42 44 85 87 88 63 46 71 61 92 114 73 12 115 106 113 169 178 
6300 113 112 
6300 114 95 112 187 
6300 115 121 124 112 
6300 116 121 
6300 117 102 136 118 100 
6300 118 117 102 
6300 119 0 120 64 42 44 48 72 76 63 51 54 61 75 73 
6300 120 119 
6300 121 2 187 3 83 27 15 16 39 124 78 19 24 25 40 17 22 23 56 86 87 4 88 90 93 94 96 97 13 36 38 126 131 84 108 82 116 122 123 125 127 128 129 130 115 132 157 
6300 122 121 188 
6300 123 121 188 
6300 124 39 121 198 127 128 115 164 196 197 6 5 199 144 
6300 125 121 
6300 126 121 188 133 139 
6300 127 121 124 
6300 128 121 124 187 
6300 129 121 188 
6300 130 121 
6300 131 121 188 
6300 132 121 
6300 133 27 78 24 25 17 86 90 96 126 84 
6300 134 105 136 187 
6300 135 61 187 75 12 
6300 136 25 21 85 86 28 32 117 50 53 89 134 197 
6300 137 3 194 27 15 16 78 19 24 25 102 26 17 18 21 22 23 138 91 98 14 12 13 99 30 31 20 108 109 5 163 
6300 138 137 
6300 139 27 15 16 78 24 25 21 28 32 126 108 146 
6300 140 95 
6300 141 95 187 
6300 142 
6300 143 188 
6300 144 124 
6300 145 
6300 146 139 
6300 147 
6300 148 1 
6300 149 188 
6300 150 
6300 151 
6300 152 107 
6300 153 
6300 154 187 
6300 155 188 
6300 156 
6300 157 121 
6300 158 187 
6300 159 
6300 160 187 
6300 161 
6300 162 187 
6300 163 137 
6300 164 124 
6300 165 95 
6300 166 0 
6300 167 
6300 168 
6300 169 112 
6300 170 0 
6300 171 0 
6300 172 0 
6300 173 
6300 174 187 
6300 175 187 
6300 176 
6300 177 188 
6300 178 112 
6300 179 187 
6300 180 
6300 181 
6300 182 
6300 183 
6300 184 187 
6300 185 
6300 186 0 
6300 187 2 121 3 33 59 188 39 64 105 42 44 9 48 49 72 55 76 35 63 93 10 51 54 97 34 61 135 141 92 28 189 190 57 75 14 114 73 12 30 43 65 66 74 77 82 128 134 106 154 158 160 162 174 175 179 184 
6300 188 107 27 112 187 15 16 78 19 24 25 102 26 17 22 23 86 90 94 96 99 36 38 69 126 143 131 177 84 108 109 122 123 129 155 199 149 
6300 189 187 192 
6300 190 187 192 
6300 191 102 26 29 97 99 109 
6300 192 107 39 44 48 55 54 189 190 75 74 104 
6300 193 
6300 194 137 24 25 102 26 86 87 88 96 99 109 
6300 195 
6300 196 124 
6300 197 124 136 
6300 198 124 
6300 199 124 188 
