0 0 41 155 
0 1 22 23 26 209 90 116 62 249 
0 2 123 41 62 107 155 
0 3 123 26 209 
0 4 123 247 197 249 112 155 175 
0 5 155 
0 6 155 
0 7 283 155 
0 8 41 26 
0 9 23 26 209 47 249 196 
0 10 23 26 209 249 237 
0 11 155 
0 12 23 26 209 249 
0 13 155 
0 14 19 123 22 26 154 107 249 155 
0 15 155 
0 16 209 224 155 175 
0 17 283 
0 18 22 26 154 209 247 249 155 
0 19 185 275 217 123 188 14 138 24 151 34 122 
0 20 155 
0 21 41 22 26 209 224 
0 22 275 217 188 14 138 24 34 262 28 266 279 131 173 79 207 225 1 18 143 158 159 51 52 66 190 74 198 21 260 101 204 
0 23 1 155 143 211 101 204 12 9 10 25 
0 24 19 41 22 155 268 
0 25 23 26 197 116 104 112 
0 26 123 247 14 154 209 76 237 34 122 224 284 3 141 262 145 28 266 32 33 152 36 38 157 40 279 280 281 164 131 49 173 59 182 65 194 79 84 85 207 212 92 99 225 110 235 115 1 18 143 159 51 74 198 21 101 204 12 9 10 25 30 31 35 37 42 46 64 69 71 72 82 89 93 97 100 106 108 109 114 117 119 132 134 140 163 165 166 170 179 8 199 201 206 230 244 248 252 256 264 273 277 282 
0 27 155 
0 28 123 41 22 26 154 247 197 62 249 112 155 175 
0 29 70 268 
0 30 41 26 
0 31 26 154 224 247 76 47 237 
0 32 123 26 154 209 224 116 283 196 
0 33 123 26 154 209 265 90 76 116 62 196 
0 34 19 22 26 197 249 
0 35 26 224 197 155 175 
0 36 123 26 197 116 47 
0 37 26 224 197 155 175 
0 38 123 26 209 224 265 116 
0 39 155 175 
0 40 123 26 154 116 283 196 
0 41 275 123 217 138 24 116 2 262 28 266 279 280 131 173 79 207 99 225 51 21 30 42 69 71 97 114 132 163 8 230 244 264 137 149 147 178 48 219 181 257 120 184 161 254 169 98 238 125 258 86 0 53 
0 42 41 26 154 209 76 62 
0 43 155 
0 44 213 121 247 249 155 175 189 208 232 102 
0 45 197 155 
0 46 26 154 209 
0 47 81 209 145 36 157 281 59 9 31 109 117 165 53 278 243 
0 48 41 209 249 
0 49 123 26 209 224 116 196 
0 50 158 211 213 73 
0 51 41 22 26 154 247 197 80 107 249 155 175 
0 52 22 107 249 
0 53 41 265 47 62 
0 54 155 
0 55 155 
0 56 209 197 155 175 
0 57 197 155 208 
0 58 155 
0 59 123 26 154 209 265 76 47 81 62 
0 60 155 
0 61 155 
0 62 2 28 33 152 131 173 59 65 1 143 42 71 163 230 137 149 147 184 169 53 203 243 267 239 
0 63 155 
0 64 26 224 197 
0 65 123 26 154 209 224 76 81 62 196 
0 66 22 197 107 
0 67 155 
0 68 154 247 
0 69 41 26 154 197 
0 70 158 190 260 102 29 
0 71 41 26 154 62 
0 72 26 224 247 
0 73 213 158 104 190 50 102 
0 74 22 26 154 107 249 155 175 
0 75 283 
0 76 123 26 224 265 255 33 152 281 164 59 65 84 99 110 235 31 42 97 100 114 132 163 252 264 
0 77 197 155 175 
0 78 155 
0 79 123 41 22 26 154 209 247 197 80 107 249 112 155 175 208 
0 80 217 262 279 280 79 207 225 51 126 219 161 254 98 
0 81 185 265 47 152 164 59 65 212 99 235 97 106 132 252 264 278 215 153 
0 82 26 224 265 197 116 
0 83 283 249 
0 84 123 26 154 209 265 76 116 196 
0 85 123 26 154 209 224 116 196 
0 86 41 197 104 
0 87 155 
0 88 155 
0 89 26 196 
0 90 217 209 188 33 152 1 143 252 
0 91 155 
0 92 123 26 209 224 116 
0 93 26 154 197 104 
0 94 155 
0 95 209 197 155 175 
0 96 154 224 265 
0 97 41 26 154 224 76 81 237 
0 98 41 247 197 80 155 175 208 
0 99 123 41 26 154 209 224 265 76 116 81 237 
0 100 26 154 209 224 76 
0 101 22 23 26 116 283 104 
0 102 197 44 70 73 
0 103 155 
0 104 197 207 225 211 73 101 204 25 93 108 256 147 219 169 86 215 153 
0 105 283 249 
0 106 26 224 116 81 155 
0 107 217 249 188 14 2 262 266 279 280 79 207 225 158 159 51 52 66 190 74 198 260 117 253 139 187 222 
0 108 26 209 104 155 
0 109 26 154 209 224 116 47 
0 110 123 26 154 209 265 76 116 196 
0 111 155 
0 112 217 188 4 262 28 266 279 280 131 173 79 207 225 211 204 25 126 
0 113 155 
0 114 41 26 154 209 76 196 
0 115 123 26 154 116 196 
0 116 154 122 41 265 141 145 32 33 152 36 38 157 40 281 164 49 194 84 85 212 92 99 110 235 115 1 143 101 204 25 82 106 109 119 170 201 252 245 270 171 203 
0 117 26 154 47 107 155 
0 118 155 
0 119 26 154 209 224 265 116 
0 120 41 209 155 175 
0 121 158 44 213 
0 122 19 123 26 154 209 116 249 155 268 
0 123 41 217 19 26 154 224 76 237 188 14 151 122 2 284 3 4 255 141 262 145 28 266 32 33 152 36 38 157 40 279 280 281 164 131 49 173 59 182 65 194 79 84 85 207 212 92 99 225 110 235 115 
0 124 155 
0 125 41 278 
0 126 209 247 197 80 112 155 175 
0 127 224 155 175 
0 128 155 
0 129 155 
0 130 209 224 197 
0 131 123 41 22 26 154 247 197 62 249 112 155 175 
0 132 41 26 154 224 76 81 237 
0 133 155 
0 134 26 154 209 224 
0 135 283 155 
0 136 155 
0 137 41 154 247 62 208 
0 138 19 41 22 
0 139 197 107 268 
0 140 26 209 
0 141 123 26 209 116 
0 142 224 155 175 
0 143 22 23 26 209 90 116 62 249 
0 144 155 
0 145 123 26 197 116 47 
0 146 155 
0 147 41 209 247 62 104 
0 148 155 
0 149 41 154 247 62 208 
0 150 197 155 
0 151 19 123 155 189 268 
0 152 123 26 154 209 224 265 90 76 116 81 62 
0 153 81 104 
0 154 123 247 14 26 197 116 122 209 284 265 262 28 266 32 33 152 40 279 280 281 164 131 173 59 182 65 79 84 85 207 99 225 110 235 115 18 159 51 74 198 31 42 46 69 71 93 97 100 109 114 117 119 132 134 163 165 170 201 230 244 252 256 264 282 137 168 68 96 149 
0 155 185 217 188 14 24 151 122 2 4 255 262 28 266 279 280 131 173 79 207 225 213 23 18 158 159 51 190 74 198 260 44 35 37 106 108 117 206 273 126 16 219 174 56 181 236 95 120 259 229 142 127 161 254 221 186 98 258 0 203 192 267 263 39 57 177 195 77 202 150 241 7 135 45 11 13 15 20 27 43 54 55 58 60 61 63 67 78 87 88 91 94 103 111 113 118 124 128 129 133 136 144 146 148 156 160 162 167 183 193 200 210 214 216 218 223 226 233 242 246 251 261 269 271 272 276 5 6 
0 156 155 
0 157 123 26 197 116 47 
0 158 22 211 247 70 73 107 249 155 175 189 208 268 50 121 
0 159 22 26 154 107 249 155 175 
0 160 155 
0 161 41 224 247 197 80 155 175 
0 162 155 
0 163 41 26 154 209 224 76 62 
0 164 123 26 154 209 265 76 116 81 
0 165 26 154 209 224 47 237 
0 166 26 209 224 
0 167 155 
0 168 154 224 265 
0 169 41 247 62 104 
0 170 26 154 224 116 
0 171 265 116 
0 172 217 188 280 207 
0 173 123 41 22 26 154 247 197 62 249 112 155 175 
0 174 209 247 155 175 
0 175 217 4 262 28 266 279 280 131 173 79 207 225 213 158 159 51 190 74 198 260 44 35 37 206 273 126 16 219 174 56 181 236 95 120 229 142 127 161 254 221 186 98 263 39 195 77 202 
0 176 283 
0 177 155 
0 178 41 209 
0 179 26 224 
0 180 283 
0 181 41 209 155 175 
0 182 123 26 154 
0 183 155 
0 184 41 209 62 
0 185 19 81 155 268 
0 186 247 249 155 175 189 208 
0 187 107 268 
0 188 19 123 22 197 90 107 249 112 155 172 189 
0 189 217 188 151 213 158 190 260 44 186 238 
0 190 22 211 247 70 73 107 249 155 175 189 208 268 
0 191 283 
0 192 155 
0 193 155 
0 194 123 26 224 116 196 
0 195 197 155 175 
0 196 247 32 33 40 49 65 194 84 85 110 115 9 89 114 248 252 231 250 234 278 
0 197 217 209 224 265 104 188 154 34 4 262 145 28 266 36 157 131 173 79 207 212 225 211 51 66 25 35 37 64 69 82 93 282 126 130 219 56 236 95 161 254 240 98 258 86 278 102 253 139 239 57 195 77 150 241 45 222 
0 198 22 26 154 107 249 155 175 
0 199 26 209 224 265 
0 200 155 
0 201 26 154 209 224 265 116 
0 202 155 175 
0 203 116 62 155 
0 204 22 23 26 247 265 116 104 249 112 
0 205 283 
0 206 26 155 175 
0 207 123 41 22 26 154 209 247 197 80 104 107 249 112 155 175 172 208 
0 208 217 79 207 225 213 158 190 260 44 137 149 219 186 98 57 
0 209 247 197 90 26 122 154 224 265 47 3 255 141 266 32 33 152 38 279 281 164 49 59 65 79 84 85 207 92 99 225 110 235 1 18 143 21 12 9 10 42 46 100 108 109 114 119 134 140 163 165 166 199 201 252 245 126 130 16 147 178 274 48 219 174 56 181 236 257 95 120 259 229 231 184 
0 210 155 
0 211 158 23 197 104 249 112 268 190 50 232 
0 212 123 26 197 116 81 
0 213 235 247 44 73 249 155 175 189 208 50 121 
0 214 155 
0 215 81 104 
0 216 155 
0 217 19 123 41 22 247 197 90 80 107 249 112 155 175 172 189 208 
0 218 155 
0 219 41 209 247 197 80 104 155 175 208 
0 220 283 
0 221 224 155 175 
0 222 197 107 249 
0 223 155 
0 224 123 247 197 209 26 76 32 152 38 281 49 65 194 85 92 99 235 21 31 35 37 64 72 82 97 100 106 109 119 132 134 163 165 166 170 179 199 201 252 264 277 168 96 245 130 16 274 229 231 250 142 127 161 254 221 234 240 
0 225 123 41 22 26 154 209 247 197 80 104 107 249 112 155 175 208 
0 226 155 
0 227 283 
0 228 283 
0 229 209 224 155 175 
0 230 41 26 154 62 
0 231 209 224 265 196 
0 232 211 44 
0 233 155 
0 234 224 265 196 
0 235 123 26 154 209 224 265 76 213 116 81 237 
0 236 209 197 155 175 
0 237 123 26 281 99 235 10 31 97 132 165 244 264 243 
0 238 41 247 189 
0 239 197 62 283 
0 240 224 197 283 
0 241 197 155 
0 242 155 
0 243 47 62 237 
0 244 41 26 154 237 
0 245 209 224 265 116 
0 246 155 
0 247 217 26 154 209 224 265 196 4 262 28 266 279 280 281 131 173 79 207 225 213 18 158 51 190 260 204 44 31 72 137 68 149 126 147 219 174 259 161 254 169 186 98 238 
0 248 26 196 
0 249 217 107 188 14 34 122 4 262 28 266 279 280 131 173 79 207 225 213 1 18 143 158 211 159 51 52 190 74 198 260 204 44 12 9 10 48 257 186 105 83 222 
0 250 224 196 
0 251 155 
0 252 26 154 209 224 90 76 116 81 196 
0 253 197 107 268 
0 254 41 224 247 197 80 155 175 
0 255 123 209 265 76 155 
0 256 26 154 104 
0 257 41 209 249 
0 258 41 197 155 
0 259 209 247 155 
0 260 22 247 70 107 249 155 175 189 208 268 
0 261 155 
0 262 123 41 22 26 154 247 197 80 107 249 112 155 175 
0 263 155 175 
0 264 41 26 154 224 76 81 237 
0 265 81 247 197 209 116 76 255 154 33 152 38 281 164 59 84 99 110 235 204 82 119 199 201 168 96 245 274 231 234 53 270 171 
0 266 123 41 22 26 154 209 247 197 107 249 112 155 175 
0 267 62 155 
0 268 185 24 151 122 158 211 190 260 253 139 187 29 
0 269 155 
0 270 265 116 
0 271 155 
0 272 155 
0 273 26 155 175 
0 274 209 224 265 
0 275 19 41 22 
0 276 155 
0 277 26 224 
0 278 197 125 47 81 196 
0 279 123 41 22 26 154 209 247 80 107 249 112 155 175 
0 280 123 41 26 154 247 80 107 249 112 155 175 172 
0 281 123 26 154 209 224 247 265 76 116 47 237 
0 282 26 154 197 
0 283 32 40 101 240 239 191 7 135 176 220 17 75 227 228 105 83 205 180 
0 284 123 26 154 
900 0 
900 1 20 21 24 197 85 111 236 
900 2 118 102 
900 3 118 24 197 
900 4 118 234 187 236 107 165 
900 5 
900 6 
900 7 268 
900 8 24 
900 9 21 24 197 43 236 186 
900 10 21 24 197 236 224 
900 11 
900 12 21 24 197 236 
900 13 118 20 24 148 102 236 
900 14 
900 15 197 212 165 
900 16 268 
900 17 20 24 148 197 234 236 
900 18 
900 19 20 24 197 212 
900 20 205 178 13 133 22 249 26 253 265 126 163 74 213 1 17 138 150 151 47 48 61 180 69 188 19 247 96 193 
900 21 1 138 199 96 193 12 9 10 23 
900 22 20 255 
900 23 21 24 187 111 99 107 
900 24 118 234 13 148 197 71 224 117 212 269 3 136 249 140 26 253 30 31 146 33 35 149 37 265 266 126 45 163 55 172 60 184 74 79 80 200 87 94 213 105 222 110 1 17 138 151 47 69 188 19 96 193 12 9 10 23 28 29 32 34 38 42 59 64 66 67 77 84 88 92 95 101 103 104 109 112 114 127 129 135 155 156 157 161 169 8 189 191 195 218 231 235 239 243 251 260 263 267 
900 25 
900 26 118 20 24 148 234 187 236 107 165 
900 27 65 255 
900 28 24 
900 29 24 148 212 234 71 43 224 
900 30 118 24 148 197 212 111 268 186 
900 31 118 24 148 197 252 85 71 111 186 
900 32 24 212 187 165 
900 33 118 24 187 111 43 
900 34 24 212 187 165 
900 35 118 24 197 212 252 111 
900 36 165 
900 37 118 24 148 111 268 186 
900 38 24 148 197 71 
900 39 
900 40 201 116 234 236 165 179 196 220 97 
900 41 187 
900 42 24 148 197 
900 43 76 197 140 33 149 55 9 29 104 112 156 49 264 230 
900 44 197 236 
900 45 118 24 197 212 111 186 
900 46 150 199 201 68 
900 47 20 24 148 234 187 75 102 236 165 
900 48 20 102 236 
900 49 252 43 
900 50 
900 51 
900 52 197 187 165 
900 53 187 196 
900 54 
900 55 118 24 148 197 252 71 43 76 
900 56 
900 57 
900 58 
900 59 24 212 187 
900 60 118 24 148 197 212 71 76 186 
900 61 20 187 102 
900 62 
900 63 148 234 
900 64 24 148 187 
900 65 150 180 247 97 27 
900 66 24 148 
900 67 24 212 234 
900 68 201 150 99 180 46 97 
900 69 20 24 148 102 236 165 
900 70 268 
900 71 118 24 212 252 242 31 146 55 60 79 94 105 222 29 38 92 95 109 127 155 239 251 
900 72 187 165 
900 73 
900 74 118 20 24 148 197 234 187 75 102 236 107 165 196 
900 75 205 249 265 266 74 213 47 121 207 153 241 93 
900 76 175 252 43 146 55 60 200 94 222 92 101 127 239 251 264 203 147 
900 77 24 212 252 187 111 
900 78 268 236 
900 79 118 24 148 197 252 71 111 186 
900 80 118 24 148 197 212 111 186 
900 81 187 99 
900 82 
900 83 
900 84 24 186 
900 85 205 197 178 31 146 1 138 239 
900 86 
900 87 118 24 197 212 111 
900 88 24 148 187 99 
900 89 
900 90 197 187 165 
900 91 148 212 252 
900 92 24 148 212 71 76 224 
900 93 234 187 75 165 196 
900 94 118 24 148 197 212 252 71 111 76 224 
900 95 24 148 197 212 71 
900 96 20 21 24 111 268 99 
900 97 187 40 65 68 
900 98 
900 99 187 213 199 68 96 193 23 88 103 243 207 160 81 203 147 
900 100 268 236 
900 101 24 212 111 76 
900 102 205 236 178 13 2 249 253 265 266 74 213 150 151 47 48 61 180 69 188 247 112 240 134 177 210 
900 103 24 197 99 
900 104 24 148 197 212 111 43 
900 105 118 24 148 197 252 71 111 186 
900 106 
900 107 205 178 4 249 26 253 265 266 126 163 74 213 199 193 23 121 
900 108 
900 109 24 148 197 71 186 
900 110 118 24 148 111 186 
900 111 148 117 252 136 140 30 31 146 33 35 149 37 45 184 79 80 200 87 94 105 222 110 1 138 96 193 23 77 101 104 114 161 191 239 232 257 192 
900 112 24 148 43 102 
900 113 
900 114 24 148 197 212 252 111 
900 115 197 165 
900 116 150 40 201 
900 117 118 24 148 197 111 236 255 
900 118 205 24 148 212 71 224 178 13 145 117 2 269 3 4 242 136 249 140 26 253 30 31 146 33 35 149 37 265 266 126 45 163 55 172 60 184 74 79 80 200 87 94 213 105 222 110 
900 119 
900 120 264 
900 121 197 234 187 75 107 165 
900 122 212 165 
900 123 
900 124 
900 125 197 212 187 
900 126 118 20 24 148 234 187 236 107 165 
900 127 24 148 212 71 76 224 
900 128 
900 129 24 148 197 212 
900 130 268 
900 131 
900 132 148 234 196 
900 133 20 
900 134 187 102 255 
900 135 24 197 
900 136 118 24 197 111 
900 137 212 165 
900 138 20 21 24 197 85 111 236 
900 139 
900 140 118 24 187 111 43 
900 141 
900 142 
900 143 148 234 196 
900 144 187 
900 145 118 179 255 
900 146 118 24 148 197 212 252 85 71 111 76 
900 147 76 99 
900 148 118 234 13 24 187 111 117 197 269 252 249 26 253 30 31 146 37 265 266 126 163 55 172 60 74 79 80 94 213 105 222 110 17 151 47 69 188 29 38 42 64 66 88 92 95 104 109 112 114 127 129 155 156 161 191 218 231 239 243 251 267 132 159 63 91 143 
900 149 118 24 187 111 43 
900 150 20 199 234 65 68 102 236 165 179 196 255 46 116 
900 151 20 24 148 102 236 165 
900 152 
900 153 212 234 187 75 165 
900 154 
900 155 24 148 197 212 71 
900 156 24 148 197 212 43 224 
900 157 24 197 212 
900 158 
900 159 148 212 252 
900 160 234 99 
900 161 24 148 212 111 
900 162 205 178 266 
900 163 118 20 24 148 234 187 236 107 165 
900 164 197 234 165 
900 165 205 4 249 26 253 265 266 126 163 74 213 201 150 151 47 180 69 188 247 40 32 34 195 260 121 15 207 164 52 171 223 90 115 217 137 122 153 241 209 176 93 250 36 185 72 
900 166 268 
900 167 
900 168 197 
900 169 24 212 
900 170 268 
900 171 197 165 
900 172 118 24 148 
900 173 
900 174 197 
900 175 76 255 
900 176 234 236 165 179 196 
900 177 102 255 
900 178 118 20 187 85 102 236 107 162 179 
900 179 205 178 145 201 150 180 247 40 176 225 
900 180 20 199 234 65 68 102 236 165 179 196 255 
900 181 268 
900 182 
900 183 
900 184 118 24 212 111 186 
900 185 187 165 
900 186 234 30 31 37 45 60 184 79 80 105 110 9 84 109 235 239 219 237 264 
900 187 205 197 212 252 99 178 148 4 249 140 26 253 33 149 126 163 74 200 213 199 47 61 23 32 34 59 64 77 88 267 121 125 207 52 223 90 153 241 227 93 245 81 264 97 240 134 226 53 185 72 144 228 41 210 
900 188 20 24 148 102 236 165 
900 189 24 197 212 252 
900 190 
900 191 24 148 197 212 252 111 
900 192 111 
900 193 20 21 24 234 252 111 99 236 107 
900 194 268 
900 195 24 165 
900 196 205 74 213 201 150 180 247 40 132 143 207 176 93 53 
900 197 234 187 85 24 117 148 212 252 43 3 242 136 253 30 31 146 35 265 45 55 60 74 79 80 87 94 213 105 222 1 17 138 19 12 9 10 38 42 95 103 104 109 114 129 135 155 156 157 189 191 239 232 121 125 15 168 261 44 207 164 52 171 223 244 90 115 246 217 219 174 
900 198 
900 199 150 21 187 99 236 107 255 180 46 220 
900 200 118 24 187 111 76 
900 201 222 234 40 68 236 165 179 196 46 116 
900 202 
900 203 76 99 
900 204 
900 205 118 20 234 187 85 75 102 236 107 165 162 179 196 
900 206 
900 207 197 234 187 75 99 165 196 
900 208 268 
900 209 212 165 
900 210 187 102 236 
900 211 
900 212 118 234 187 197 24 71 30 146 35 45 60 184 80 87 94 222 19 29 32 34 59 67 77 92 95 101 104 114 127 129 155 156 157 161 169 189 191 239 251 263 159 91 232 125 15 261 217 219 237 137 122 153 241 209 227 
900 213 118 20 24 148 197 234 187 75 99 102 236 107 165 196 
900 214 
900 215 268 
900 216 268 
900 217 197 212 165 
900 218 24 148 
900 219 197 212 252 186 
900 220 199 40 
900 221 
900 222 118 24 148 197 212 252 71 201 111 76 224 
900 223 197 187 165 
900 224 118 24 94 222 10 29 92 127 156 231 251 230 
900 225 234 179 
900 226 187 268 
900 227 212 187 268 
900 228 187 
900 229 
900 230 43 224 
900 231 24 148 224 
900 232 197 212 252 111 
900 233 
900 234 205 24 148 197 212 252 186 4 249 26 253 265 266 126 163 74 213 201 17 150 47 180 247 193 40 29 67 132 63 143 121 207 164 246 153 241 160 176 93 225 
900 235 24 186 
900 236 205 102 178 13 117 4 249 26 253 265 266 126 163 74 213 201 1 17 138 150 199 151 47 48 180 69 188 247 193 40 12 9 10 44 244 176 100 78 210 
900 237 212 186 
900 238 
900 239 24 148 197 212 85 71 111 76 186 
900 240 187 102 255 
900 241 212 234 187 75 165 
900 242 118 197 252 71 
900 243 24 148 99 
900 244 197 236 
900 245 187 
900 246 197 234 
900 247 20 234 65 102 236 165 179 196 255 
900 248 
900 249 118 20 24 148 234 187 75 102 236 107 165 
900 250 165 
900 251 24 148 212 71 76 224 
900 252 76 234 187 197 111 71 242 148 31 146 35 55 79 94 105 222 193 77 114 189 191 159 91 232 261 219 49 257 
900 253 118 20 24 148 197 234 187 102 236 107 165 
900 254 
900 255 175 22 145 117 150 199 180 247 240 134 177 27 
900 256 
900 257 252 111 
900 258 
900 259 
900 260 24 165 
900 261 197 212 252 
900 262 
900 263 24 212 
900 264 187 120 43 76 186 
900 265 118 20 24 148 197 234 75 102 236 107 165 
900 266 118 24 148 234 75 102 236 107 165 162 
900 267 24 148 187 
900 268 30 37 96 227 226 181 7 130 166 208 16 70 215 216 100 78 194 170 
900 269 118 24 148 
1800 0 
1800 1 20 21 24 189 83 107 228 
1800 2 114 100 
1800 3 114 24 189 
1800 4 114 226 180 228 103 
1800 5 
1800 6 
1800 7 258 
1800 8 24 
1800 9 21 24 189 43 228 179 
1800 10 21 24 189 228 216 
1800 11 
1800 12 21 24 189 228 
1800 13 114 20 24 142 100 228 
1800 14 
1800 15 189 204 
1800 16 258 
1800 17 20 24 142 189 226 228 
1800 18 
1800 19 20 24 189 204 
1800 20 197 171 13 128 22 240 26 244 255 157 72 205 1 17 132 144 145 46 47 59 173 67 181 19 238 94 186 
1800 21 1 132 191 94 186 12 9 10 23 
1800 22 20 
1800 23 21 24 180 107 97 103 
1800 24 114 226 13 142 189 69 216 113 204 259 3 240 134 26 244 30 31 140 33 35 143 37 255 256 157 53 165 58 177 72 77 78 192 85 92 205 102 214 106 1 17 132 145 46 67 181 19 94 186 12 9 10 23 28 29 32 34 38 42 57 62 64 65 75 82 86 90 93 99 101 105 108 110 122 124 130 149 150 151 155 162 8 182 184 188 210 223 227 231 234 242 250 253 257 
1800 25 
1800 26 114 20 24 142 226 180 228 103 
1800 27 63 
1800 28 24 
1800 29 24 142 204 226 69 43 216 
1800 30 114 24 142 189 204 107 258 179 
1800 31 114 24 142 189 243 83 69 107 179 
1800 32 24 204 180 
1800 33 114 24 180 107 43 
1800 34 24 204 180 
1800 35 114 24 189 204 243 107 
1800 36 
1800 37 114 24 142 107 258 179 
1800 38 24 142 189 69 
1800 39 
1800 40 193 112 226 228 172 212 95 
1800 41 180 
1800 42 24 142 189 
1800 43 74 189 134 33 143 53 9 29 101 108 150 48 254 222 
1800 44 189 228 
1800 45 144 191 193 66 
1800 46 20 24 142 226 180 73 100 228 
1800 47 20 100 228 
1800 48 243 43 
1800 49 
1800 50 
1800 51 189 180 
1800 52 
1800 53 114 24 142 189 243 69 43 74 
1800 54 
1800 55 
1800 56 
1800 57 24 204 180 
1800 58 114 24 142 189 204 69 74 179 
1800 59 20 180 100 
1800 60 
1800 61 142 226 
1800 62 24 142 180 
1800 63 144 173 238 95 27 
1800 64 24 142 
1800 65 24 204 226 
1800 66 193 144 97 173 45 95 
1800 67 20 24 142 100 228 
1800 68 258 
1800 69 114 24 204 243 31 140 53 58 77 92 102 214 29 38 90 93 105 122 149 231 242 
1800 70 180 
1800 71 
1800 72 114 20 24 142 189 226 180 73 100 228 103 
1800 73 197 240 255 256 72 205 46 117 199 147 233 91 
1800 74 168 243 43 140 53 58 192 92 214 90 99 122 231 242 254 195 141 
1800 75 24 204 243 180 107 
1800 76 258 228 
1800 77 114 24 142 189 243 69 107 179 
1800 78 114 24 142 189 204 107 179 
1800 79 180 97 
1800 80 
1800 81 
1800 82 24 179 
1800 83 197 189 171 31 140 1 132 231 
1800 84 
1800 85 114 24 189 204 107 
1800 86 24 142 180 97 
1800 87 
1800 88 189 180 
1800 89 142 204 243 
1800 90 24 142 204 69 74 216 
1800 91 226 180 73 
1800 92 114 24 142 189 204 243 69 107 74 216 
1800 93 24 142 189 204 69 
1800 94 20 21 24 107 258 97 
1800 95 180 40 63 66 
1800 96 
1800 97 180 205 191 66 94 186 23 86 234 199 154 79 195 141 
1800 98 258 228 
1800 99 24 204 107 74 
1800 100 197 228 171 13 2 240 244 255 256 72 205 144 145 46 47 59 173 67 181 238 108 232 129 170 202 
1800 101 24 142 189 204 107 43 
1800 102 114 24 142 189 243 69 107 179 
1800 103 197 171 4 240 26 244 255 256 157 72 205 191 186 23 117 
1800 104 
1800 105 24 142 189 69 179 
1800 106 114 24 142 107 179 
1800 107 142 113 243 134 30 31 140 33 35 143 37 177 77 78 192 85 92 102 214 106 1 132 94 186 23 75 99 101 110 155 184 231 224 247 185 
1800 108 24 142 43 100 
1800 109 
1800 110 24 142 189 204 243 107 
1800 111 189 
1800 112 144 40 193 
1800 113 114 24 142 189 107 228 
1800 114 197 24 142 204 69 216 171 13 139 113 2 259 3 4 240 134 26 244 30 31 140 33 35 143 37 255 256 157 53 165 58 177 72 77 78 192 85 92 205 102 214 106 
1800 115 
1800 116 254 
1800 117 189 226 180 73 103 
1800 118 204 
1800 119 
1800 120 
1800 121 189 204 180 
1800 122 24 142 204 69 74 216 
1800 123 
1800 124 24 142 189 204 
1800 125 258 
1800 126 
1800 127 142 226 
1800 128 20 
1800 129 180 100 
1800 130 24 189 
1800 131 204 
1800 132 20 21 24 189 83 107 228 
1800 133 
1800 134 114 24 180 107 43 
1800 135 
1800 136 
1800 137 142 226 
1800 138 180 
1800 139 114 172 
1800 140 114 24 142 189 204 243 83 69 107 74 
1800 141 74 97 
1800 142 114 226 13 24 180 107 113 189 259 240 26 244 30 31 243 140 37 255 256 157 53 165 58 72 77 78 92 205 102 214 106 17 145 46 67 181 29 38 42 62 64 86 90 93 101 105 108 110 122 124 149 150 155 184 210 223 231 234 242 257 127 153 61 89 137 
1800 143 114 24 180 107 43 
1800 144 20 191 226 63 66 100 228 172 45 112 
1800 145 20 24 142 100 228 
1800 146 
1800 147 204 226 180 73 
1800 148 
1800 149 24 142 189 204 69 
1800 150 24 142 189 204 43 216 
1800 151 24 189 204 
1800 152 
1800 153 142 204 243 
1800 154 226 97 
1800 155 24 142 204 107 
1800 156 197 171 256 
1800 157 114 20 24 142 226 180 228 103 
1800 158 189 226 
1800 159 258 
1800 160 
1800 161 189 
1800 162 24 204 
1800 163 258 
1800 164 189 
1800 165 114 24 142 
1800 166 
1800 167 189 
1800 168 74 
1800 169 226 228 172 
1800 170 100 
1800 171 114 20 180 83 100 228 103 156 172 
1800 172 197 171 139 193 144 173 238 40 169 217 
1800 173 20 191 226 63 66 100 228 172 
1800 174 258 
1800 175 
1800 176 
1800 177 114 24 204 107 179 
1800 178 180 
1800 179 226 30 31 37 58 177 77 78 102 106 9 82 105 227 231 211 229 254 
1800 180 197 189 204 243 97 171 142 4 240 134 26 244 33 143 157 72 192 205 191 46 59 23 32 34 57 62 75 86 257 117 121 199 51 215 88 147 233 219 91 236 79 254 95 232 129 218 178 70 138 220 41 202 
1800 181 20 24 142 100 228 
1800 182 24 189 204 243 
1800 183 
1800 184 24 142 189 204 243 107 
1800 185 107 
1800 186 20 21 24 226 243 107 97 228 103 
1800 187 258 
1800 188 24 
1800 189 226 180 83 24 113 142 204 243 43 3 244 30 31 140 35 255 53 58 72 77 78 85 92 205 102 214 1 17 132 19 12 9 10 38 42 93 101 105 110 124 130 149 150 151 182 184 231 224 117 121 15 161 251 44 199 158 51 164 215 235 88 111 237 209 211 167 
1800 190 
1800 191 144 21 180 97 228 103 173 45 212 
1800 192 114 24 180 107 74 
1800 193 214 226 40 66 228 172 45 112 
1800 194 
1800 195 74 97 
1800 196 
1800 197 114 20 226 180 83 73 100 228 103 156 172 
1800 198 
1800 199 189 226 180 73 97 
1800 200 258 
1800 201 204 
1800 202 180 100 228 
1800 203 
1800 204 114 226 180 189 24 69 30 140 35 58 177 78 85 92 214 19 29 32 34 57 65 75 90 93 99 101 110 122 124 149 150 151 155 162 182 184 231 242 253 153 89 224 121 15 251 209 211 229 131 118 147 233 201 219 
1800 205 114 20 24 142 189 226 180 73 97 100 228 103 
1800 206 
1800 207 258 
1800 208 258 
1800 209 189 204 
1800 210 24 142 
1800 211 189 204 243 179 
1800 212 191 40 
1800 213 
1800 214 114 24 142 189 204 243 69 193 107 74 216 
1800 215 189 180 
1800 216 114 24 92 214 10 29 90 122 150 223 242 222 
1800 217 226 172 
1800 218 180 258 
1800 219 204 180 258 
1800 220 180 
1800 221 
1800 222 43 216 
1800 223 24 142 216 
1800 224 189 204 243 107 
1800 225 
1800 226 197 24 142 189 204 243 179 4 240 26 244 255 256 157 72 205 193 17 144 46 173 238 186 40 29 65 127 61 137 117 199 158 237 147 233 154 169 91 217 
1800 227 24 179 
1800 228 197 100 171 13 113 4 240 26 244 255 256 157 72 205 193 1 17 132 144 191 145 46 47 173 67 181 238 186 40 12 9 10 44 235 169 98 76 202 
1800 229 204 179 
1800 230 
1800 231 24 142 189 204 83 69 107 74 179 
1800 232 180 100 
1800 233 204 226 180 73 
1800 234 24 142 97 
1800 235 189 228 
1800 236 180 
1800 237 189 226 
1800 238 20 226 63 100 228 172 
1800 239 
1800 240 114 20 24 142 226 180 73 100 228 103 
1800 241 
1800 242 24 142 204 69 74 216 
1800 243 74 226 180 189 107 69 31 142 140 35 53 77 92 102 214 186 75 110 182 184 153 89 224 251 211 48 247 
1800 244 114 20 24 142 189 226 180 100 228 103 
1800 245 
1800 246 
1800 247 243 107 
1800 248 
1800 249 
1800 250 24 
1800 251 189 204 243 
1800 252 
1800 253 24 204 
1800 254 180 116 43 74 179 
1800 255 114 20 24 142 189 226 73 100 228 103 
1800 256 114 24 142 226 73 100 228 103 156 
1800 257 24 142 180 
1800 258 30 37 94 219 218 174 7 125 159 200 16 68 207 208 98 76 187 163 
1800 259 114 24 142 
2700 0 
2700 1 19 20 183 81 104 218 
2700 2 111 97 
2700 3 111 183 
2700 4 111 174 218 100 
2700 5 
2700 6 
2700 7 247 
2700 8 
2700 9 20 183 41 218 173 
2700 10 20 183 218 
2700 11 
2700 12 20 183 218 
2700 13 111 19 137 97 218 
2700 14 183 197 
2700 15 247 
2700 16 19 137 183 218 
2700 17 
2700 18 19 183 197 
2700 19 191 165 13 124 21 229 24 233 244 152 70 198 1 16 139 140 44 45 57 167 65 175 18 227 91 180 
2700 20 1 185 91 180 12 9 10 22 
2700 21 19 
2700 22 20 174 104 94 100 
2700 23 
2700 24 111 19 137 174 218 100 
2700 25 61 
2700 26 
2700 27 137 197 67 41 
2700 28 111 137 183 197 104 247 173 
2700 29 111 137 183 232 81 67 104 173 
2700 30 197 174 
2700 31 111 174 104 41 
2700 32 197 174 
2700 33 111 183 197 232 104 
2700 34 
2700 35 111 137 104 247 173 
2700 36 137 183 67 
2700 37 
2700 38 187 109 218 166 205 92 
2700 39 174 
2700 40 137 183 
2700 41 72 183 129 31 138 51 9 27 98 105 145 46 243 214 
2700 42 183 218 
2700 43 139 185 187 64 
2700 44 19 137 174 71 97 218 
2700 45 19 97 218 
2700 46 232 41 
2700 47 
2700 48 
2700 49 183 174 
2700 50 
2700 51 111 137 183 232 67 41 72 
2700 52 
2700 53 
2700 54 
2700 55 197 174 
2700 56 111 137 183 197 67 72 173 
2700 57 19 174 97 
2700 58 
2700 59 137 
2700 60 137 174 
2700 61 139 167 227 92 25 
2700 62 137 
2700 63 197 
2700 64 187 139 94 167 43 92 
2700 65 19 137 97 218 
2700 66 247 
2700 67 111 197 232 29 135 51 56 75 89 99 207 27 36 87 90 102 118 144 221 231 
2700 68 174 
2700 69 
2700 70 111 19 137 183 174 71 97 218 100 
2700 71 191 229 244 245 70 198 44 193 142 88 
2700 72 162 232 41 135 51 56 186 89 207 87 96 118 221 231 243 189 136 
2700 73 197 232 174 104 
2700 74 247 218 
2700 75 111 137 183 232 67 104 173 
2700 76 111 137 183 197 104 173 
2700 77 174 94 
2700 78 
2700 79 
2700 80 173 
2700 81 191 183 165 29 135 1 221 
2700 82 
2700 83 111 183 197 104 
2700 84 137 174 94 
2700 85 
2700 86 137 197 232 
2700 87 137 197 67 72 
2700 88 174 71 
2700 89 111 137 183 197 232 67 104 72 
2700 90 137 183 197 67 
2700 91 19 20 104 247 94 
2700 92 174 38 61 64 
2700 93 
2700 94 174 198 185 64 91 180 22 84 223 193 149 77 189 136 
2700 95 247 218 
2700 96 197 104 72 
2700 97 191 218 165 13 2 229 233 244 245 70 198 139 140 44 45 57 167 65 175 227 105 222 125 164 195 
2700 98 137 183 197 104 41 
2700 99 111 137 183 232 67 104 173 
2700 100 191 165 4 229 24 233 244 245 152 70 198 185 180 22 
2700 101 
2700 102 137 183 67 173 
2700 103 111 137 104 173 
2700 104 137 110 232 129 28 29 135 31 33 138 35 171 75 76 186 83 89 99 207 103 1 91 180 22 73 96 98 107 150 178 221 215 236 179 
2700 105 137 41 97 
2700 106 
2700 107 137 183 197 232 104 
2700 108 183 
2700 109 139 38 187 
2700 110 111 137 183 104 218 
2700 111 191 137 197 67 165 13 134 110 2 248 3 4 229 129 24 233 28 29 135 31 33 138 35 244 245 152 51 56 171 70 75 76 186 83 89 198 99 207 103 
2700 112 
2700 113 243 
2700 114 197 
2700 115 
2700 116 
2700 117 183 197 174 
2700 118 137 197 67 72 
2700 119 
2700 120 137 183 197 
2700 121 247 
2700 122 
2700 123 137 
2700 124 19 
2700 125 174 97 
2700 126 183 
2700 127 197 
2700 128 
2700 129 111 174 104 41 
2700 130 
2700 131 
2700 132 137 
2700 133 174 
2700 134 111 166 
2700 135 111 137 183 197 232 81 67 104 72 
2700 136 72 94 
2700 137 111 13 174 104 110 183 248 229 24 233 28 29 232 135 35 244 245 152 51 56 70 75 76 89 198 99 207 103 16 140 44 65 175 27 36 40 60 62 84 87 90 98 102 105 107 118 120 144 145 150 178 203 221 223 231 246 123 148 59 86 132 
2700 138 111 174 104 41 
2700 139 19 185 61 64 97 218 166 43 109 
2700 140 19 137 97 218 
2700 141 
2700 142 197 174 71 
2700 143 
2700 144 137 183 197 67 
2700 145 137 183 197 41 
2700 146 183 197 
2700 147 
2700 148 137 197 232 
2700 149 94 
2700 150 137 197 104 
2700 151 191 165 245 
2700 152 111 19 137 174 218 100 
2700 153 183 
2700 154 247 
2700 155 
2700 156 183 
2700 157 197 
2700 158 247 
2700 159 183 
2700 160 
2700 161 183 
2700 162 72 
2700 163 218 166 
2700 164 97 
2700 165 111 19 174 81 97 218 100 151 166 
2700 166 191 165 134 187 139 167 227 38 163 209 
2700 167 19 185 61 64 97 218 166 
2700 168 247 
2700 169 
2700 170 
2700 171 111 197 104 173 
2700 172 174 
2700 173 28 29 35 56 171 75 76 99 103 9 80 102 217 221 204 219 243 
2700 174 191 183 197 232 94 165 137 4 229 129 24 233 31 138 152 70 186 198 185 44 57 22 30 32 55 60 73 84 246 117 193 49 208 142 211 88 225 77 243 92 222 125 210 172 68 133 212 39 195 
2700 175 19 137 97 218 
2700 176 183 197 232 
2700 177 
2700 178 137 183 197 232 104 
2700 179 104 
2700 180 19 20 232 104 94 218 100 
2700 181 247 
2700 182 
2700 183 174 81 110 137 197 232 41 3 233 28 29 135 33 244 51 56 70 75 76 83 89 198 99 207 1 16 18 12 9 10 36 40 90 98 102 107 120 126 144 145 146 176 178 221 215 117 14 156 240 42 193 153 49 159 208 224 108 226 202 204 161 
2700 184 
2700 185 139 20 174 94 218 100 167 43 205 
2700 186 111 174 104 72 
2700 187 207 38 64 218 166 43 109 
2700 188 
2700 189 72 94 
2700 190 
2700 191 111 19 174 81 71 97 218 100 151 166 
2700 192 
2700 193 183 174 71 94 
2700 194 247 
2700 195 174 97 218 
2700 196 
2700 197 111 174 183 67 28 135 33 56 171 76 83 89 207 18 27 30 32 55 63 73 87 90 96 98 107 118 120 144 145 146 150 157 176 178 221 231 242 148 86 215 117 14 240 202 204 219 127 114 142 211 
2700 198 111 19 137 183 174 71 94 97 218 100 
2700 199 
2700 200 247 
2700 201 247 
2700 202 183 197 
2700 203 137 
2700 204 183 197 232 173 
2700 205 185 38 
2700 206 
2700 207 111 137 183 197 232 67 187 104 72 
2700 208 183 174 
2700 209 166 
2700 210 174 247 
2700 211 197 174 247 
2700 212 174 
2700 213 
2700 214 41 
2700 215 183 197 232 104 
2700 216 
2700 217 173 
2700 218 191 97 165 13 110 4 229 24 233 244 245 152 70 198 187 1 16 139 185 140 44 45 167 65 175 227 180 38 12 9 10 42 224 163 95 74 195 
2700 219 197 173 
2700 220 
2700 221 137 183 197 81 67 104 72 173 
2700 222 174 97 
2700 223 137 94 
2700 224 183 218 
2700 225 174 
2700 226 183 
2700 227 19 61 97 218 166 
2700 228 
2700 229 111 19 137 174 71 97 218 100 
2700 230 
2700 231 137 197 67 72 
2700 232 72 174 183 104 67 29 137 135 33 51 75 89 99 207 180 73 107 176 178 148 86 215 240 204 46 236 
2700 233 111 19 137 183 174 97 218 100 
2700 234 
2700 235 
2700 236 232 104 
2700 237 
2700 238 
2700 239 
2700 240 183 197 232 
2700 241 
2700 242 197 
2700 243 174 113 41 72 173 
2700 244 111 19 137 183 71 97 218 100 
2700 245 111 137 71 97 218 100 151 
2700 246 137 174 
2700 247 28 35 91 211 210 168 7 121 154 194 15 66 200 201 95 74 181 158 
2700 248 111 137 
3600 0 
3600 1 18 19 171 76 95 206 
3600 2 102 89 
3600 3 102 171 
3600 4 102 163 206 92 
3600 5 
3600 6 
3600 7 235 
3600 8 
3600 9 19 171 38 206 
3600 10 19 171 206 
3600 11 
3600 12 19 171 206 
3600 13 102 18 89 206 
3600 14 235 
3600 15 18 171 206 
3600 16 
3600 17 18 171 185 
3600 18 179 155 13 115 20 217 23 221 232 142 66 186 1 15 129 130 41 42 53 157 61 164 17 215 168 
3600 19 1 173 168 12 9 10 21 
3600 20 18 
3600 21 19 163 95 86 92 
3600 22 
3600 23 102 18 163 206 92 
3600 24 57 
3600 25 
3600 26 185 63 38 
3600 27 102 171 185 95 235 
3600 28 185 163 
3600 29 102 163 95 38 
3600 30 185 163 
3600 31 102 171 185 220 95 
3600 32 
3600 33 102 95 235 
3600 34 171 63 
3600 35 
3600 36 175 100 206 156 193 85 
3600 37 163 
3600 38 68 171 120 29 128 47 9 26 90 96 135 231 202 
3600 39 171 206 
3600 40 129 173 175 60 
3600 41 18 163 67 89 206 
3600 42 18 89 206 
3600 43 
3600 44 
3600 45 171 163 
3600 46 
3600 47 102 171 220 63 38 68 
3600 48 
3600 49 
3600 50 
3600 51 185 163 
3600 52 102 171 185 63 68 
3600 53 18 163 89 
3600 54 
3600 55 
3600 56 163 
3600 57 129 157 215 85 24 
3600 58 
3600 59 185 
3600 60 175 129 86 157 40 85 
3600 61 18 89 206 
3600 62 235 
3600 63 102 185 220 126 47 52 71 83 91 195 26 34 81 84 93 109 134 209 219 
3600 64 163 
3600 65 
3600 66 102 18 171 163 67 89 206 92 
3600 67 179 217 232 233 66 186 41 181 132 82 
3600 68 152 220 38 126 47 52 174 83 195 81 88 109 209 219 231 177 127 
3600 69 185 220 163 95 
3600 70 235 206 
3600 71 102 171 220 63 95 
3600 72 102 171 185 95 
3600 73 163 86 
3600 74 
3600 75 
3600 76 179 171 155 126 1 209 
3600 77 
3600 78 102 171 185 95 
3600 79 163 86 
3600 80 
3600 81 185 63 68 
3600 82 163 67 
3600 83 102 171 185 220 63 95 68 
3600 84 171 185 63 
3600 85 163 36 57 60 
3600 86 163 186 173 60 168 21 79 211 181 139 73 177 127 
3600 87 235 206 
3600 88 185 95 68 
3600 89 179 206 155 13 2 217 221 232 233 66 186 129 130 41 42 53 157 61 164 215 96 210 116 154 183 
3600 90 171 185 95 38 
3600 91 102 171 220 63 95 
3600 92 179 155 4 217 23 221 232 233 142 66 186 173 168 21 
3600 93 171 63 
3600 94 102 95 
3600 95 101 220 120 27 126 29 31 128 33 161 71 72 174 78 83 91 195 94 1 168 21 69 88 90 98 140 209 203 224 167 
3600 96 38 89 
3600 97 
3600 98 171 185 220 95 
3600 99 171 
3600 100 129 36 175 
3600 101 102 171 95 206 
3600 102 179 185 63 155 13 125 101 2 3 4 217 120 23 221 27 126 29 31 128 33 232 233 142 47 52 161 66 71 72 174 78 83 186 91 195 94 
3600 103 
3600 104 231 
3600 105 185 
3600 106 
3600 107 
3600 108 171 185 163 
3600 109 185 63 68 
3600 110 
3600 111 171 185 
3600 112 235 
3600 113 
3600 114 
3600 115 18 
3600 116 163 89 
3600 117 171 
3600 118 185 
3600 119 
3600 120 102 163 95 38 
3600 121 
3600 122 
3600 123 
3600 124 163 
3600 125 102 156 
3600 126 102 171 185 220 76 63 95 68 
3600 127 68 86 
3600 128 102 163 95 38 
3600 129 18 173 57 60 89 206 156 40 100 
3600 130 18 89 206 
3600 131 
3600 132 185 163 67 
3600 133 
3600 134 171 185 63 
3600 135 171 185 38 
3600 136 171 185 
3600 137 
3600 138 185 220 
3600 139 86 
3600 140 185 95 
3600 141 179 155 233 
3600 142 102 18 163 206 92 
3600 143 171 
3600 144 235 
3600 145 
3600 146 171 
3600 147 185 
3600 148 235 
3600 149 171 
3600 150 
3600 151 171 
3600 152 68 
3600 153 206 156 
3600 154 89 
3600 155 102 18 163 76 89 206 92 141 156 
3600 156 179 155 125 175 129 157 215 36 153 197 
3600 157 18 173 57 60 89 206 156 
3600 158 235 
3600 159 
3600 160 
3600 161 102 185 95 
3600 162 163 
3600 163 179 171 185 220 86 155 4 217 120 23 221 29 128 142 66 174 186 173 41 53 21 28 30 51 56 69 79 234 108 181 45 196 132 199 82 213 73 231 85 210 116 198 162 64 124 200 37 183 
3600 164 18 89 206 
3600 165 171 185 220 
3600 166 
3600 167 95 
3600 168 18 19 220 95 86 206 92 
3600 169 235 
3600 170 
3600 171 163 76 101 185 220 38 3 221 27 126 31 232 47 52 66 71 72 78 83 186 91 195 1 15 17 12 9 10 34 84 90 93 98 111 117 134 135 136 165 209 203 108 146 228 39 181 143 45 149 196 212 99 214 190 192 151 
3600 172 
3600 173 129 19 163 86 206 92 157 40 193 
3600 174 102 163 95 68 
3600 175 195 36 60 206 156 40 100 
3600 176 
3600 177 68 86 
3600 178 
3600 179 102 18 163 76 67 89 206 92 141 156 
3600 180 
3600 181 171 163 67 86 
3600 182 235 
3600 183 163 89 206 
3600 184 
3600 185 102 163 171 63 27 126 31 52 161 72 78 83 195 17 26 28 30 51 59 69 81 84 88 90 98 109 111 134 135 136 140 147 165 209 219 230 138 203 108 228 190 192 207 118 105 132 199 
3600 186 102 18 171 163 67 86 89 206 92 
3600 187 
3600 188 235 
3600 189 235 
3600 190 171 185 
3600 191 
3600 192 171 185 220 
3600 193 173 36 
3600 194 
3600 195 102 171 185 220 63 175 95 68 
3600 196 171 163 
3600 197 156 
3600 198 163 235 
3600 199 185 163 235 
3600 200 163 
3600 201 
3600 202 38 
3600 203 171 185 220 95 
3600 204 
3600 205 
3600 206 179 89 155 13 101 4 217 23 221 232 233 142 66 186 175 1 15 129 173 130 41 42 157 61 164 215 168 36 12 9 10 39 212 153 87 70 183 
3600 207 185 
3600 208 
3600 209 171 185 76 63 95 68 
3600 210 163 89 
3600 211 86 
3600 212 171 206 
3600 213 163 
3600 214 171 
3600 215 18 57 89 206 156 
3600 216 
3600 217 102 18 163 67 89 206 92 
3600 218 
3600 219 185 63 68 
3600 220 68 163 171 95 63 126 31 47 71 83 91 195 168 69 98 165 138 203 228 192 224 
3600 221 102 18 171 163 89 206 92 
3600 222 
3600 223 
3600 224 220 95 
3600 225 
3600 226 
3600 227 
3600 228 171 185 220 
3600 229 
3600 230 185 
3600 231 163 104 38 68 
3600 232 102 18 171 67 89 206 92 
3600 233 102 67 89 206 92 141 
3600 234 163 
3600 235 27 33 199 198 158 7 112 144 182 14 62 188 189 87 70 169 148 
4500 0 
4500 1 17 18 163 71 88 197 
4500 2 95 
4500 3 95 163 
4500 4 95 155 197 85 
4500 5 
4500 6 
4500 7 223 
4500 8 
4500 9 18 163 36 197 
4500 10 18 163 197 
4500 11 
4500 12 18 163 197 
4500 13 95 17 197 
4500 14 17 163 197 
4500 15 
4500 16 17 163 176 
4500 17 170 147 13 107 19 207 22 211 220 134 177 1 14 121 122 39 40 51 149 59 156 16 205 160 
4500 18 1 160 12 9 10 20 
4500 19 17 
4500 20 18 155 88 80 85 
4500 21 
4500 22 95 17 155 197 85 
4500 23 55 
4500 24 
4500 25 176 36 
4500 26 95 163 176 88 223 
4500 27 176 155 
4500 28 95 155 88 36 
4500 29 176 155 
4500 30 
4500 31 95 88 223 
4500 32 163 
4500 33 
4500 34 166 93 197 148 184 79 
4500 35 155 
4500 36 63 163 112 28 120 45 9 25 83 89 127 219 193 
4500 37 163 197 
4500 38 121 166 58 
4500 39 17 155 62 197 
4500 40 17 197 
4500 41 
4500 42 
4500 43 163 155 
4500 44 
4500 45 95 163 210 36 63 
4500 46 
4500 47 
4500 48 
4500 49 176 155 
4500 50 95 163 176 63 
4500 51 17 155 
4500 52 
4500 53 
4500 54 155 
4500 55 121 149 205 79 23 
4500 56 
4500 57 176 
4500 58 166 121 80 149 38 79 
4500 59 17 197 
4500 60 155 
4500 61 
4500 62 170 207 220 221 177 39 172 124 77 
4500 63 144 210 36 118 45 50 165 186 76 82 102 200 209 219 168 119 
4500 64 176 210 155 88 
4500 65 223 197 
4500 66 95 163 210 88 
4500 67 95 163 176 88 
4500 68 155 80 
4500 69 
4500 70 
4500 71 170 163 147 118 1 200 
4500 72 
4500 73 95 163 176 88 
4500 74 155 80 
4500 75 
4500 76 176 63 
4500 77 155 62 
4500 78 163 176 
4500 79 155 34 55 58 
4500 80 155 177 58 160 20 74 172 131 68 168 119 
4500 81 223 197 
4500 82 176 88 63 
4500 83 163 176 88 36 
4500 84 95 163 210 88 
4500 85 170 147 4 207 22 211 220 221 134 177 160 20 
4500 86 163 
4500 87 95 88 
4500 88 94 210 112 26 118 28 120 31 153 66 67 165 73 84 186 87 1 160 20 64 82 83 91 132 200 194 213 159 
4500 89 36 
4500 90 
4500 91 163 176 210 88 
4500 92 163 
4500 93 121 34 166 
4500 94 95 163 88 197 
4500 95 170 176 147 13 117 94 2 3 4 207 112 22 211 26 118 28 120 31 220 221 134 45 50 153 66 67 165 73 177 84 186 87 
4500 96 
4500 97 219 
4500 98 176 
4500 99 
4500 100 
4500 101 163 176 155 
4500 102 176 63 
4500 103 
4500 104 163 176 
4500 105 223 
4500 106 
4500 107 17 
4500 108 155 
4500 109 163 
4500 110 176 
4500 111 
4500 112 95 155 88 36 
4500 113 
4500 114 
4500 115 
4500 116 155 
4500 117 95 148 
4500 118 95 163 176 210 71 88 63 
4500 119 63 80 
4500 120 95 155 88 36 
4500 121 17 55 58 197 148 38 93 
4500 122 17 197 
4500 123 
4500 124 176 155 62 
4500 125 
4500 126 163 176 
4500 127 163 176 36 
4500 128 163 176 
4500 129 
4500 130 176 210 
4500 131 80 
4500 132 176 88 
4500 133 170 147 221 
4500 134 95 17 155 197 85 
4500 135 163 
4500 136 223 
4500 137 
4500 138 163 
4500 139 176 
4500 140 223 
4500 141 163 
4500 142 
4500 143 163 
4500 144 63 
4500 145 197 148 
4500 146 
4500 147 95 17 155 71 197 85 133 148 
4500 148 170 147 117 166 121 149 205 34 145 188 
4500 149 17 55 58 197 148 
4500 150 223 
4500 151 
4500 152 
4500 153 95 176 88 
4500 154 155 
4500 155 170 163 176 210 80 147 4 207 112 22 211 28 120 134 165 177 39 51 20 27 29 49 54 64 74 222 101 172 43 187 124 190 77 203 68 219 79 201 108 189 154 60 116 191 35 174 
4500 156 17 197 
4500 157 163 176 210 
4500 158 
4500 159 88 
4500 160 17 18 210 88 80 197 85 
4500 161 223 
4500 162 
4500 163 155 71 94 176 210 36 3 211 26 118 220 45 50 66 67 73 177 84 186 1 14 16 12 9 10 32 78 83 86 91 104 109 126 127 128 157 200 194 101 138 217 37 172 135 43 141 187 202 92 204 181 183 143 
4500 164 
4500 165 95 155 88 63 
4500 166 186 34 58 197 148 38 93 
4500 167 
4500 168 63 80 
4500 169 
4500 170 95 17 155 71 62 197 85 133 148 
4500 171 
4500 172 163 155 62 80 
4500 173 223 
4500 174 155 197 
4500 175 
4500 176 95 155 163 26 118 50 153 67 73 186 16 25 27 29 49 57 64 76 78 82 83 91 102 104 126 127 128 132 139 157 200 209 130 194 101 217 181 183 198 110 98 124 190 
4500 177 95 17 163 155 62 80 197 85 
4500 178 
4500 179 223 
4500 180 223 
4500 181 163 176 
4500 182 
4500 183 163 176 210 
4500 184 34 
4500 185 
4500 186 95 163 176 210 166 88 63 
4500 187 163 155 
4500 188 148 
4500 189 155 223 
4500 190 176 155 223 
4500 191 155 
4500 192 
4500 193 36 
4500 194 163 176 210 88 
4500 195 
4500 196 
4500 197 170 147 13 94 4 207 22 211 220 221 134 177 166 1 14 121 122 39 40 149 59 156 205 160 34 12 9 10 37 202 145 81 65 174 
4500 198 176 
4500 199 
4500 200 163 176 71 88 63 
4500 201 155 
4500 202 163 197 
4500 203 155 
4500 204 163 
4500 205 17 55 197 148 
4500 206 
4500 207 95 17 155 62 197 85 
4500 208 
4500 209 176 63 
4500 210 63 155 163 88 118 45 66 84 186 160 64 91 157 130 194 217 183 213 
4500 211 95 17 163 155 197 85 
4500 212 
4500 213 210 88 
4500 214 
4500 215 
4500 216 
4500 217 163 176 210 
4500 218 
4500 219 155 97 36 63 
4500 220 95 17 163 62 197 85 
4500 221 95 62 197 85 133 
4500 222 155 
4500 223 26 31 190 189 150 7 105 136 173 179 180 81 65 161 140 
5400 0 
5400 1 15 16 153 64 81 187 
5400 2 88 
5400 3 88 153 
5400 4 88 146 187 78 
5400 5 
5400 6 
5400 7 211 
5400 8 
5400 9 16 153 33 187 
5400 10 16 153 187 
5400 11 
5400 12 16 153 187 
5400 13 15 153 187 
5400 14 
5400 15 160 139 99 17 197 19 201 209 126 167 1 13 113 114 36 37 53 147 195 150 
5400 16 1 150 12 9 10 18 
5400 17 15 
5400 18 16 146 81 73 78 
5400 19 88 15 146 187 78 
5400 20 50 
5400 21 
5400 22 166 33 
5400 23 88 153 166 81 211 
5400 24 166 146 
5400 25 88 146 81 33 
5400 26 166 146 
5400 27 
5400 28 88 81 211 
5400 29 153 
5400 30 
5400 31 156 86 187 140 174 72 
5400 32 146 
5400 33 57 153 104 25 112 42 9 22 76 82 119 208 183 
5400 34 153 187 
5400 35 113 156 52 
5400 36 15 146 56 187 
5400 37 15 187 
5400 38 
5400 39 
5400 40 153 146 
5400 41 
5400 42 88 153 200 33 57 
5400 43 
5400 44 
5400 45 166 146 
5400 46 88 153 166 57 
5400 47 
5400 48 
5400 49 146 
5400 50 113 195 72 20 
5400 51 166 
5400 52 156 113 73 35 72 
5400 53 15 187 
5400 54 146 
5400 55 
5400 56 160 197 209 167 36 162 116 70 
5400 57 136 200 33 110 42 46 155 176 69 75 190 199 208 158 111 
5400 58 166 200 146 81 
5400 59 211 187 
5400 60 88 153 200 81 
5400 61 146 73 
5400 62 
5400 63 
5400 64 160 153 139 110 1 190 
5400 65 
5400 66 88 153 166 81 
5400 67 146 73 
5400 68 
5400 69 166 57 
5400 70 146 56 
5400 71 153 166 
5400 72 146 31 50 52 
5400 73 146 167 52 150 18 67 162 123 61 158 111 
5400 74 211 187 
5400 75 166 81 57 
5400 76 153 166 81 33 
5400 77 88 153 200 81 
5400 78 160 139 4 197 19 201 209 126 167 150 18 
5400 79 153 
5400 80 88 81 
5400 81 87 200 104 23 110 25 112 28 144 60 155 66 77 176 80 1 150 18 58 75 76 84 124 190 184 203 
5400 82 33 
5400 83 
5400 84 153 166 200 81 
5400 85 153 
5400 86 113 31 156 
5400 87 88 153 81 187 
5400 88 160 166 139 109 87 2 3 4 197 104 19 201 23 110 25 112 28 209 126 42 46 144 60 155 66 167 77 176 80 
5400 89 
5400 90 208 
5400 91 166 
5400 92 
5400 93 
5400 94 153 166 146 
5400 95 
5400 96 153 166 
5400 97 211 
5400 98 
5400 99 15 
5400 100 146 
5400 101 153 
5400 102 166 
5400 103 
5400 104 88 146 81 33 
5400 105 
5400 106 
5400 107 
5400 108 146 
5400 109 88 140 
5400 110 88 153 166 200 64 81 57 
5400 111 57 73 
5400 112 88 146 81 33 
5400 113 15 50 52 187 140 35 86 
5400 114 15 187 
5400 115 
5400 116 166 146 56 
5400 117 
5400 118 153 166 
5400 119 153 166 33 
5400 120 153 166 
5400 121 
5400 122 166 200 
5400 123 73 
5400 124 166 81 
5400 125 160 139 
5400 126 88 15 146 187 78 
5400 127 153 
5400 128 211 
5400 129 
5400 130 153 
5400 131 166 
5400 132 211 
5400 133 153 
5400 134 
5400 135 153 
5400 136 57 
5400 137 187 140 
5400 138 
5400 139 88 15 146 64 187 78 125 140 
5400 140 160 139 109 156 113 195 31 137 178 
5400 141 211 
5400 142 
5400 143 
5400 144 88 166 81 
5400 145 146 
5400 146 160 153 166 200 73 139 4 197 104 19 201 25 112 126 155 167 36 18 24 26 45 49 58 67 210 94 162 40 177 116 180 70 193 61 208 72 191 100 179 145 54 108 181 32 164 
5400 147 15 187 
5400 148 153 166 200 
5400 149 
5400 150 15 16 200 81 73 187 78 
5400 151 211 
5400 152 
5400 153 146 64 87 166 200 33 3 201 23 110 209 42 46 60 66 167 77 176 1 13 12 9 10 29 71 76 79 84 96 101 118 119 120 148 190 184 94 130 207 34 162 127 40 133 177 192 85 194 171 173 135 
5400 154 
5400 155 88 146 81 57 
5400 156 176 31 52 187 140 35 86 
5400 157 
5400 158 57 73 
5400 159 
5400 160 88 15 146 64 56 187 78 125 140 
5400 161 
5400 162 153 146 56 73 
5400 163 211 
5400 164 146 187 
5400 165 
5400 166 88 146 153 23 110 46 144 66 176 22 24 26 45 51 58 69 71 75 76 84 96 118 119 120 124 131 148 190 199 122 184 94 207 171 173 188 102 91 116 180 
5400 167 88 15 153 146 56 73 187 78 
5400 168 
5400 169 211 
5400 170 211 
5400 171 153 166 
5400 172 
5400 173 153 166 200 
5400 174 31 
5400 175 
5400 176 88 153 166 200 156 81 57 
5400 177 153 146 
5400 178 140 
5400 179 146 211 
5400 180 166 146 211 
5400 181 146 
5400 182 
5400 183 33 
5400 184 153 166 200 81 
5400 185 
5400 186 
5400 187 160 139 87 4 197 19 201 209 126 167 156 1 13 113 114 36 37 53 147 195 150 31 12 9 10 34 192 137 74 59 164 
5400 188 166 
5400 189 
5400 190 153 166 64 81 57 
5400 191 146 
5400 192 153 187 
5400 193 146 
5400 194 153 
5400 195 15 50 187 140 
5400 196 
5400 197 88 15 146 56 187 78 
5400 198 
5400 199 166 57 
5400 200 57 146 153 81 110 42 60 77 176 150 58 84 148 122 184 207 173 203 
5400 201 88 15 153 146 187 78 
5400 202 
5400 203 200 81 
5400 204 
5400 205 
5400 206 
5400 207 153 166 200 
5400 208 146 90 33 57 
5400 209 88 15 153 56 187 78 
5400 210 146 
5400 211 23 28 180 179 141 7 97 128 163 169 170 74 59 151 132 
6300 0 
6300 1 13 14 146 62 175 
6300 2 85 
6300 3 85 146 
6300 4 85 141 175 76 
6300 5 
6300 6 
6300 7 199 
6300 8 
6300 9 14 146 31 175 
6300 10 14 146 175 
6300 11 
6300 12 
6300 13 151 135 96 15 185 17 189 197 123 158 1 110 111 34 35 51 183 143 
6300 14 1 143 9 10 16 
6300 15 13 
6300 16 14 141 71 76 
6300 17 85 13 141 175 76 
6300 18 48 
6300 19 
6300 20 157 31 
6300 21 85 146 157 199 
6300 22 157 141 
6300 23 85 141 31 
6300 24 157 141 
6300 25 
6300 26 85 199 
6300 27 146 
6300 28 
6300 29 83 175 136 164 70 
6300 30 141 
6300 31 55 146 101 23 109 40 9 20 74 79 116 196 172 
6300 32 146 175 
6300 33 110 50 
6300 34 13 141 54 175 
6300 35 13 175 
6300 36 
6300 37 
6300 38 146 141 
6300 39 
6300 40 85 146 188 31 55 
6300 41 
6300 42 
6300 43 157 141 
6300 44 85 146 157 55 
6300 45 
6300 46 
6300 47 141 
6300 48 110 183 70 18 
6300 49 157 
6300 50 110 71 33 70 
6300 51 13 175 
6300 52 141 
6300 53 
6300 54 151 185 197 158 34 153 113 68 
6300 55 132 188 31 107 40 44 148 166 67 73 178 187 196 149 108 
6300 56 157 188 141 
6300 57 199 175 
6300 58 85 146 188 
6300 59 141 71 
6300 60 
6300 61 
6300 62 151 146 135 107 1 178 
6300 63 
6300 64 85 146 157 
6300 65 141 71 
6300 66 
6300 67 157 55 
6300 68 141 54 
6300 69 146 157 
6300 70 141 29 48 50 
6300 71 141 158 50 143 16 65 153 120 59 149 108 
6300 72 199 175 
6300 73 157 55 
6300 74 146 157 31 
6300 75 85 146 188 
6300 76 151 135 4 185 17 189 197 123 158 143 16 
6300 77 146 
6300 78 85 
6300 79 31 
6300 80 
6300 81 146 157 188 
6300 82 146 
6300 83 110 29 
6300 84 85 146 175 
6300 85 151 157 135 106 84 2 3 4 185 101 17 189 21 107 23 109 26 197 123 40 44 139 58 148 64 158 75 166 78 
6300 86 
6300 87 196 
6300 88 157 
6300 89 
6300 90 
6300 91 146 157 141 
6300 92 
6300 93 146 157 
6300 94 199 
6300 95 
6300 96 13 
6300 97 141 
6300 98 146 
6300 99 157 
6300 100 
6300 101 85 141 31 
6300 102 
6300 103 
6300 104 
6300 105 141 
6300 106 85 136 
6300 107 85 146 157 188 62 55 
6300 108 55 71 
6300 109 85 141 31 
6300 110 13 48 50 175 136 33 83 
6300 111 13 175 
6300 112 
6300 113 157 141 54 
6300 114 
6300 115 146 157 
6300 116 146 157 31 
6300 117 146 157 
6300 118 
6300 119 157 188 
6300 120 71 
6300 121 157 
6300 122 151 135 
6300 123 85 13 141 175 76 
6300 124 146 
6300 125 199 
6300 126 
6300 127 146 
6300 128 157 
6300 129 146 
6300 130 
6300 131 146 
6300 132 55 
6300 133 175 136 
6300 134 
6300 135 85 13 141 62 175 76 122 136 
6300 136 151 135 106 110 183 29 133 168 
6300 137 
6300 138 
6300 139 85 157 
6300 140 141 
6300 141 151 146 157 188 71 135 4 185 101 17 189 23 109 123 148 158 34 16 22 24 43 47 56 65 198 91 153 38 167 113 169 68 181 59 196 70 179 97 140 52 105 170 30 155 
6300 142 146 157 188 
6300 143 13 14 188 71 175 76 
6300 144 199 
6300 145 
6300 146 141 62 84 157 188 31 3 189 21 107 197 40 44 58 64 158 75 166 1 9 10 27 69 74 77 81 93 98 115 116 117 142 178 173 91 127 195 32 153 124 38 129 167 180 82 182 163 131 
6300 147 
6300 148 85 141 55 
6300 149 55 71 
6300 150 
6300 151 85 13 141 62 54 175 76 122 136 
6300 152 
6300 153 146 141 54 71 
6300 154 199 
6300 155 141 175 
6300 156 
6300 157 85 141 146 21 107 44 139 64 166 20 22 24 43 49 56 67 69 73 74 81 93 115 116 117 121 128 142 178 187 119 173 91 195 163 176 99 88 113 169 
6300 158 85 13 146 141 54 71 175 76 
6300 159 
6300 160 199 
6300 161 199 
6300 162 
6300 163 146 157 188 
6300 164 29 
6300 165 
6300 166 85 146 157 188 55 
6300 167 146 141 
6300 168 136 
6300 169 157 141 199 
6300 170 141 
6300 171 
6300 172 31 
6300 173 146 157 188 
6300 174 
6300 175 151 135 84 4 185 17 189 197 123 158 1 110 111 34 35 51 183 143 29 9 10 32 180 133 72 57 155 
6300 176 157 
6300 177 
6300 178 146 157 62 55 
6300 179 141 
6300 180 146 175 
6300 181 141 
6300 182 146 
6300 183 13 48 175 136 
6300 184 
6300 185 85 13 141 54 175 76 
6300 186 
6300 187 157 55 
6300 188 55 141 146 107 40 58 75 166 143 56 81 142 119 173 195 163 191 
6300 189 85 13 146 141 175 76 
6300 190 
6300 191 188 
6300 192 
6300 193 
6300 194 
6300 195 146 157 188 
6300 196 141 87 31 55 
6300 197 85 13 146 54 175 76 
6300 198 141 
6300 199 21 26 169 7 94 125 154 160 161 72 57 144 
