0 7200
0 0 171 146 116 21 87 56 185 85 
0 1 68 197 198 39 9 179 180 24 28 
0 2 96 155 102 73 10 141 15 144 59 114 149 27 158 127 
0 3 162 173 
0 4 48 66 115 
0 5 69 140 50 19 121 57 62 
0 6 55 90 183 23 
0 7 64 36 12 45 51 181 183 100 90 
0 8 40 113 136 159 31 
0 9 1 68 197 39 179 28 
0 10 2 155 73 106 11 15 59 
0 11 10 110 149 120 122 59 
0 12 18 7 77 47 
0 13 122 163 167 127 
0 14 195 75 109 86 88 26 60 94 
0 15 96 2 10 149 121 124 62 
0 16 98 99 138 76 81 82 
0 17 193 198 77 83 117 89 30 
0 18 68 97 51 12 
0 19 132 5 74 140 50 118 
0 20 145 138 157 93 161 
0 21 0 40 172 116 87 185 
0 22 129 197 39 142 111 25 
0 23 6 190 
0 24 1 28 150 39 
0 25 144 22 102 142 
0 26 14 
0 27 2 139 114 158 149 
0 28 24 1 180 9 
0 29 160 196 103 42 148 52 186 
0 30 17 47 89 198 193 
0 31 8 159 
0 32 166 78 79 53 154 187 
0 33 167 168 121 91 124 126 
0 34 169 150 70 151 
0 35 71 41 46 182 105 92 95 
0 36 51 181 7 
0 37 160 52 189 
0 38 64 133 143 
0 39 24 1 22 9 
0 40 8 171 107 21 87 
0 41 35 71 135 46 110 152 95 
0 42 196 29 103 
0 43 83 156 119 
0 44 161 130 67 101 104 173 80 191 165 
0 45 194 183 100 7 
0 46 35 165 71 41 67 54 92 
0 47 198 170 12 143 89 30 
0 48 160 186 115 4 189 
0 49 192 129 111 112 84 125 
0 50 144 19 5 62 69 
0 51 18 36 181 7 
0 52 29 37 
0 53 32 154 166 79 
0 54 80 120 110 46 191 
0 55 82 6 
0 56 0 174 
0 57 96 127 5 69 
0 58 137 147 153 
0 59 11 120 2 155 10 
0 60 128 75 14 176 178 94 
0 61 65 147 164 
0 62 141 50 5 15 
0 63 112 137 192 151 
0 64 100 38 7 
0 65 61 
0 66 4 134 
0 67 104 44 101 46 191 
0 68 1 18 9 181 197 
0 69 121 50 5 57 
0 70 108 34 188 151 
0 71 35 41 110 46 105 92 95 
0 72 176 177 178 
0 73 2 10 144 114 149 106 
0 74 19 140 
0 75 178 94 60 86 14 
0 76 16 82 
0 77 17 12 
0 78 32 154 123 166 
0 79 32 154 53 
0 80 98 101 44 173 54 191 
0 81 16 138 
0 82 16 76 55 
0 83 17 43 
0 84 192 49 
0 85 0 93 174 175 
0 86 128 195 75 14 88 152 
0 87 0 185 146 21 40 
0 88 86 14 
0 89 193 170 143 17 47 30 
0 90 113 7 133 6 199 
0 91 33 177 
0 92 105 35 46 110 71 
0 93 161 99 20 85 175 
0 94 75 60 14 195 
0 95 41 35 135 71 
0 96 2 15 149 57 124 158 127 
0 97 18 181 
0 98 16 80 
0 99 16 93 
0 100 64 143 45 7 
0 101 80 67 44 165 191 
0 102 25 2 141 149 
0 103 42 29 189 
0 104 130 67 44 173 
0 105 35 92 110 71 
0 106 73 10 
0 107 40 
0 108 131 188 70 
0 109 14 
0 110 182 71 41 11 54 105 92 
0 111 129 22 49 
0 112 49 63 
0 113 8 194 90 159 
0 114 144 73 2 27 
0 115 48 4 
0 116 0 146 172 21 159 
0 117 17 
0 118 19 
0 119 43 
0 120 59 11 155 54 
0 121 33 15 5 69 
0 122 11 13 
0 123 187 78 
0 124 96 127 167 33 15 
0 125 49 
0 126 168 33 163 167 
0 127 96 2 163 13 57 124 
0 128 60 86 
0 129 49 22 111 
0 130 104 165 44 173 191 
0 131 108 
0 132 19 
0 133 194 38 199 183 90 159 
0 134 66 
0 135 41 95 
0 136 8 159 
0 137 58 63 
0 138 16 81 20 
0 139 27 
0 140 74 19 5 
0 141 2 62 102 
0 142 25 22 
0 143 89 170 100 38 47 
0 144 73 2 50 114 25 
0 145 20 
0 146 0 171 175 116 87 185 
0 147 58 61 
0 148 29 
0 149 96 2 102 73 11 15 27 158 
0 150 24 34 151 
0 151 34 150 70 63 
0 152 41 86 
0 153 58 
0 154 32 53 78 79 
0 155 120 2 59 10 
0 156 43 
0 157 20 175 
0 158 96 2 27 149 
0 159 113 133 199 8 136 116 31 
0 160 48 189 186 29 37 
0 161 20 162 44 93 
0 162 184 161 3 
0 163 167 13 126 127 
0 164 61 
0 165 130 44 101 46 
0 166 32 53 78 
0 167 33 163 124 13 126 
0 168 33 126 
0 169 34 
0 170 89 143 47 
0 171 0 40 146 
0 172 185 116 21 
0 173 130 3 104 44 80 191 
0 174 56 85 175 
0 175 146 93 85 174 157 
0 176 72 60 
0 177 72 178 91 
0 178 72 177 75 60 
0 179 1 197 9 
0 180 1 28 198 
0 181 97 51 68 36 7 
0 182 35 110 
0 183 133 194 45 6 7 
0 184 162 
0 185 0 146 172 21 87 
0 186 48 160 29 
0 187 32 123 
0 188 108 70 
0 189 160 48 37 103 
0 190 23 
0 191 130 67 101 44 173 80 54 
0 192 49 84 63 
0 193 17 30 89 
0 194 133 113 45 183 
0 195 86 94 14 
0 196 42 29 
0 197 1 179 68 22 9 
0 198 1 47 180 30 17 
0 199 90 133 159 
600 0 101 171 152 146 116 21 87 56 185 85 
600 1 68 197 198 39 9 179 180 24 28 
600 2 96 155 102 73 10 108 141 15 144 59 114 149 27 158 127 
600 3 162 173 150 
600 4 48 67 66 115 
600 5 69 108 140 50 19 121 57 62 
600 6 55 90 183 23 
600 7 64 98 36 182 71 41 11 12 45 51 181 54 183 120 100 92 135 95 
600 8 66 40 113 136 31 159 
600 9 1 180 68 28 
600 10 2 27 106 11 141 59 114 149 155 158 
600 11 7 10 110 149 120 122 
600 12 64 7 77 47 18 181 
600 13 122 163 151 191 167 
600 14 195 75 109 86 88 26 60 94 
600 15 2 141 149 124 62 127 
600 16 98 99 138 76 81 82 
600 17 193 194 198 77 83 117 89 30 
600 18 97 12 181 126 
600 19 140 74 132 5 118 
600 20 145 138 157 93 161 
600 21 0 40 172 
600 22 129 197 142 111 179 25 
600 23 51 6 190 
600 24 1 179 28 150 39 
600 25 73 102 142 22 
600 26 88 60 14 31 
600 27 2 73 10 139 114 149 
600 28 24 1 197 9 
600 29 160 196 103 105 42 148 52 186 60 
600 30 17 194 83 180 117 
600 31 8 136 26 166 113 
600 32 166 78 79 53 154 187 
600 33 168 91 124 151 167 
600 34 169 150 70 
600 35 118 71 105 46 182 41 
600 36 64 7 
600 37 160 42 189 
600 38 64 183 133 143 
600 39 24 1 179 
600 40 8 107 116 21 87 
600 41 35 135 105 7 152 95 
600 42 160 52 29 37 
600 43 83 156 119 
600 44 161 130 67 165 104 173 80 150 191 
600 45 64 194 90 7 
600 46 35 101 135 71 67 182 54 92 191 
600 47 193 170 12 194 143 
600 48 160 186 4 
600 49 192 129 84 125 112 
600 50 5 62 
600 51 23 7 
600 52 105 42 60 29 
600 53 32 79 
600 54 120 110 46 7 
600 55 6 
600 56 0 174 
600 57 5 62 
600 58 137 147 153 
600 59 120 2 10 141 
600 60 128 105 75 14 176 178 52 86 26 29 
600 61 65 147 164 
600 62 5 102 15 50 57 121 69 127 
600 63 112 137 151 
600 64 36 12 45 38 7 
600 65 61 
600 66 8 136 4 134 159 
600 67 130 4 165 104 44 173 46 80 168 
600 68 1 197 126 9 
600 69 5 62 
600 70 34 188 
600 71 35 7 105 46 110 118 152 
600 72 176 177 
600 73 25 2 27 106 
600 74 19 118 
600 75 178 60 14 191 
600 76 16 82 
600 77 17 180 12 198 
600 78 32 123 166 
600 79 32 154 53 
600 80 98 67 44 173 
600 81 16 138 99 
600 82 16 76 190 
600 83 17 43 30 
600 84 192 49 125 137 
600 85 0 101 174 175 146 93 
600 86 60 109 14 
600 87 0 40 171 
600 88 26 14 
600 89 17 
600 90 194 100 6 199 45 183 
600 91 33 177 
600 92 182 7 105 46 118 95 
600 93 145 138 20 85 161 
600 94 14 
600 95 182 7 105 110 118 41 92 
600 96 2 124 102 127 
600 97 18 190 
600 98 16 80 120 7 
600 99 16 81 157 
600 100 90 143 183 7 
600 101 0 104 46 145 85 191 
600 102 96 2 108 141 114 149 25 62 
600 103 186 29 
600 104 101 67 44 173 165 
600 105 160 35 71 60 110 52 182 41 152 148 92 29 95 
600 106 73 10 158 
600 107 40 136 
600 108 2 131 5 102 121 188 
600 109 86 14 
600 110 54 71 105 11 182 120 188 95 
600 111 179 22 
600 112 49 151 63 
600 113 8 194 31 199 
600 114 2 102 10 144 27 158 
600 115 4 
600 116 0 136 146 40 159 
600 117 17 194 198 30 
600 118 129 35 132 71 74 135 19 92 95 
600 119 43 
600 120 98 135 11 110 54 7 59 
600 121 5 108 126 124 62 127 
600 122 127 11 155 13 167 
600 123 187 78 
600 124 96 33 163 167 15 121 126 127 
600 125 192 49 84 
600 126 121 18 139 68 124 
600 127 96 2 15 151 121 122 124 62 
600 128 60 191 
600 129 49 118 22 
600 130 173 67 44 165 191 
600 131 108 
600 132 19 118 
600 133 194 38 
600 134 66 
600 135 120 41 118 46 7 
600 136 66 8 107 116 31 159 
600 137 58 84 63 
600 138 16 81 20 93 157 
600 139 27 126 
600 140 19 5 
600 141 2 59 10 102 15 
600 142 144 25 22 
600 143 100 38 47 
600 144 2 114 158 142 
600 145 157 20 93 174 101 
600 146 0 199 116 85 152 185 
600 147 58 61 
600 148 105 29 
600 149 2 27 102 10 11 15 155 
600 150 34 3 169 44 173 24 
600 151 33 63 13 112 127 191 
600 152 0 71 105 171 146 41 
600 153 58 
600 154 32 187 79 
600 155 2 122 10 149 
600 156 43 
600 157 99 138 174 175 145 20 
600 158 144 106 2 114 10 
600 159 66 8 171 194 136 116 
600 160 37 105 42 48 186 29 
600 161 20 44 93 
600 162 184 3 
600 163 191 124 13 167 
600 164 61 
600 165 104 130 67 44 
600 166 32 78 31 
600 167 33 122 163 124 13 
600 168 33 67 
600 169 34 150 
600 170 47 
600 171 0 152 159 87 
600 172 21 
600 173 130 67 104 44 80 3 150 
600 174 56 145 85 157 
600 175 85 157 
600 176 72 178 60 
600 177 72 178 91 
600 178 176 177 75 60 
600 179 1 197 39 111 22 24 
600 180 1 194 198 9 77 30 
600 181 18 12 7 
600 182 35 7 105 110 46 92 95 
600 183 90 100 38 6 7 
600 184 162 
600 185 0 146 
600 186 160 48 29 103 
600 187 32 154 123 
600 188 108 110 70 
600 189 37 
600 190 97 82 23 
600 191 128 130 163 101 75 44 13 46 151 
600 192 49 84 125 
600 193 17 47 
600 194 133 113 199 45 47 17 180 117 90 30 159 
600 195 14 
600 196 29 
600 197 68 1 179 28 22 
600 198 1 117 180 77 17 
600 199 113 90 194 146 
1200 0 132 101 171 152 146 116 21 87 56 185 85 
1200 1 68 197 198 39 9 179 180 24 4 28 
1200 2 96 155 102 73 10 108 141 15 144 113 114 149 59 27 158 127 
1200 3 162 173 150 149 
1200 4 1 66 67 36 197 51 97 48 18 115 181 68 123 126 
1200 5 69 108 140 77 50 19 121 57 62 
1200 6 55 90 183 36 23 
1200 7 64 98 36 182 71 41 11 12 45 51 181 54 120 100 92 135 95 
1200 8 66 40 113 136 31 159 
1200 9 1 68 197 198 180 24 28 
1200 10 2 73 106 11 172 141 149 27 158 
1200 11 7 10 172 110 120 122 
1200 12 7 181 47 
1200 13 163 167 15 151 122 190 191 
1200 14 195 75 109 86 88 26 60 122 94 
1200 15 128 96 2 163 75 108 13 141 62 124 190 
1200 16 98 99 138 76 81 82 
1200 17 193 194 198 47 83 180 117 89 30 
1200 18 68 51 181 4 126 36 
1200 19 74 132 5 118 
1200 20 145 138 157 93 161 
1200 21 0 116 
1200 22 129 25 197 142 111 
1200 23 36 6 
1200 24 1 179 180 150 9 
1200 25 73 50 102 142 22 
1200 26 88 153 195 14 
1200 27 114 73 2 139 10 
1200 28 1 68 9 
1200 29 160 196 103 105 42 148 52 186 60 
1200 30 17 194 83 117 198 
1200 31 8 86 166 
1200 32 166 78 79 53 154 187 
1200 33 168 91 126 167 
1200 34 169 150 70 
1200 35 118 105 46 182 41 92 95 
1200 36 4 6 7 18 23 123 
1200 37 160 189 
1200 38 64 183 100 133 143 
1200 39 1 
1200 40 66 71 8 41 107 172 136 116 153 185 92 
1200 41 35 135 40 7 46 110 182 152 
1200 42 160 105 148 196 29 
1200 43 83 156 119 
1200 44 161 130 67 165 104 173 80 149 150 
1200 45 183 133 7 
1200 46 161 35 165 41 80 182 54 101 191 
1200 47 89 170 193 12 17 
1200 48 186 4 189 103 
1200 49 192 129 84 125 112 
1200 50 25 108 5 57 
1200 51 97 18 123 4 7 
1200 52 105 29 
1200 53 32 90 166 
1200 54 161 95 191 46 7 
1200 55 97 82 6 
1200 56 0 69 174 
1200 57 96 5 108 77 50 121 
1200 58 137 147 153 
1200 59 2 155 
1200 60 103 14 176 178 86 186 29 
1200 61 65 147 164 
1200 62 96 5 102 141 15 127 
1200 63 112 
1200 64 38 7 
1200 65 164 61 
1200 66 67 4 134 8 171 168 116 40 185 91 
1200 67 130 4 165 134 104 44 66 173 191 
1200 68 1 18 28 4 9 
1200 69 56 121 108 5 
1200 70 34 188 110 
1200 71 40 105 92 110 7 
1200 72 176 177 178 
1200 73 2 102 10 144 25 27 106 
1200 74 19 
1200 75 178 94 14 15 
1200 76 16 82 172 
1200 77 96 57 5 
1200 78 32 123 187 166 
1200 79 32 154 
1200 80 44 101 46 173 
1200 81 16 138 
1200 82 16 99 76 55 
1200 83 17 43 30 
1200 84 49 132 125 
1200 85 0 175 
1200 86 128 109 14 145 184 60 157 31 
1200 87 0 185 171 132 159 
1200 88 26 14 
1200 89 17 193 47 117 143 
1200 90 194 6 199 113 53 154 
1200 91 33 66 
1200 92 35 7 40 105 71 153 95 
1200 93 145 138 20 101 174 
1200 94 176 75 14 
1200 95 35 118 135 7 110 182 54 92 
1200 96 2 141 77 149 57 15 62 
1200 97 51 4 126 190 55 
1200 98 16 120 7 
1200 99 16 82 138 
1200 100 183 133 38 7 
1200 101 0 130 46 175 80 145 93 191 
1200 102 2 73 144 149 25 62 
1200 103 48 60 29 
1200 104 161 67 44 150 
1200 105 35 71 42 148 152 52 92 29 
1200 106 73 10 172 114 
1200 107 40 136 172 
1200 108 2 131 5 15 50 121 57 188 69 
1200 109 153 122 195 86 14 
1200 110 70 71 41 11 182 120 188 95 
1200 111 129 179 22 
1200 112 49 63 
1200 113 2 8 171 172 114 183 90 155 159 
1200 114 2 106 141 113 149 27 
1200 115 4 
1200 116 0 66 40 171 172 146 21 185 159 
1200 117 17 193 30 89 
1200 118 19 35 125 182 95 
1200 119 43 156 
1200 120 98 11 155 110 7 
1200 121 57 108 5 69 
1200 122 11 13 109 14 195 
1200 123 36 51 4 181 78 
1200 124 127 151 167 190 15 
1200 125 84 49 132 118 
1200 126 33 163 4 197 97 18 
1200 127 2 124 62 
1200 128 86 15 
1200 129 49 22 111 
1200 130 67 44 101 173 
1200 131 108 
1200 132 0 146 19 84 87 125 
1200 133 100 45 38 183 
1200 134 66 67 
1200 135 41 95 182 7 
1200 136 8 40 107 159 
1200 137 192 58 
1200 138 16 81 99 20 93 
1200 139 27 190 
1200 140 5 
1200 141 96 2 10 62 15 114 149 158 
1200 142 144 25 22 
1200 143 89 38 
1200 144 73 2 102 142 
1200 145 20 101 86 93 
1200 146 0 116 132 175 
1200 147 153 58 61 
1200 148 105 42 29 
1200 149 96 2 3 102 10 44 141 114 158 
1200 150 34 3 165 104 169 44 151 24 
1200 151 124 13 150 
1200 152 0 105 41 
1200 153 164 40 109 147 26 92 58 
1200 154 32 90 166 79 
1200 155 120 113 2 59 
1200 156 43 119 
1200 157 20 86 175 
1200 158 149 2 10 141 
1200 159 194 199 8 171 113 116 87 136 
1200 160 42 29 37 
1200 161 104 20 44 46 54 
1200 162 184 3 
1200 163 15 13 126 167 
1200 164 153 61 65 
1200 165 67 44 150 46 
1200 166 32 154 53 78 31 
1200 167 33 163 124 13 190 
1200 168 33 66 
1200 169 34 188 150 
1200 170 193 47 
1200 171 0 66 113 116 87 159 
1200 172 11 40 10 107 76 113 116 106 
1200 173 80 67 3 44 130 
1200 174 56 93 
1200 175 157 146 85 101 
1200 176 72 60 94 
1200 177 72 
1200 178 72 75 60 
1200 179 24 1 180 111 
1200 180 24 1 179 9 17 
1200 181 12 18 123 4 7 
1200 182 35 7 41 135 46 110 118 95 
1200 183 100 133 38 45 113 6 
1200 184 162 86 
1200 185 0 40 66 116 87 
1200 186 48 60 29 
1200 187 32 78 
1200 188 169 108 110 70 
1200 189 48 37 
1200 190 97 167 139 13 15 124 
1200 191 67 54 13 46 101 
1200 192 49 137 
1200 193 17 170 47 117 89 
1200 194 17 90 30 159 
1200 195 122 26 109 14 
1200 196 42 29 
1200 197 1 4 126 22 9 
1200 198 1 9 30 17 
1200 199 90 159 
1800 0 132 101 171 152 146 116 21 87 56 185 85 
1800 1 68 197 198 39 9 179 180 24 4 28 189 
1800 2 96 155 102 104 73 10 108 141 15 144 113 114 149 59 27 158 127 
1800 3 162 173 150 149 
1800 4 1 66 67 36 51 97 48 18 115 181 123 126 
1800 5 69 108 140 77 50 19 89 121 57 122 62 
1800 6 36 55 141 23 153 90 183 
1800 7 64 98 36 182 71 41 11 12 45 143 181 54 120 100 90 92 135 95 
1800 8 66 40 169 136 159 31 
1800 9 1 179 28 198 39 
1800 10 96 2 102 104 106 172 155 
1800 11 7 172 110 149 120 155 
1800 12 7 75 116 77 47 
1800 13 163 167 15 151 122 190 191 
1800 14 98 195 75 109 86 88 26 60 122 94 
1800 15 128 96 2 75 13 141 149 127 124 190 191 
1800 16 98 99 138 76 81 82 
1800 17 193 194 180 198 47 83 116 117 89 30 
1800 18 68 36 4 97 
1800 19 89 74 140 5 118 
1800 20 145 138 157 93 161 
1800 21 0 172 87 
1800 22 129 25 197 142 111 
1800 23 65 130 6 134 148 181 29 
1800 24 1 83 180 150 28 189 
1800 25 73 142 22 
1800 26 195 109 14 86 88 60 
1800 27 104 2 139 
1800 28 1 100 38 39 9 170 179 24 68 
1800 29 160 130 196 103 105 42 52 23 148 186 60 
1800 30 17 194 180 198 89 
1800 31 8 136 166 159 
1800 32 166 78 79 53 154 187 
1800 33 168 121 91 167 
1800 34 169 83 70 151 
1800 35 40 105 46 118 41 92 
1800 36 18 55 4 6 7 
1800 37 160 186 52 42 
1800 38 64 28 133 
1800 39 1 72 9 111 177 179 91 28 
1800 40 66 35 118 8 107 46 171 182 185 92 95 
1800 41 105 95 35 92 7 
1800 42 37 198 103 105 60 29 
1800 43 83 156 119 
1800 44 80 161 165 
1800 45 194 100 133 7 107 183 90 156 
1800 46 165 35 101 40 80 104 95 
1800 47 17 12 77 
1800 48 160 4 189 103 
1800 49 192 129 84 125 112 
1800 50 5 62 69 
1800 51 4 
1800 52 105 186 103 29 37 
1800 53 32 166 
1800 54 120 191 143 135 7 
1800 55 138 36 6 
1800 56 0 174 
1800 57 121 5 
1800 58 137 147 153 
1800 59 120 2 106 149 
1800 60 130 196 42 14 176 178 148 86 26 29 
1800 61 65 164 153 
1800 62 5 108 77 50 121 69 
1800 63 112 137 
1800 64 38 7 
1800 65 61 23 
1800 66 4 113 8 40 185 136 159 
1800 67 4 165 134 80 91 191 
1800 68 1 18 28 197 181 
1800 69 50 5 62 77 
1800 70 169 34 188 
1800 71 105 92 182 7 
1800 72 39 
1800 73 144 25 2 114 149 
1800 74 89 132 19 196 
1800 75 12 14 15 178 116 86 94 
1800 76 16 172 
1800 77 96 194 5 108 12 47 83 117 127 62 69 
1800 78 32 187 166 
1800 79 32 90 
1800 80 161 98 67 165 104 44 46 
1800 81 16 138 99 
1800 82 16 190 
1800 83 34 198 43 77 17 24 189 
1800 84 192 132 137 49 153 125 
1800 85 0 101 174 93 146 152 175 157 
1800 86 128 75 14 152 174 184 88 26 60 93 94 
1800 87 0 185 136 21 159 
1800 88 26 195 86 14 
1800 89 193 5 74 140 17 19 122 30 
1800 90 194 6 199 7 45 79 150 183 154 
1800 91 168 33 67 177 39 
1800 92 35 71 40 41 135 7 153 
1800 93 161 99 101 174 145 20 85 86 157 
1800 94 75 86 14 
1800 95 40 41 110 46 7 
1800 96 2 10 141 77 15 158 
1800 97 4 139 126 18 181 123 190 
1800 98 128 80 195 135 7 14 16 120 191 
1800 99 16 81 138 93 
1800 100 143 28 45 7 
1800 101 0 130 165 173 46 145 85 152 93 191 
1800 102 144 2 10 149 
1800 103 160 42 48 52 186 29 
1800 104 161 2 155 10 46 80 27 127 
1800 105 35 71 41 42 148 152 52 29 
1800 106 10 59 139 114 
1800 107 40 45 
1800 108 2 131 5 77 144 121 188 62 
1800 109 153 26 14 
1800 110 120 95 11 122 135 
1800 111 129 179 22 39 
1800 112 49 63 
1800 113 152 2 66 194 159 
1800 114 73 2 106 149 
1800 115 4 
1800 116 0 194 136 172 170 75 12 17 117 
1800 117 17 116 77 193 
1800 118 19 129 35 40 
1800 119 43 156 
1800 120 98 59 7 11 172 110 143 54 155 
1800 121 33 5 108 62 57 126 
1800 122 163 5 167 140 13 14 195 110 89 
1800 123 97 187 4 
1800 124 167 151 190 15 
1800 125 49 132 84 129 
1800 126 121 139 4 190 97 
1800 127 104 2 77 15 
1800 128 98 191 86 15 
1800 129 49 118 125 22 111 
1800 130 165 134 101 23 60 29 191 
1800 131 108 
1800 132 0 74 84 125 
1800 133 38 199 141 45 183 153 
1800 134 130 67 23 
1800 135 98 92 54 110 7 
1800 136 66 8 169 116 87 159 31 
1800 137 58 84 63 
1800 138 16 81 99 20 55 
1800 139 97 106 27 126 190 
1800 140 89 122 19 5 
1800 141 96 2 133 6 199 15 149 
1800 142 25 22 
1800 143 120 170 100 54 7 
1800 144 73 2 108 102 
1800 145 20 93 174 101 
1800 146 0 199 85 175 
1800 147 153 58 196 
1800 148 105 196 60 29 23 
1800 149 2 3 102 73 11 141 15 114 59 
1800 150 24 90 3 165 173 
1800 151 34 163 124 13 
1800 152 0 101 199 105 113 85 86 
1800 153 133 6 109 147 84 58 92 61 
1800 154 32 90 
1800 155 120 104 2 11 10 
1800 156 43 45 119 
1800 157 20 93 85 175 
1800 158 96 2 
1800 159 66 8 169 194 113 87 136 31 
1800 160 48 103 29 198 37 
1800 161 162 165 104 44 80 20 93 
1800 162 184 161 3 
1800 163 122 13 190 151 
1800 164 61 
1800 165 161 130 67 101 44 46 80 150 
1800 166 32 53 78 31 
1800 167 33 13 122 124 190 191 
1800 168 33 91 
1800 169 34 70 199 8 171 136 159 
1800 170 116 28 143 
1800 171 0 169 40 
1800 172 10 11 76 116 21 120 
1800 173 3 101 150 
1800 174 175 145 85 86 56 93 
1800 175 146 85 174 157 
1800 176 60 
1800 177 91 39 
1800 178 75 60 
1800 179 1 197 39 9 111 28 
1800 180 24 1 30 198 17 
1800 181 68 23 4 97 7 
1800 182 40 71 7 
1800 183 194 90 133 6 45 
1800 184 162 86 
1800 185 0 40 66 87 
1800 186 103 52 29 37 
1800 187 32 123 78 
1800 188 108 70 
1800 189 48 1 83 24 
1800 190 97 163 167 139 13 15 82 124 126 
1800 191 128 98 67 101 130 167 13 15 54 
1800 192 49 84 
1800 193 17 117 89 
1800 194 113 198 199 45 77 17 116 183 90 30 159 
1800 195 88 98 26 122 14 
1800 196 148 74 147 60 29 
1800 197 1 179 68 22 
1800 198 160 1 194 9 42 17 83 180 30 
1800 199 194 133 169 141 146 152 90 
2400 0 193 132 101 170 171 17 146 116 85 87 152 185 56 117 30 21 
2400 1 195 68 197 198 39 9 179 180 24 4 28 189 
2400 2 96 155 102 104 73 10 108 141 15 144 113 114 149 59 27 158 127 
2400 3 33 162 67 173 149 150 
2400 4 1 66 67 36 51 97 9 48 18 115 181 123 126 
2400 5 69 108 140 77 50 19 52 89 121 57 122 62 
2400 6 36 55 46 23 153 90 183 
2400 7 64 98 36 182 71 41 11 12 45 143 51 181 54 120 100 90 92 135 95 
2400 8 97 40 169 136 31 159 
2400 9 1 195 4 197 198 39 
2400 10 96 2 102 104 73 106 11 172 15 149 27 158 
2400 11 7 104 10 110 143 59 
2400 12 7 75 116 47 
2400 13 32 163 167 94 191 79 53 151 154 187 122 190 127 
2400 14 98 195 109 86 119 88 26 60 
2400 15 128 96 2 163 10 108 149 121 124 
2400 16 98 99 70 138 76 81 82 131 188 
2400 17 0 194 77 47 83 116 89 30 
2400 18 97 51 4 
2400 19 74 122 132 5 118 
2400 20 161 81 138 93 145 157 
2400 21 0 87 
2400 22 129 130 197 65 199 142 111 112 179 25 175 134 
2400 23 97 36 6 134 199 148 29 190 
2400 24 1 180 150 
2400 25 22 
2400 26 153 122 109 14 31 
2400 27 10 2 139 106 
2400 28 1 180 38 
2400 29 160 130 196 103 105 42 175 52 23 186 
2400 30 0 193 198 77 17 117 89 
2400 31 98 166 8 86 153 26 
2400 32 166 13 78 79 
2400 33 3 167 168 184 121 91 190 
2400 34 169 83 70 151 
2400 35 92 118 
2400 36 4 6 7 51 23 153 
2400 37 160 66 39 42 103 177 
2400 38 64 97 28 133 
2400 39 72 1 179 37 9 
2400 40 66 171 118 8 107 172 116 182 185 92 159 
2400 41 152 95 92 46 7 
2400 42 160 196 37 198 105 52 186 60 29 
2400 43 83 156 
2400 44 161 165 173 80 150 101 
2400 45 64 100 156 7 
2400 46 67 100 182 6 135 41 71 118 183 101 165 
2400 47 64 198 17 72 12 143 176 177 178 89 
2400 48 186 4 103 
2400 49 192 129 84 125 111 
2400 50 144 57 62 5 102 
2400 51 36 18 127 4 7 
2400 52 160 5 198 42 29 60 189 62 69 
2400 53 13 166 
2400 54 120 161 191 197 7 
2400 55 6 
2400 56 0 174 
2400 57 50 5 69 127 
2400 58 137 147 153 
2400 59 2 106 11 141 114 149 
2400 60 128 160 196 42 75 14 178 52 86 94 
2400 61 65 147 164 196 
2400 62 96 5 141 50 52 121 127 
2400 63 112 192 151 
2400 64 100 38 7 170 75 45 47 
2400 65 61 22 
2400 66 40 168 4 37 87 
2400 67 3 4 165 134 104 46 80 91 101 191 
2400 68 1 197 181 
2400 69 121 57 108 5 52 
2400 70 16 169 34 108 110 
2400 71 105 46 110 118 7 
2400 72 47 39 
2400 73 106 104 2 10 114 
2400 74 132 122 19 140 118 
2400 75 128 60 12 64 
2400 76 16 138 172 
2400 77 194 5 17 83 117 30 127 
2400 78 32 154 123 
2400 79 32 154 90 13 
2400 80 161 67 44 165 101 
2400 81 16 161 138 20 
2400 82 16 99 190 
2400 83 34 198 43 77 17 180 119 189 
2400 84 49 
2400 85 0 101 87 185 157 159 
2400 86 145 109 14 93 184 152 60 157 31 
2400 87 0 66 136 169 116 21 85 159 
2400 88 14 119 
2400 89 193 5 140 47 17 117 143 30 
2400 90 100 133 6 7 79 113 183 
2400 91 33 67 177 
2400 92 35 118 7 40 105 182 41 152 153 95 
2400 93 138 20 157 86 
2400 94 176 122 60 13 
2400 95 161 7 41 118 105 92 
2400 96 2 102 104 10 15 113 149 124 62 127 
2400 97 4 133 38 8 169 183 18 181 23 123 126 
2400 98 7 14 16 120 31 191 
2400 99 16 82 157 
2400 100 64 90 45 46 7 
2400 101 0 130 67 165 44 173 46 175 80 145 85 191 
2400 102 96 2 104 10 108 144 50 
2400 103 48 29 37 
2400 104 96 161 2 67 102 73 106 11 114 155 10 191 
2400 105 71 42 135 148 182 152 92 29 95 
2400 106 59 104 73 10 139 172 149 27 158 
2400 107 40 172 
2400 108 2 131 69 102 141 15 70 5 
2400 109 14 86 119 152 153 122 26 
2400 110 70 71 169 11 120 122 
2400 111 49 22 
2400 112 130 175 134 22 63 
2400 113 96 2 172 90 158 159 
2400 114 2 104 73 141 149 59 158 
2400 115 4 
2400 116 0 194 132 40 170 12 17 117 87 127 
2400 117 0 193 77 116 89 30 
2400 118 35 71 40 74 46 19 182 92 95 
2400 119 88 83 109 14 
2400 120 98 135 7 110 54 155 
2400 121 33 5 15 127 124 62 69 
2400 122 5 74 109 110 13 19 26 94 
2400 123 97 4 139 78 181 187 
2400 124 96 121 163 190 15 
2400 125 49 
2400 126 97 4 197 
2400 127 96 2 163 13 77 51 116 57 121 62 
2400 128 75 191 60 15 
2400 129 49 22 
2400 130 165 173 112 22 29 101 
2400 131 16 108 
2400 132 0 74 19 116 
2400 133 97 90 38 
2400 134 112 67 22 23 
2400 135 120 105 143 46 7 
2400 136 8 159 87 
2400 137 192 58 
2400 138 76 93 16 81 20 157 
2400 139 123 106 27 190 
2400 140 89 74 5 
2400 141 2 108 114 153 59 62 
2400 142 22 
2400 143 135 170 11 47 7 89 
2400 144 2 50 102 
2400 145 20 157 86 101 
2400 146 0 185 171 199 
2400 147 153 58 61 
2400 148 105 23 
2400 149 96 2 3 106 173 15 114 59 10 
2400 150 24 3 44 151 
2400 151 34 163 13 150 188 63 
2400 152 0 41 109 86 105 92 
2400 153 36 6 199 141 109 147 58 92 26 31 
2400 154 13 78 79 
2400 155 104 120 2 172 
2400 156 43 45 
2400 157 99 138 174 175 145 20 85 86 93 
2400 158 106 113 2 114 10 
2400 159 113 8 171 136 40 85 87 
2400 160 37 42 52 186 60 29 
2400 161 162 165 104 44 80 81 20 54 95 
2400 162 161 3 
2400 163 13 15 151 127 124 191 
2400 164 196 61 
2400 165 161 130 67 101 44 46 80 
2400 166 32 53 31 
2400 167 33 13 
2400 168 33 66 
2400 169 97 34 70 199 8 110 87 188 
2400 170 0 64 116 143 
2400 171 0 40 146 185 159 
2400 172 40 10 107 76 113 185 155 106 
2400 173 130 3 44 101 149 
2400 174 56 157 175 
2400 175 101 199 174 29 112 22 157 
2400 176 178 94 47 
2400 177 178 91 37 47 
2400 178 176 177 60 47 
2400 179 1 22 39 
2400 180 24 1 194 83 28 
2400 181 68 97 123 4 7 
2400 182 7 40 105 46 118 92 
2400 183 97 194 46 90 6 
2400 184 33 86 
2400 185 0 40 171 172 146 85 
2400 186 160 48 42 29 189 
2400 187 123 13 
2400 188 16 169 151 
2400 189 1 186 83 52 
2400 190 33 139 13 82 23 124 
2400 191 128 98 67 101 104 13 163 54 
2400 192 49 63 137 
2400 193 0 89 117 30 
2400 194 17 180 116 77 183 
2400 195 1 14 9 
2400 196 60 42 164 29 61 
2400 197 1 68 22 9 54 126 
2400 198 1 9 42 47 83 52 30 
2400 199 169 175 146 22 23 153 
3000 0 132 5 17 146 21 152 185 170 171 30 56 57 62 193 69 77 85 87 101 116 117 121 
3000 1 195 68 197 198 39 9 179 180 24 4 28 189 
3000 2 96 155 102 104 73 10 108 141 15 144 113 114 19 149 59 186 27 158 127 
3000 3 33 162 67 173 149 150 
3000 4 1 66 67 36 51 97 48 18 115 181 68 123 126 
3000 5 0 121 108 140 50 19 52 57 89 122 69 
3000 6 36 55 46 23 153 90 183 
3000 7 64 98 36 182 71 41 11 12 45 143 181 54 120 100 159 92 135 95 
3000 8 97 66 40 169 136 31 
3000 9 24 1 39 
3000 10 2 59 113 102 81 15 106 172 93 145 20 184 27 157 127 
3000 11 7 110 143 122 155 159 
3000 12 7 51 75 77 47 
3000 13 32 163 167 94 191 79 53 151 154 187 190 127 
3000 14 98 195 109 86 119 88 26 60 122 94 
3000 15 128 96 2 10 75 149 122 124 190 
3000 16 98 99 70 138 76 81 82 131 188 
3000 17 0 194 198 77 83 117 
3000 18 68 51 4 126 36 
3000 19 96 2 5 74 113 50 118 151 56 
3000 20 161 10 81 
3000 21 0 132 37 172 45 177 85 87 185 91 
3000 22 129 130 197 65 199 183 142 111 112 179 23 25 175 134 
3000 23 97 130 100 133 6 199 148 22 153 29 190 127 
3000 24 1 179 180 195 9 
3000 25 144 50 22 
3000 26 195 109 14 86 119 88 60 94 
3000 27 2 104 73 10 139 178 186 59 158 
3000 28 1 179 47 38 39 
3000 29 160 196 103 105 42 183 175 85 23 60 
3000 30 0 83 180 
3000 31 8 40 195 166 
3000 32 154 166 13 78 63 
3000 33 3 168 190 151 184 121 126 
3000 34 169 83 
3000 35 40 182 118 
3000 36 64 4 6 7 46 18 51 181 55 
3000 37 198 103 42 52 21 186 189 
3000 38 28 143 
3000 39 1 72 9 111 177 28 
3000 40 35 71 8 107 185 153 92 31 
3000 41 7 110 182 152 92 95 
3000 42 148 186 196 29 37 
3000 43 83 156 119 
3000 44 161 67 165 104 80 149 101 
3000 45 64 194 100 197 7 135 21 54 159 
3000 46 165 36 133 6 141 118 183 92 95 
3000 47 170 12 77 143 176 117 89 28 
3000 48 160 186 4 189 103 
3000 49 192 129 84 125 112 
3000 50 25 19 108 5 77 
3000 51 12 18 4 36 127 
3000 52 160 5 198 103 108 77 78 121 186 57 154 187 189 62 37 
3000 53 13 
3000 54 80 161 191 45 7 
3000 55 82 36 138 6 
3000 56 0 69 142 19 174 90 
3000 57 0 52 5 127 
3000 58 137 147 182 
3000 59 2 27 106 172 141 143 178 155 10 159 
3000 60 160 130 199 14 178 148 86 186 26 29 
3000 61 65 164 
3000 62 0 121 52 77 96 
3000 63 32 192 137 151 
3000 64 170 127 36 45 7 
3000 65 61 22 
3000 66 8 116 4 113 
3000 67 130 3 4 165 44 162 80 101 191 
3000 68 1 18 123 4 
3000 69 0 56 108 77 5 
3000 70 16 169 108 76 151 
3000 71 135 40 105 7 110 182 95 
3000 72 178 39 
3000 73 2 104 106 141 144 149 186 27 158 
3000 74 89 90 19 140 118 
3000 75 191 12 86 15 
3000 76 16 188 82 172 70 
3000 77 0 194 69 12 47 17 50 180 117 121 52 62 127 
3000 78 32 187 52 166 
3000 79 90 13 
3000 80 98 67 104 44 173 54 
3000 81 161 99 10 16 20 138 
3000 82 16 76 55 
3000 83 34 198 43 194 17 117 30 
3000 84 49 196 125 
3000 85 0 130 132 101 199 169 29 145 21 86 87 152 185 93 
3000 86 75 141 14 85 26 60 93 
3000 87 0 132 169 146 21 185 85 
3000 88 26 94 109 14 119 
3000 89 193 5 170 47 117 74 
3000 90 194 165 6 74 173 79 150 183 56 154 133 
3000 91 168 177 21 
3000 92 7 40 105 46 110 182 41 
3000 93 161 101 10 85 86 157 
3000 94 195 13 14 176 88 122 26 
3000 95 161 182 71 41 135 46 110 118 7 
3000 96 2 102 62 108 15 19 149 121 158 
3000 97 8 169 23 4 159 
3000 98 80 195 7 109 14 16 119 
3000 99 16 81 
3000 100 23 45 7 
3000 101 0 130 67 44 174 157 145 85 152 93 
3000 102 96 2 167 104 10 144 158 
3000 103 160 37 198 29 48 52 189 
3000 104 161 2 102 73 44 173 80 113 186 27 127 
3000 105 196 135 92 29 71 
3000 106 73 10 59 114 158 
3000 107 40 136 114 172 
3000 108 96 2 5 70 141 144 50 52 69 
3000 109 98 195 14 88 153 26 
3000 110 71 41 11 169 122 92 95 
3000 111 195 179 22 39 
3000 112 183 140 175 49 22 151 
3000 113 2 133 104 194 10 66 19 152 186 155 
3000 114 2 136 169 106 107 141 144 149 
3000 115 4 
3000 116 0 66 171 159 127 
3000 117 0 193 77 47 17 83 89 
3000 118 129 35 74 46 19 153 95 
3000 119 98 43 14 88 26 156 
3000 120 159 7 
3000 121 0 33 5 96 77 52 124 62 
3000 122 5 11 140 14 15 110 151 155 94 
3000 123 68 139 4 
3000 124 163 15 151 121 126 127 
3000 125 84 49 132 192 
3000 126 33 4 167 139 18 181 124 190 
3000 127 64 2 163 104 10 13 77 51 116 23 57 124 
3000 128 190 15 
3000 129 49 118 22 
3000 130 161 67 101 134 199 175 85 22 23 60 
3000 131 16 
3000 132 0 171 146 21 87 185 125 85 
3000 133 194 183 46 113 23 90 159 
3000 134 130 22 
3000 135 71 105 7 45 143 95 
3000 136 8 169 114 107 159 
3000 137 58 182 63 
3000 138 16 81 157 55 
3000 139 123 27 190 126 
3000 140 112 122 74 5 
3000 141 2 155 73 108 46 114 86 59 157 158 
3000 142 56 22 
3000 143 38 135 11 47 7 59 
3000 144 2 102 73 108 114 25 
3000 145 10 101 85 
3000 146 0 171 132 87 
3000 147 58 196 182 
3000 148 60 42 199 196 23 
3000 149 96 2 3 73 44 162 15 114 158 
3000 150 90 3 180 
3000 151 33 70 124 13 112 19 122 191 188 190 63 
3000 152 0 101 41 171 113 85 
3000 153 40 118 109 6 23 
3000 154 32 90 187 52 13 
3000 155 2 11 141 113 178 186 59 122 
3000 156 43 119 
3000 157 101 10 141 93 175 174 138 
3000 158 96 2 102 73 106 141 149 27 
3000 159 97 133 7 136 11 45 116 120 59 
3000 160 103 29 48 52 60 189 
3000 161 130 165 104 44 81 20 54 93 95 
3000 162 67 3 149 
3000 163 124 13 127 
3000 164 196 61 
3000 165 161 67 44 173 46 90 191 
3000 166 32 78 31 
3000 167 102 13 126 
3000 168 33 91 
3000 169 97 34 70 8 110 136 114 85 87 
3000 170 0 89 64 47 
3000 171 0 132 146 116 152 185 
3000 172 10 107 76 21 185 59 
3000 173 80 104 90 3 165 
3000 174 56 157 101 
3000 175 130 199 29 112 22 183 157 
3000 176 178 94 47 
3000 177 91 21 39 
3000 178 27 72 176 155 59 60 
3000 179 1 195 111 180 22 24 28 
3000 180 1 77 179 150 24 189 30 
3000 181 36 4 126 7 
3000 182 35 71 41 7 147 137 58 92 95 
3000 183 133 6 46 175 112 22 90 29 
3000 184 33 10 
3000 185 0 132 40 171 172 21 87 85 
3000 186 2 27 37 198 104 73 42 48 113 52 155 60 189 
3000 187 154 52 13 78 
3000 188 16 76 151 
3000 189 160 1 37 103 48 52 180 186 
3000 190 128 33 139 13 15 23 151 126 191 
3000 191 67 165 75 13 54 151 190 
3000 192 49 125 63 
3000 193 0 89 117 
3000 194 133 198 113 199 77 45 17 83 90 
3000 195 1 98 109 14 111 179 24 26 94 31 
3000 196 164 105 42 147 84 148 29 
3000 197 1 45 22 
3000 198 1 194 37 103 17 83 52 186 
3000 199 194 130 175 148 85 22 23 60 
3600 0 132 5 17 146 21 152 185 170 171 30 56 57 62 193 69 77 85 87 101 106 116 117 121 
3600 1 195 68 197 198 39 9 81 179 180 24 4 28 189 
3600 2 96 131 102 104 73 10 108 141 27 15 144 113 114 19 149 50 186 155 59 158 127 
3600 3 33 162 67 173 149 150 
3600 4 1 66 67 36 97 48 115 18 51 181 22 123 126 
3600 5 0 69 108 140 52 121 89 122 
3600 6 36 138 139 141 46 82 183 23 55 90 153 
3600 7 64 98 36 182 71 41 11 12 45 143 54 120 100 159 92 135 95 
3600 8 97 66 40 169 136 159 31 
3600 9 24 1 179 180 
3600 10 2 155 81 73 172 162 93 141 145 20 149 27 184 59 157 
3600 11 155 172 110 7 
3600 12 99 7 75 77 47 116 
3600 13 32 163 102 167 127 94 79 53 151 154 187 122 190 191 
3600 14 98 109 86 119 88 26 60 
3600 15 128 96 2 163 102 141 62 124 190 
3600 16 98 131 70 76 110 81 188 
3600 17 0 193 194 198 47 83 117 30 
3600 18 36 4 22 126 
3600 19 2 132 74 113 118 151 155 
3600 20 161 10 93 
3600 21 0 66 37 45 177 85 87 56 91 
3600 22 129 130 123 4 134 199 39 142 175 112 18 179 119 23 25 111 65 
3600 23 64 65 36 133 134 46 175 112 148 181 22 6 29 190 
3600 24 1 39 28 9 
3600 25 56 73 144 22 
3600 26 195 14 86 153 60 94 
3600 27 2 131 104 73 106 139 178 149 59 10 
3600 28 64 1 99 68 197 38 39 24 
3600 29 160 130 196 103 105 42 199 52 85 23 60 183 
3600 30 0 17 83 180 116 
3600 31 98 166 113 8 136 86 153 159 
3600 32 166 13 78 79 84 53 187 63 
3600 33 162 3 168 149 151 190 
3600 34 169 83 151 
3600 35 118 71 40 41 46 182 92 95 
3600 36 4 6 7 46 18 51 181 23 153 123 
3600 37 160 39 168 177 52 21 186 
3600 38 64 28 183 
3600 39 1 37 72 22 24 28 
3600 40 35 8 107 136 116 87 159 95 
3600 41 35 7 105 110 182 152 
3600 42 192 160 103 137 76 49 105 186 29 
3600 43 83 156 
3600 44 161 165 173 80 149 150 69 191 
3600 45 64 194 197 135 136 107 172 21 54 7 90 
3600 46 67 36 182 6 71 183 141 35 54 23 153 191 
3600 47 176 17 75 12 198 
3600 48 186 4 189 
3600 49 42 187 84 125 111 
3600 50 96 144 2 186 102 
3600 51 36 4 181 
3600 52 37 198 78 121 29 5 
3600 53 32 128 98 72 13 158 
3600 54 98 197 45 46 7 
3600 55 6 71 
3600 56 0 142 174 144 21 25 
3600 57 0 96 62 127 
3600 58 137 147 182 153 
3600 59 106 2 27 10 159 
3600 60 103 105 14 176 148 86 26 29 
3600 61 65 147 164 196 153 
3600 62 0 96 69 106 108 141 77 57 15 127 
3600 63 32 187 84 
3600 64 99 38 7 170 45 23 28 
3600 65 61 22 23 
3600 66 4 8 113 21 185 136 91 159 
3600 67 3 4 104 46 184 91 
3600 68 1 195 197 97 81 28 
3600 69 0 5 102 44 173 62 
3600 70 16 169 188 110 151 
3600 71 35 135 105 138 7 46 82 118 55 92 
3600 72 176 178 53 39 
3600 73 2 102 106 144 114 25 27 10 158 
3600 74 140 90 19 196 119 
3600 75 99 12 47 178 86 94 127 
3600 76 138 110 16 82 188 42 
3600 77 0 96 12 180 117 124 62 
3600 78 32 154 52 166 
3600 79 32 13 
3600 80 161 98 44 173 191 
3600 81 1 195 68 10 16 123 
3600 82 99 76 6 71 
3600 83 17 34 43 30 
3600 84 32 132 49 188 125 63 
3600 85 0 160 130 132 101 103 105 171 174 175 145 146 21 86 29 159 
3600 86 128 195 75 14 174 85 152 26 60 94 31 
3600 87 0 40 169 172 114 146 21 185 
3600 88 122 94 14 
3600 89 193 90 170 5 119 
3600 90 196 165 6 74 140 45 173 89 154 
3600 91 168 177 66 67 21 
3600 92 152 71 35 7 
3600 93 145 10 20 141 157 
3600 94 195 75 13 176 86 88 122 187 26 
3600 95 40 35 135 7 
3600 96 2 104 141 77 15 50 57 121 124 62 
3600 97 4 8 169 181 68 126 159 
3600 98 80 135 7 14 16 53 54 119 31 191 
3600 99 64 75 12 82 28 127 
3600 100 7 
3600 101 0 165 104 137 141 174 175 173 147 85 
3600 102 2 69 104 73 108 13 141 50 149 151 15 158 
3600 103 160 105 42 85 60 29 
3600 104 96 2 67 101 102 127 173 114 131 186 27 158 191 
3600 105 160 196 71 41 42 135 148 85 152 103 60 29 
3600 106 0 59 73 158 27 62 149 
3600 107 40 114 172 45 
3600 108 2 5 102 141 186 188 62 
3600 109 152 153 195 158 14 
3600 110 70 135 41 11 76 16 169 120 188 
3600 111 49 195 22 129 
3600 112 130 199 183 140 175 22 23 
3600 113 2 131 133 199 172 66 141 19 143 31 
3600 114 2 136 73 107 104 87 
3600 115 4 
3600 116 0 194 132 40 12 170 171 172 136 146 117 185 30 159 
3600 117 0 17 116 77 
3600 118 19 35 71 
3600 119 128 98 74 14 22 89 
3600 120 143 172 197 110 7 
3600 121 0 96 52 5 127 
3600 122 195 5 167 140 13 151 88 94 
3600 123 36 4 181 22 81 
3600 124 96 127 163 77 15 
3600 125 49 187 84 129 
3600 126 97 4 197 167 139 18 127 
3600 127 2 99 104 57 75 13 62 151 121 124 126 
3600 128 15 53 86 119 190 191 
3600 129 187 125 22 111 
3600 130 199 173 112 148 85 22 183 29 
3600 131 104 113 2 27 16 
3600 132 0 171 146 19 84 85 116 
3600 133 113 146 199 23 
3600 134 22 23 
3600 135 98 71 105 7 45 110 143 95 
3600 136 66 8 45 40 114 116 31 
3600 137 42 58 182 101 
3600 138 76 157 6 71 
3600 139 126 27 190 6 
3600 140 112 90 122 74 5 
3600 141 96 2 101 102 10 108 46 15 157 113 174 6 155 93 62 
3600 142 144 56 22 
3600 143 135 7 113 120 155 159 
3600 144 2 73 142 50 56 25 
3600 145 10 85 93 175 
3600 146 0 132 133 199 116 85 87 152 153 
3600 147 58 61 101 
3600 148 130 196 199 105 23 60 
3600 149 33 2 3 102 10 44 162 150 27 106 
3600 150 3 165 169 44 180 149 
3600 151 33 34 163 70 102 167 13 19 122 191 188 127 
3600 152 0 41 109 146 86 105 92 
3600 153 36 6 109 46 26 183 164 58 31 61 146 
3600 154 90 187 13 78 166 
3600 155 2 10 11 141 143 19 186 
3600 156 43 
3600 157 10 175 138 93 141 
3600 158 2 102 104 73 106 109 53 
3600 159 97 194 7 8 171 172 66 143 40 116 85 59 31 
3600 160 37 103 105 42 85 186 29 
3600 161 80 20 162 44 
3600 162 33 10 3 149 161 
3600 163 167 151 124 13 15 
3600 164 153 196 61 
3600 165 90 44 101 150 
3600 166 32 154 78 31 
3600 167 163 13 151 122 126 191 
3600 168 33 91 37 
3600 169 97 34 70 199 8 110 150 87 
3600 170 0 89 116 64 193 
3600 171 0 132 199 116 85 185 190 159 
3600 172 11 10 107 45 113 116 87 120 159 
3600 173 130 3 101 104 44 80 90 69 
3600 174 101 141 175 85 86 56 
3600 175 101 199 183 174 112 145 85 22 23 157 
3600 176 72 60 94 47 
3600 177 178 91 21 37 
3600 178 72 177 75 27 
3600 179 1 189 22 9 
3600 180 1 9 77 150 189 30 
3600 181 97 36 51 23 4 123 
3600 182 35 7 137 46 41 58 
3600 183 130 6 38 46 175 112 153 29 
3600 184 10 67 
3600 185 0 66 171 116 87 
3600 186 160 2 37 104 42 108 48 50 155 189 
3600 187 32 192 129 13 49 154 125 94 63 
3600 188 70 76 108 110 16 84 151 
3600 189 1 195 48 179 180 186 
3600 190 128 33 139 171 13 15 23 191 
3600 191 128 98 167 104 44 13 46 80 151 190 
3600 192 42 187 
3600 193 0 17 170 89 
3600 194 17 116 45 198 159 
3600 195 1 68 109 189 81 86 26 111 122 94 
3600 196 164 105 74 61 148 90 29 
3600 197 1 68 45 54 120 28 126 
3600 198 1 194 52 17 47 
3600 199 130 133 169 171 175 112 113 146 148 22 29 
4200 0 132 5 17 146 21 152 185 170 171 30 56 57 62 193 69 77 85 87 101 103 106 116 117 121 
4200 1 66 195 68 197 198 39 168 9 130 112 81 179 180 24 4 91 28 189 134 
4200 2 96 131 102 104 73 10 108 141 27 15 144 113 114 19 149 50 186 155 59 158 127 
4200 3 33 162 67 173 149 150 30 
4200 4 1 67 36 197 97 48 115 18 51 181 22 123 126 
4200 5 0 103 108 140 77 50 52 57 89 121 122 
4200 6 36 138 139 141 46 82 183 23 55 90 153 
4200 7 64 98 36 182 71 41 11 12 45 143 181 54 120 100 159 92 135 95 
4200 8 97 66 40 169 136 159 126 31 
4200 9 1 65 199 105 39 28 175 148 85 151 24 180 60 29 
4200 10 96 2 113 81 73 11 172 93 145 114 20 184 59 157 158 127 
4200 11 7 10 110 143 120 155 159 
4200 12 7 75 99 36 47 
4200 13 32 163 102 167 94 79 53 151 154 187 188 122 190 191 
4200 14 129 98 195 75 109 142 111 53 86 119 88 26 60 122 
4200 15 128 96 2 108 141 177 155 124 190 
4200 16 98 99 76 82 70 
4200 17 0 193 194 77 47 83 30 
4200 18 4 126 
4200 19 96 2 74 118 151 59 
4200 20 161 10 138 81 
4200 21 0 66 37 45 177 116 87 56 91 
4200 22 129 68 134 199 140 175 179 183 25 4 
4200 23 97 133 6 65 175 51 148 181 55 153 29 190 
4200 24 1 83 150 9 
4200 25 56 50 22 
4200 26 98 195 109 14 177 88 153 122 
4200 27 2 106 178 149 186 158 
4200 28 1 170 197 38 9 
4200 29 160 130 196 9 42 23 175 85 151 186 125 
4200 30 0 193 3 33 44 17 180 116 
4200 31 98 195 166 8 136 159 
4200 32 42 13 78 84 154 63 
4200 33 67 167 3 151 184 124 30 
4200 34 169 70 150 
4200 35 36 182 
4200 36 64 97 35 4 165 6 7 12 51 121 55 153 154 188 
4200 37 66 168 114 52 21 91 
4200 38 28 133 143 
4200 39 1 72 9 47 177 111 
4200 40 66 71 8 107 46 136 182 87 153 95 
4200 41 182 71 7 118 152 92 95 
4200 42 192 32 196 103 137 49 84 52 60 29 
4200 43 156 45 119 
4200 44 80 30 
4200 45 64 197 133 7 136 43 143 21 119 90 159 
4200 46 67 101 6 71 40 183 153 95 191 
4200 47 64 194 39 72 75 12 176 17 117 89 158 
4200 48 115 4 125 
4200 49 42 125 
4200 50 2 5 103 104 108 144 25 
4200 51 36 23 4 181 127 
4200 52 5 166 105 42 78 121 57 37 
4200 53 128 177 13 14 191 
4200 54 160 161 98 135 7 191 110 120 95 159 
4200 55 36 190 6 23 
4200 56 0 142 174 144 21 25 
4200 57 0 96 5 106 52 69 
4200 58 137 147 101 
4200 59 2 104 10 172 141 114 19 186 155 
4200 60 130 196 199 9 42 14 175 178 148 85 86 125 
4200 61 65 164 
4200 62 0 69 102 
4200 63 32 187 84 
4200 64 100 7 75 45 47 36 143 
4200 65 9 119 164 61 23 
4200 66 1 37 134 113 136 171 168 21 8 40 91 
4200 67 33 3 4 165 134 104 173 46 80 184 101 69 
4200 68 1 181 22 197 
4200 69 0 194 67 108 77 173 121 57 62 
4200 70 16 169 34 188 110 
4200 71 7 40 41 138 46 118 105 122 95 
4200 72 75 39 171 47 176 177 178 158 
4200 73 2 102 106 114 10 158 
4200 74 122 19 118 119 
4200 75 64 72 170 12 14 47 122 
4200 76 16 138 110 
4200 77 0 96 194 69 17 180 5 
4200 78 32 123 52 94 
4200 79 154 188 13 
4200 80 161 194 67 101 44 98 173 
4200 81 1 10 99 20 
4200 82 16 190 6 
4200 83 24 17 180 117 198 
4200 84 32 192 132 137 42 196 125 63 
4200 85 0 130 103 105 171 174 29 146 9 86 87 185 60 93 169 159 
4200 86 195 93 14 175 85 60 157 94 
4200 87 0 132 136 169 40 114 85 185 21 
4200 88 195 14 158 26 122 94 
4200 89 193 5 47 119 90 143 
4200 90 100 165 6 199 45 113 183 89 
4200 91 1 114 66 37 21 
4200 92 152 41 7 
4200 93 10 141 145 85 86 157 
4200 94 88 78 13 86 
4200 95 118 71 40 41 7 46 54 135 
4200 96 2 103 10 108 77 15 19 149 57 121 124 158 
4200 97 4 8 169 23 36 123 
4200 98 80 195 7 14 16 54 119 26 191 31 
4200 99 170 12 16 81 116 157 
4200 100 64 127 90 183 7 
4200 101 0 67 137 141 46 175 80 147 58 157 191 
4200 102 2 73 108 13 158 144 114 190 154 188 62 191 
4200 103 0 96 5 198 105 42 50 85 124 189 
4200 104 161 2 67 165 106 130 173 113 50 131 155 186 59 
4200 105 196 135 9 71 110 148 85 52 103 
4200 106 0 104 73 178 57 27 
4200 107 40 136 114 
4200 108 96 2 69 102 141 15 50 121 186 188 5 
4200 109 122 195 26 14 
4200 110 70 135 105 11 76 54 169 122 188 
4200 111 179 14 39 
4200 112 1 130 151 140 199 
4200 113 2 66 133 199 104 10 194 143 114 90 158 
4200 114 2 163 37 102 136 169 10 107 59 113 73 87 91 
4200 115 48 4 
4200 116 0 99 136 170 172 146 117 21 30 127 
4200 117 0 170 83 116 47 
4200 118 129 132 71 41 74 19 182 153 95 
4200 119 65 98 74 43 45 14 183 89 156 
4200 120 7 11 172 143 54 159 
4200 121 0 96 36 5 108 52 150 127 69 165 
4200 122 197 163 5 71 74 75 109 14 13 195 110 151 88 26 155 127 
4200 123 97 187 4 139 78 
4200 124 96 33 167 103 15 127 
4200 125 130 132 199 48 49 84 187 60 29 
4200 126 163 4 8 139 18 190 
4200 127 2 163 100 167 10 141 51 116 121 122 124 
4200 128 191 53 190 15 
4200 129 118 22 14 
4200 130 1 165 199 104 125 173 175 112 85 150 60 29 
4200 131 104 144 2 
4200 132 0 171 84 118 87 125 
4200 133 113 45 38 23 
4200 134 1 66 67 22 199 
4200 135 7 105 110 54 159 95 
4200 136 66 8 107 45 40 114 116 87 31 
4200 137 42 84 58 101 
4200 138 20 76 6 71 
4200 139 123 126 6 
4200 140 112 5 22 
4200 141 2 101 6 108 93 15 149 59 157 127 
4200 142 56 14 
4200 143 64 38 7 170 11 45 113 120 89 155 
4200 144 2 131 102 50 56 186 
4200 145 10 93 
4200 146 0 185 171 116 85 
4200 147 153 58 164 101 
4200 148 9 151 175 105 183 23 60 
4200 149 96 2 3 173 141 150 27 158 
4200 150 34 3 165 169 130 180 149 24 121 
4200 151 33 9 13 112 19 148 183 169 122 29 190 191 
4200 152 0 199 41 171 185 92 
4200 153 36 6 199 40 46 147 118 23 26 
4200 154 32 36 102 13 79 187 
4200 155 2 104 172 11 143 15 122 59 
4200 156 43 119 
4200 157 99 101 10 141 86 93 
4200 158 96 2 102 72 73 10 47 113 149 88 27 
4200 159 194 171 7 8 11 172 45 85 54 120 135 31 
4200 160 186 29 54 189 
4200 161 104 80 20 54 
4200 162 184 3 
4200 163 167 13 114 122 126 127 
4200 164 65 147 196 61 
4200 165 194 67 36 104 130 150 121 90 
4200 166 52 31 
4200 167 33 163 13 124 190 127 
4200 168 1 66 37 
4200 169 97 34 70 199 8 171 110 114 85 150 87 151 
4200 170 0 99 75 143 116 117 28 
4200 171 0 66 132 72 169 176 146 85 152 159 
4200 172 155 10 178 116 120 59 159 
4200 173 130 67 69 104 80 3 149 191 
4200 174 56 85 
4200 175 130 101 9 148 86 23 22 60 29 
4200 176 72 171 47 
4200 177 39 72 15 178 53 26 21 
4200 178 72 106 172 177 27 60 
4200 179 1 180 189 22 111 
4200 180 1 179 9 77 83 150 189 30 
4200 181 68 7 4 51 23 
4200 182 40 41 35 118 7 
4200 183 194 100 6 119 46 148 22 151 90 
4200 184 33 10 67 162 
4200 185 0 152 146 85 87 
4200 186 160 2 27 198 104 108 144 59 29 
4200 187 63 154 123 13 125 
4200 188 36 70 102 108 13 110 79 
4200 189 160 1 195 103 179 180 
4200 190 128 102 167 23 13 15 82 55 151 126 
4200 191 128 98 101 102 173 46 13 53 54 151 
4200 192 42 84 
4200 193 0 89 30 17 
4200 194 165 113 77 47 80 17 183 69 159 
4200 195 1 98 109 14 26 86 88 122 189 31 
4200 196 164 105 42 84 60 29 
4200 197 1 68 45 4 122 28 
4200 198 1 186 83 103 
4200 199 130 134 9 112 113 22 169 152 153 90 60 125 
4800 0 132 5 17 146 21 152 185 170 171 30 56 57 62 193 69 77 85 87 101 103 106 116 117 121 
4800 1 66 195 68 197 198 39 168 9 130 112 81 179 180 24 4 91 28 189 134 
4800 2 131 10 141 15 144 19 149 27 28 158 155 170 175 50 186 59 64 73 96 99 102 104 108 113 114 127 
4800 3 33 162 67 107 173 149 150 
4800 4 1 66 115 36 97 9 13 48 81 18 51 181 22 123 126 
4800 5 0 69 108 140 77 52 57 89 122 62 
4800 6 139 36 138 75 46 82 183 23 55 90 153 
4800 7 64 98 100 182 71 41 11 12 45 143 51 54 183 120 135 159 92 36 95 
4800 8 97 66 40 169 136 31 
4800 9 1 4 197 65 199 104 105 39 175 148 53 151 68 60 29 85 
4800 10 2 81 172 162 93 141 145 114 20 184 155 188 157 
4800 11 19 172 110 7 
4800 12 99 7 75 77 47 18 181 23 127 
4800 13 32 163 4 167 79 81 94 154 187 53 190 191 
4800 14 129 98 109 142 111 86 119 88 26 122 
4800 15 128 2 163 108 141 177 149 122 155 124 62 127 
4800 16 98 99 70 76 110 82 188 
4800 17 0 193 194 139 77 83 116 30 
4800 18 68 4 22 12 
4800 19 96 2 132 74 11 140 118 89 186 59 
4800 20 161 69 10 157 145 138 
4800 21 0 37 136 45 177 116 185 
4800 22 65 4 197 199 129 139 18 179 39 25 126 
4800 23 65 130 100 133 6 97 12 46 112 51 153 36 29 
4800 24 1 91 180 28 39 
4800 25 73 142 22 
4800 26 195 38 14 177 119 158 
4800 27 104 59 2 139 178 
4800 28 1 2 100 75 47 179 180 24 
4800 29 160 130 196 199 104 9 42 183 151 52 53 23 186 60 125 
4800 30 0 33 198 107 44 17 116 89 
4800 31 8 153 136 38 166 
4800 32 76 13 78 84 154 63 
4800 33 67 107 3 190 150 184 124 30 
4800 34 91 70 
4800 35 36 41 46 117 182 105 92 95 
4800 36 64 35 4 165 6 7 40 46 52 181 23 154 
4800 37 160 66 198 103 42 52 21 186 
4800 38 26 126 31 
4800 39 1 72 9 47 22 24 111 158 
4800 40 66 36 8 41 116 117 118 87 153 185 159 
4800 41 35 7 40 46 182 152 95 
4800 42 192 160 100 37 103 137 76 49 52 85 29 
4800 43 146 83 156 101 
4800 44 194 165 104 80 149 30 191 
4800 45 64 194 107 100 7 136 135 21 54 119 
4800 46 100 67 36 133 6 71 41 35 23 153 95 
4800 47 64 39 170 12 143 176 177 178 116 28 158 
4800 48 4 
4800 49 192 42 84 125 
4800 50 96 2 69 103 104 77 56 121 186 
4800 51 97 7 4 181 23 
4800 52 160 36 37 166 156 42 117 78 29 102 53 57 188 189 69 5 
4800 53 65 98 9 13 79 52 154 183 90 29 
4800 54 120 194 95 45 7 
4800 55 75 190 6 
4800 56 0 50 174 
4800 57 0 96 69 103 108 52 5 127 
4800 58 137 147 
4800 59 2 155 178 19 149 27 
4800 60 160 130 199 9 75 175 176 178 85 86 186 29 94 
4800 61 65 164 196 
4800 62 0 96 5 106 108 141 77 15 121 127 
4800 63 32 137 187 151 
4800 64 2 99 36 7 170 45 47 143 
4800 65 9 23 53 22 183 151 61 
4800 66 1 67 4 37 134 8 40 185 
4800 67 33 130 3 66 165 134 168 107 162 46 184 
4800 68 1 197 97 9 81 18 126 
4800 69 0 194 5 77 50 52 57 20 
4800 70 16 108 34 76 110 
4800 71 135 105 7 46 110 152 
4800 72 171 39 
4800 73 2 104 106 141 144 25 158 
4800 74 89 90 19 122 119 
4800 75 128 99 6 28 138 12 86 55 122 60 127 
4800 76 32 70 42 110 16 82 138 
4800 77 0 194 5 108 12 17 50 69 62 127 
4800 78 32 96 166 52 154 123 94 
4800 79 13 102 53 
4800 80 130 107 44 191 
4800 81 1 68 197 10 13 179 4 
4800 82 16 122 76 6 
4800 83 17 194 43 180 189 
4800 84 32 153 192 110 49 
4800 85 0 130 132 101 104 9 42 171 86 152 60 159 
4800 86 128 192 195 145 75 14 174 184 85 88 152 187 60 157 
4800 87 0 136 169 171 40 114 159 
4800 88 122 86 109 14 119 
4800 89 193 5 74 140 19 122 30 
4800 90 196 6 74 173 113 53 122 
4800 91 24 1 34 177 
4800 92 153 95 35 182 7 
4800 93 10 99 157 138 174 
4800 94 96 195 60 13 78 
4800 95 35 54 135 41 7 46 182 92 
4800 96 2 166 108 78 113 50 19 94 57 121 62 
4800 97 4 8 139 51 126 23 68 190 
4800 98 128 135 7 14 16 53 120 
4800 99 64 2 75 12 93 16 157 
4800 100 7 137 42 23 45 46 143 183 28 
4800 101 0 196 165 43 141 85 157 191 
4800 102 128 2 167 79 52 151 188 190 191 
4800 103 0 37 42 108 50 57 
4800 104 2 131 165 73 183 44 112 27 50 9 85 151 186 155 29 127 
4800 105 35 71 9 135 151 152 
4800 106 0 73 139 114 186 62 
4800 107 33 3 173 45 80 67 149 30 
4800 108 96 2 5 70 103 141 77 15 57 121 186 62 
4800 109 195 14 119 88 153 158 
4800 110 70 71 169 11 76 16 84 182 
4800 111 179 195 14 39 
4800 112 1 104 151 140 175 119 23 
4800 113 96 2 132 199 172 143 114 183 152 185 186 90 159 
4800 114 2 136 169 106 113 158 87 10 190 
4800 115 4 
4800 116 0 194 132 40 172 47 17 146 21 30 
4800 117 0 35 198 40 170 52 
4800 118 132 135 40 19 182 125 
4800 119 74 109 14 45 112 183 88 26 
4800 120 98 159 135 54 7 
4800 121 0 160 165 96 108 50 126 150 124 62 127 
4800 122 5 167 74 75 140 14 15 82 88 89 90 127 
4800 123 78 139 4 187 126 
4800 124 33 163 167 15 126 151 121 190 127 
4800 125 129 130 132 49 118 29 
4800 126 97 68 197 38 167 169 22 121 4 123 124 190 
4800 127 2 163 104 75 12 77 15 121 57 122 124 62 
4800 128 98 171 102 75 15 177 86 
4800 129 22 14 125 
4800 130 1 67 165 125 173 175 80 85 150 23 60 29 191 
4800 131 104 2 172 186 178 
4800 132 0 113 19 116 85 118 152 125 
4800 133 194 199 23 46 146 183 153 
4800 134 1 66 67 175 
4800 135 98 118 71 105 7 45 143 182 120 159 95 
4800 136 8 45 114 21 87 159 31 
4800 137 42 100 58 63 
4800 138 20 75 76 93 6 
4800 139 97 123 6 106 175 17 22 27 
4800 140 5 112 19 185 152 89 122 
4800 141 2 101 73 10 108 174 15 145 62 
4800 142 144 25 14 
4800 143 64 100 135 170 7 172 47 113 159 
4800 144 73 2 186 158 142 
4800 145 10 20 141 86 175 
4800 146 0 193 133 43 175 116 185 152 153 
4800 147 153 58 164 182 
4800 148 9 
4800 149 2 3 107 44 173 15 155 150 59 158 
4800 150 33 130 3 180 149 121 
4800 151 65 163 102 104 9 112 105 183 124 29 63 
4800 152 0 132 71 105 199 140 113 146 85 86 41 
4800 153 133 6 40 109 46 146 147 84 23 92 31 
4800 154 32 36 13 78 53 187 188 
4800 155 2 104 10 172 15 178 149 59 
4800 156 43 52 166 
4800 157 99 101 10 20 86 93 
4800 158 2 39 73 109 47 144 114 149 26 186 
4800 159 194 7 40 171 172 143 113 85 87 120 136 135 
4800 160 194 37 198 42 52 121 186 60 29 
4800 161 162 20 
4800 162 161 67 3 10 
4800 163 167 13 15 151 191 124 127 
4800 164 147 61 
4800 165 130 67 36 101 104 44 173 121 191 
4800 166 96 52 156 78 31 
4800 167 163 102 13 190 122 124 126 
4800 168 1 67 
4800 169 199 8 110 114 87 126 
4800 170 0 64 2 47 175 117 143 
4800 171 0 128 72 85 87 185 159 191 
4800 172 131 10 11 143 113 178 116 185 155 159 
4800 173 130 3 165 107 149 90 191 
4800 174 56 93 141 86 175 
4800 175 193 2 134 9 170 139 130 174 112 145 146 183 60 
4800 176 60 47 
4800 177 128 15 47 21 26 91 
4800 178 27 172 47 131 155 59 60 
4800 179 1 195 197 111 81 22 28 
4800 180 1 194 198 83 150 24 28 189 
4800 181 12 51 4 36 
4800 182 35 135 41 7 110 147 118 92 95 
4800 183 65 194 100 133 6 199 104 7 175 113 53 151 119 29 
4800 184 33 10 67 86 
4800 185 0 66 40 172 171 140 113 146 21 
4800 186 160 2 131 37 104 106 108 144 113 50 19 60 29 158 
4800 187 154 123 13 86 63 
4800 188 16 10 52 154 102 
4800 189 180 1 83 52 
4800 190 33 97 102 167 13 114 55 124 126 191 
4800 191 130 163 101 102 171 44 13 173 80 190 165 
4800 192 49 42 84 86 
4800 193 0 89 146 175 17 
4800 194 160 133 197 44 45 77 17 83 116 54 183 180 69 159 
4800 195 1 109 111 179 86 26 94 
4800 196 61 90 29 101 
4800 197 1 194 68 9 81 179 22 126 
4800 198 160 1 37 180 117 30 
4800 199 133 9 113 22 183 152 169 60 29 
5400 0 132 5 17 146 21 152 4 185 170 171 30 56 57 62 193 69 77 85 87 101 103 106 116 117 121 
5400 1 160 66 195 68 197 198 39 168 9 130 112 81 179 180 24 4 91 28 189 134 
5400 2 131 10 141 15 144 19 149 27 28 158 155 175 50 186 59 64 73 96 99 102 104 108 113 114 127 
5400 3 33 162 67 37 107 173 149 150 30 
5400 4 0 1 115 36 197 199 112 13 48 18 51 97 22 68 123 126 181 
5400 5 0 106 140 77 19 52 89 57 122 
5400 6 139 36 138 75 141 46 82 183 23 55 90 153 
5400 7 64 98 100 182 71 41 11 12 45 143 51 54 120 135 159 92 95 
5400 8 97 66 40 169 136 114 159 31 
5400 9 1 195 65 105 175 148 53 151 24 180 60 29 
5400 10 96 2 69 106 11 172 93 145 20 184 15 188 157 127 
5400 11 10 159 110 7 
5400 12 64 99 39 7 47 51 116 
5400 13 32 163 4 102 167 79 18 94 22 154 187 53 190 191 
5400 14 129 98 195 75 109 142 111 86 119 88 26 60 
5400 15 128 2 163 102 10 108 177 124 62 
5400 16 98 131 70 76 82 188 
5400 17 0 194 139 47 83 180 
5400 18 4 13 22 
5400 19 96 2 132 5 104 74 50 118 56 89 186 59 122 
5400 20 161 69 10 145 138 188 93 
5400 21 0 160 194 66 45 177 56 
5400 22 65 130 68 197 134 39 139 13 142 175 18 183 25 123 4 
5400 23 36 133 6 148 181 127 
5400 24 1 179 39 9 83 28 
5400 25 102 142 144 50 22 56 157 
5400 26 38 109 14 177 86 87 60 31 
5400 27 2 131 104 178 114 59 158 
5400 28 64 1 2 99 100 38 39 170 179 180 24 
5400 29 160 130 196 103 9 42 151 105 53 183 186 125 199 
5400 30 0 83 3 198 44 77 67 116 117 
5400 31 98 136 166 177 8 80 113 153 26 
5400 32 100 13 78 84 154 187 63 
5400 33 162 3 37 107 173 150 184 121 124 190 
5400 34 91 70 
5400 35 36 71 40 41 46 118 
5400 36 35 4 165 6 23 46 52 181 55 121 154 117 166 
5400 37 33 66 3 103 168 42 162 114 
5400 38 64 97 100 109 78 26 28 126 
5400 39 1 99 72 12 177 179 116 181 22 24 136 91 28 158 
5400 40 35 8 172 182 185 92 
5400 41 35 71 135 118 152 7 92 95 
5400 42 192 160 37 103 137 76 49 85 186 60 29 63 
5400 43 146 156 101 
5400 44 161 130 67 101 194 173 149 30 
5400 45 64 100 133 7 21 54 120 156 
5400 46 35 36 101 6 135 80 67 118 153 165 
5400 47 17 170 75 12 143 176 177 178 116 117 
5400 48 186 115 4 125 
5400 49 112 42 84 101 
5400 50 2 108 77 144 19 52 25 57 186 62 
5400 51 4 7 12 182 120 100 58 123 
5400 52 96 36 5 103 77 50 186 154 188 189 69 
5400 53 9 148 29 13 
5400 54 160 98 197 135 7 45 
5400 55 97 75 36 6 
5400 56 0 69 102 174 144 19 21 25 
5400 57 0 69 106 77 50 62 5 
5400 58 51 147 
5400 59 2 131 68 141 113 114 19 120 27 
5400 60 128 160 130 199 9 42 75 14 86 26 186 94 
5400 61 65 147 164 
5400 62 0 96 102 106 77 15 50 57 121 
5400 63 32 192 42 100 112 
5400 64 2 99 38 7 170 12 45 175 28 127 
5400 65 9 164 61 22 119 
5400 66 1 37 168 171 8 116 21 87 136 159 
5400 67 130 3 165 134 168 107 44 46 104 149 30 191 
5400 68 1 59 4 97 73 144 22 186 123 
5400 69 0 194 102 10 108 77 20 56 57 52 
5400 70 16 169 34 108 151 
5400 71 35 7 72 41 122 95 
5400 72 71 39 114 176 177 178 188 158 
5400 73 2 68 104 106 149 186 158 
5400 74 176 89 90 19 118 
5400 75 99 6 14 47 86 55 60 
5400 76 16 188 42 100 138 
5400 77 0 96 195 69 106 139 81 50 83 52 62 57 179 30 5 
5400 78 32 96 38 166 154 187 
5400 79 13 
5400 80 161 156 46 31 
5400 81 1 99 161 77 180 181 
5400 82 16 99 190 6 
5400 83 24 17 194 77 30 
5400 84 32 192 137 110 49 153 125 
5400 85 0 130 104 42 174 145 148 87 157 
5400 86 128 192 75 141 14 145 88 26 187 60 157 
5400 87 0 66 136 177 114 116 85 88 26 159 
5400 88 148 86 14 87 
5400 89 5 170 143 19 74 117 119 122 157 
5400 90 194 133 6 199 74 122 102 
5400 91 1 114 39 34 177 
5400 92 7 40 41 117 182 153 
5400 93 161 10 20 175 
5400 94 96 60 195 156 13 
5400 95 161 71 105 7 118 41 
5400 96 149 2 166 158 104 10 77 78 19 52 94 186 124 62 127 
5400 97 4 133 38 8 169 55 68 123 126 
5400 98 195 7 14 16 148 54 120 158 31 
5400 99 64 2 39 75 12 175 81 82 116 28 
5400 100 32 38 7 76 45 51 183 28 63 
5400 101 0 130 196 104 43 44 46 175 49 147 182 152 
5400 102 128 2 163 69 104 13 15 176 141 114 56 25 90 188 62 191 
5400 103 0 42 52 37 29 
5400 104 96 2 67 165 102 73 106 183 173 110 113 19 85 151 27 101 
5400 105 196 9 182 152 29 95 
5400 106 0 5 104 73 10 108 77 114 158 57 62 
5400 107 67 33 114 3 149 
5400 108 2 69 70 106 15 50 188 
5400 109 38 14 119 153 26 158 
5400 110 104 188 11 84 198 
5400 111 195 14 
5400 112 1 4 134 199 140 49 183 63 
5400 113 194 59 133 104 171 2 131 183 152 155 31 
5400 114 2 91 37 102 167 168 106 107 144 27 8 87 72 59 191 
5400 115 48 160 4 
5400 116 0 194 99 132 39 136 172 170 12 66 47 146 117 87 30 159 
5400 117 0 36 47 116 89 92 30 
5400 118 35 132 41 74 46 19 125 95 
5400 119 65 140 109 14 183 89 
5400 120 98 197 7 135 172 45 143 51 59 
5400 121 0 160 36 33 62 150 126 
5400 122 5 167 138 71 140 19 89 90 188 
5400 123 68 51 4 22 97 
5400 124 96 33 167 15 151 127 
5400 125 192 130 175 48 84 118 29 
5400 126 97 127 4 38 121 
5400 127 96 64 2 163 10 141 23 124 126 
5400 128 102 171 15 148 86 60 190 
5400 129 187 157 14 
5400 130 1 67 101 44 173 125 148 85 22 60 29 191 
5400 131 144 2 27 16 113 186 59 
5400 132 0 19 116 118 
5400 133 97 23 45 113 183 90 
5400 134 1 67 199 175 112 22 
5400 135 182 7 41 46 54 120 159 
5400 136 160 194 39 8 66 116 87 31 
5400 137 192 42 84 182 
5400 138 20 122 76 6 
5400 139 17 22 180 77 6 
5400 140 112 185 122 5 119 
5400 141 2 102 6 174 149 86 59 127 
5400 142 25 22 157 14 
5400 143 7 170 47 120 89 155 
5400 144 2 131 68 50 114 56 25 186 
5400 145 10 174 20 85 86 157 
5400 146 0 43 116 
5400 147 153 58 164 101 61 
5400 148 128 130 196 199 9 171 98 85 23 88 53 
5400 149 96 2 3 73 107 44 141 67 184 
5400 150 33 3 165 169 180 121 
5400 151 163 70 104 9 124 183 188 29 190 191 
5400 152 0 101 41 113 105 185 
5400 153 164 6 109 46 147 84 183 92 31 
5400 154 32 36 13 78 52 187 
5400 155 113 2 186 143 
5400 156 80 43 45 94 
5400 157 129 10 142 175 145 85 86 25 89 188 
5400 158 96 2 39 72 73 106 98 109 27 
5400 159 66 171 197 7 8 11 172 194 116 87 135 
5400 160 1 198 136 42 189 115 21 54 121 186 60 29 
5400 161 44 80 81 20 93 95 
5400 162 184 33 3 37 
5400 163 102 167 13 15 151 127 191 
5400 164 65 147 61 190 153 
5400 165 67 36 104 173 46 150 
5400 166 96 188 36 78 31 
5400 167 163 13 114 122 124 190 191 
5400 168 1 114 67 66 37 
5400 169 8 97 188 150 70 
5400 170 0 193 64 143 175 116 89 47 28 
5400 171 0 128 66 176 113 148 159 
5400 172 40 10 116 120 185 159 
5400 173 33 130 3 165 104 44 
5400 174 56 145 141 85 175 
5400 175 64 2 99 101 134 9 170 174 125 157 22 183 93 
5400 176 102 72 74 171 47 178 
5400 177 39 72 47 15 178 21 87 26 91 31 
5400 178 72 177 27 176 47 
5400 179 1 195 197 39 77 24 28 189 
5400 180 1 81 9 139 17 150 28 
5400 181 23 36 39 4 81 
5400 182 101 135 40 137 7 51 105 92 
5400 183 194 100 133 6 104 151 175 112 113 22 119 153 29 
5400 184 33 10 149 162 
5400 185 0 40 152 172 140 
5400 186 160 96 2 131 68 198 48 73 42 144 50 19 52 155 60 29 
5400 187 192 129 32 13 78 86 154 
5400 188 166 102 72 76 10 108 110 16 52 151 169 122 157 20 
5400 189 160 1 179 52 
5400 190 128 33 164 167 13 82 151 196 
5400 191 130 67 102 167 13 114 163 151 
5400 192 137 42 84 86 187 125 63 
5400 193 0 170 
5400 194 197 69 198 113 136 199 44 17 83 116 21 183 90 159 
5400 195 1 98 9 77 14 111 179 94 
5400 196 105 148 29 190 101 
5400 197 1 194 4 54 179 22 120 159 
5400 198 160 1 194 110 186 30 
5400 199 194 4 134 112 148 90 60 29 
6000 0 132 5 17 146 21 152 4 185 170 171 30 56 57 62 193 69 77 85 87 101 103 105 106 116 117 121 
6000 1 160 66 195 68 197 198 39 168 9 130 112 81 179 180 24 4 91 28 189 134 
6000 2 131 10 141 15 144 19 149 27 28 158 155 170 175 50 186 59 64 73 96 99 102 104 108 113 114 127 
6000 3 33 162 67 37 107 173 149 150 91 
6000 4 0 1 130 115 36 197 199 112 66 13 48 18 51 97 22 68 123 126 181 
6000 5 0 69 103 106 140 50 19 52 89 57 122 
6000 6 139 36 138 75 46 82 55 23 25 90 183 153 
6000 7 64 98 100 182 71 41 11 12 45 143 54 183 120 135 90 159 92 95 
6000 8 97 113 40 169 136 31 
6000 9 1 130 68 197 198 65 28 138 183 148 53 151 180 60 29 85 
6000 10 2 141 145 20 149 25 27 157 158 155 172 184 59 188 69 73 82 93 102 104 114 123 127 
6000 11 59 155 110 7 
6000 12 99 166 7 78 47 51 154 79 94 
6000 13 32 163 4 167 127 15 123 84 181 22 68 187 190 191 
6000 14 129 98 75 109 142 111 53 86 119 88 26 60 122 94 
6000 15 128 96 2 163 13 177 149 151 124 191 
6000 16 98 99 70 138 76 188 
6000 17 0 193 194 77 175 83 180 158 
6000 18 97 123 4 51 
6000 19 2 155 5 74 77 118 56 89 186 59 122 
6000 20 161 10 188 145 
6000 21 0 136 172 132 190 
6000 22 68 134 13 175 25 23 4 126 
6000 23 64 65 36 133 6 46 51 148 181 22 153 29 190 127 
6000 24 1 91 180 189 39 
6000 25 6 102 71 73 10 22 
6000 26 38 109 14 86 88 153 122 60 94 
6000 27 2 68 73 10 178 149 106 
6000 28 1 2 99 38 9 170 75 175 179 
6000 29 196 9 42 23 175 53 138 183 125 
6000 30 0 193 198 44 180 117 
6000 31 166 38 113 8 109 80 136 
6000 32 100 13 78 79 53 91 188 63 
6000 33 3 37 167 107 173 190 121 124 126 149 
6000 34 150 70 
6000 35 148 107 36 105 71 
6000 36 35 4 165 6 55 51 181 23 123 
6000 37 160 33 162 67 198 39 103 66 3 149 
6000 38 97 100 109 78 80 183 26 28 126 31 
6000 39 1 37 72 111 136 116 24 127 
6000 40 71 8 171 172 182 87 95 
6000 41 64 118 71 7 148 182 
6000 42 192 164 198 103 137 49 148 85 105 120 52 187 29 63 
6000 43 146 156 101 
6000 44 160 130 101 107 173 179 150 30 
6000 45 194 197 135 7 172 143 54 119 120 133 
6000 46 6 71 104 135 141 23 127 183 95 
6000 47 193 194 198 12 77 143 176 178 116 117 89 
6000 48 160 4 
6000 49 112 42 156 101 86 
6000 50 2 5 103 77 144 52 57 62 
6000 51 97 4 12 18 23 164 58 36 127 
6000 52 198 5 102 42 108 50 117 121 60 189 
6000 53 32 98 72 9 138 14 79 176 148 151 29 158 
6000 54 64 197 7 135 45 143 80 120 191 95 
6000 55 97 36 6 71 75 190 
6000 56 0 174 144 19 142 157 
6000 57 0 5 103 105 50 121 
6000 58 51 147 101 
6000 59 2 131 104 10 11 172 141 19 186 
6000 60 196 199 9 138 14 175 148 86 52 26 125 94 
6000 61 65 124 153 
6000 62 0 69 105 106 77 50 121 
6000 63 32 164 42 84 112 
6000 64 161 2 75 100 7 41 135 148 54 23 95 92 127 
6000 65 9 23 183 151 124 61 190 
6000 66 160 1 4 37 134 171 113 116 87 185 
6000 67 3 37 134 173 80 149 184 91 
6000 68 1 195 4 9 172 13 27 144 81 178 22 123 
6000 69 0 160 5 10 179 62 
6000 70 16 76 34 188 108 
6000 71 75 135 40 41 7 110 35 46 105 25 122 55 
6000 72 39 138 75 53 188 158 
6000 73 2 131 104 10 141 25 27 158 
6000 74 19 102 118 119 
6000 75 64 128 99 6 71 72 170 14 82 55 122 28 138 127 
6000 76 70 138 110 16 82 188 
6000 77 0 19 194 81 139 47 17 50 179 180 83 62 127 
6000 78 96 32 123 166 38 12 80 154 187 156 
6000 79 32 102 12 53 154 90 
6000 80 98 67 165 38 173 78 54 130 31 
6000 81 1 68 161 77 179 84 181 
6000 82 99 6 10 75 76 122 
6000 83 194 198 77 17 180 119 156 189 
6000 84 13 110 81 120 125 63 
6000 85 0 160 130 101 9 42 93 86 125 
6000 86 192 49 141 14 145 85 184 26 60 93 94 
6000 87 0 128 66 40 148 98 113 116 88 185 
6000 88 195 14 148 87 122 26 94 
6000 89 5 105 170 47 19 122 143 
6000 90 194 165 102 7 140 79 183 6 133 
6000 91 32 1 67 168 114 3 149 24 121 
6000 92 64 135 7 110 118 152 153 159 95 
6000 93 10 141 86 85 
6000 94 96 12 14 176 86 88 122 187 60 26 
6000 95 64 161 182 7 40 105 107 46 148 110 54 92 
6000 96 2 102 108 141 78 15 149 94 
6000 97 4 133 38 8 169 139 18 51 55 123 183 126 159 
6000 98 128 80 7 87 109 14 16 53 119 135 
6000 99 2 75 12 175 16 82 28 157 
6000 100 64 32 164 133 38 7 120 127 
6000 101 0 130 145 43 44 173 175 49 146 147 85 182 58 156 191 
6000 102 96 128 2 90 104 10 176 141 79 144 52 149 151 25 154 188 74 190 
6000 103 0 37 105 42 50 57 106 5 
6000 104 2 102 199 73 10 46 186 59 106 
6000 105 0 35 103 42 71 148 89 152 57 151 62 95 
6000 106 0 5 103 104 139 172 178 149 121 186 27 62 
6000 107 33 35 165 136 44 173 114 3 149 121 117 95 
6000 108 96 2 70 141 144 52 
6000 109 98 38 14 144 119 26 31 
6000 110 71 188 11 76 84 182 120 92 95 
6000 111 129 195 14 39 
6000 112 1 4 134 151 49 119 124 63 
6000 113 2 131 132 8 171 172 66 143 114 87 152 31 
6000 114 2 163 168 169 10 171 144 113 107 91 191 
6000 115 160 4 
6000 116 0 66 132 39 170 47 87 
6000 117 0 193 166 107 47 52 30 159 
6000 118 41 74 19 182 153 92 
6000 119 128 176 98 74 140 45 14 109 112 83 
6000 120 100 54 7 137 42 135 45 110 143 84 182 155 
6000 121 0 160 33 106 107 52 150 57 91 62 
6000 122 19 163 5 71 75 14 82 195 151 88 89 26 167 94 197 
6000 123 97 68 10 139 13 78 18 4 36 
6000 124 33 196 65 176 15 112 61 
6000 125 192 60 84 29 85 
6000 126 97 4 197 38 33 167 22 133 
6000 127 64 2 100 39 10 75 77 46 13 51 23 
6000 128 98 102 75 15 119 87 
6000 129 157 14 111 
6000 130 1 4 101 134 9 44 80 148 85 183 165 191 
6000 131 2 73 172 144 113 186 59 
6000 132 0 171 113 116 21 152 185 
6000 133 97 194 100 45 146 23 90 126 
6000 134 1 130 67 199 66 175 112 22 
6000 135 64 98 71 7 45 46 54 120 92 159 
6000 136 194 39 8 169 107 21 31 159 
6000 137 120 42 182 
6000 138 6 72 9 75 76 16 53 60 29 
6000 139 97 6 106 77 180 123 190 
6000 140 152 90 5 119 
6000 141 96 2 59 102 73 10 108 174 93 46 86 153 155 157 158 
6000 142 144 56 157 14 
6000 143 7 45 47 113 54 120 89 155 
6000 144 2 131 68 114 102 108 109 142 50 56 
6000 145 101 10 175 20 86 157 
6000 146 0 193 171 133 199 43 152 101 
6000 147 196 58 164 101 190 
6000 148 64 130 35 9 41 23 175 105 53 151 88 87 60 42 95 
6000 149 96 33 2 67 37 102 106 107 173 15 27 3 150 91 10 158 
6000 150 34 3 165 169 44 180 149 151 121 
6000 151 65 105 102 167 9 175 112 148 53 150 183 122 15 191 
6000 152 0 132 105 140 113 146 92 
6000 153 164 6 183 141 118 23 26 92 61 
6000 154 12 102 78 79 
6000 155 2 10 11 172 141 143 19 120 186 
6000 156 101 166 43 78 49 83 
6000 157 129 99 10 141 142 145 56 
6000 158 2 72 73 10 141 17 149 186 53 
6000 159 97 135 136 7 172 117 92 199 
6000 160 1 194 37 198 44 66 48 115 85 121 186 69 
6000 161 64 81 20 95 
6000 162 3 37 
6000 163 114 122 13 15 
6000 164 51 100 42 147 153 190 63 
6000 165 130 36 107 173 80 150 90 
6000 166 156 12 117 78 31 
6000 167 33 122 13 126 151 
6000 168 1 114 91 
6000 169 97 199 8 136 114 150 
6000 170 0 2 75 175 116 89 28 
6000 171 0 66 132 40 146 176 113 114 185 190 191 
6000 172 131 68 40 10 45 113 21 59 185 155 106 159 
6000 173 33 3 101 165 107 44 80 67 149 191 
6000 174 56 141 
6000 175 193 2 99 101 134 17 28 170 183 145 148 22 151 60 29 
6000 176 102 171 47 53 119 124 94 
6000 177 15 
6000 178 106 27 68 47 
6000 179 1 195 69 44 77 81 28 
6000 180 1 9 139 77 17 83 150 24 30 
6000 181 81 36 4 13 23 
6000 182 101 7 40 41 110 118 137 120 95 
6000 183 65 130 97 6 38 199 9 7 194 46 175 151 153 90 29 
6000 184 10 67 86 
6000 185 0 66 132 171 172 87 
6000 186 160 2 131 104 106 19 155 59 158 
6000 187 42 78 13 94 
6000 188 32 102 70 72 10 76 110 16 20 
6000 189 24 1 83 52 
6000 190 65 139 164 102 33 171 13 147 21 55 23 196 
6000 191 130 101 171 173 13 114 54 151 15 
6000 192 42 125 86 
6000 193 0 175 17 146 117 47 30 
6000 194 160 45 197 198 136 77 47 17 83 183 90 133 
6000 195 1 68 111 179 88 122 
6000 196 124 147 60 29 190 
6000 197 1 194 4 9 45 54 122 126 
6000 198 160 1 194 37 9 42 47 83 52 30 
6000 199 4 134 104 169 146 183 60 159 
6600 0 132 5 17 146 21 152 4 185 170 171 30 56 57 62 193 69 77 85 87 101 103 105 106 116 117 121 
6600 1 160 66 195 68 197 198 39 168 9 130 112 81 179 180 24 4 91 28 189 134 
6600 2 131 5 10 141 15 144 19 149 27 158 155 175 50 186 59 64 73 96 99 102 104 108 113 114 127 
6600 3 33 162 67 37 39 107 173 139 149 150 30 
6600 4 0 1 115 36 199 9 13 48 18 51 97 22 123 126 181 
6600 5 0 2 99 108 106 140 175 19 52 121 89 122 28 62 
6600 6 36 138 75 141 46 82 20 55 23 25 90 183 153 
6600 7 64 98 100 182 71 41 11 12 45 143 51 181 54 183 120 135 159 92 95 
6600 8 97 66 113 40 169 136 126 31 
6600 9 1 195 4 197 198 65 104 105 138 199 175 147 148 53 151 24 39 179 60 29 85 
6600 10 2 11 141 15 16 145 155 157 162 172 184 59 188 69 70 75 76 81 82 93 100 104 
6600 11 7 104 10 172 110 122 59 159 
6600 12 64 99 166 7 39 78 47 18 154 79 94 
6600 13 32 123 163 4 102 167 188 15 81 51 84 94 20 52 122 187 68 154 190 191 
6600 14 129 98 109 142 111 179 86 119 88 26 158 
6600 15 128 2 35 92 10 108 98 13 177 158 118 151 88 121 122 124 62 
6600 16 10 99 131 70 
6600 17 0 194 171 139 175 83 89 
6600 18 36 4 22 12 
6600 19 96 2 59 5 104 74 113 118 151 155 
6600 20 161 6 138 13 81 179 22 188 
6600 21 0 160 194 136 45 116 87 56 
6600 22 130 4 119 142 111 112 18 20 23 183 126 
6600 23 100 130 36 133 6 199 46 112 148 22 55 153 190 
6600 24 1 83 39 9 179 180 91 189 
6600 25 34 6 71 73 50 82 55 56 
6600 26 38 14 174 119 88 93 158 31 
6600 27 2 104 106 178 149 59 
6600 28 64 1 68 5 38 75 179 100 197 
6600 29 160 196 104 9 42 110 175 138 151 125 
6600 30 0 3 44 77 173 149 117 
6600 31 195 113 198 199 8 138 80 177 85 153 26 125 104 
6600 32 166 13 78 84 154 63 
6600 33 3 107 173 67 149 150 184 126 
6600 34 172 82 178 83 181 150 25 
6600 35 105 36 41 134 15 
6600 36 35 4 165 6 40 55 18 51 52 117 23 153 121 123 166 
6600 37 67 177 186 3 39 
6600 38 64 65 124 109 80 26 28 61 
6600 39 1 3 37 72 9 12 111 81 116 24 
6600 40 66 171 36 8 41 107 148 118 87 185 95 159 
6600 41 64 35 71 40 135 148 7 95 92 159 
6600 42 192 160 164 103 137 76 60 49 52 84 188 29 
6600 43 49 156 101 45 
6600 44 160 161 165 104 107 173 179 150 91 30 
6600 45 64 194 100 197 7 136 43 172 179 21 54 183 135 
6600 46 161 67 100 165 6 135 104 95 23 80 146 118 183 153 191 127 
6600 47 193 72 75 12 176 177 158 
6600 48 160 52 115 4 
6600 49 192 129 42 43 111 146 125 
6600 50 96 2 102 25 57 186 62 
6600 51 192 164 7 137 13 4 58 36 127 
6600 52 36 5 166 156 42 108 13 77 48 188 117 154 187 60 186 
6600 53 65 98 166 104 9 138 79 148 151 
6600 54 161 7 45 110 80 120 95 
6600 55 25 82 36 6 23 
6600 56 0 157 21 25 122 90 
6600 57 0 121 50 108 106 
6600 58 51 
6600 59 2 68 10 11 141 143 178 19 149 120 27 106 
6600 60 160 130 9 42 175 176 52 86 105 186 125 94 
6600 61 65 164 38 119 153 124 62 
6600 62 0 5 103 106 108 77 15 141 50 121 124 61 127 
6600 63 32 192 164 137 84 151 120 100 187 188 
6600 64 161 2 134 38 7 41 170 107 12 45 175 28 
6600 65 38 9 147 53 151 124 61 
6600 66 160 1 67 136 113 8 40 168 
6600 67 33 130 3 165 104 107 66 46 184 101 37 191 
6600 68 1 131 197 97 73 172 13 178 181 186 59 28 
6600 69 0 160 10 108 77 179 91 
6600 70 16 76 10 108 181 
6600 71 135 72 41 138 7 110 25 
6600 72 171 71 39 178 47 114 188 93 
6600 73 2 68 102 104 109 25 
6600 74 89 90 19 119 
6600 75 6 10 47 116 122 127 28 191 
6600 76 100 70 42 110 82 84 10 
6600 77 0 69 198 103 106 167 81 83 52 30 124 62 127 
6600 78 32 12 154 123 156 94 
6600 79 188 154 12 53 
6600 80 161 130 197 38 194 107 173 46 54 31 
6600 81 1 161 10 39 13 77 20 180 123 138 
6600 82 34 99 6 10 76 55 25 122 
6600 83 34 77 17 180 117 119 24 156 
6600 84 32 192 42 76 13 110 123 188 63 
6600 85 0 130 104 9 138 145 86 87 152 159 125 31 
6600 86 192 109 174 157 141 88 14 152 187 60 93 94 85 
6600 87 0 98 40 171 114 85 88 21 159 
6600 88 98 86 14 15 118 87 26 
6600 89 17 74 140 90 5 
6600 90 196 165 6 199 105 74 150 56 89 122 154 
6600 91 1 69 168 44 173 114 24 
6600 92 7 105 135 15 182 41 159 
6600 93 161 99 72 10 141 174 175 86 26 
6600 94 96 156 12 13 78 86 122 187 60 
6600 95 161 7 40 41 46 148 54 159 
6600 96 2 124 113 50 19 158 121 186 156 94 
6600 97 4 8 169 190 183 68 123 126 
6600 98 195 7 109 14 15 148 53 87 88 
6600 99 2 5 170 12 175 16 82 93 
6600 100 133 7 137 10 183 76 45 46 23 28 63 
6600 101 0 130 67 196 104 43 173 146 191 
6600 102 2 167 104 73 151 13 144 50 190 105 154 158 
6600 103 0 160 42 108 77 124 189 62 
6600 104 2 9 10 11 19 150 27 29 31 44 46 53 183 186 191 67 73 85 101 102 113 147 127 
6600 105 0 160 35 196 102 135 92 171 9 182 151 90 60 
6600 106 0 27 5 77 57 121 186 59 62 
6600 107 64 161 67 134 33 136 44 173 80 40 3 
6600 108 2 5 70 103 15 144 52 57 186 188 62 69 
6600 109 98 38 73 14 177 148 86 119 122 158 
6600 110 71 11 76 29 84 54 119 188 125 
6600 111 129 49 22 14 39 
6600 112 1 130 134 23 140 22 119 124 
6600 113 96 2 132 199 8 66 143 104 19 183 185 186 31 159 
6600 114 2 163 72 171 141 144 136 87 91 158 
6600 115 48 160 4 
6600 116 0 171 132 39 170 139 75 117 185 21 
6600 117 0 193 36 198 83 52 116 154 30 159 
6600 118 129 40 46 15 19 148 88 125 159 
6600 119 128 198 74 109 14 112 83 110 22 26 156 61 
6600 120 192 59 135 137 7 172 143 54 155 63 
6600 121 0 96 36 165 106 173 15 62 57 124 126 5 
6600 122 163 5 138 75 109 13 11 82 151 56 153 90 15 188 94 
6600 123 97 4 13 78 81 84 36 126 
6600 124 96 65 38 103 77 15 112 62 151 121 61 126 127 
6600 125 192 129 110 175 49 85 118 60 29 31 
6600 126 97 163 4 197 167 8 169 168 22 121 33 123 124 
6600 127 2 163 104 75 141 46 77 51 124 62 
6600 128 119 177 191 15 
6600 129 49 118 125 14 111 
6600 130 1 67 101 112 80 147 148 85 22 23 60 191 
6600 131 16 144 2 68 186 
6600 132 0 152 146 116 113 
6600 133 100 23 141 146 183 153 
6600 134 64 1 35 161 107 112 
6600 135 71 41 7 45 46 148 105 120 92 
6600 136 194 8 107 66 45 114 21 159 
6600 137 192 164 42 51 182 120 100 63 
6600 138 6 71 9 157 81 147 20 53 151 122 31 29 85 
6600 139 17 156 3 116 175 
6600 140 112 89 5 
6600 141 2 155 133 6 199 10 174 114 149 86 59 93 62 127 
6600 142 22 14 
6600 143 120 113 159 59 7 
6600 144 2 131 108 114 102 
6600 145 10 85 174 
6600 146 0 132 133 46 49 153 101 
6600 147 65 130 164 199 104 9 138 182 183 
6600 148 98 135 40 9 23 130 109 177 53 118 41 95 
6600 149 33 2 3 173 141 59 155 27 30 
6600 150 33 34 3 104 44 151 90 
6600 151 65 163 102 167 9 138 183 15 124 19 53 150 105 122 188 29 63 
6600 152 0 132 199 171 85 86 
6600 153 36 133 6 199 183 46 146 23 122 61 31 
6600 154 32 102 166 12 13 78 79 52 117 90 188 
6600 155 2 10 141 178 19 149 120 186 
6600 156 96 139 43 78 83 52 119 180 94 
6600 157 10 174 175 86 56 138 
6600 158 96 2 102 109 14 15 114 26 47 
6600 159 113 166 7 136 41 11 172 143 40 117 118 87 95 92 85 
6600 160 1 66 69 103 105 42 44 173 48 115 21 186 60 29 
6600 161 64 54 134 107 44 46 80 81 20 182 93 95 
6600 162 10 3 
6600 163 13 114 151 122 126 127 
6600 164 196 137 42 51 147 188 61 190 63 
6600 165 67 36 44 46 121 90 
6600 166 32 36 12 52 53 154 188 159 
6600 167 102 77 13 126 151 
6600 168 1 66 91 126 
6600 169 8 97 176 126 
6600 170 0 64 99 116 175 
6600 171 0 40 72 105 17 114 116 87 152 185 191 
6600 172 34 68 10 11 45 178 120 159 
6600 173 160 33 3 101 107 44 80 149 121 91 30 
6600 174 141 93 145 86 26 175 157 
6600 175 64 2 99 5 9 170 139 29 174 93 157 17 60 125 
6600 176 196 169 47 178 185 60 
6600 177 128 37 109 47 148 15 31 
6600 178 34 59 68 72 172 176 155 27 
6600 179 1 69 9 44 45 14 20 24 28 
6600 180 24 1 83 156 81 
6600 181 68 34 4 70 7 
6600 182 161 7 137 147 105 92 
6600 183 97 100 133 6 7 104 45 46 113 147 22 151 153 
6600 184 33 10 67 
6600 185 0 40 171 176 113 116 
6600 186 160 96 2 131 68 37 104 106 108 113 50 52 155 60 
6600 187 86 52 13 94 63 
6600 188 164 166 72 10 108 13 110 79 20 122 151 84 154 52 42 63 
6600 189 24 1 103 
6600 190 97 164 102 13 23 191 
6600 191 128 130 75 101 104 171 13 46 67 190 
6600 192 137 42 49 51 84 86 120 125 63 
6600 193 0 117 47 
6600 194 136 17 21 80 45 
6600 195 1 98 31 9 
6600 196 164 101 105 176 90 29 
6600 197 1 68 9 45 80 28 126 
6600 198 1 9 77 117 119 31 
6600 199 4 9 141 113 147 23 152 153 90 31 
7200 0 132 5 17 146 21 152 4 185 170 171 30 56 57 62 193 69 77 85 87 101 103 105 106 116 117 121 
7200 1 160 66 195 68 197 198 39 168 9 130 112 81 179 180 73 24 4 91 28 189 134 
7200 2 131 5 10 141 15 144 146 19 149 27 158 155 175 50 186 59 64 73 96 99 102 104 108 113 114 127 
7200 3 33 162 67 37 39 136 107 173 139 149 150 116 189 
7200 4 0 1 66 115 36 130 199 9 13 48 18 51 97 22 73 68 123 126 181 
7200 5 0 2 180 103 106 140 14 111 50 195 52 89 122 170 
7200 6 139 36 138 75 141 46 82 20 55 23 25 90 183 153 
7200 7 64 98 100 182 71 41 11 12 45 143 181 54 183 120 135 159 92 95 
7200 8 97 66 132 40 169 176 114 152 126 31 
7200 9 1 130 4 65 104 138 39 189 183 147 148 53 151 24 31 60 29 85 
7200 10 2 16 145 22 157 162 37 172 55 184 59 188 69 70 73 76 93 96 100 102 104 106 113 123 
7200 11 7 104 110 113 19 120 159 
7200 12 64 99 36 166 7 78 47 116 181 154 79 94 
7200 13 32 163 4 167 127 79 18 84 181 22 151 187 190 191 
7200 14 129 195 5 75 108 109 142 179 86 119 88 26 60 122 158 
7200 15 128 96 2 35 41 75 108 151 177 163 118 87 121 124 
7200 16 98 131 100 70 10 76 110 181 138 
7200 17 0 194 77 175 146 83 180 116 30 
7200 18 36 39 13 20 22 4 126 
7200 19 2 132 104 74 11 118 151 56 186 59 122 
7200 20 161 6 39 18 179 123 188 157 
7200 21 0 160 66 39 40 172 56 
7200 22 129 130 4 39 10 111 140 13 142 109 81 18 179 84 119 123 
7200 23 97 133 6 199 78 175 148 55 153 29 
7200 24 1 83 195 39 9 179 180 189 
7200 25 34 6 71 73 82 50 122 
7200 26 38 109 14 145 148 174 86 88 
7200 27 2 104 73 139 178 186 158 
7200 28 64 1 99 100 38 170 175 146 179 
7200 29 196 104 9 42 23 175 52 73 186 60 125 
7200 30 0 193 194 44 173 17 83 180 149 150 116 117 95 
7200 31 8 9 80 104 40 153 159 
7200 32 79 100 13 166 63 
7200 33 3 46 78 151 124 126 
7200 34 70 71 169 178 181 25 
7200 35 95 107 134 15 
7200 36 64 4 165 6 12 47 18 52 55 121 123 159 134 166 
7200 37 162 3 103 42 114 10 149 119 184 186 91 189 
7200 38 97 133 65 74 78 80 183 26 28 61 126 
7200 39 1 3 72 9 139 177 18 179 20 21 22 24 116 91 158 127 
7200 40 66 8 171 21 47 136 116 117 118 87 153 185 92 31 
7200 41 166 7 105 110 15 80 148 118 152 
7200 42 192 128 164 37 198 137 76 60 49 85 105 100 188 29 63 
7200 43 49 156 101 45 
7200 44 160 161 130 165 104 173 179 149 91 30 69 
7200 45 43 100 7 107 172 143 54 183 119 156 
7200 46 33 100 165 6 71 78 182 92 95 
7200 47 64 194 36 40 75 12 77 178 116 54 92 158 
7200 48 4 125 103 
7200 49 42 43 111 146 86 125 
7200 50 2 5 102 106 57 25 
7200 51 97 58 123 4 
7200 52 160 198 36 5 166 103 60 108 165 77 189 57 121 186 187 188 29 69 
7200 53 65 67 9 79 176 177 147 148 151 191 
7200 54 64 98 197 7 45 47 179 120 95 159 
7200 55 36 6 138 75 23 10 
7200 56 0 19 21 102 
7200 57 0 69 50 52 62 127 
7200 58 137 51 147 182 
7200 59 2 131 68 10 113 114 19 149 120 155 
7200 60 160 130 196 103 104 9 42 14 138 148 86 52 29 94 
7200 61 153 67 124 38 119 
7200 62 0 196 69 102 103 74 77 121 57 127 
7200 63 32 164 137 42 151 187 
7200 64 2 99 100 7 170 135 12 47 148 54 36 143 28 
7200 65 9 67 53 38 151 
7200 66 160 1 67 4 134 8 73 40 116 21 159 
7200 67 65 162 3 165 168 151 66 147 53 183 61 
7200 68 1 131 4 197 172 81 178 195 181 186 59 
7200 69 0 160 102 10 107 44 52 119 57 62 
7200 70 16 10 100 34 151 
7200 71 34 75 135 105 138 7 46 82 182 25 
7200 72 138 114 93 39 
7200 73 1 66 4 102 10 2 130 114 149 25 186 27 29 85 
7200 74 19 196 38 62 119 
7200 75 128 99 6 71 14 15 82 116 86 55 122 47 191 
7200 76 10 172 110 16 120 42 
7200 77 0 96 195 103 106 47 17 52 117 124 189 62 
7200 78 96 33 166 38 12 46 23 153 154 156 94 
7200 79 32 154 12 13 53 
7200 80 160 161 194 165 38 41 107 173 96 98 101 31 
7200 81 1 68 161 179 180 181 22 84 
7200 82 6 71 138 75 25 190 
7200 83 194 198 17 117 24 30 
7200 84 192 137 13 81 22 120 123 
7200 85 0 104 73 42 174 145 146 148 142 9 185 
7200 86 75 109 174 175 49 14 26 187 60 157 
7200 87 0 128 98 132 40 169 171 15 146 116 148 
7200 88 122 26 94 14 158 
7200 89 5 105 117 119 124 157 
7200 90 6 165 102 199 176 154 
7200 91 1 37 39 168 44 177 189 95 
7200 92 7 40 135 110 47 46 182 152 153 
7200 93 197 72 10 174 175 145 138 157 
7200 94 96 12 78 88 187 60 
7200 95 161 35 182 7 105 46 91 110 150 184 54 118 30 159 
7200 96 2 103 10 108 77 78 15 80 113 121 124 94 
7200 97 4 133 38 8 51 181 23 
7200 98 128 80 7 16 54 87 158 191 
7200 99 64 28 2 75 12 
7200 100 64 32 70 7 28 42 45 46 16 137 188 10 
7200 101 0 130 137 43 175 80 182 152 
7200 102 128 2 163 69 167 73 10 141 144 50 190 56 90 62 
7200 103 0 96 163 5 77 48 52 60 189 62 37 
7200 104 2 114 134 31 9 106 11 44 130 110 113 10 19 85 27 60 29 127 
7200 105 0 160 71 41 106 171 148 152 89 42 95 
7200 106 0 5 104 105 10 77 50 149 158 
7200 107 3 69 134 172 45 80 114 35 150 
7200 108 96 2 14 15 144 52 121 
7200 109 195 22 14 148 86 119 152 26 158 
7200 110 135 104 41 11 76 142 16 188 120 92 125 95 
7200 111 49 5 22 129 
7200 112 1 134 140 175 151 124 
7200 113 96 2 131 132 133 194 10 11 141 143 59 114 152 185 155 104 
7200 114 2 196 37 8 169 107 144 113 149 73 72 104 59 191 
7200 115 4 190 
7200 116 0 66 75 39 40 12 139 172 47 17 3 87 185 30 159 
7200 117 0 134 40 77 83 89 154 30 
7200 118 135 40 41 15 19 125 95 
7200 119 37 198 74 109 14 45 176 22 89 61 69 
7200 120 164 197 7 11 76 110 84 54 59 
7200 121 0 96 36 165 134 108 15 52 150 185 62 127 
7200 122 195 5 167 75 14 19 25 88 153 188 
7200 123 36 10 51 84 181 22 4 187 20 
7200 124 96 176 33 77 15 112 183 89 61 190 
7200 125 192 199 110 48 49 142 118 29 
7200 126 33 4 38 8 169 139 168 18 
7200 127 2 163 39 104 13 141 57 151 121 62 
7200 128 98 75 102 42 171 15 177 148 87 
7200 129 22 14 111 
7200 130 1 101 4 165 134 161 104 73 44 173 175 147 148 22 9 60 191 
7200 131 16 2 68 144 113 178 59 
7200 132 0 8 113 19 87 152 
7200 133 97 194 38 199 113 23 153 
7200 134 1 130 35 36 104 107 66 112 117 121 
7200 135 64 71 7 110 118 92 159 
7200 136 160 3 40 139 180 190 159 
7200 137 192 100 101 42 84 58 63 
7200 138 6 71 72 9 157 16 82 147 55 60 93 
7200 139 3 6 39 136 116 126 180 27 190 
7200 140 112 5 22 
7200 141 2 102 6 199 113 153 127 
7200 142 160 110 14 22 125 85 
7200 143 64 7 45 113 155 159 
7200 144 2 131 102 108 114 186 
7200 145 26 10 197 93 85 
7200 146 0 2 17 170 49 85 87 152 185 28 
7200 147 130 67 199 9 138 53 182 153 58 
7200 148 128 64 130 171 9 41 183 109 175 87 177 105 53 23 26 60 85 
7200 149 2 3 37 73 106 44 114 155 150 59 30 
7200 150 3 107 149 185 121 30 95 
7200 151 33 67 70 167 9 183 13 63 175 112 19 53 169 15 65 127 
7200 152 0 132 101 199 8 105 109 113 146 41 92 
7200 153 164 133 6 40 23 141 78 147 183 122 92 61 31 
7200 154 166 12 78 79 117 90 
7200 155 2 172 143 113 149 59 
7200 156 43 45 78 
7200 157 86 10 174 20 138 89 188 93 
7200 158 194 98 39 47 106 2 14 109 88 27 
7200 159 66 171 36 199 136 169 11 143 116 54 7 31 135 95 
7200 160 1 66 69 161 136 105 44 173 142 80 52 21 60 
7200 161 160 130 165 44 162 80 81 20 182 95 
7200 162 10 161 67 3 37 
7200 163 102 103 167 13 15 127 
7200 164 120 153 42 63 
7200 165 161 130 67 36 166 194 44 173 46 80 52 121 90 191 
7200 166 32 36 165 41 12 78 52 154 188 
7200 167 163 102 13 151 122 190 
7200 168 1 67 91 126 
7200 169 34 199 8 151 114 87 188 126 159 
7200 170 0 64 5 175 146 28 
7200 171 0 128 40 105 176 148 87 159 
7200 172 68 10 107 76 45 178 116 21 185 155 
7200 173 160 130 3 165 44 80 185 30 
7200 174 157 26 93 86 85 
7200 175 2 101 170 23 130 29 112 17 148 86 151 28 93 
7200 176 196 8 171 53 119 90 124 
7200 177 128 39 15 178 148 53 91 
7200 178 34 131 68 172 47 177 27 
7200 179 1 195 22 39 44 14 81 20 54 24 28 
7200 180 1 5 17 136 139 81 24 30 
7200 181 97 34 68 7 12 13 16 81 4 123 
7200 182 161 101 71 7 46 147 58 92 95 
7200 183 194 67 6 38 7 9 45 148 151 153 124 
7200 184 10 37 95 
7200 185 0 40 172 173 113 146 116 85 150 121 
7200 186 2 68 37 198 73 144 19 52 27 29 
7200 187 192 13 52 86 123 94 63 
7200 188 100 166 169 10 110 157 20 52 122 42 
7200 189 1 3 37 103 9 77 195 52 24 91 
7200 190 194 102 167 136 139 13 82 115 124 
7200 191 98 165 130 75 13 114 53 
7200 192 137 42 187 84 125 
7200 193 0 30 
7200 194 113 165 199 190 47 80 17 83 30 183 158 133 
7200 195 1 68 5 109 14 77 179 24 122 189 
7200 196 74 176 114 60 29 62 
7200 197 1 68 145 54 120 93 
7200 198 1 42 83 52 119 186 
7200 199 194 4 133 169 141 147 23 152 90 125 159 
