0 62 92 
0 92 
0 15 62 34 83 90 92 
0 34 
0 83 86 
0 90 86 
0 98 62 15 0 34 
0 0 34 77 83 90 
0 47 62 34 83 90 92 
0 77 83 90 86 
0 1 0 77 
0 2 0 77 
0 78 0 86 83 90 
0 86 91 86 
0 80 0 86 35 
0 35 34 77 
0 79 35 86 90 
0 56 35 
0 40 35 
0 52 65 83 
0 65 
0 45 65 83 
0 42 65 83 
0 3 65 73 83 
0 73 91 
0 59 65 73 83 
0 18 65 73 83 
0 28 65 73 83 
0 57 65 83 
0 31 65 83 
0 33 65 73 83 
0 91 
0 37 73 
0 14 73 83 
0 22 73 83 
0 72 73 86 91 92 
0 27 73 83 
0 38 73 83 
0 76 73 90 91 92 86 
0 95 86 90 
0 96 86 83 
0 75 86 
0 97 86 90 
0 99 86 90 
0 81 86 
0 82 86 
0 48 86 
0 84 86 90 
0 85 86 
0 87 86 
0 88 86 
0 89 86 
0 16 83 
0 9 83 
0 44 83 
0 51 83 
0 5 83 
0 17 83 90 92 
0 55 83 
0 41 
0 43 
0 54 
