0 98 83 85 
0 83 18 37 84 48 75 83 
0 85 
0 40 98 18 28 75 85 99 
0 18 
0 28 
0 75 
0 99 98 18 28 75 85 99 
0 79 98 40 1 28 99 
0 1 28 54 99 
0 80 40 1 54 18 31 37 48 75 
0 54 99 
0 33 40 1 54 
0 97 18 31 37 84 48 56 75 83 99 85 
0 31 
0 37 
0 84 37 82 
0 48 84 
0 56 
0 91 18 37 84 48 83 
0 44 18 37 75 
0 2 18 37 84 75 82 
0 82 
0 3 18 37 84 48 83 
0 5 18 37 75 
0 76 18 31 37 84 48 75 83 
0 57 18 37 84 48 83 
0 17 18 31 37 84 48 75 83 99 
0 22 18 48 82 85 
0 78 18 31 84 48 56 75 83 82 99 
0 41 28 54 
0 73 41 
0 92 41 
0 86 41 48 99 
0 65 31 48 99 
0 45 31 48 
0 96 31 37 84 48 56 75 83 
0 89 31 48 99 
0 87 31 83 99 
0 35 37 48 99 
0 51 37 75 
0 90 37 75 
0 81 37 84 82 85 
0 15 84 48 75 
0 77 48 
0 62 99 
0 47 99 
0 0 99 
0 9 99 
0 43 99 
0 55 99 
0 95 99 
0 59 
0 27 
0 14 
0 16 
0 34 
0 38 
0 42 
0 52 
0 72 
0 88 
