0 0 244 165 29 242 255 34 35 233 50 52 21 197 221 198 167 171 234 77 82 87 200 116 5 118 126 130 202 210 222 152 229 225 186 187 188 189 190 191 192 193 194 195 196 199 201 203 204 205 206 207 208 209 211 212 213 214 215 216 217 218 219 220 223 224 226 227 228 230 231 232 235 
0 1 24 29 30 31 32 33 34 35 36 37 38 233 
0 2 54 244 160 263 271 272 277 283 
0 3 54 244 106 134 153 165 256 263 267 280 
0 4 41 150 153 159 242 257 259 267 278 280 281 283 284 
0 5 106 0 
0 6 54 106 
0 7 106 242 
0 8 153 242 263 284 
0 9 41 73 
0 10 165 242 263 271 
0 11 41 54 159 185 236 255 267 278 281 
0 12 54 134 165 263 272 
0 13 134 165 263 282 283 
0 14 54 244 134 165 263 271 
0 15 54 165 242 246 256 263 271 272 
0 16 41 181 244 242 255 281 284 
0 17 54 165 242 246 256 263 271 272 
0 18 54 244 134 165 180 242 246 256 263 271 272 
0 19 54 244 134 165 242 246 256 263 271 272 
0 20 41 54 159 185 236 255 267 278 281 
0 21 54 244 165 180 0 246 256 263 271 272 
0 22 54 67 244 160 239 263 271 272 277 283 266 
0 23 54 244 134 165 263 271 
0 24 1 54 244 134 165 180 242 263 271 272 
0 25 54 165 242 246 256 263 271 272 
0 26 41 54 159 267 282 
0 27 41 54 181 244 150 153 159 237 242 246 255 267 280 281 284 
0 28 41 244 267 
0 29 1 54 244 134 165 180 0 237 242 246 256 263 271 272 277 
0 30 1 153 165 257 259 
0 31 1 39 54 244 93 134 185 242 246 256 263 270 
0 32 1 54 244 134 165 263 271 
0 33 1 54 244 134 165 180 242 246 256 263 271 272 277 
0 34 1 41 54 159 0 236 237 246 255 272 
0 35 1 39 54 244 134 165 180 0 237 242 246 256 263 270 271 272 277 
0 36 1 54 153 242 280 
0 37 1 54 67 244 160 239 263 271 272 277 283 
0 38 1 41 181 244 242 255 281 284 
0 39 31 35 40 92 
0 40 39 181 150 
0 41 54 34 244 263 67 38 181 11 42 43 44 45 46 47 48 49 50 51 52 20 53 55 56 57 58 4 59 60 28 61 16 62 63 26 64 65 66 68 69 70 71 27 72 9 
0 42 41 54 159 267 
0 43 41 236 237 242 246 255 267 281 284 
0 44 41 159 242 267 281 284 
0 45 41 244 153 236 255 272 
0 46 41 242 267 281 284 
0 47 41 242 255 267 281 284 
0 48 41 256 267 283 
0 49 41 244 237 242 255 267 281 284 
0 50 41 0 278 280 
0 51 41 242 255 267 281 284 
0 52 41 0 278 280 
0 53 41 153 242 255 267 281 284 
0 54 24 41 244 29 31 32 33 34 35 36 37 67 22 142 146 11 42 20 26 69 71 27 2 3 136 12 14 15 17 18 19 108 21 172 84 23 25 144 245 78 117 119 6 197 221 
0 55 41 255 267 284 
0 56 41 237 242 255 267 281 284 
0 57 41 181 237 242 255 267 
0 58 41 237 242 255 257 267 281 284 148 149 
0 59 41 244 93 106 153 242 255 267 284 
0 60 41 236 267 278 
0 61 41 255 281 
0 62 41 242 255 
0 63 41 244 93 106 153 242 255 267 284 
0 64 41 236 237 242 246 255 267 281 284 
0 65 41 159 236 237 242 246 255 267 281 284 
0 66 41 255 281 
0 67 37 41 54 159 237 242 246 255 267 281 283 284 22 
0 68 41 255 267 284 
0 69 41 54 267 
0 70 41 237 242 281 
0 71 41 54 242 267 281 
0 72 41 255 281 
0 73 92 9 84 78 81 88 74 75 76 77 79 80 82 83 85 86 87 89 90 91 
0 74 73 247 
0 75 73 150 247 257 
0 76 73 242 284 
0 77 73 0 
0 78 54 73 
0 79 73 242 284 
0 80 73 246 
0 81 181 73 150 257 263 
0 82 73 0 
0 83 73 106 
0 84 54 73 272 
0 85 73 242 284 
0 86 73 246 
0 87 73 0 
0 88 244 73 106 283 
0 89 73 267 
0 90 73 284 
0 91 73 263 
0 92 39 73 
0 93 31 59 63 99 104 94 95 96 97 98 100 101 102 103 105 200 
0 94 93 106 242 255 280 281 284 
0 95 93 280 
0 96 93 106 242 255 280 281 284 
0 97 93 259 263 276 280 
0 98 93 259 263 276 280 
0 99 181 93 280 
0 100 93 259 
0 101 93 106 280 
0 102 93 247 259 
0 103 93 259 
0 104 181 93 280 
0 105 93 150 257 259 262 279 
0 106 59 257 256 284 63 3 108 117 119 6 122 107 88 128 83 94 96 101 109 110 111 112 113 114 115 116 5 118 120 121 123 124 125 126 127 7 129 130 131 132 133 202 210 
0 107 181 106 247 257 259 276 279 
0 108 54 106 134 153 256 263 267 280 283 
0 109 106 271 
0 110 106 280 
0 111 106 242 
0 112 106 257 279 
0 113 106 134 
0 114 106 284 
0 115 106 280 
0 116 106 0 
0 117 54 106 
0 118 106 0 
0 119 54 106 
0 120 106 263 267 
0 121 106 284 
0 122 181 106 247 257 259 276 279 
0 123 106 280 
0 124 106 255 
0 125 106 267 
0 126 106 0 
0 127 106 257 279 
0 128 244 106 153 242 284 
0 129 106 242 257 284 
0 130 106 0 
0 131 106 150 280 
0 132 106 165 
0 133 106 134 
0 134 24 29 31 32 33 35 142 146 3 136 12 14 18 19 108 23 144 135 138 143 145 113 133 137 13 139 140 141 147 222 
0 135 244 134 165 256 263 282 
0 136 54 134 165 242 246 256 263 271 272 
0 137 134 242 284 
0 138 244 134 242 283 284 
0 139 134 165 263 272 
0 140 134 165 180 237 242 263 271 272 277 
0 141 134 256 263 267 283 
0 142 266 54 134 263 271 272 277 146 163 
0 143 244 134 242 283 284 
0 144 54 134 263 271 272 277 
0 145 244 134 153 267 283 
0 146 266 54 142 134 239 263 271 272 277 
0 147 134 165 180 242 263 271 272 277 
0 148 58 242 284 
0 149 58 242 284 
0 150 40 4 27 81 75 105 131 151 152 
0 151 150 242 267 281 284 
0 152 150 0 272 
0 153 30 159 36 45 53 4 59 63 27 3 108 155 145 128 8 154 156 157 158 229 
0 154 153 263 271 
0 155 181 153 247 257 259 267 276 280 
0 156 153 242 247 255 257 267 281 284 
0 157 153 242 284 
0 158 153 263 271 
0 159 34 153 263 67 11 42 44 20 4 26 65 27 
0 160 37 22 2 163 161 162 164 
0 161 160 242 255 284 
0 162 160 236 255 278 
0 163 142 160 239 242 255 284 
0 164 160 165 282 283 
0 165 24 0 242 29 30 32 33 35 3 136 12 14 15 17 18 19 21 172 23 25 167 135 171 132 13 139 140 147 164 166 168 169 170 10 173 174 175 176 177 178 179 225 
0 166 165 242 263 271 
0 167 244 165 0 263 
0 168 165 180 242 246 263 271 272 
0 169 165 180 242 263 271 272 
0 170 165 180 242 263 271 272 
0 171 244 165 0 263 
0 172 54 244 165 180 246 256 263 270 271 272 
0 173 165 242 263 
0 174 165 263 271 272 
0 175 165 242 263 277 
0 176 165 242 263 
0 177 165 242 263 271 
0 178 165 242 263 271 
0 179 165 242 263 271 
0 180 24 29 33 35 18 21 172 140 147 168 169 170 
0 181 38 41 282 40 57 16 27 182 122 183 81 99 155 107 184 104 198 
0 182 181 259 
0 183 181 236 255 259 267 
0 184 181 236 255 259 267 
0 185 31 11 20 
0 186 0 242 
0 187 0 282 
0 188 0 247 
0 189 0 259 267 281 
0 190 0 255 
0 191 0 259 
0 192 0 242 267 284 
0 193 0 255 
0 194 0 263 
0 195 0 255 
0 196 0 282 
0 197 54 0 
0 198 181 0 
0 199 0 259 
0 200 93 0 
0 201 0 242 
0 202 106 0 
0 203 0 280 
0 204 0 259 
0 205 0 259 
0 206 0 284 
0 207 0 247 
0 208 0 284 
0 209 0 259 
0 210 106 0 
0 211 0 259 
0 212 0 282 
0 213 0 259 
0 214 0 283 
0 215 0 272 
0 216 0 259 
0 217 0 242 
0 218 0 263 
0 219 0 259 
0 220 0 256 
0 221 54 0 
0 222 134 0 
0 223 0 259 
0 224 0 242 255 267 284 
0 225 165 0 
0 226 0 282 
0 227 0 263 
0 228 0 270 
0 229 153 0 
0 230 0 259 
0 231 0 256 
0 232 0 259 
0 233 1 0 
0 234 244 0 267 
0 235 0 246 
0 236 34 11 43 45 20 60 64 65 183 184 162 
0 237 242 29 34 35 67 239 43 49 56 57 58 64 65 70 27 140 238 240 241 243 
0 238 237 242 267 284 
0 239 37 237 267 22 146 163 
0 240 237 242 255 284 
0 241 237 242 255 284 
0 242 24 165 237 284 29 0 31 33 35 36 67 38 43 44 46 47 49 51 53 56 57 58 4 59 16 62 63 64 65 70 71 27 136 15 17 18 19 25 245 148 149 163 138 143 128 76 79 85 94 96 111 7 129 137 140 147 151 8 156 157 161 166 168 169 170 10 173 175 176 177 178 179 186 192 201 217 224 238 240 241 243 265 274 264 258 275 
0 243 237 242 267 281 284 
0 244 24 54 0 29 31 32 33 41 35 37 38 22 45 49 59 28 16 63 27 2 3 14 18 19 21 172 23 245 167 135 138 88 143 171 145 128 234 
0 245 54 244 242 257 284 
0 246 29 31 33 34 35 67 43 64 65 27 136 15 17 18 19 21 172 25 80 86 168 235 
0 247 122 155 107 74 75 102 156 188 207 248 249 250 251 252 253 254 
0 248 247 257 
0 249 247 257 
0 250 247 257 
0 251 247 259 279 282 
0 252 247 257 
0 253 247 259 279 282 
0 254 247 257 259 279 282 
0 255 0 257 34 67 38 11 43 45 47 49 51 20 53 55 56 57 58 59 61 16 62 63 64 65 66 68 27 72 183 184 163 94 96 124 156 161 162 190 193 195 224 240 241 
0 256 29 257 31 33 35 48 106 3 136 15 17 18 19 108 21 172 25 135 141 220 231 258 
0 257 30 255 256 58 4 106 245 122 81 155 107 75 105 112 127 129 156 248 249 250 252 254 273 261 
0 258 242 256 267 284 
0 259 30 4 182 122 183 155 107 184 97 98 100 102 103 105 189 191 199 204 205 209 211 213 216 219 223 230 232 251 253 254 261 260 
0 260 259 262 279 
0 261 257 259 
0 262 105 260 
0 263 24 29 31 32 33 41 159 35 37 22 142 146 2 3 136 12 14 15 17 18 19 108 21 172 23 25 144 81 167 135 171 91 97 98 120 13 139 140 141 147 8 154 158 166 168 169 170 10 173 174 175 176 177 178 179 194 218 227 265 264 
0 264 242 263 284 
0 265 242 263 284 
0 266 22 142 146 
0 267 67 239 11 42 43 44 46 47 48 49 51 20 53 55 56 57 58 4 59 60 28 63 26 64 65 68 69 71 27 3 108 183 155 184 145 234 89 120 125 141 151 156 189 192 224 238 243 258 268 269 
0 268 267 278 281 
0 269 267 272 281 
0 270 31 35 172 228 
0 271 24 29 32 33 35 37 22 142 146 2 136 14 15 17 18 19 21 172 23 25 144 109 140 147 154 158 166 168 169 170 10 174 177 178 179 
0 272 24 29 33 34 35 37 22 142 146 45 2 136 12 15 17 18 19 21 172 84 25 144 139 140 147 152 168 169 170 174 215 269 
0 273 257 280 
0 274 242 281 284 
0 275 242 281 284 
0 276 122 155 107 97 98 
0 277 29 33 35 37 22 142 146 2 144 140 147 175 
0 278 11 50 52 20 4 60 162 268 
0 279 122 107 105 112 127 251 253 254 260 
0 280 36 50 52 4 27 3 108 99 155 104 94 95 96 97 98 101 110 115 123 131 203 273 
0 281 67 38 11 43 44 46 47 49 51 20 53 56 58 4 61 16 64 65 66 70 71 27 72 94 96 151 156 189 243 274 275 268 269 
0 282 181 26 135 13 164 187 196 212 226 251 253 254 
0 283 37 67 22 48 4 2 108 138 88 143 145 13 141 164 214 
0 284 242 67 38 43 44 46 47 49 51 53 55 56 58 4 59 106 16 63 64 65 68 27 245 148 149 163 138 143 128 76 79 85 90 94 96 114 121 129 137 151 8 156 157 161 192 206 208 224 238 240 241 243 265 274 264 258 275 
900 0 233 157 27 232 244 31 32 224 47 49 19 189 213 190 159 163 225 72 77 82 192 110 5 112 123 194 202 214 145 221 217 178 179 180 181 182 183 184 185 186 187 188 191 193 195 196 197 198 199 200 201 203 204 205 206 207 208 209 210 211 212 215 216 218 219 220 222 223 226 
900 1 22 27 28 29 30 31 32 33 34 35 224 
900 2 51 233 259 260 265 271 
900 3 51 233 101 127 146 157 245 255 268 
900 4 38 143 146 152 232 246 248 255 266 268 269 271 272 
900 5 101 0 
900 6 51 101 
900 7 101 232 
900 8 146 232 272 
900 9 38 69 
900 10 157 232 259 
900 11 38 51 152 177 227 244 255 266 269 
900 12 51 127 157 260 
900 13 127 157 270 271 
900 14 51 233 127 157 259 
900 15 51 157 232 235 245 259 260 
900 16 51 157 232 235 245 259 260 
900 17 51 233 127 157 232 235 245 259 260 
900 18 38 51 152 177 227 244 255 266 269 
900 19 51 233 157 172 0 235 245 259 260 
900 20 51 63 233 259 260 265 271 254 
900 21 51 233 127 157 259 
900 22 1 51 233 127 157 172 232 259 260 
900 23 51 157 232 235 245 259 260 
900 24 38 51 152 255 270 
900 25 38 51 173 233 143 146 152 228 232 235 244 255 268 269 272 
900 26 38 233 255 
900 27 1 51 233 127 157 172 0 228 232 235 245 259 260 265 
900 28 1 146 157 246 248 
900 29 1 36 51 233 88 127 177 232 235 245 258 
900 30 1 51 233 127 157 259 
900 31 1 38 51 152 0 227 228 235 244 260 
900 32 1 36 51 233 127 157 172 0 228 232 235 245 258 259 260 265 
900 33 1 51 146 232 268 
900 34 1 51 63 233 259 260 265 271 
900 35 1 38 173 233 232 244 269 272 
900 36 29 32 37 87 
900 37 36 173 143 
900 38 51 31 233 63 35 173 11 39 40 41 42 43 44 45 46 47 48 49 18 50 52 53 54 55 4 56 57 26 58 59 60 24 61 62 64 65 66 67 25 68 9 
900 39 38 51 152 255 
900 40 38 227 228 232 235 244 255 269 272 
900 41 38 152 232 255 269 272 
900 42 38 233 146 227 244 260 
900 43 38 232 255 269 272 
900 44 38 232 244 255 269 272 
900 45 38 245 255 271 
900 46 38 233 228 232 244 255 269 272 
900 47 38 0 266 268 
900 48 38 232 244 255 269 272 
900 49 38 0 266 268 
900 50 38 146 232 244 255 269 272 
900 51 22 38 233 27 29 30 31 32 33 34 63 20 135 139 11 39 18 24 65 67 25 2 3 129 12 14 15 16 17 103 19 164 79 21 23 137 234 73 111 113 6 189 213 
900 52 38 244 255 272 
900 53 38 228 232 244 255 269 272 
900 54 38 173 228 232 244 255 
900 55 38 228 232 244 246 255 269 272 141 142 
900 56 38 233 88 101 146 232 244 255 272 
900 57 38 227 255 266 
900 58 38 244 269 
900 59 38 232 244 
900 60 38 233 88 101 146 232 244 255 272 
900 61 38 227 228 232 235 244 255 269 272 
900 62 38 152 227 228 232 235 244 255 269 272 
900 63 34 38 51 152 228 232 235 244 255 269 271 272 20 
900 64 38 244 255 272 
900 65 38 51 255 
900 66 38 228 232 269 
900 67 38 51 232 255 269 
900 68 38 244 269 
900 69 87 9 79 73 76 83 70 71 72 74 75 77 78 80 81 82 84 85 86 
900 70 69 143 236 246 
900 71 69 232 272 
900 72 69 0 
900 73 51 69 
900 74 69 232 272 
900 75 69 235 
900 76 173 69 143 246 
900 77 69 0 
900 78 69 101 
900 79 51 69 260 
900 80 69 232 272 
900 81 69 235 
900 82 69 0 
900 83 233 69 101 271 
900 84 69 255 
900 85 69 272 
900 86 69 
900 87 36 69 
900 88 29 56 60 94 99 89 90 91 92 93 95 96 97 98 100 192 
900 89 88 101 232 244 268 269 272 
900 90 88 268 
900 91 88 101 232 244 268 269 272 
900 92 88 248 264 268 
900 93 88 248 264 268 
900 94 173 88 268 
900 95 88 248 
900 96 88 101 268 
900 97 88 236 248 
900 98 88 248 
900 99 173 88 268 
900 100 88 143 246 248 251 267 
900 101 56 246 245 272 60 3 103 111 113 6 116 102 83 121 78 89 91 96 104 105 106 107 108 109 110 5 112 114 115 117 118 119 120 7 122 123 124 125 126 194 202 
900 102 173 101 236 246 248 264 267 
900 103 51 101 127 146 245 255 268 271 
900 104 101 259 
900 105 101 268 
900 106 101 232 
900 107 101 246 267 
900 108 101 272 
900 109 101 268 
900 110 101 0 
900 111 51 101 
900 112 101 0 
900 113 51 101 
900 114 101 255 
900 115 101 272 
900 116 173 101 236 246 248 264 267 
900 117 101 268 
900 118 101 244 
900 119 101 255 
900 120 101 246 267 
900 121 233 101 146 232 272 
900 122 101 232 246 272 
900 123 101 0 
900 124 101 143 268 
900 125 101 157 
900 126 101 127 
900 127 22 27 29 30 32 135 139 3 129 12 14 17 103 21 137 128 131 136 138 126 130 13 132 133 134 140 214 
900 128 233 127 157 245 270 
900 129 51 127 157 232 235 245 259 260 
900 130 127 232 272 
900 131 233 127 232 271 272 
900 132 127 157 260 
900 133 127 157 172 228 232 259 260 265 
900 134 127 245 255 271 
900 135 254 51 127 259 260 265 139 155 
900 136 233 127 232 271 272 
900 137 51 127 259 260 265 
900 138 233 127 146 255 271 
900 139 254 51 135 127 259 260 265 
900 140 127 157 172 232 259 260 265 
900 141 55 232 272 
900 142 55 232 272 
900 143 37 4 25 76 70 100 124 144 145 
900 144 143 232 255 269 272 
900 145 143 0 260 
900 146 28 152 33 42 50 4 56 60 25 3 103 148 138 121 8 147 149 150 151 221 
900 147 146 259 
900 148 173 146 236 246 248 255 264 268 
900 149 146 232 236 244 246 255 269 272 
900 150 146 232 272 
900 151 146 259 
900 152 31 146 63 11 39 41 18 4 24 62 25 
900 153 232 244 272 
900 154 227 244 266 
900 155 135 232 244 272 
900 156 157 270 271 
900 157 22 0 232 27 28 30 32 3 129 12 14 15 16 17 19 164 21 23 159 128 163 125 13 132 133 140 156 158 160 161 162 10 165 166 167 168 169 170 171 217 
900 158 157 232 259 
900 159 233 157 0 
900 160 157 172 232 235 259 260 
900 161 157 172 232 259 260 
900 162 157 172 232 259 260 
900 163 233 157 0 
900 164 51 233 157 172 235 245 258 259 260 
900 165 157 232 
900 166 157 259 260 
900 167 157 232 265 
900 168 157 232 
900 169 157 232 259 
900 170 157 232 259 
900 171 157 232 259 
900 172 22 27 32 19 164 133 140 160 161 162 
900 173 35 38 270 37 54 25 174 116 175 76 94 148 102 176 99 190 
900 174 173 248 
900 175 173 227 244 248 255 
900 176 173 227 244 248 255 
900 177 29 11 18 
900 178 0 232 
900 179 0 270 
900 180 0 236 
900 181 0 248 255 269 
900 182 0 244 
900 183 0 248 
900 184 0 232 255 272 
900 185 0 244 
900 186 0 
900 187 0 244 
900 188 0 270 
900 189 51 0 
900 190 173 0 
900 191 0 248 
900 192 88 0 
900 193 0 232 
900 194 101 0 
900 195 0 268 
900 196 0 248 
900 197 0 248 
900 198 0 272 
900 199 0 236 
900 200 0 272 
900 201 0 248 
900 202 101 0 
900 203 0 248 
900 204 0 270 
900 205 0 248 
900 206 0 271 
900 207 0 260 
900 208 0 248 
900 209 0 232 
900 210 0 
900 211 0 248 
900 212 0 245 
900 213 51 0 
900 214 127 0 
900 215 0 248 
900 216 0 232 244 255 272 
900 217 157 0 
900 218 0 270 
900 219 0 
900 220 0 258 
900 221 146 0 
900 222 0 245 
900 223 0 248 
900 224 1 0 
900 225 233 0 255 
900 226 0 235 
900 227 31 11 40 42 18 57 61 62 175 176 154 
900 228 232 27 31 32 63 40 46 53 54 55 61 62 66 25 133 229 230 231 
900 229 228 232 255 272 
900 230 228 232 244 272 
900 231 228 232 244 272 
900 232 22 157 228 272 27 0 29 32 33 63 35 40 41 43 44 46 48 50 53 54 55 4 56 59 60 61 62 66 67 25 129 15 16 17 23 234 141 142 155 131 136 121 71 74 80 89 91 106 7 122 130 133 140 144 8 149 150 153 158 160 161 162 10 165 167 168 169 170 171 178 184 193 209 216 229 230 231 253 262 252 247 263 
900 233 22 51 0 27 29 30 38 32 34 35 20 42 46 56 26 60 25 2 3 14 17 19 164 21 234 159 128 131 83 136 163 138 121 225 
900 234 51 233 232 246 272 
900 235 27 29 31 32 63 40 61 62 25 129 15 16 17 19 164 23 75 81 160 226 
900 236 116 148 102 70 97 149 180 199 237 238 239 240 241 242 243 
900 237 236 246 
900 238 236 246 
900 239 236 246 
900 240 236 248 267 270 
900 241 236 246 
900 242 236 248 267 270 
900 243 236 246 248 267 270 
900 244 0 246 31 63 35 11 40 42 44 46 48 18 50 52 53 54 55 56 58 59 60 61 62 64 25 68 175 176 155 89 91 118 149 153 154 182 185 187 216 230 231 
900 245 27 246 29 32 45 101 3 129 15 16 17 103 19 164 23 128 134 212 222 247 
900 246 28 244 245 55 4 101 234 116 76 148 102 70 100 107 120 122 149 237 238 239 241 243 261 250 
900 247 232 245 255 272 
900 248 28 4 174 116 175 148 102 176 92 93 95 97 98 100 181 183 191 196 197 201 203 205 208 211 215 223 240 242 243 250 249 
900 249 248 251 267 
900 250 246 248 
900 251 100 249 
900 252 232 272 
900 253 232 272 
900 254 20 135 139 
900 255 63 11 39 40 41 43 44 45 46 48 18 50 52 53 54 55 4 56 57 26 60 24 61 62 64 65 67 25 3 103 175 148 176 138 225 84 114 119 134 144 149 181 184 216 229 247 256 257 
900 256 255 266 269 
900 257 255 260 269 
900 258 29 32 164 220 
900 259 22 27 30 32 34 20 135 139 2 129 14 15 16 17 19 164 21 23 137 104 133 140 147 151 158 160 161 162 10 166 169 170 171 
900 260 22 27 31 32 34 20 135 139 42 2 129 12 15 16 17 19 164 79 23 137 132 133 140 145 160 161 162 166 207 257 
900 261 246 268 
900 262 232 269 272 
900 263 232 269 272 
900 264 116 148 102 92 93 
900 265 27 32 34 20 135 139 2 137 133 140 167 
900 266 11 47 49 18 4 57 154 256 
900 267 116 102 100 107 120 240 242 243 249 
900 268 33 47 49 4 25 3 103 94 148 99 89 90 91 92 93 96 105 109 117 124 195 261 
900 269 63 35 11 40 41 43 44 46 48 18 50 53 55 4 58 61 62 66 67 25 68 89 91 144 149 181 262 263 256 257 
900 270 173 24 128 13 156 179 188 204 218 240 242 243 
900 271 34 63 20 45 4 2 103 131 83 136 138 13 134 156 206 
900 272 232 63 35 40 41 43 44 46 48 50 52 53 55 4 56 101 60 61 62 64 25 234 141 142 155 131 136 121 71 74 80 85 89 91 108 115 122 130 144 8 149 150 153 184 198 200 216 229 230 231 253 262 252 247 263 
1800 0 222 149 26 221 233 30 31 213 46 48 18 180 202 181 151 155 214 72 77 104 5 106 116 184 191 203 138 210 206 170 171 172 173 174 175 176 177 178 179 182 183 185 186 187 188 189 190 192 193 194 195 196 197 198 199 200 201 204 205 207 208 209 211 212 215 
1800 1 21 26 27 28 29 30 31 32 33 34 213 
1800 2 50 222 248 249 254 
1800 3 50 222 95 120 139 149 234 244 256 
1800 4 37 136 139 145 221 235 237 244 255 256 257 259 
1800 5 95 0 
1800 6 50 95 
1800 7 95 221 
1800 8 139 221 259 
1800 9 37 
1800 10 149 221 248 
1800 11 37 50 145 169 216 233 244 255 257 
1800 12 50 120 149 249 
1800 13 120 149 258 
1800 14 50 149 221 224 234 248 249 
1800 15 50 149 221 224 234 248 249 
1800 16 50 222 120 149 221 224 234 248 249 
1800 17 37 50 145 169 216 233 244 255 257 
1800 18 50 222 149 164 0 224 234 248 249 
1800 19 50 60 222 248 249 254 243 
1800 20 50 222 120 149 248 
1800 21 1 50 222 120 149 164 221 248 249 
1800 22 50 149 221 224 234 248 249 
1800 23 37 50 145 244 258 
1800 24 37 50 165 222 136 139 145 217 221 224 233 244 256 257 259 
1800 25 37 222 244 
1800 26 1 50 222 120 149 164 0 217 221 224 234 248 249 254 
1800 27 1 139 149 235 237 
1800 28 1 35 50 222 82 120 169 221 224 234 247 
1800 29 1 50 222 120 149 248 
1800 30 1 37 50 145 0 216 217 224 233 249 
1800 31 1 35 50 222 120 149 164 0 217 221 224 234 247 248 249 254 
1800 32 1 50 139 221 256 
1800 33 1 50 60 222 248 249 254 
1800 34 1 37 165 222 221 233 257 259 
1800 35 28 31 36 
1800 36 35 165 136 
1800 37 50 30 222 60 34 165 11 38 39 40 41 42 43 44 45 46 47 48 17 49 51 52 4 53 54 25 55 56 57 23 58 59 61 62 63 64 24 65 9 
1800 38 37 50 145 244 
1800 39 37 216 217 221 224 233 244 257 259 
1800 40 37 145 221 244 257 259 
1800 41 37 222 139 216 233 249 
1800 42 37 221 244 257 259 
1800 43 37 221 233 244 257 259 
1800 44 37 234 244 
1800 45 37 222 217 221 233 244 257 259 
1800 46 37 0 255 256 
1800 47 37 221 233 244 257 259 
1800 48 37 0 255 256 
1800 49 37 139 221 233 244 257 259 
1800 50 21 37 222 26 28 29 30 31 32 33 60 19 128 132 11 38 17 23 62 64 24 2 3 122 12 14 15 16 97 18 156 74 20 22 130 223 68 105 107 6 180 202 
1800 51 37 233 244 259 
1800 52 37 217 221 233 235 244 257 259 134 135 
1800 53 37 222 82 95 139 221 233 244 259 
1800 54 37 216 244 255 
1800 55 37 233 257 
1800 56 37 221 233 
1800 57 37 222 82 95 139 221 233 244 259 
1800 58 37 216 217 221 224 233 244 257 259 
1800 59 37 145 216 217 221 224 233 244 257 259 
1800 60 33 37 50 145 217 221 224 233 244 257 259 19 
1800 61 37 233 244 259 
1800 62 37 50 244 
1800 63 37 217 221 257 
1800 64 37 50 221 244 257 
1800 65 37 233 257 
1800 66 136 225 235 
1800 67 221 259 
1800 68 50 
1800 69 221 259 
1800 70 224 
1800 71 165 136 235 
1800 72 0 
1800 73 95 
1800 74 50 249 
1800 75 221 259 
1800 76 224 
1800 77 0 
1800 78 222 95 
1800 79 244 
1800 80 259 
1800 81 
1800 82 28 53 57 88 93 83 84 85 86 87 89 90 91 92 94 
1800 83 82 95 221 233 256 257 259 
1800 84 82 256 
1800 85 82 95 221 233 256 257 259 
1800 86 82 237 253 256 
1800 87 82 237 253 256 
1800 88 165 82 256 
1800 89 82 237 
1800 90 82 95 256 
1800 91 82 225 237 
1800 92 82 237 
1800 93 165 82 256 
1800 94 82 136 235 237 240 
1800 95 53 235 234 259 57 3 97 105 107 6 109 96 78 114 73 83 85 90 98 99 100 101 102 103 104 5 106 108 110 111 112 113 7 115 116 117 118 119 184 191 
1800 96 165 95 225 235 237 253 
1800 97 50 95 120 139 234 244 256 
1800 98 95 248 
1800 99 95 256 
1800 100 95 221 
1800 101 95 235 
1800 102 95 259 
1800 103 95 256 
1800 104 95 0 
1800 105 50 95 
1800 106 95 0 
1800 107 50 95 
1800 108 95 244 
1800 109 165 95 225 235 237 253 
1800 110 95 256 
1800 111 95 233 
1800 112 95 244 
1800 113 95 235 
1800 114 222 95 139 221 259 
1800 115 95 221 235 259 
1800 116 95 0 
1800 117 95 136 256 
1800 118 95 149 
1800 119 95 120 
1800 120 21 26 28 29 31 128 132 3 122 12 16 97 20 130 121 124 129 131 119 123 13 125 126 127 133 203 
1800 121 222 120 149 234 258 
1800 122 50 120 149 221 224 234 248 249 
1800 123 120 221 259 
1800 124 222 120 221 259 
1800 125 120 149 249 
1800 126 120 149 164 217 221 248 249 254 
1800 127 120 234 244 
1800 128 243 50 120 248 249 254 132 
1800 129 222 120 221 259 
1800 130 50 120 248 249 254 
1800 131 222 120 139 244 
1800 132 243 50 128 120 248 249 254 
1800 133 120 149 164 221 248 249 254 
1800 134 52 221 259 
1800 135 52 221 259 
1800 136 36 4 24 71 66 94 117 137 138 
1800 137 136 221 244 257 259 
1800 138 136 0 249 
1800 139 27 145 32 41 49 4 53 57 24 3 97 141 131 114 8 140 142 143 144 210 
1800 140 139 248 
1800 141 165 139 225 235 237 244 253 256 
1800 142 139 221 225 233 235 244 257 259 
1800 143 139 221 259 
1800 144 139 248 
1800 145 30 139 60 11 38 40 17 4 23 59 24 
1800 146 221 233 259 
1800 147 216 233 255 
1800 148 149 258 
1800 149 21 0 221 26 27 29 31 3 122 12 14 15 16 18 156 20 22 151 121 155 118 13 125 126 133 148 150 152 153 154 10 157 158 159 160 161 162 163 206 
1800 150 149 221 248 
1800 151 222 149 0 
1800 152 149 164 221 224 248 249 
1800 153 149 164 221 248 249 
1800 154 149 164 221 248 249 
1800 155 222 149 0 
1800 156 50 222 149 164 224 234 247 248 249 
1800 157 149 221 
1800 158 149 248 249 
1800 159 149 221 254 
1800 160 149 221 
1800 161 149 221 248 
1800 162 149 221 248 
1800 163 149 221 248 
1800 164 21 26 31 18 156 126 133 152 153 154 
1800 165 34 37 258 36 24 166 109 167 71 88 141 96 168 93 181 
1800 166 165 237 
1800 167 165 216 233 237 244 
1800 168 165 216 233 237 244 
1800 169 28 11 17 
1800 170 0 221 
1800 171 0 258 
1800 172 0 225 
1800 173 0 237 244 257 
1800 174 0 233 
1800 175 0 237 
1800 176 0 221 244 259 
1800 177 0 233 
1800 178 0 233 
1800 179 0 258 
1800 180 50 0 
1800 181 165 0 
1800 182 0 237 
1800 183 0 221 
1800 184 95 0 
1800 185 0 256 
1800 186 0 237 
1800 187 0 237 
1800 188 0 259 
1800 189 0 225 
1800 190 0 259 
1800 191 95 0 
1800 192 0 237 
1800 193 0 258 
1800 194 0 237 
1800 195 0 
1800 196 0 249 
1800 197 0 237 
1800 198 0 221 
1800 199 0 
1800 200 0 237 
1800 201 0 234 
1800 202 50 0 
1800 203 120 0 
1800 204 0 237 
1800 205 0 221 233 244 259 
1800 206 149 0 
1800 207 0 258 
1800 208 0 
1800 209 0 247 
1800 210 139 0 
1800 211 0 234 
1800 212 0 237 
1800 213 1 0 
1800 214 222 0 244 
1800 215 0 224 
1800 216 30 11 39 41 17 54 58 59 167 168 147 
1800 217 221 26 30 31 60 39 45 52 58 59 63 24 126 218 219 220 
1800 218 217 221 244 259 
1800 219 217 221 233 259 
1800 220 217 221 233 259 
1800 221 21 149 217 259 26 0 28 31 32 60 34 39 40 42 43 45 47 49 52 4 53 56 57 58 59 63 64 24 122 14 15 16 22 223 134 135 124 129 114 67 69 75 83 85 100 7 115 123 126 133 137 8 142 143 146 150 152 153 154 10 157 159 160 161 162 163 170 176 183 198 205 218 219 220 242 251 241 236 252 
1800 222 21 50 0 26 28 29 37 31 33 34 19 41 45 53 25 57 24 2 3 16 18 156 20 223 151 121 124 78 129 155 131 114 214 
1800 223 50 222 221 235 259 
1800 224 26 28 30 31 60 39 58 59 24 122 14 15 16 18 156 22 70 76 152 215 
1800 225 109 141 96 66 91 142 172 189 226 227 228 229 230 231 232 
1800 226 225 235 
1800 227 225 235 
1800 228 225 235 
1800 229 225 237 258 
1800 230 225 235 
1800 231 225 237 258 
1800 232 225 235 237 258 
1800 233 0 235 30 60 34 11 39 41 43 45 47 17 49 51 52 53 55 56 57 58 59 61 24 65 167 168 83 85 111 142 146 147 174 177 178 205 219 220 
1800 234 26 235 28 31 44 95 3 122 14 15 16 97 18 156 22 121 127 201 211 236 
1800 235 27 233 234 52 4 95 223 109 71 141 96 66 94 101 113 115 142 226 227 228 230 232 250 239 
1800 236 221 234 244 259 
1800 237 27 4 166 109 167 141 96 168 86 87 89 91 92 94 173 175 182 186 187 192 194 197 200 204 212 229 231 232 239 238 
1800 238 237 240 
1800 239 235 237 
1800 240 94 238 
1800 241 221 259 
1800 242 221 259 
1800 243 19 128 132 
1800 244 60 11 38 39 40 42 43 44 45 47 17 49 51 52 4 53 54 25 57 23 58 59 61 62 64 24 3 97 167 141 168 131 214 79 108 112 127 137 142 173 176 205 218 236 245 246 
1800 245 244 255 257 
1800 246 244 249 257 
1800 247 28 31 156 209 
1800 248 21 26 29 31 33 19 128 132 2 122 14 15 16 18 156 20 22 130 98 126 133 140 144 150 152 153 154 10 158 161 162 163 
1800 249 21 26 30 31 33 19 128 132 41 2 122 12 14 15 16 18 156 74 22 130 125 126 133 138 152 153 154 158 196 246 
1800 250 235 256 
1800 251 221 257 259 
1800 252 221 257 259 
1800 253 109 141 96 86 87 
1800 254 26 31 33 19 128 132 2 130 126 133 159 
1800 255 11 46 48 17 4 54 147 245 
1800 256 32 46 48 4 24 3 97 88 141 93 83 84 85 86 87 90 99 103 110 117 185 250 
1800 257 60 34 11 39 40 42 43 45 47 17 49 52 4 55 58 59 63 64 24 65 83 85 137 142 173 251 252 245 246 
1800 258 165 23 121 13 148 171 179 193 207 229 231 232 
1800 259 221 60 34 39 40 42 43 45 47 49 51 52 4 53 95 57 58 59 61 24 223 134 135 124 129 114 67 69 75 80 83 85 102 115 123 137 8 142 143 146 176 188 190 205 218 219 220 242 251 241 236 252 
2700 0 208 138 26 207 219 30 31 199 45 18 168 189 169 140 144 200 72 97 5 99 108 172 178 190 129 196 192 159 160 161 162 163 164 165 166 167 170 171 173 174 175 176 177 179 180 181 182 183 184 185 186 187 188 191 193 194 195 197 198 201 
2700 1 21 26 27 28 29 30 31 32 33 199 
2700 2 47 208 234 235 240 
2700 3 47 208 112 138 220 230 242 
2700 4 36 127 134 207 221 223 230 241 242 243 245 
2700 5 0 
2700 6 47 
2700 7 207 
2700 8 207 245 
2700 9 36 
2700 10 138 207 234 
2700 11 36 47 134 158 202 219 230 241 243 
2700 12 47 112 138 235 
2700 13 112 138 244 
2700 14 47 138 207 210 220 234 235 
2700 15 47 138 207 210 220 234 235 
2700 16 47 208 112 138 207 210 220 234 235 
2700 17 36 47 134 158 202 219 230 241 243 
2700 18 47 208 138 153 0 210 220 234 235 
2700 19 47 57 208 234 235 240 229 
2700 20 47 208 112 138 234 
2700 21 1 47 208 112 138 153 207 234 235 
2700 22 47 138 207 210 220 234 235 
2700 23 36 47 134 230 244 
2700 24 36 47 154 208 127 134 203 207 210 219 230 242 243 245 
2700 25 36 208 230 
2700 26 1 47 208 112 138 153 0 203 207 210 220 234 235 240 
2700 27 1 138 221 223 
2700 28 1 34 47 208 77 112 158 207 210 220 233 
2700 29 1 47 208 112 138 234 
2700 30 1 36 47 134 0 202 203 210 219 235 
2700 31 1 34 47 208 112 138 153 0 203 207 210 220 233 234 235 240 
2700 32 1 47 207 242 
2700 33 1 47 57 208 234 235 240 
2700 34 28 31 35 
2700 35 34 154 127 
2700 36 47 30 208 57 154 11 37 38 39 40 41 42 43 44 45 17 46 48 49 4 50 51 25 52 53 54 23 55 56 58 59 60 61 24 62 9 
2700 37 36 47 134 230 
2700 38 36 202 203 207 210 219 230 243 245 
2700 39 36 134 207 230 243 245 
2700 40 36 208 202 219 235 
2700 41 36 207 230 243 245 
2700 42 36 207 219 230 243 245 
2700 43 36 220 230 
2700 44 36 208 203 207 219 230 243 245 
2700 45 36 0 241 242 
2700 46 36 207 219 230 243 245 
2700 47 21 36 208 26 28 29 30 31 32 33 57 19 120 11 37 17 23 59 61 24 2 3 114 12 14 15 16 91 18 145 69 20 22 122 209 64 98 100 6 168 189 
2700 48 36 219 230 245 
2700 49 36 203 207 219 221 230 243 245 125 126 
2700 50 36 208 77 207 219 230 245 
2700 51 36 202 230 241 
2700 52 36 219 243 
2700 53 36 207 219 
2700 54 36 208 77 207 219 230 245 
2700 55 36 202 203 207 210 219 230 243 245 
2700 56 36 134 202 203 207 210 219 230 243 245 
2700 57 33 36 47 134 203 207 210 219 230 243 245 19 
2700 58 36 219 230 245 
2700 59 36 47 230 
2700 60 36 203 207 243 
2700 61 36 47 207 230 243 
2700 62 36 219 243 
2700 63 127 211 221 
2700 64 47 
2700 65 207 245 
2700 66 210 
2700 67 154 127 221 
2700 68 
2700 69 47 235 
2700 70 207 245 
2700 71 210 
2700 72 0 
2700 73 208 
2700 74 230 
2700 75 245 
2700 76 
2700 77 28 50 54 83 88 78 79 80 81 82 84 85 86 87 89 
2700 78 77 207 219 242 243 245 
2700 79 77 242 
2700 80 77 207 219 242 243 245 
2700 81 77 223 239 242 
2700 82 77 223 239 242 
2700 83 154 77 242 
2700 84 77 223 
2700 85 77 242 
2700 86 77 211 223 
2700 87 77 223 
2700 88 154 77 242 
2700 89 77 127 221 223 226 
2700 90 154 211 221 223 239 
2700 91 47 112 220 230 242 
2700 92 234 
2700 93 242 
2700 94 207 
2700 95 221 
2700 96 242 
2700 97 0 
2700 98 47 
2700 99 0 
2700 100 47 
2700 101 230 
2700 102 154 211 221 223 239 
2700 103 242 
2700 104 219 
2700 105 230 
2700 106 221 
2700 107 208 207 245 
2700 108 0 
2700 109 127 242 
2700 110 138 
2700 111 112 
2700 112 21 26 28 29 31 120 3 114 12 16 91 20 122 113 116 121 123 111 115 13 117 118 119 124 190 
2700 113 208 112 138 220 244 
2700 114 47 112 138 207 210 220 234 235 
2700 115 112 207 245 
2700 116 208 112 207 245 
2700 117 112 138 235 
2700 118 112 138 153 203 207 234 235 240 
2700 119 112 220 230 
2700 120 229 47 112 234 235 240 
2700 121 208 112 207 245 
2700 122 47 112 234 235 240 
2700 123 208 112 230 
2700 124 112 138 153 207 234 235 240 
2700 125 49 207 245 
2700 126 49 207 245 
2700 127 35 4 24 67 63 89 109 128 129 
2700 128 127 207 230 243 245 
2700 129 127 0 235 
2700 130 154 211 221 223 230 239 242 
2700 131 207 211 219 221 230 243 245 
2700 132 207 245 
2700 133 234 
2700 134 30 57 11 37 39 17 4 23 56 24 
2700 135 207 219 245 
2700 136 202 219 241 
2700 137 138 244 
2700 138 21 0 207 26 27 29 31 3 114 12 14 15 16 18 145 20 22 140 113 144 110 13 117 118 124 137 139 141 142 143 10 146 147 148 149 150 151 152 192 
2700 139 138 207 234 
2700 140 208 138 0 
2700 141 138 153 207 210 234 235 
2700 142 138 153 207 234 235 
2700 143 138 153 207 234 235 
2700 144 208 138 0 
2700 145 47 208 138 153 210 220 233 234 235 
2700 146 138 207 
2700 147 138 234 235 
2700 148 138 207 240 
2700 149 138 207 
2700 150 138 207 234 
2700 151 138 207 234 
2700 152 138 207 234 
2700 153 21 26 31 18 145 118 124 141 142 143 
2700 154 35 36 244 24 155 102 156 67 83 130 90 157 88 169 
2700 155 154 223 
2700 156 154 202 219 223 230 
2700 157 154 202 219 223 230 
2700 158 28 11 17 
2700 159 0 207 
2700 160 0 244 
2700 161 0 211 
2700 162 0 223 230 243 
2700 163 0 219 
2700 164 0 223 
2700 165 0 207 230 245 
2700 166 0 219 
2700 167 0 244 
2700 168 47 0 
2700 169 154 0 
2700 170 0 223 
2700 171 0 207 
2700 172 0 
2700 173 0 223 
2700 174 0 223 
2700 175 0 245 
2700 176 0 211 
2700 177 0 245 
2700 178 0 
2700 179 0 223 
2700 180 0 244 
2700 181 0 223 
2700 182 0 
2700 183 0 235 
2700 184 0 223 
2700 185 0 207 
2700 186 0 
2700 187 0 223 
2700 188 0 220 
2700 189 47 0 
2700 190 112 0 
2700 191 0 207 219 230 245 
2700 192 138 0 
2700 193 0 244 
2700 194 0 
2700 195 0 233 
2700 196 0 
2700 197 0 220 
2700 198 0 223 
2700 199 1 0 
2700 200 208 0 230 
2700 201 0 210 
2700 202 30 11 38 40 17 51 55 56 156 157 136 
2700 203 207 26 30 31 57 38 44 49 55 56 60 24 118 204 205 206 
2700 204 203 207 230 245 
2700 205 203 207 219 245 
2700 206 203 207 219 245 
2700 207 21 138 203 245 26 0 28 31 32 57 38 39 41 42 44 46 49 4 50 53 54 55 56 60 61 24 114 14 15 16 22 209 125 126 116 121 107 65 70 78 80 94 7 115 118 124 128 8 131 132 135 139 141 142 143 10 146 148 149 150 151 152 159 165 171 185 191 204 205 206 228 237 227 222 238 
2700 208 21 47 0 26 28 29 36 31 33 19 40 44 50 25 54 24 2 3 16 18 145 20 209 140 113 116 73 121 144 123 107 200 
2700 209 47 208 207 221 245 
2700 210 26 28 30 31 57 38 55 56 24 114 14 15 16 18 145 22 66 71 141 201 
2700 211 102 130 90 63 86 131 161 176 212 213 214 215 216 217 218 
2700 212 211 221 
2700 213 211 221 
2700 214 211 221 
2700 215 211 223 244 
2700 216 211 221 
2700 217 211 223 244 
2700 218 211 221 223 244 
2700 219 0 221 30 57 11 38 40 42 44 17 46 48 49 50 52 53 54 55 56 58 24 62 156 157 78 80 104 131 135 136 163 166 191 205 206 
2700 220 26 221 28 31 43 3 114 14 15 16 91 18 145 22 113 119 188 197 222 
2700 221 27 219 220 49 4 209 102 67 130 90 63 89 95 106 131 212 213 214 216 218 236 225 
2700 222 207 220 230 245 
2700 223 27 4 155 102 156 130 90 157 81 82 84 86 87 89 162 164 170 173 174 179 181 184 187 198 215 217 218 225 224 
2700 224 223 226 
2700 225 221 223 
2700 226 89 224 
2700 227 207 245 
2700 228 207 245 
2700 229 19 120 
2700 230 57 11 37 38 39 41 42 43 44 17 46 48 49 4 50 51 25 54 23 55 56 58 59 61 24 3 91 156 130 157 123 200 74 101 105 119 128 131 162 165 191 204 222 231 232 
2700 231 230 241 243 
2700 232 230 235 243 
2700 233 28 31 145 195 
2700 234 21 26 29 31 33 19 120 2 114 14 15 16 18 145 20 22 122 92 118 124 133 139 141 142 143 10 147 150 151 152 
2700 235 21 26 30 31 33 19 120 40 2 114 12 14 15 16 18 145 69 22 122 117 118 124 129 141 142 143 147 183 232 
2700 236 221 242 
2700 237 207 243 245 
2700 238 207 243 245 
2700 239 102 130 90 81 82 
2700 240 26 31 33 19 120 2 122 118 124 148 
2700 241 11 45 17 4 51 136 231 
2700 242 32 45 4 24 3 91 83 130 88 78 79 80 81 82 85 93 96 103 109 236 
2700 243 57 11 38 39 41 42 44 17 46 49 4 52 55 56 60 61 24 62 78 80 128 131 162 237 238 231 232 
2700 244 154 23 113 13 137 160 167 180 193 215 217 218 
2700 245 207 57 38 39 41 42 44 46 48 49 4 50 54 55 56 58 24 209 125 126 116 121 107 65 70 75 78 80 115 128 8 131 132 135 165 175 177 191 204 205 206 228 237 227 222 238 
3600 0 198 132 26 209 30 190 44 18 161 180 162 134 138 191 70 94 5 96 104 165 170 181 124 187 183 152 153 154 155 156 157 158 159 160 163 164 166 167 168 169 171 172 173 174 175 176 177 178 179 182 184 185 186 188 189 192 
3600 1 21 26 27 28 29 30 31 32 190 
3600 2 46 198 224 225 228 
3600 3 46 198 132 210 220 230 
3600 4 35 122 128 211 213 220 229 230 231 233 
3600 5 0 
3600 6 46 
3600 7 
3600 8 233 
3600 9 35 
3600 10 132 224 
3600 11 35 46 128 151 193 209 220 229 231 
3600 12 46 132 225 
3600 13 132 232 
3600 14 46 132 200 210 224 225 
3600 15 46 132 200 210 224 225 
3600 16 46 198 132 200 210 224 225 
3600 17 35 46 128 151 193 209 220 229 231 
3600 18 46 198 132 147 0 200 210 224 225 
3600 19 46 56 198 224 225 228 219 
3600 20 46 198 132 224 
3600 21 1 46 198 132 147 224 225 
3600 22 46 132 200 210 224 225 
3600 23 35 46 128 220 232 
3600 24 35 46 148 198 122 128 194 200 209 220 230 231 233 
3600 25 35 198 220 
3600 26 1 46 198 132 147 0 194 200 210 224 225 228 
3600 27 1 132 211 213 
3600 28 1 33 46 198 74 151 200 210 223 
3600 29 1 46 198 132 224 
3600 30 1 35 46 128 0 193 194 200 209 225 
3600 31 1 46 230 
3600 32 1 46 56 198 224 225 228 
3600 33 28 34 
3600 34 33 148 122 
3600 35 46 30 198 56 148 11 36 37 38 39 40 41 42 43 44 17 45 47 48 4 49 50 25 51 52 53 23 54 55 57 58 59 60 24 61 9 
3600 36 35 46 128 220 
3600 37 35 193 194 200 209 220 231 233 
3600 38 35 128 220 231 233 
3600 39 35 198 193 209 225 
3600 40 35 220 231 233 
3600 41 35 209 220 231 233 
3600 42 35 210 220 
3600 43 35 198 194 209 220 231 233 
3600 44 35 0 229 230 
3600 45 35 209 220 231 233 
3600 46 21 35 198 26 28 29 30 31 32 56 19 115 11 36 17 23 58 60 24 2 3 109 12 14 15 16 88 18 139 67 20 22 117 199 95 6 161 180 
3600 47 35 209 220 233 
3600 48 35 194 209 211 220 231 233 120 121 
3600 49 35 198 74 209 220 233 
3600 50 35 193 220 229 
3600 51 35 209 231 
3600 52 35 209 
3600 53 35 198 74 209 220 233 
3600 54 35 193 194 200 209 220 231 233 
3600 55 35 128 193 194 200 209 220 231 233 
3600 56 32 35 46 128 194 200 209 220 231 233 19 
3600 57 35 209 220 233 
3600 58 35 46 220 
3600 59 35 194 231 
3600 60 35 46 220 231 
3600 61 35 209 231 
3600 62 122 201 211 
3600 63 233 
3600 64 200 
3600 65 148 122 211 
3600 66 
3600 67 46 225 
3600 68 233 
3600 69 200 
3600 70 0 
3600 71 198 
3600 72 220 
3600 73 233 
3600 74 28 49 53 80 85 75 76 77 78 79 81 82 83 84 86 
3600 75 74 209 230 231 233 
3600 76 74 230 
3600 77 74 209 230 231 233 
3600 78 74 213 227 230 
3600 79 74 213 227 230 
3600 80 148 74 230 
3600 81 74 213 
3600 82 74 230 
3600 83 74 201 213 
3600 84 74 213 
3600 85 148 74 230 
3600 86 74 122 211 213 216 
3600 87 148 201 211 213 227 
3600 88 46 210 220 230 
3600 89 224 
3600 90 230 
3600 91 
3600 92 211 
3600 93 230 
3600 94 0 
3600 95 46 
3600 96 0 
3600 97 220 
3600 98 148 201 211 213 227 
3600 99 230 
3600 100 209 
3600 101 220 
3600 102 211 
3600 103 198 233 
3600 104 0 
3600 105 122 230 
3600 106 132 
3600 107 
3600 108 198 132 210 232 
3600 109 46 132 200 210 224 225 
3600 110 233 
3600 111 198 233 
3600 112 132 225 
3600 113 132 147 194 224 225 228 
3600 114 210 220 
3600 115 219 46 224 225 228 
3600 116 198 233 
3600 117 46 224 225 228 
3600 118 198 220 
3600 119 132 147 224 225 228 
3600 120 48 233 
3600 121 48 233 
3600 122 34 4 24 65 62 86 105 123 124 
3600 123 122 220 231 233 
3600 124 122 0 225 
3600 125 148 201 211 213 220 227 230 
3600 126 201 209 211 220 231 233 
3600 127 224 
3600 128 30 56 11 36 38 17 4 23 55 24 
3600 129 209 233 
3600 130 193 209 229 
3600 131 132 232 
3600 132 21 0 26 27 29 3 109 12 14 15 16 18 139 20 22 134 108 138 106 13 112 113 119 131 133 135 136 137 10 140 141 142 143 144 145 146 183 
3600 133 132 224 
3600 134 198 132 0 
3600 135 132 147 200 224 225 
3600 136 132 147 224 225 
3600 137 132 147 224 225 
3600 138 198 132 0 
3600 139 46 198 132 147 200 210 223 224 225 
3600 140 132 
3600 141 132 224 225 
3600 142 132 228 
3600 143 132 
3600 144 132 224 
3600 145 132 224 
3600 146 132 224 
3600 147 21 26 18 139 113 119 135 136 137 
3600 148 34 35 232 24 149 98 150 65 80 125 87 85 162 
3600 149 148 213 
3600 150 148 193 209 213 220 
3600 151 28 11 17 
3600 152 0 
3600 153 0 232 
3600 154 0 201 
3600 155 0 213 220 231 
3600 156 0 209 
3600 157 0 213 
3600 158 0 220 233 
3600 159 0 209 
3600 160 0 232 
3600 161 46 0 
3600 162 148 0 
3600 163 0 213 
3600 164 0 
3600 165 0 
3600 166 0 213 
3600 167 0 213 
3600 168 0 201 
3600 169 0 233 
3600 170 0 
3600 171 0 213 
3600 172 0 232 
3600 173 0 213 
3600 174 0 
3600 175 0 225 
3600 176 0 
3600 177 0 
3600 178 0 213 
3600 179 0 210 
3600 180 46 0 
3600 181 0 
3600 182 0 209 220 233 
3600 183 132 0 
3600 184 0 232 
3600 185 0 
3600 186 0 223 
3600 187 0 
3600 188 0 210 
3600 189 0 213 
3600 190 1 0 
3600 191 198 0 220 
3600 192 0 200 
3600 193 30 11 37 39 17 50 54 55 150 130 
3600 194 26 30 56 37 43 48 54 55 59 24 113 195 196 197 
3600 195 194 220 233 
3600 196 194 209 233 
3600 197 194 209 233 
3600 198 21 46 0 26 28 29 35 32 19 39 43 49 25 53 24 2 3 16 18 139 20 199 134 108 111 71 116 138 118 103 191 
3600 199 46 198 211 233 
3600 200 26 28 30 56 37 54 55 24 109 14 15 16 18 139 22 64 69 135 192 
3600 201 98 125 87 62 83 126 154 168 202 203 204 205 206 207 208 
3600 202 201 211 
3600 203 201 211 
3600 204 201 211 
3600 205 201 213 232 
3600 206 201 211 
3600 207 201 213 232 
3600 208 201 211 213 232 
3600 209 0 211 30 56 11 37 39 41 43 17 45 47 48 49 51 52 53 54 55 57 24 61 150 75 77 100 126 129 130 156 159 182 196 197 
3600 210 26 211 28 42 3 109 14 15 16 88 18 139 22 108 114 179 188 212 
3600 211 27 209 210 48 4 199 98 65 125 87 62 86 92 102 126 202 203 204 206 208 215 
3600 212 210 220 233 
3600 213 27 4 149 98 150 125 87 78 79 81 83 84 86 155 157 163 166 167 171 173 178 189 205 207 208 215 214 
3600 214 213 216 
3600 215 211 213 
3600 216 86 214 
3600 217 233 
3600 218 233 
3600 219 19 115 
3600 220 56 11 36 37 38 40 41 42 43 17 45 47 48 4 49 50 25 53 23 54 55 57 58 60 24 3 88 150 125 118 191 72 97 101 114 123 126 155 158 182 195 212 221 222 
3600 221 220 229 231 
3600 222 220 225 231 
3600 223 28 139 186 
3600 224 21 26 29 32 19 115 2 109 14 15 16 18 139 20 22 117 89 113 119 127 133 135 136 137 10 141 144 145 146 
3600 225 21 26 30 32 19 115 39 2 109 12 14 15 16 18 139 67 22 117 112 113 119 124 135 136 137 141 175 222 
3600 226 231 233 
3600 227 98 125 87 78 79 
3600 228 26 32 19 115 2 117 113 119 142 
3600 229 11 44 17 4 50 130 221 
3600 230 31 44 4 24 3 88 80 125 85 75 76 77 78 79 82 90 93 99 105 
3600 231 56 11 37 38 40 41 43 17 45 48 4 51 54 55 59 60 24 61 75 77 123 126 155 226 221 222 
3600 232 148 23 108 13 131 153 160 172 184 205 207 208 
3600 233 56 37 38 40 41 43 45 47 48 4 49 53 54 55 57 24 199 120 121 111 116 103 63 68 73 75 77 110 123 8 126 129 158 169 182 195 196 197 218 226 217 212 
4500 0 192 128 26 202 30 184 44 18 156 174 157 130 134 185 67 91 5 93 101 160 164 175 120 181 177 147 148 149 150 151 152 153 154 155 158 159 161 162 163 165 166 167 168 169 170 171 172 173 176 178 179 180 182 183 186 
4500 1 21 26 27 28 29 30 31 32 184 
4500 2 46 192 215 216 219 
4500 3 46 192 128 203 211 221 
4500 4 35 118 124 204 211 220 221 222 224 
4500 5 0 
4500 6 46 
4500 7 
4500 8 224 
4500 9 35 
4500 10 128 215 
4500 11 35 46 124 146 187 202 211 220 222 
4500 12 46 128 216 
4500 13 128 223 
4500 14 46 128 194 203 215 216 
4500 15 46 128 194 203 215 216 
4500 16 46 192 128 194 203 215 216 
4500 17 35 46 124 146 187 202 211 220 222 
4500 18 46 192 128 142 0 194 203 215 216 
4500 19 46 55 192 215 216 219 210 
4500 20 46 192 128 215 
4500 21 1 46 192 128 142 215 216 
4500 22 46 128 194 203 215 216 
4500 23 35 46 124 211 223 
4500 24 35 46 143 192 118 124 188 194 202 211 221 222 224 
4500 25 35 192 211 
4500 26 1 46 192 128 142 0 188 194 203 215 216 219 
4500 27 1 128 204 
4500 28 1 33 46 192 71 146 194 203 214 
4500 29 1 46 192 128 215 
4500 30 1 35 46 124 0 187 188 194 202 216 
4500 31 1 46 221 
4500 32 1 46 55 192 215 216 219 
4500 33 28 34 
4500 34 33 143 118 
4500 35 46 30 192 55 143 11 36 37 38 39 40 41 42 43 44 17 45 47 48 4 49 50 25 51 52 23 53 54 56 57 58 24 59 9 
4500 36 35 46 124 211 
4500 37 35 187 188 194 202 211 222 224 
4500 38 35 124 211 222 224 
4500 39 35 192 187 202 216 
4500 40 35 211 222 224 
4500 41 35 202 211 222 224 
4500 42 35 203 211 
4500 43 35 192 188 202 211 222 224 
4500 44 35 0 220 221 
4500 45 35 202 211 222 224 
4500 46 21 35 192 26 28 29 30 31 32 55 19 111 11 36 17 23 58 24 2 3 105 12 14 15 16 85 18 135 64 20 22 113 193 92 6 156 174 
4500 47 35 202 211 224 
4500 48 35 188 202 204 211 222 224 116 117 
4500 49 35 192 71 202 211 224 
4500 50 35 187 211 220 
4500 51 35 202 222 
4500 52 35 192 71 202 211 224 
4500 53 35 187 188 194 202 211 222 224 
4500 54 35 124 187 188 194 202 211 222 224 
4500 55 32 35 46 124 188 194 202 211 222 224 19 
4500 56 35 202 211 224 
4500 57 35 188 222 
4500 58 35 46 211 222 
4500 59 35 202 222 
4500 60 118 204 
4500 61 224 
4500 62 143 118 204 
4500 63 
4500 64 46 216 
4500 65 224 
4500 66 194 
4500 67 0 
4500 68 192 
4500 69 211 
4500 70 224 
4500 71 28 49 52 77 82 72 73 74 75 76 78 79 80 81 83 
4500 72 71 202 221 222 224 
4500 73 71 221 
4500 74 71 202 221 222 224 
4500 75 71 218 221 
4500 76 71 218 221 
4500 77 143 71 221 
4500 78 71 
4500 79 71 221 
4500 80 71 
4500 81 71 
4500 82 143 71 221 
4500 83 71 118 204 208 
4500 84 143 204 218 
4500 85 46 203 211 221 
4500 86 215 
4500 87 221 
4500 88 
4500 89 204 
4500 90 221 
4500 91 0 
4500 92 46 
4500 93 0 
4500 94 211 
4500 95 143 204 218 
4500 96 221 
4500 97 202 
4500 98 211 
4500 99 204 
4500 100 192 224 
4500 101 0 
4500 102 118 221 
4500 103 128 
4500 104 
4500 105 46 128 194 203 215 216 
4500 106 224 
4500 107 192 224 
4500 108 128 216 
4500 109 128 142 188 215 216 219 
4500 110 203 211 
4500 111 210 46 215 216 219 
4500 112 192 224 
4500 113 46 215 216 219 
4500 114 192 211 
4500 115 128 142 215 216 219 
4500 116 48 224 
4500 117 48 224 
4500 118 34 4 24 62 60 83 102 119 120 
4500 119 118 211 222 224 
4500 120 118 0 216 
4500 121 143 204 211 218 221 
4500 122 202 204 211 222 224 
4500 123 215 
4500 124 30 55 11 36 38 17 4 23 54 24 
4500 125 202 224 
4500 126 187 202 220 
4500 127 128 223 
4500 128 21 0 26 27 29 3 105 12 14 15 16 18 135 20 22 130 134 103 13 108 109 115 127 129 131 132 133 10 136 137 138 139 140 141 177 
4500 129 128 215 
4500 130 192 128 0 
4500 131 128 142 194 215 216 
4500 132 128 142 215 216 
4500 133 128 142 215 216 
4500 134 192 128 0 
4500 135 46 192 128 142 194 203 214 215 216 
4500 136 128 215 216 
4500 137 128 219 
4500 138 128 
4500 139 128 215 
4500 140 128 215 
4500 141 128 215 
4500 142 21 26 18 135 109 115 131 132 133 
4500 143 34 35 223 24 144 95 145 62 77 121 84 82 157 
4500 144 143 
4500 145 143 187 202 211 
4500 146 28 11 17 
4500 147 0 
4500 148 0 223 
4500 149 0 
4500 150 0 211 222 
4500 151 0 202 
4500 152 0 
4500 153 0 211 224 
4500 154 0 202 
4500 155 0 223 
4500 156 46 0 
4500 157 143 0 
4500 158 0 
4500 159 0 
4500 160 0 
4500 161 0 
4500 162 0 
4500 163 0 224 
4500 164 0 
4500 165 0 
4500 166 0 223 
4500 167 0 
4500 168 0 
4500 169 0 216 
4500 170 0 
4500 171 0 
4500 172 0 
4500 173 0 203 
4500 174 46 0 
4500 175 0 
4500 176 0 202 211 224 
4500 177 128 0 
4500 178 0 223 
4500 179 0 
4500 180 0 214 
4500 181 0 
4500 182 0 203 
4500 183 0 
4500 184 1 0 
4500 185 192 0 211 
4500 186 0 194 
4500 187 30 11 37 39 17 50 53 54 145 126 
4500 188 26 30 55 37 43 48 53 54 57 24 109 189 190 191 
4500 189 188 211 224 
4500 190 188 202 224 
4500 191 188 202 224 
4500 192 21 46 0 26 28 29 35 32 19 39 43 49 25 52 24 2 3 16 18 135 20 193 130 107 68 112 134 114 100 185 
4500 193 46 192 204 224 
4500 194 26 28 30 55 37 53 54 24 105 14 15 16 18 135 22 66 131 186 
4500 195 204 
4500 196 204 
4500 197 204 
4500 198 223 
4500 199 204 
4500 200 223 
4500 201 204 223 
4500 202 0 204 30 55 11 37 39 41 43 17 45 47 48 49 51 52 53 54 56 24 59 145 72 74 97 122 125 126 151 154 176 190 191 
4500 203 26 204 28 42 3 105 14 15 16 85 18 135 22 110 173 182 205 
4500 204 27 202 203 48 4 193 95 62 121 84 60 83 89 99 122 195 196 197 199 201 207 
4500 205 203 211 224 
4500 206 208 
4500 207 204 
4500 208 83 206 
4500 209 224 
4500 210 19 111 
4500 211 55 11 36 37 38 40 41 42 43 17 45 47 48 4 49 50 25 52 23 53 54 56 58 24 3 85 145 121 114 185 69 94 98 110 119 122 150 153 176 189 205 212 213 
4500 212 211 220 222 
4500 213 211 216 222 
4500 214 28 135 180 
4500 215 21 26 29 32 19 111 2 105 14 15 16 18 135 20 22 113 86 109 115 123 129 131 132 133 10 136 139 140 141 
4500 216 21 26 30 32 19 111 39 2 105 12 14 15 16 18 135 64 22 113 108 109 115 120 131 132 133 136 169 213 
4500 217 222 224 
4500 218 95 121 84 75 76 
4500 219 26 32 19 111 2 113 109 115 137 
4500 220 11 44 17 4 50 126 212 
4500 221 31 44 4 24 3 85 77 121 82 72 73 74 75 76 79 87 90 96 102 
4500 222 55 11 37 38 40 41 43 17 45 48 4 51 53 54 57 58 24 59 72 74 119 122 150 217 212 213 
4500 223 143 23 13 127 148 155 166 178 198 200 201 
4500 224 55 37 38 40 41 43 45 47 48 4 49 52 53 54 56 24 193 116 117 107 112 100 61 65 70 72 74 106 119 8 122 125 153 163 176 189 190 191 209 217 205 
5400 0 121 24 190 28 174 40 17 147 165 148 123 127 175 62 86 5 88 95 151 155 166 113 171 168 140 141 142 143 144 145 146 149 150 152 153 154 156 157 158 159 160 161 162 163 164 167 169 170 172 173 176 
5400 1 19 24 25 26 27 28 29 174 
5400 2 42 202 205 
5400 3 42 121 191 198 207 
5400 4 32 111 117 192 198 206 207 208 210 
5400 5 0 
5400 6 42 
5400 7 
5400 8 210 
5400 9 32 
5400 10 121 
5400 11 42 121 202 
5400 12 121 209 
5400 13 42 121 182 191 202 
5400 14 42 121 182 191 202 
5400 15 42 121 182 191 202 
5400 16 32 42 117 139 177 190 198 206 208 
5400 17 42 121 135 0 182 191 202 
5400 18 42 51 202 205 197 
5400 19 1 42 121 135 202 
5400 20 42 121 182 191 202 
5400 21 32 42 117 198 209 
5400 22 32 42 136 111 117 178 182 190 198 207 208 210 
5400 23 32 198 
5400 24 1 42 121 135 0 178 182 191 202 205 
5400 25 1 121 192 
5400 26 1 30 42 66 139 182 191 201 
5400 27 1 42 121 
5400 28 1 32 42 117 0 177 178 182 190 202 
5400 29 1 42 51 202 205 
5400 30 26 31 
5400 31 30 136 111 
5400 32 42 28 51 136 33 34 35 36 37 38 39 40 16 41 43 44 4 45 46 23 47 48 21 49 50 52 53 22 54 9 
5400 33 32 42 117 198 
5400 34 32 177 178 182 190 198 208 210 
5400 35 32 117 198 208 210 
5400 36 32 177 190 202 
5400 37 32 198 208 210 
5400 38 32 190 198 208 210 
5400 39 32 191 198 
5400 40 32 0 206 207 
5400 41 32 190 198 208 210 
5400 42 19 32 24 26 27 28 29 51 18 105 33 16 21 53 22 2 3 99 11 13 14 15 80 17 128 59 20 107 181 87 6 147 165 
5400 43 32 190 198 210 
5400 44 32 178 190 192 198 208 210 110 
5400 45 32 66 190 198 210 
5400 46 32 177 198 206 
5400 47 32 190 208 
5400 48 32 66 190 198 210 
5400 49 32 177 178 182 190 198 208 210 
5400 50 32 117 177 178 182 190 198 208 210 
5400 51 29 32 42 117 178 182 190 198 208 210 18 
5400 52 32 178 208 
5400 53 32 42 198 208 
5400 54 32 190 208 
5400 55 111 192 
5400 56 210 
5400 57 136 111 192 
5400 58 
5400 59 42 202 
5400 60 210 
5400 61 182 
5400 62 0 
5400 63 
5400 64 198 
5400 65 210 
5400 66 26 45 48 72 77 67 68 69 70 71 73 74 75 76 78 
5400 67 66 190 207 208 210 
5400 68 66 207 
5400 69 66 190 207 208 210 
5400 70 66 204 207 
5400 71 66 204 207 
5400 72 136 66 207 
5400 73 66 
5400 74 66 207 
5400 75 66 
5400 76 66 
5400 77 136 66 207 
5400 78 66 111 192 195 
5400 79 136 192 204 
5400 80 42 191 198 207 
5400 81 
5400 82 207 
5400 83 
5400 84 192 
5400 85 207 
5400 86 0 
5400 87 42 
5400 88 0 
5400 89 198 
5400 90 136 192 204 
5400 91 190 
5400 92 198 
5400 93 192 
5400 94 210 
5400 95 0 
5400 96 111 207 
5400 97 121 
5400 98 
5400 99 42 121 182 191 202 
5400 100 210 
5400 101 210 
5400 102 121 202 
5400 103 121 135 178 202 205 
5400 104 191 198 
5400 105 197 42 202 205 
5400 106 210 
5400 107 42 202 205 
5400 108 198 
5400 109 121 135 202 205 
5400 110 44 210 
5400 111 31 4 22 57 55 78 96 112 113 
5400 112 111 198 208 210 
5400 113 111 0 202 
5400 114 136 192 198 204 207 
5400 115 190 192 198 208 210 
5400 116 
5400 117 28 51 33 35 16 4 21 50 22 
5400 118 190 210 
5400 119 177 190 206 
5400 120 121 209 
5400 121 19 0 24 25 27 3 99 11 13 14 15 17 128 20 123 127 97 12 102 103 109 120 122 124 125 126 10 129 130 131 132 133 134 168 
5400 122 121 
5400 123 121 0 
5400 124 121 135 182 202 
5400 125 121 135 202 
5400 126 121 135 202 
5400 127 121 0 
5400 128 42 121 135 182 191 201 202 
5400 129 121 202 
5400 130 121 205 
5400 131 121 
5400 132 121 
5400 133 121 
5400 134 121 
5400 135 19 24 17 128 103 109 124 125 126 
5400 136 31 32 209 22 137 90 138 57 72 114 79 77 148 
5400 137 136 
5400 138 136 177 190 198 
5400 139 26 16 
5400 140 0 
5400 141 0 209 
5400 142 0 198 208 
5400 143 0 190 
5400 144 0 
5400 145 0 198 210 
5400 146 0 209 
5400 147 42 0 
5400 148 136 0 
5400 149 0 
5400 150 0 
5400 151 0 
5400 152 0 
5400 153 0 
5400 154 0 210 
5400 155 0 
5400 156 0 
5400 157 0 209 
5400 158 0 
5400 159 0 
5400 160 0 202 
5400 161 0 
5400 162 0 
5400 163 0 
5400 164 0 191 
5400 165 42 0 
5400 166 0 
5400 167 0 190 198 210 
5400 168 121 0 
5400 169 0 209 
5400 170 0 201 
5400 171 0 
5400 172 0 191 
5400 173 0 
5400 174 1 0 
5400 175 0 198 
5400 176 0 182 
5400 177 28 34 36 16 46 49 50 138 119 
5400 178 24 28 51 34 44 49 50 52 22 103 179 180 
5400 179 178 190 210 
5400 180 178 190 210 
5400 181 42 192 210 
5400 182 24 26 28 51 34 49 50 22 99 13 14 15 17 128 20 61 124 176 
5400 183 192 
5400 184 192 
5400 185 192 
5400 186 209 
5400 187 192 
5400 188 209 
5400 189 192 209 
5400 190 0 192 28 51 34 36 38 16 41 43 44 45 47 48 49 50 22 54 138 67 69 91 115 118 119 143 167 179 180 
5400 191 24 192 26 39 3 99 13 14 15 80 17 128 20 104 164 172 193 
5400 192 25 190 191 44 4 181 90 57 114 79 55 78 84 93 115 183 184 185 187 189 
5400 193 191 198 210 
5400 194 195 
5400 195 78 194 
5400 196 210 
5400 197 18 105 
5400 198 51 33 34 35 37 38 39 16 41 43 44 4 45 46 23 48 21 49 50 53 22 3 80 138 114 108 175 64 89 92 104 112 115 142 145 167 193 199 200 
5400 199 198 206 208 
5400 200 198 202 208 
5400 201 26 128 170 
5400 202 19 24 28 29 18 105 36 2 99 11 13 14 15 17 128 59 20 107 102 103 109 113 124 125 126 129 160 200 
5400 203 208 210 
5400 204 90 114 79 70 71 
5400 205 24 29 18 105 2 107 103 109 130 
5400 206 40 16 4 46 119 199 
5400 207 40 4 22 3 80 72 114 77 67 68 69 70 71 74 82 85 96 
5400 208 51 34 35 37 38 16 41 44 4 47 49 50 52 53 22 54 67 69 112 115 142 203 199 200 
5400 209 136 21 12 120 141 146 157 169 186 188 189 
5400 210 51 34 35 37 38 41 43 44 4 45 48 49 50 22 181 110 101 106 94 56 60 65 67 69 100 112 8 115 118 145 154 167 179 180 196 203 193 
6300 0 114 23 181 27 166 38 16 139 157 140 116 120 167 59 5 83 90 143 147 158 106 163 160 132 133 134 135 136 137 138 141 142 144 145 146 148 149 150 151 152 153 154 155 156 159 161 162 164 165 168 
6300 1 18 23 24 25 26 27 28 166 
6300 2 40 193 195 
6300 3 40 114 182 189 197 
6300 4 110 183 189 196 197 198 200 
6300 5 0 
6300 6 40 
6300 7 
6300 8 200 
6300 9 
6300 10 114 
6300 11 114 199 
6300 12 40 114 174 182 193 
6300 13 40 114 174 182 193 
6300 14 40 114 174 182 193 
6300 15 40 110 131 169 181 189 196 198 
6300 16 40 114 127 0 174 182 193 
6300 17 40 49 193 195 188 
6300 18 1 40 114 127 193 
6300 19 40 114 174 182 193 
6300 20 40 110 189 199 
6300 21 40 128 110 170 174 181 189 197 198 200 
6300 22 189 
6300 23 1 40 114 127 0 170 174 182 193 195 
6300 24 1 114 183 
6300 25 1 29 40 63 131 174 182 192 
6300 26 1 40 114 
6300 27 1 40 110 0 169 170 174 181 193 
6300 28 1 40 49 193 195 
6300 29 25 30 
6300 30 29 128 
6300 31 40 110 189 
6300 32 169 170 174 181 189 198 200 
6300 33 110 189 198 200 
6300 34 169 181 193 
6300 35 189 198 200 
6300 36 181 189 198 200 
6300 37 182 189 
6300 38 0 196 197 
6300 39 181 189 198 200 
6300 40 18 23 25 26 27 28 49 17 99 31 15 20 51 21 2 3 94 12 13 14 76 16 121 56 19 101 173 82 6 139 157 
6300 41 181 189 200 
6300 42 170 181 183 189 198 200 104 
6300 43 63 181 189 200 
6300 44 169 189 196 
6300 45 181 198 
6300 46 63 181 189 200 
6300 47 169 170 174 181 189 198 200 
6300 48 110 169 170 174 181 189 198 200 
6300 49 28 40 110 170 174 181 189 198 200 17 
6300 50 170 198 
6300 51 40 189 198 
6300 52 181 198 
6300 53 183 
6300 54 200 
6300 55 128 183 
6300 56 40 193 
6300 57 200 
6300 58 174 
6300 59 0 
6300 60 
6300 61 189 
6300 62 200 
6300 63 25 43 46 69 73 64 65 66 67 68 70 71 72 74 
6300 64 63 181 197 198 200 
6300 65 63 197 
6300 66 63 181 197 198 200 
6300 67 63 194 197 
6300 68 63 194 197 
6300 69 128 63 197 
6300 70 63 
6300 71 63 197 
6300 72 63 
6300 73 128 63 197 
6300 74 63 183 186 
6300 75 128 183 194 
6300 76 40 182 189 197 
6300 77 
6300 78 197 
6300 79 
6300 80 183 
6300 81 197 
6300 82 40 
6300 83 0 
6300 84 189 
6300 85 128 183 194 
6300 86 181 
6300 87 189 
6300 88 183 
6300 89 200 
6300 90 0 
6300 91 197 
6300 92 114 
6300 93 
6300 94 40 114 174 182 193 
6300 95 200 
6300 96 200 
6300 97 114 193 
6300 98 182 189 
6300 99 188 40 193 195 
6300 100 200 
6300 101 40 193 195 
6300 102 189 
6300 103 114 127 193 195 
6300 104 42 200 
6300 105 189 198 200 
6300 106 0 193 
6300 107 128 183 189 194 197 
6300 108 181 183 189 198 200 
6300 109 
6300 110 27 49 31 33 15 4 20 48 21 
6300 111 181 200 
6300 112 169 181 196 
6300 113 114 199 
6300 114 18 0 23 24 26 3 94 12 13 14 16 121 19 116 120 92 11 97 103 113 115 117 118 119 10 122 123 124 125 126 160 
6300 115 114 
6300 116 114 0 
6300 117 114 127 174 193 
6300 118 114 127 193 
6300 119 114 127 193 
6300 120 114 0 
6300 121 40 114 127 174 182 192 193 
6300 122 114 193 
6300 123 114 195 
6300 124 114 
6300 125 114 
6300 126 114 
6300 127 18 23 16 121 103 117 118 119 
6300 128 30 199 21 129 85 130 55 69 107 75 73 140 
6300 129 128 
6300 130 128 169 181 189 
6300 131 25 15 
6300 132 0 
6300 133 0 199 
6300 134 0 189 198 
6300 135 0 181 
6300 136 0 
6300 137 0 189 200 
6300 138 0 199 
6300 139 40 0 
6300 140 128 0 
6300 141 0 
6300 142 0 
6300 143 0 
6300 144 0 
6300 145 0 
6300 146 0 200 
6300 147 0 
6300 148 0 
6300 149 0 199 
6300 150 0 
6300 151 0 
6300 152 0 193 
6300 153 0 
6300 154 0 
6300 155 0 
6300 156 0 182 
6300 157 40 0 
6300 158 0 
6300 159 0 181 189 200 
6300 160 114 0 
6300 161 0 199 
6300 162 0 192 
6300 163 0 
6300 164 0 182 
6300 165 0 
6300 166 1 0 
6300 167 0 189 
6300 168 0 174 
6300 169 27 32 34 15 44 47 48 130 112 
6300 170 23 27 49 32 42 47 48 50 21 171 172 
6300 171 170 181 200 
6300 172 170 181 200 
6300 173 40 183 200 
6300 174 23 25 27 49 32 47 48 21 94 12 13 14 16 121 19 58 117 168 
6300 175 183 
6300 176 183 
6300 177 183 
6300 178 199 
6300 179 199 
6300 180 183 199 
6300 181 0 183 27 49 32 34 36 15 39 41 42 43 45 46 47 48 21 52 130 64 66 86 108 111 112 135 159 171 172 
6300 182 23 183 25 37 3 94 12 13 14 76 16 121 19 98 156 164 184 
6300 183 24 181 182 42 4 173 85 55 107 75 53 74 80 88 108 175 176 177 180 
6300 184 182 189 200 
6300 185 186 
6300 186 74 185 
6300 187 200 
6300 188 17 99 
6300 189 49 31 32 33 35 36 37 15 39 41 42 4 43 44 22 46 20 47 48 51 21 3 76 130 107 102 167 61 84 87 98 105 108 134 137 159 184 190 191 
6300 190 189 196 198 
6300 191 189 193 198 
6300 192 25 121 162 
6300 193 18 23 27 28 17 99 34 2 94 12 13 14 16 121 56 19 101 97 103 106 117 118 119 122 152 191 
6300 194 85 107 75 67 68 
6300 195 23 28 17 99 2 101 103 123 
6300 196 38 15 4 44 112 190 
6300 197 38 4 21 3 76 69 107 73 64 65 66 67 68 71 78 81 91 
6300 198 49 32 33 35 36 15 39 42 4 45 47 48 50 51 21 52 64 66 105 108 134 190 191 
6300 199 128 20 11 113 133 138 149 161 178 179 180 
6300 200 49 32 33 35 36 39 41 42 4 43 46 47 48 21 173 104 96 100 89 54 57 62 64 66 95 105 8 108 111 137 146 159 171 172 187 184 
