0 0 19 278 115 58 92 93 113 203 119 131 166 180 188 216 
0 1 19 30 278 73 98 107 129 10 220 237 
0 2 30 278 73 10 
0 3 250 
0 4 153 10 237 
0 5 153 
0 6 
0 7 
0 8 153 
0 9 
0 10 1 13 254 156 219 158 182 183 70 2 128 109 137 138 23 262 31 157 159 50 61 62 67 68 80 233 22 221 223 123 120 130 171 163 191 196 140 47 100 90 4 133 102 238 103 97 32 197 118 198 207 
0 11 115 58 92 131 166 250 
0 12 38 
0 13 19 278 115 46 58 66 92 131 166 10 234 
0 14 278 58 92 203 119 131 166 180 188 
0 15 79 203 129 280 
0 16 19 278 58 92 166 188 
0 17 38 46 
0 18 45 46 203 129 234 237 280 
0 19 1 265 13 16 254 21 261 25 144 266 269 156 279 168 169 55 176 182 183 70 0 186 78 84 89 211 214 104 224 
0 20 203 166 280 
0 21 19 58 92 166 250 271 
0 22 30 73 107 113 203 119 129 10 237 280 
0 23 30 203 129 10 237 280 
0 24 186 214 
0 25 19 278 92 203 119 131 166 180 188 
0 26 79 92 250 271 
0 27 115 38 46 271 
0 28 46 189 231 
0 29 46 
0 30 1 115 166 278 254 156 219 182 183 70 211 224 2 128 109 134 137 138 23 262 143 31 147 157 159 50 61 62 67 68 71 194 80 233 22 99 221 223 229 123 120 242 
0 31 30 203 129 10 237 280 
0 32 203 10 237 280 
0 33 45 153 166 215 234 
0 34 66 166 180 
0 35 92 203 166 180 
0 36 
0 37 
0 38 165 184 185 127 41 12 39 44 75 161 253 17 40 111 209 27 277 208 122 
0 39 38 
0 40 38 203 280 
0 41 38 
0 42 115 92 166 
0 43 
0 44 38 203 280 
0 45 186 67 80 228 101 18 33 85 116 57 152 202 235 205 149 151 
0 46 13 131 189 280 67 80 130 17 27 228 18 152 246 264 136 267 28 29 146 268 150 272 283 284 52 171 59 60 63 74 192 82 86 200 88 96 217 199 236 240 124 
0 47 66 203 121 129 189 10 237 280 
0 48 
0 49 153 
0 50 30 113 203 129 10 237 280 
0 51 250 
0 52 46 
0 53 66 166 180 
0 54 168 219 222 158 189 
0 55 19 278 115 58 92 93 203 166 180 188 
0 56 94 153 
0 57 45 153 
0 58 13 16 21 261 266 269 169 55 0 186 84 89 214 222 170 14 130 195 11 247 255 257 263 274 163 154 191 196 108 
0 59 46 
0 60 46 
0 61 30 94 113 203 129 10 
0 62 30 113 203 129 189 10 237 280 206 
0 63 46 234 
0 64 92 203 166 216 
0 65 254 183 185 161 151 236 172 
0 66 13 254 183 78 104 134 157 67 80 130 217 196 225 53 140 47 34 
0 67 30 115 45 46 66 203 129 10 280 
0 68 30 107 10 220 
0 69 153 160 231 
0 70 19 30 115 10 
0 71 30 129 237 
0 72 
0 73 1 166 254 156 219 182 183 211 2 109 138 22 
0 74 46 94 121 189 153 215 231 
0 75 38 
0 76 153 
0 77 203 237 280 
0 78 19 66 92 189 153 
0 79 265 168 110 15 256 26 
0 80 30 115 45 46 66 203 129 10 280 
0 81 121 189 
0 82 46 
0 83 153 
0 84 19 278 115 58 92 166 180 
0 85 45 153 166 215 234 
0 86 46 
0 87 92 203 166 180 
0 88 46 189 231 
0 89 19 278 115 58 92 93 203 119 131 166 180 188 216 
0 90 94 107 129 153 10 
0 91 
0 92 13 16 21 261 25 144 266 269 279 169 55 176 0 186 78 84 89 214 14 281 205 11 247 263 274 108 26 244 125 135 259 141 35 42 162 177 64 187 87 201 243 
0 93 266 279 55 0 186 89 214 281 274 108 135 259 141 
0 94 183 250 224 61 161 116 149 264 74 247 140 56 100 90 
0 95 168 170 222 
0 96 46 
0 97 113 203 10 237 280 
0 98 1 156 186 
0 99 30 129 237 
0 100 94 107 129 153 10 
0 101 45 234 
0 102 203 129 10 280 
0 103 113 203 10 280 
0 104 19 278 66 203 234 
0 105 250 
0 106 
0 107 1 156 211 128 134 68 233 22 256 100 90 
0 108 58 92 93 203 166 180 188 216 
0 109 30 73 203 10 237 280 
0 110 170 79 158 203 129 280 
0 111 38 
0 112 121 153 231 250 
0 113 203 219 158 183 0 211 214 128 262 50 61 62 233 22 229 274 103 226 227 97 
0 114 
0 115 30 278 265 13 261 266 269 279 168 169 55 183 70 0 186 84 89 214 224 134 262 67 80 281 232 27 217 11 257 154 196 125 42 238 
0 116 45 94 234 
0 117 189 153 
0 118 203 131 10 280 
0 119 25 144 266 269 279 219 176 183 0 186 89 211 214 128 233 22 14 281 135 
0 120 30 203 10 280 
0 121 185 202 264 74 140 47 248 218 190 81 112 204 270 210 
0 122 38 
0 123 30 278 203 10 237 
0 124 46 
0 125 115 92 166 
0 126 
0 127 38 203 280 
0 128 30 107 113 203 119 129 10 237 280 
0 129 1 156 219 183 211 224 128 134 23 262 31 157 159 50 61 62 67 71 194 80 233 22 99 221 242 228 18 110 47 15 256 100 90 102 226 227 
0 130 278 46 58 66 131 166 10 234 271 
0 131 13 46 189 25 144 266 269 279 176 0 186 89 214 14 130 281 11 163 118 
0 132 153 
0 133 203 10 280 
0 134 30 115 66 107 129 188 
0 135 92 93 203 119 166 180 188 
0 136 46 234 
0 137 30 203 10 237 280 
0 138 30 73 203 10 237 280 
0 139 
0 140 66 94 121 189 153 10 215 234 
0 141 92 93 203 166 180 188 
0 142 
0 143 30 220 234 
0 144 19 278 92 203 119 131 166 180 188 
0 145 
0 146 46 
0 147 30 220 234 
0 148 
0 149 45 94 234 
0 150 46 
0 151 45 65 189 153 160 231 
0 152 45 46 234 
0 153 254 78 33 85 57 202 235 151 264 74 140 56 100 90 4 132 49 167 193 179 8 76 83 260 230 5 112 270 210 117 69 
0 154 115 58 203 271 280 
0 155 
0 156 19 30 278 73 98 107 129 10 220 237 
0 157 30 66 203 129 10 237 280 
0 158 168 113 10 54 222 110 
0 159 30 129 10 280 
0 160 151 69 
0 161 38 65 94 189 166 
0 162 92 203 166 
0 163 58 131 166 10 271 
0 164 
0 165 278 38 188 
0 166 30 73 265 13 16 21 261 25 144 266 269 279 168 169 55 176 0 186 84 89 214 222 170 14 130 281 195 161 208 33 85 171 11 263 274 163 191 108 225 53 34 244 125 135 259 141 35 42 162 177 64 187 87 201 243 20 
0 167 153 
0 168 19 278 219 115 79 158 166 180 188 216 271 54 95 
0 169 19 278 115 58 92 166 180 
0 170 222 95 278 58 166 180 188 216 110 
0 171 46 166 10 
0 172 65 188 
0 173 
0 174 
0 175 186 214 281 
0 176 19 278 92 203 119 131 166 180 188 
0 177 92 166 180 188 
0 178 
0 179 153 
0 180 265 261 25 144 266 269 279 168 169 55 176 0 186 84 89 214 222 170 14 281 195 274 108 53 34 244 135 259 141 35 177 87 201 243 
0 181 250 
0 182 19 30 278 73 10 250 
0 183 19 30 278 115 65 66 73 94 113 203 119 129 10 234 237 280 
0 184 38 
0 185 38 65 121 189 
0 186 19 24 278 115 45 58 92 93 98 203 119 131 166 175 180 188 216 
0 187 92 203 166 
0 188 265 16 25 144 266 269 279 168 55 176 0 186 89 211 214 222 170 134 14 281 165 195 263 274 108 172 135 259 141 177 197 207 
0 189 46 254 131 78 54 62 232 185 161 151 264 28 74 88 140 47 218 190 81 204 210 245 117 
0 190 121 189 
0 191 58 166 10 237 271 
0 192 46 
0 193 153 
0 194 30 203 129 
0 195 278 58 166 180 188 216 
0 196 115 58 66 10 271 
0 197 203 10 188 237 280 
0 198 10 220 237 
0 199 46 
0 200 46 
0 201 92 203 166 180 
0 202 45 121 153 
0 203 254 113 280 25 144 266 269 219 55 176 183 0 186 89 214 104 224 128 109 137 138 23 262 31 157 50 61 62 67 194 80 233 22 229 123 120 14 232 206 127 44 40 228 18 205 217 247 255 257 274 154 108 110 225 47 15 244 135 259 141 35 162 64 187 87 201 243 133 102 103 226 227 97 32 77 20 197 118 241 
0 204 121 189 
0 205 45 92 203 
0 206 62 203 280 
0 207 10 188 237 
0 208 38 166 
0 209 38 
0 210 121 189 153 231 250 
0 211 19 30 278 73 107 113 119 129 188 
0 212 
0 213 
0 214 19 24 278 115 58 92 93 113 203 119 131 166 175 180 188 216 
0 215 33 85 264 74 140 
0 216 265 168 0 186 89 214 222 170 195 274 108 64 
0 217 115 46 66 203 280 
0 218 121 189 
0 219 168 30 278 73 113 203 119 129 10 237 271 280 54 
0 220 1 254 156 143 147 68 256 198 
0 221 30 129 10 280 
0 222 54 278 170 58 158 166 180 188 216 95 
0 223 30 278 10 
0 224 19 30 115 94 203 129 237 280 
0 225 66 203 166 280 
0 226 113 203 129 280 
0 227 113 203 129 280 
0 228 45 46 203 129 234 237 280 
0 229 30 113 203 237 
0 230 153 
0 231 151 264 28 74 88 112 270 210 69 
0 232 278 115 203 189 280 
0 233 30 107 113 203 119 129 10 237 280 
0 234 13 254 183 104 143 147 130 228 101 18 33 85 116 152 149 136 63 236 140 245 
0 235 45 153 
0 236 46 65 234 
0 237 1 254 156 219 183 224 128 109 137 138 23 262 31 157 50 62 71 233 22 99 229 123 242 228 18 191 47 4 97 32 77 197 241 198 207 
0 238 115 10 
0 239 
0 240 46 
0 241 203 237 280 
0 242 30 129 237 
0 243 92 203 166 180 
0 244 92 203 166 180 
0 245 189 234 
0 246 46 
0 247 58 92 94 203 280 
0 248 121 
0 249 
0 250 21 182 94 11 26 3 51 181 105 112 270 210 
0 251 
0 252 
0 253 38 
0 254 19 30 65 66 73 203 189 153 10 220 234 237 271 280 
0 255 58 203 280 
0 256 79 107 129 220 
0 257 115 58 203 271 280 
0 258 
0 259 92 93 203 166 180 188 
0 260 153 
0 261 19 278 115 58 92 166 180 
0 262 30 115 113 203 129 10 237 280 
0 263 58 92 166 188 
0 264 46 94 121 189 153 215 231 
0 265 19 278 115 79 166 180 188 216 271 
0 266 19 278 115 58 92 93 203 119 131 166 180 188 
0 267 46 
0 268 46 
0 269 19 278 115 58 92 203 119 131 166 180 188 
0 270 121 153 231 250 
0 271 265 254 21 168 219 130 27 257 163 154 191 196 26 
0 272 46 
0 273 
0 274 58 92 93 113 203 166 180 188 216 
0 275 
0 276 
0 277 38 
0 278 1 30 115 265 13 16 261 25 144 266 269 156 279 168 219 169 55 176 182 183 0 186 84 89 211 214 104 222 170 2 223 123 14 130 281 165 195 232 
0 279 19 278 115 92 93 119 131 166 180 188 
0 280 46 254 203 219 183 224 128 109 137 138 23 262 31 157 159 50 62 67 80 233 22 221 120 232 206 127 44 40 228 18 217 247 255 257 154 110 225 47 15 133 102 103 226 227 97 32 77 20 197 118 241 
0 281 278 115 92 93 119 131 166 175 180 188 
0 282 
0 283 46 
0 284 46 
900 0 17 266 109 55 87 88 195 113 124 158 172 180 208 
900 1 17 28 266 69 93 102 122 10 212 228 
900 2 28 266 69 10 
900 3 239 
900 4 146 10 228 
900 5 146 
900 6 
900 7 
900 8 146 
900 9 
900 10 1 13 243 149 211 151 174 175 66 2 121 104 130 131 21 251 29 150 152 47 58 59 63 64 75 224 20 213 215 117 114 123 163 155 183 188 133 44 95 85 4 126 97 229 98 92 30 189 112 190 199 
900 11 109 55 87 124 158 239 
900 12 35 
900 13 17 266 109 43 55 87 124 158 10 225 
900 14 266 55 87 195 113 124 158 172 180 
900 15 74 195 122 268 
900 16 35 43 
900 17 1 253 13 243 19 250 23 137 254 257 149 267 160 161 52 168 174 175 66 0 178 73 79 84 203 206 99 216 
900 18 195 158 268 
900 19 17 55 87 158 239 259 
900 20 28 69 102 195 113 122 10 228 268 
900 21 28 195 122 10 228 268 
900 22 178 206 
900 23 17 266 87 195 113 124 158 172 180 
900 24 74 87 239 259 
900 25 109 35 43 259 
900 26 43 181 222 
900 27 43 
900 28 1 109 158 266 243 149 211 174 175 66 203 216 2 121 104 127 130 131 21 251 136 29 140 150 152 47 58 59 63 64 67 186 75 224 20 94 213 215 221 117 114 232 
900 29 28 195 122 10 228 268 
900 30 195 10 228 268 
900 31 158 172 
900 32 87 195 158 172 
900 33 
900 34 
900 35 157 176 177 120 38 12 36 41 70 153 242 16 37 106 201 25 265 200 116 
900 36 35 
900 37 35 195 268 
900 38 35 
900 39 109 87 158 
900 40 
900 41 35 195 268 
900 42 178 63 75 220 96 80 110 54 145 194 226 197 142 144 
900 43 13 124 181 268 63 75 123 16 25 220 145 235 252 129 255 26 27 139 256 143 260 271 272 49 163 56 57 60 184 77 81 192 83 91 209 191 227 230 118 
900 44 195 115 122 181 10 228 268 
900 45 
900 46 146 
900 47 28 195 122 10 228 268 
900 48 239 
900 49 43 
900 50 158 172 
900 51 160 211 214 151 181 
900 52 17 266 109 55 87 88 195 158 172 180 
900 53 89 146 
900 54 42 146 
900 55 13 19 250 254 257 161 52 0 178 79 84 206 214 162 14 123 187 11 236 244 246 262 155 147 183 188 103 
900 56 43 
900 57 43 
900 58 28 89 195 122 10 
900 59 28 195 122 181 10 228 268 198 
900 60 43 225 
900 61 87 195 158 208 
900 62 243 175 177 153 144 227 164 
900 63 28 109 42 43 195 122 10 268 
900 64 28 102 10 212 
900 65 146 222 
900 66 17 28 109 10 
900 67 28 122 228 
900 68 
900 69 1 158 243 149 211 174 175 203 2 104 131 20 
900 70 35 
900 71 146 
900 72 195 228 268 
900 73 17 87 181 146 
900 74 253 160 105 15 245 24 
900 75 28 109 42 43 195 122 10 268 
900 76 115 181 
900 77 43 
900 78 146 
900 79 17 266 109 55 87 158 172 
900 80 42 146 158 207 225 
900 81 43 
900 82 87 195 158 172 
900 83 43 181 222 
900 84 17 266 109 55 87 88 195 113 124 158 172 180 208 
900 85 89 102 122 146 10 
900 86 
900 87 13 19 250 23 137 254 257 267 161 52 168 0 178 73 79 84 206 14 269 197 11 236 262 103 24 233 119 128 248 134 32 39 154 169 61 179 82 193 
900 88 254 267 52 0 178 84 206 269 262 103 128 248 134 
900 89 175 239 216 58 153 110 142 252 236 133 53 95 85 
900 90 160 162 214 
900 91 43 
900 92 195 10 228 268 
900 93 1 149 178 
900 94 28 122 228 
900 95 89 102 122 146 10 
900 96 42 225 
900 97 195 122 10 268 
900 98 195 10 268 
900 99 17 266 195 225 
900 100 239 
900 101 
900 102 1 149 203 121 127 64 224 20 245 95 85 
900 103 55 87 88 195 158 172 180 208 
900 104 28 69 195 10 228 268 
900 105 162 74 151 195 122 268 
900 106 35 
900 107 115 146 222 239 
900 108 
900 109 28 266 253 13 250 254 257 267 160 161 52 175 66 0 178 79 84 206 216 127 251 63 75 269 223 25 209 11 246 147 188 119 39 229 
900 110 42 89 225 
900 111 181 146 
900 112 195 124 10 268 
900 113 23 137 254 257 267 211 168 175 0 178 84 203 206 121 224 20 14 269 128 
900 114 28 195 10 268 
900 115 177 194 252 133 44 237 210 182 76 107 196 258 202 
900 116 35 
900 117 28 266 195 10 228 
900 118 43 
900 119 109 87 158 
900 120 35 195 268 
900 121 28 102 195 113 122 10 228 268 
900 122 1 149 211 175 203 216 121 127 21 251 29 150 152 47 58 59 63 67 186 75 224 20 94 213 232 220 105 44 15 245 95 85 97 218 219 
900 123 266 43 55 124 158 10 225 259 
900 124 13 43 181 23 137 254 257 267 168 0 178 84 206 14 123 269 11 155 112 
900 125 146 
900 126 195 10 268 
900 127 28 109 102 122 180 
900 128 87 88 195 113 158 172 180 
900 129 43 225 
900 130 28 195 10 228 268 
900 131 28 69 195 10 228 268 
900 132 
900 133 89 115 181 146 10 207 225 
900 134 87 88 195 158 172 180 
900 135 
900 136 28 212 225 
900 137 17 266 87 195 113 124 158 172 180 
900 138 
900 139 43 
900 140 28 212 225 
900 141 
900 142 42 89 225 
900 143 43 
900 144 42 62 181 146 222 
900 145 42 43 225 
900 146 243 73 80 54 194 226 144 252 133 53 95 85 4 125 46 159 185 171 8 71 78 249 5 107 258 202 111 65 
900 147 109 55 195 259 268 
900 148 
900 149 17 28 266 69 93 102 122 10 212 228 
900 150 28 195 122 10 228 268 
900 151 160 10 51 214 105 
900 152 28 122 10 268 
900 153 35 62 89 181 158 
900 154 87 195 158 
900 155 55 124 158 10 259 
900 156 
900 157 266 35 180 
900 158 28 69 253 13 19 250 23 137 254 257 267 160 161 52 168 0 178 79 84 206 214 162 14 123 269 187 153 200 80 163 11 262 155 183 103 217 50 31 233 119 128 248 134 32 39 154 169 61 179 82 193 18 
900 159 146 
900 160 17 266 211 109 74 151 158 172 180 208 259 51 90 
900 161 17 266 109 55 87 158 172 
900 162 214 90 266 55 158 172 180 208 105 
900 163 43 158 10 
900 164 62 180 
900 165 
900 166 
900 167 178 206 269 
900 168 17 266 87 195 113 124 158 172 180 
900 169 87 158 172 180 
900 170 
900 171 146 
900 172 253 250 23 137 254 257 267 160 161 52 168 0 178 79 84 206 214 162 14 269 187 262 103 50 31 233 128 248 134 32 169 82 193 
900 173 239 
900 174 17 28 266 69 10 239 
900 175 17 28 266 109 62 69 89 195 113 122 10 225 228 268 
900 176 35 
900 177 35 62 115 181 
900 178 17 22 266 109 42 55 87 88 93 195 113 124 158 167 172 180 208 
900 179 87 195 158 
900 180 253 23 137 254 257 267 160 52 168 0 178 84 203 206 214 162 127 14 269 157 187 262 103 164 128 248 134 169 189 199 
900 181 43 243 124 73 51 59 223 177 153 144 252 26 83 133 44 210 182 76 196 202 234 111 
900 182 115 181 
900 183 55 158 10 228 259 
900 184 43 
900 185 146 
900 186 28 195 122 
900 187 266 55 158 172 180 208 
900 188 109 55 10 259 
900 189 195 10 180 228 268 
900 190 10 212 228 
900 191 43 
900 192 43 
900 193 87 195 158 172 
900 194 42 115 146 
900 195 243 268 23 137 254 257 211 52 168 175 0 178 84 206 99 216 121 104 130 131 21 251 29 150 47 58 59 63 186 75 224 20 221 117 114 14 223 198 120 41 37 220 197 209 236 244 246 262 147 103 105 217 44 15 233 128 248 134 32 154 61 179 82 193 126 97 98 218 219 92 30 72 18 189 112 231 
900 196 115 181 
900 197 42 87 195 
900 198 59 195 268 
900 199 10 180 228 
900 200 35 158 
900 201 35 
900 202 115 181 146 222 239 
900 203 17 28 266 69 102 113 122 180 
900 204 
900 205 
900 206 17 22 266 109 55 87 88 195 113 124 158 167 172 180 208 
900 207 80 252 133 
900 208 253 160 0 178 84 206 214 162 187 262 103 61 
900 209 109 43 195 268 
900 210 115 181 
900 211 160 28 266 69 195 113 122 10 228 259 268 51 
900 212 1 243 149 136 140 64 245 190 
900 213 28 122 10 268 
900 214 51 266 162 55 151 158 172 180 208 90 
900 215 28 266 10 
900 216 17 28 109 89 195 122 228 268 
900 217 195 158 268 
900 218 195 122 268 
900 219 195 122 268 
900 220 42 43 195 122 225 228 268 
900 221 28 195 228 
900 222 144 252 26 83 107 258 202 65 
900 223 266 109 195 181 268 
900 224 28 102 195 113 122 10 228 268 
900 225 13 243 175 99 136 140 123 220 96 80 110 145 142 129 60 227 133 234 
900 226 42 146 
900 227 43 62 225 
900 228 1 243 149 211 175 216 121 104 130 131 21 251 29 150 47 59 67 224 20 94 221 117 232 220 183 44 4 92 30 72 189 231 190 199 
900 229 109 10 
900 230 43 
900 231 195 228 268 
900 232 28 122 228 
900 233 87 195 158 172 
900 234 181 225 
900 235 43 
900 236 55 87 89 195 268 
900 237 115 
900 238 
900 239 19 174 89 11 24 3 48 173 100 107 258 202 
900 240 
900 241 
900 242 35 
900 243 17 28 62 69 195 181 146 10 212 225 228 259 268 
900 244 55 195 268 
900 245 74 102 122 212 
900 246 109 55 195 259 268 
900 247 
900 248 87 88 195 158 172 180 
900 249 146 
900 250 17 266 109 55 87 158 172 
900 251 28 109 195 122 10 228 268 
900 252 43 89 115 181 146 207 222 
900 253 17 266 109 74 158 172 180 208 259 
900 254 17 266 109 55 87 88 195 113 124 158 172 180 
900 255 43 
900 256 43 
900 257 17 266 109 55 87 195 113 124 158 172 180 
900 258 115 146 222 239 
900 259 253 243 19 160 211 123 25 246 155 147 183 188 24 
900 260 43 
900 261 
900 262 55 87 88 195 158 172 180 208 
900 263 
900 264 
900 265 35 
900 266 1 28 109 253 13 250 23 137 254 257 149 267 160 211 161 52 168 174 175 0 178 79 84 203 206 99 214 162 2 215 117 14 123 269 157 187 223 
900 267 17 266 109 87 88 113 124 158 172 180 
900 268 43 243 195 211 175 216 121 104 130 131 21 251 29 150 152 47 59 63 75 224 20 213 114 223 198 120 41 37 220 209 236 244 246 147 105 217 44 15 126 97 98 218 219 92 30 72 18 189 112 231 
900 269 266 109 87 88 113 124 158 167 172 180 
900 270 
900 271 43 
900 272 43 
1800 0 16 255 103 52 82 185 107 117 150 164 172 197 
1800 1 16 27 255 87 96 115 10 201 217 
1800 2 27 255 10 
1800 3 228 
1800 4 139 10 217 
1800 5 139 
1800 6 
1800 7 
1800 8 139 
1800 9 
1800 10 1 13 232 142 200 144 166 167 63 2 114 98 123 124 20 240 28 143 145 46 55 56 60 61 70 213 19 202 204 110 108 116 155 175 179 126 43 89 80 4 119 91 218 92 86 29 180 106 181 189 
1800 11 103 52 117 150 228 
1800 12 34 
1800 13 16 255 103 42 52 117 150 10 214 
1800 14 69 185 115 256 
1800 15 34 42 
1800 16 1 242 13 232 18 239 22 130 243 246 142 152 153 51 160 166 167 63 0 170 68 74 79 192 195 93 205 
1800 17 185 150 256 
1800 18 16 52 150 228 248 
1800 19 27 96 185 107 115 10 217 256 
1800 20 27 185 115 10 217 256 
1800 21 170 195 
1800 22 16 255 185 107 117 150 164 172 
1800 23 69 228 248 
1800 24 103 34 42 248 
1800 25 42 173 211 
1800 26 42 
1800 27 1 103 150 255 232 142 200 166 167 63 192 205 2 114 98 120 123 124 20 240 129 28 133 143 145 46 55 56 60 61 64 70 213 19 88 202 204 210 110 108 221 
1800 28 27 185 115 10 217 256 
1800 29 185 10 217 256 
1800 30 150 164 
1800 31 185 150 164 
1800 32 
1800 33 
1800 34 149 168 169 113 37 12 35 40 66 146 231 15 36 100 24 254 190 109 
1800 35 34 
1800 36 34 185 256 
1800 37 34 
1800 38 103 150 
1800 39 
1800 40 34 185 256 
1800 41 170 60 70 209 90 75 104 138 184 215 187 135 137 
1800 42 13 117 173 256 60 70 116 15 24 209 138 224 241 122 244 25 26 132 245 136 249 259 48 155 53 54 57 176 72 76 78 85 198 182 216 219 111 
1800 43 185 115 173 10 217 256 
1800 44 
1800 45 139 
1800 46 27 185 115 10 217 256 
1800 47 228 
1800 48 42 
1800 49 150 164 
1800 50 152 200 203 144 173 
1800 51 16 255 103 52 82 185 150 164 172 
1800 52 13 18 239 243 246 153 51 0 170 74 79 195 203 154 116 178 11 225 233 235 251 140 175 179 97 
1800 53 42 
1800 54 42 
1800 55 27 83 185 115 10 
1800 56 27 185 115 173 10 217 256 188 
1800 57 42 214 
1800 58 185 150 197 
1800 59 232 167 169 146 137 216 156 
1800 60 27 103 41 42 185 115 10 256 
1800 61 27 96 10 201 
1800 62 139 211 
1800 63 16 27 103 10 
1800 64 27 115 217 
1800 65 
1800 66 34 
1800 67 139 
1800 68 16 173 139 
1800 69 242 152 99 14 234 23 
1800 70 27 103 41 42 185 115 10 256 
1800 71 173 
1800 72 42 
1800 73 139 
1800 74 16 255 103 52 150 164 
1800 75 41 139 150 196 214 
1800 76 42 
1800 77 185 150 164 
1800 78 42 173 211 
1800 79 16 255 103 52 82 185 107 117 150 164 172 197 
1800 80 83 96 115 139 10 
1800 81 
1800 82 243 51 0 170 79 195 257 251 97 121 237 127 
1800 83 167 228 205 55 146 104 135 241 225 126 89 80 
1800 84 152 154 203 
1800 85 42 
1800 86 185 10 217 256 
1800 87 1 142 170 
1800 88 27 115 217 
1800 89 83 96 115 139 10 
1800 90 41 214 
1800 91 185 115 10 256 
1800 92 185 10 256 
1800 93 16 255 185 214 
1800 94 228 
1800 95 
1800 96 1 142 192 114 120 61 213 19 234 89 80 
1800 97 52 82 185 150 164 172 197 
1800 98 27 185 10 217 256 
1800 99 154 69 144 185 115 256 
1800 100 34 
1800 101 139 211 228 
1800 102 
1800 103 27 255 242 13 239 243 246 152 153 51 167 63 0 170 74 79 195 205 120 240 60 70 257 212 24 198 11 235 140 179 112 38 218 
1800 104 41 83 214 
1800 105 173 139 
1800 106 185 117 10 256 
1800 107 22 130 243 246 200 160 167 0 170 79 192 195 114 213 19 257 121 
1800 108 27 185 10 256 
1800 109 34 
1800 110 27 255 185 10 217 
1800 111 42 
1800 112 103 150 
1800 113 34 185 256 
1800 114 27 96 185 107 115 10 217 256 
1800 115 1 142 200 167 192 205 114 120 20 240 28 143 145 46 55 56 60 64 70 213 19 88 202 221 209 99 43 14 234 89 80 91 207 208 
1800 116 255 42 52 117 150 10 214 248 
1800 117 13 42 173 22 130 243 246 160 0 170 79 195 116 257 11 106 
1800 118 139 
1800 119 185 10 256 
1800 120 27 103 96 115 172 
1800 121 82 185 107 150 164 172 
1800 122 42 214 
1800 123 27 185 10 217 256 
1800 124 27 185 10 217 256 
1800 125 
1800 126 83 173 139 10 196 214 
1800 127 82 185 150 164 172 
1800 128 
1800 129 27 201 214 
1800 130 16 255 185 107 117 150 164 172 
1800 131 
1800 132 42 
1800 133 27 201 214 
1800 134 
1800 135 41 83 214 
1800 136 42 
1800 137 41 59 173 139 211 
1800 138 41 42 214 
1800 139 232 68 75 184 215 137 241 126 89 80 4 118 45 151 177 163 8 67 73 238 5 101 247 191 105 62 
1800 140 103 52 185 248 256 
1800 141 
1800 142 16 27 255 87 96 115 10 201 217 
1800 143 27 185 115 10 217 256 
1800 144 152 10 50 203 99 
1800 145 27 115 10 256 
1800 146 34 59 83 173 150 
1800 147 185 150 
1800 148 
1800 149 255 34 172 
1800 150 27 242 13 18 239 22 130 243 246 152 153 51 160 0 170 74 79 195 203 154 116 257 178 146 190 75 155 11 251 175 97 206 49 30 222 112 121 237 127 31 38 147 161 58 171 77 183 17 
1800 151 139 
1800 152 16 255 200 103 69 144 150 164 172 197 248 50 84 
1800 153 16 255 103 52 150 164 
1800 154 203 84 255 52 150 164 172 197 99 
1800 155 42 150 10 
1800 156 59 172 
1800 157 
1800 158 
1800 159 170 195 257 
1800 160 16 255 185 107 117 150 164 172 
1800 161 150 164 172 
1800 162 
1800 163 139 
1800 164 242 239 22 130 243 246 152 153 51 160 0 170 74 79 195 203 154 257 178 251 97 49 30 222 121 237 127 31 161 77 183 
1800 165 228 
1800 166 16 27 255 10 228 
1800 167 16 27 255 103 59 83 185 107 115 10 214 217 256 
1800 168 34 
1800 169 34 59 173 
1800 170 16 21 255 103 41 52 82 87 185 107 117 150 159 164 172 197 
1800 171 185 150 
1800 172 242 22 130 243 246 152 51 160 0 170 79 192 195 203 154 120 257 149 178 251 97 156 121 237 127 161 180 189 
1800 173 42 232 117 68 50 56 212 169 146 137 241 25 78 126 43 199 174 71 186 191 223 105 
1800 174 173 
1800 175 52 150 10 217 248 
1800 176 42 
1800 177 139 
1800 178 255 52 150 164 172 197 
1800 179 103 52 10 248 
1800 180 185 10 172 217 256 
1800 181 10 201 217 
1800 182 42 
1800 183 185 150 164 
1800 184 41 139 
1800 185 232 256 22 130 243 246 200 51 160 167 0 170 79 195 93 205 114 98 123 124 20 240 28 143 46 55 56 60 70 213 19 210 110 108 212 188 113 40 36 209 187 198 225 233 235 251 140 97 99 206 43 14 222 121 237 127 31 147 58 171 77 183 119 91 92 207 208 86 29 17 180 106 220 
1800 186 173 
1800 187 41 185 
1800 188 56 185 256 
1800 189 10 172 217 
1800 190 34 150 
1800 191 173 139 211 228 
1800 192 16 27 255 96 107 115 172 
1800 193 
1800 194 
1800 195 16 21 255 103 52 82 185 107 117 150 159 164 172 197 
1800 196 75 241 126 
1800 197 242 152 0 170 79 195 203 154 178 251 97 58 
1800 198 103 42 185 256 
1800 199 173 
1800 200 152 27 255 185 107 115 10 217 248 256 50 
1800 201 1 232 142 129 133 61 234 181 
1800 202 27 115 10 256 
1800 203 50 255 154 52 144 150 164 172 197 84 
1800 204 27 255 10 
1800 205 16 27 103 83 185 115 217 256 
1800 206 185 150 256 
1800 207 185 115 256 
1800 208 185 115 256 
1800 209 41 42 185 115 214 217 256 
1800 210 27 185 217 
1800 211 137 241 25 78 101 247 191 62 
1800 212 255 103 185 173 256 
1800 213 27 96 185 107 115 10 217 256 
1800 214 13 232 167 93 129 133 116 209 90 75 104 138 135 122 57 216 126 223 
1800 215 41 139 
1800 216 42 59 214 
1800 217 1 232 142 200 167 205 114 98 123 124 20 240 28 143 46 56 64 213 19 88 210 110 221 209 175 43 4 86 29 180 220 181 189 
1800 218 103 10 
1800 219 42 
1800 220 185 217 256 
1800 221 27 115 217 
1800 222 185 150 164 
1800 223 173 214 
1800 224 42 
1800 225 52 83 185 256 
1800 226 
1800 227 
1800 228 18 166 83 11 23 3 47 165 94 101 247 191 
1800 229 
1800 230 
1800 231 34 
1800 232 16 27 59 185 173 139 10 201 214 217 248 256 
1800 233 52 185 256 
1800 234 69 96 115 201 
1800 235 103 52 185 248 256 
1800 236 
1800 237 82 185 150 164 172 
1800 238 139 
1800 239 16 255 103 52 150 164 
1800 240 27 103 185 115 10 217 256 
1800 241 42 83 173 139 196 211 
1800 242 16 255 103 69 150 164 172 197 248 
1800 243 16 255 103 52 82 185 107 117 150 164 172 
1800 244 42 
1800 245 42 
1800 246 16 255 103 52 185 107 117 150 164 172 
1800 247 139 211 228 
1800 248 242 232 18 152 200 116 24 235 140 175 179 23 
1800 249 42 
1800 250 
1800 251 52 82 185 150 164 172 197 
1800 252 
1800 253 
1800 254 34 
1800 255 1 27 103 242 13 239 22 130 243 246 142 152 200 153 51 160 166 167 0 170 74 79 192 195 93 203 154 2 204 110 116 257 149 178 212 
1800 256 42 232 185 200 167 205 114 98 123 124 20 240 28 143 145 46 56 60 70 213 19 202 108 212 188 113 40 36 209 198 225 233 235 140 99 206 43 14 119 91 92 207 208 86 29 17 180 106 220 
1800 257 255 103 82 107 117 150 159 164 172 
1800 258 
1800 259 42 
2700 0 16 241 96 49 77 100 109 139 153 161 184 
2700 1 16 27 241 82 90 10 188 203 
2700 2 27 241 10 
2700 3 214 
2700 4 10 203 
2700 5 
2700 6 
2700 7 
2700 8 
2700 9 
2700 10 1 13 218 131 187 133 155 156 60 2 107 92 115 116 20 226 28 132 134 52 53 57 58 66 199 19 189 103 101 108 144 164 167 118 42 84 75 4 111 86 204 87 81 29 168 99 169 176 
2700 11 96 49 109 139 214 
2700 12 
2700 13 16 241 96 41 49 109 139 10 200 
2700 14 65 242 
2700 15 41 
2700 16 1 228 13 218 18 225 22 122 229 232 131 141 142 48 149 155 156 60 0 159 64 69 74 179 182 88 191 
2700 17 139 242 
2700 18 16 49 139 214 234 
2700 19 27 90 100 10 203 242 
2700 20 27 10 203 242 
2700 21 159 182 
2700 22 16 241 100 109 139 153 161 
2700 23 65 214 234 
2700 24 96 41 234 
2700 25 41 162 197 
2700 26 41 
2700 27 1 96 139 241 218 131 187 155 156 60 179 191 2 107 92 112 115 116 20 226 121 28 124 132 134 52 53 57 58 61 66 199 19 83 189 196 103 101 207 
2700 28 27 10 203 242 
2700 29 10 203 242 
2700 30 139 153 
2700 31 139 153 
2700 32 
2700 33 
2700 34 
2700 35 242 
2700 36 
2700 37 96 139 
2700 38 
2700 39 242 
2700 40 159 57 66 195 85 70 97 129 172 201 174 126 128 
2700 41 13 109 162 242 57 66 108 15 24 195 129 210 227 114 230 25 26 231 127 235 245 45 144 50 51 54 165 71 73 80 185 170 202 205 104 
2700 42 162 10 203 242 
2700 43 
2700 44 
2700 45 41 
2700 46 139 153 
2700 47 141 187 190 133 162 
2700 48 16 241 96 49 77 139 153 161 
2700 49 13 18 225 229 232 142 48 0 159 69 74 182 190 143 108 11 211 219 221 237 164 167 91 
2700 50 41 
2700 51 41 
2700 52 27 78 10 
2700 53 27 162 10 203 242 175 
2700 54 41 200 
2700 55 139 184 
2700 56 218 156 158 135 128 202 145 
2700 57 27 96 40 41 10 242 
2700 58 27 90 10 188 
2700 59 197 
2700 60 16 27 96 10 
2700 61 27 203 
2700 62 
2700 63 
2700 64 16 162 
2700 65 228 141 93 14 220 23 
2700 66 27 96 40 41 10 242 
2700 67 162 
2700 68 
2700 69 16 241 96 49 139 153 
2700 70 40 139 183 200 
2700 71 41 
2700 72 139 153 
2700 73 41 162 197 
2700 74 16 241 96 49 77 100 109 139 153 161 184 
2700 75 78 90 10 
2700 76 
2700 77 229 48 0 159 74 182 243 237 91 113 223 119 
2700 78 156 214 191 52 135 97 126 227 211 118 84 75 
2700 79 141 143 190 
2700 80 41 
2700 81 10 203 242 
2700 82 1 131 159 
2700 83 27 203 
2700 84 78 90 10 
2700 85 40 200 
2700 86 10 242 
2700 87 10 242 
2700 88 16 241 200 
2700 89 214 
2700 90 1 131 179 107 112 58 199 19 220 84 75 
2700 91 49 77 139 153 161 184 
2700 92 27 10 203 242 
2700 93 143 65 133 242 
2700 94 
2700 95 197 214 
2700 96 27 241 228 13 225 229 232 141 142 48 156 60 0 159 69 74 182 191 112 226 57 66 243 198 24 185 11 221 167 105 37 204 
2700 97 40 78 200 
2700 98 162 
2700 99 109 10 242 
2700 100 22 122 229 232 187 149 156 0 159 74 179 182 107 199 19 243 113 
2700 101 27 10 242 
2700 102 
2700 103 27 241 10 203 
2700 104 41 
2700 105 96 139 
2700 106 242 
2700 107 27 90 100 10 203 242 
2700 108 241 41 49 109 139 10 200 234 
2700 109 13 41 162 22 122 229 232 149 0 159 74 182 108 243 11 99 
2700 110 
2700 111 10 242 
2700 112 27 96 90 161 
2700 113 77 100 139 153 161 
2700 114 41 200 
2700 115 27 10 203 242 
2700 116 27 10 203 242 
2700 117 
2700 118 78 162 10 183 200 
2700 119 77 139 153 161 
2700 120 
2700 121 27 188 200 
2700 122 16 241 100 109 139 153 161 
2700 123 
2700 124 27 188 200 
2700 125 
2700 126 40 78 200 
2700 127 41 
2700 128 40 56 162 197 
2700 129 40 41 200 
2700 130 
2700 131 16 27 241 82 90 10 188 203 
2700 132 27 10 203 242 
2700 133 141 10 47 190 93 
2700 134 27 10 242 
2700 135 56 78 162 139 
2700 136 139 
2700 137 
2700 138 241 161 
2700 139 27 228 13 18 225 22 122 229 232 141 142 48 149 0 159 69 74 182 190 143 108 243 135 177 70 144 11 237 164 91 192 46 30 208 105 113 223 119 31 37 136 150 55 160 72 171 17 
2700 140 
2700 141 16 241 187 96 65 133 139 153 161 184 234 47 79 
2700 142 16 241 96 49 139 153 
2700 143 190 79 241 49 139 153 161 184 93 
2700 144 41 139 10 
2700 145 56 161 
2700 146 
2700 147 
2700 148 159 182 243 
2700 149 16 241 100 109 139 153 161 
2700 150 139 153 161 
2700 151 
2700 152 
2700 153 228 225 22 122 229 232 141 142 48 149 0 159 69 74 182 190 143 243 237 91 46 30 208 113 223 119 31 150 72 171 
2700 154 214 
2700 155 16 27 241 10 214 
2700 156 16 27 241 96 56 78 100 10 200 203 242 
2700 157 
2700 158 56 162 
2700 159 16 21 241 96 40 49 77 82 100 109 139 148 153 161 184 
2700 160 139 
2700 161 228 22 122 229 232 141 48 149 0 159 74 179 182 190 143 112 243 138 237 91 145 113 223 119 150 168 176 
2700 162 41 218 109 64 47 53 198 158 135 128 227 25 73 118 42 186 163 67 173 178 209 98 
2700 163 162 
2700 164 49 139 10 203 234 
2700 165 41 
2700 166 
2700 167 96 49 10 234 
2700 168 10 161 203 242 
2700 169 10 188 203 
2700 170 41 
2700 171 139 153 
2700 172 40 
2700 173 162 
2700 174 40 
2700 175 53 242 
2700 176 10 161 203 
2700 177 139 
2700 178 162 197 214 
2700 179 16 27 241 90 100 161 
2700 180 
2700 181 
2700 182 16 21 241 96 49 77 100 109 139 148 153 161 184 
2700 183 70 227 118 
2700 184 228 141 0 159 74 182 190 143 237 91 55 
2700 185 96 41 242 
2700 186 162 
2700 187 141 27 241 100 10 203 234 242 47 
2700 188 1 218 131 121 124 58 220 169 
2700 189 27 10 242 
2700 190 47 241 143 49 133 139 153 161 184 79 
2700 191 16 27 96 78 203 242 
2700 192 139 242 
2700 193 242 
2700 194 242 
2700 195 40 41 200 203 242 
2700 196 27 203 
2700 197 128 227 25 73 95 233 178 59 
2700 198 241 96 162 242 
2700 199 27 90 100 10 203 242 
2700 200 13 218 156 88 121 124 108 195 85 70 97 129 126 114 54 202 118 209 
2700 201 40 
2700 202 41 56 200 
2700 203 1 218 131 187 156 191 107 92 115 116 20 226 28 132 53 61 199 19 83 196 103 207 195 164 42 4 81 29 168 206 169 176 
2700 204 96 10 
2700 205 41 
2700 206 203 242 
2700 207 27 203 
2700 208 139 153 
2700 209 162 200 
2700 210 41 
2700 211 49 78 242 
2700 212 
2700 213 
2700 214 18 155 78 11 23 3 154 89 95 233 178 
2700 215 
2700 216 
2700 217 
2700 218 16 27 56 162 10 188 200 203 234 242 
2700 219 49 242 
2700 220 65 90 188 
2700 221 96 49 234 242 
2700 222 
2700 223 77 139 153 161 
2700 224 
2700 225 16 241 96 49 139 153 
2700 226 27 96 10 203 242 
2700 227 41 78 162 183 197 
2700 228 16 241 96 65 139 153 161 184 234 
2700 229 16 241 96 49 77 100 109 139 153 161 
2700 230 41 
2700 231 41 
2700 232 16 241 96 49 100 109 139 153 161 
2700 233 197 214 
2700 234 228 218 18 141 187 108 24 221 164 167 23 
2700 235 41 
2700 236 
2700 237 49 77 139 153 161 184 
2700 238 
2700 239 
2700 240 
2700 241 1 27 96 228 13 225 22 122 229 232 131 141 187 142 48 149 155 156 0 159 69 74 179 182 88 190 143 2 103 108 243 138 198 
2700 242 41 218 187 156 191 107 92 115 116 20 226 28 132 134 53 57 66 199 19 189 101 198 175 106 39 35 195 185 211 219 221 93 192 42 14 111 86 87 193 194 81 29 17 168 99 206 
2700 243 241 96 77 100 109 139 148 153 161 
2700 244 
2700 245 41 
3600 0 16 229 93 48 74 105 133 147 154 
3600 1 16 27 229 79 87 10 179 194 
3600 2 27 229 10 
3600 3 204 
3600 4 10 194 
3600 5 
3600 6 
3600 7 
3600 8 
3600 9 
3600 10 1 13 208 126 178 127 149 150 59 2 103 89 110 111 20 216 28 128 51 52 56 57 64 190 19 180 99 97 104 138 157 160 113 41 81 73 4 107 83 195 84 78 29 161 96 162 168 
3600 11 93 48 105 133 204 
3600 12 
3600 13 16 229 93 40 48 105 133 10 191 
3600 14 63 230 
3600 15 40 
3600 16 1 218 13 208 18 215 22 117 219 222 126 135 136 47 143 149 150 59 0 152 67 72 171 174 85 182 
3600 17 133 230 
3600 18 16 48 133 204 224 
3600 19 27 87 10 194 230 
3600 20 27 10 194 230 
3600 21 152 174 
3600 22 16 229 105 133 147 154 
3600 23 63 204 224 
3600 24 93 40 224 
3600 25 40 155 188 
3600 26 40 
3600 27 1 93 133 229 208 126 178 149 150 59 171 182 2 103 89 110 111 20 216 116 28 119 128 51 52 56 57 60 64 190 19 80 180 187 99 97 
3600 28 27 10 194 230 
3600 29 10 194 230 
3600 30 133 147 
3600 31 
3600 32 
3600 33 
3600 34 230 
3600 35 
3600 36 93 133 
3600 37 
3600 38 230 
3600 39 152 56 64 186 82 68 94 124 165 192 167 121 123 
3600 40 13 105 155 230 56 64 104 15 24 186 124 200 217 109 220 25 26 221 122 225 233 44 138 49 50 53 158 69 71 77 176 163 193 196 100 
3600 41 155 10 194 230 
3600 42 
3600 43 
3600 44 40 
3600 45 133 147 
3600 46 135 178 181 127 155 
3600 47 16 229 93 48 74 133 147 154 
3600 48 13 18 215 219 222 136 47 0 152 67 72 174 181 137 104 11 201 209 211 226 157 160 88 
3600 49 40 
3600 50 40 
3600 51 27 75 10 
3600 52 27 155 10 194 230 
3600 53 40 191 
3600 54 133 
3600 55 208 150 151 129 123 193 139 
3600 56 27 93 39 40 10 230 
3600 57 27 87 10 179 
3600 58 188 
3600 59 16 27 93 10 
3600 60 27 194 
3600 61 
3600 62 
3600 63 218 135 90 14 210 23 
3600 64 27 93 39 40 10 230 
3600 65 155 
3600 66 
3600 67 16 229 93 48 133 147 
3600 68 39 133 175 191 
3600 69 40 
3600 70 133 147 
3600 71 40 155 188 
3600 72 16 229 93 48 74 105 133 147 154 
3600 73 75 87 10 
3600 74 219 47 0 152 72 174 231 226 88 108 213 114 
3600 75 150 204 182 51 129 94 121 217 201 113 81 73 
3600 76 135 137 181 
3600 77 40 
3600 78 10 194 230 
3600 79 1 126 152 
3600 80 27 194 
3600 81 75 87 10 
3600 82 39 191 
3600 83 10 230 
3600 84 10 230 
3600 85 16 229 191 
3600 86 204 
3600 87 1 126 171 103 57 190 19 210 81 73 
3600 88 48 74 133 147 154 
3600 89 27 10 194 230 
3600 90 137 63 127 230 
3600 91 
3600 92 188 204 
3600 93 27 229 218 13 215 219 222 135 136 47 150 59 0 152 67 72 174 182 216 56 64 231 189 24 176 11 211 160 101 36 195 
3600 94 39 75 191 
3600 95 155 
3600 96 105 10 230 
3600 97 27 10 230 
3600 98 
3600 99 27 229 10 194 
3600 100 40 
3600 101 93 133 
3600 102 230 
3600 103 27 87 10 194 230 
3600 104 229 40 48 105 133 10 191 224 
3600 105 13 40 155 22 117 219 222 143 0 152 72 174 104 231 11 96 
3600 106 
3600 107 10 230 
3600 108 74 133 147 154 
3600 109 40 191 
3600 110 27 10 194 230 
3600 111 27 10 194 230 
3600 112 
3600 113 75 155 10 175 191 
3600 114 74 133 147 154 
3600 115 
3600 116 27 179 191 
3600 117 16 229 105 133 147 154 
3600 118 
3600 119 27 179 191 
3600 120 
3600 121 39 75 191 
3600 122 40 
3600 123 39 55 155 188 
3600 124 39 40 191 
3600 125 
3600 126 16 27 229 79 87 10 179 194 
3600 127 135 10 46 181 90 
3600 128 27 10 230 
3600 129 55 75 155 133 
3600 130 133 
3600 131 
3600 132 229 154 
3600 133 27 218 13 18 215 22 117 219 222 135 136 47 143 0 152 67 72 174 181 137 104 231 129 169 68 138 11 226 157 88 183 45 30 198 101 108 213 114 36 130 144 54 153 70 164 17 
3600 134 
3600 135 16 229 178 93 63 127 133 147 154 224 46 76 
3600 136 16 229 93 48 133 147 
3600 137 181 76 229 48 133 147 154 90 
3600 138 40 133 10 
3600 139 55 154 
3600 140 
3600 141 
3600 142 152 174 231 
3600 143 16 229 105 133 147 154 
3600 144 133 147 154 
3600 145 
3600 146 
3600 147 218 215 22 117 219 222 135 136 47 143 0 152 67 72 174 181 137 231 226 88 45 30 198 108 213 114 144 70 164 
3600 148 204 
3600 149 16 27 229 10 204 
3600 150 16 27 229 93 55 75 10 191 194 230 
3600 151 55 155 
3600 152 16 21 229 93 39 48 74 79 105 133 142 147 154 
3600 153 133 
3600 154 218 22 117 219 222 135 47 143 0 152 72 171 174 181 137 231 132 226 88 139 108 213 114 144 161 168 
3600 155 40 208 105 46 52 189 151 129 123 217 25 71 113 41 177 156 65 166 170 199 95 
3600 156 155 
3600 157 48 133 10 194 224 
3600 158 40 
3600 159 
3600 160 93 48 10 224 
3600 161 10 154 194 230 
3600 162 10 179 194 
3600 163 40 
3600 164 133 147 
3600 165 39 
3600 166 155 
3600 167 39 
3600 168 10 154 194 
3600 169 133 
3600 170 155 188 204 
3600 171 16 27 229 87 154 
3600 172 
3600 173 
3600 174 16 21 229 93 48 74 105 133 142 147 154 
3600 175 68 217 113 
3600 176 93 40 230 
3600 177 155 
3600 178 135 27 229 10 194 224 230 46 
3600 179 1 208 126 116 119 57 210 162 
3600 180 27 10 230 
3600 181 46 229 137 48 127 133 147 154 76 
3600 182 16 27 93 75 194 230 
3600 183 133 230 
3600 184 230 
3600 185 230 
3600 186 39 40 191 194 230 
3600 187 27 194 
3600 188 123 217 25 71 92 223 170 58 
3600 189 229 93 155 230 
3600 190 27 87 10 194 230 
3600 191 13 208 150 85 116 119 104 186 82 68 94 124 121 109 53 193 113 199 
3600 192 39 
3600 193 40 55 191 
3600 194 1 208 126 178 150 182 103 89 110 111 20 216 28 52 60 190 19 80 187 99 186 157 41 4 78 29 161 197 162 168 
3600 195 93 10 
3600 196 40 
3600 197 194 230 
3600 198 133 147 
3600 199 155 191 
3600 200 40 
3600 201 48 75 230 
3600 202 
3600 203 
3600 204 18 149 75 11 23 3 148 86 92 223 170 
3600 205 
3600 206 
3600 207 
3600 208 16 27 55 155 10 179 191 194 224 230 
3600 209 48 230 
3600 210 63 87 179 
3600 211 93 48 224 230 
3600 212 
3600 213 74 133 147 154 
3600 214 
3600 215 16 229 93 48 133 147 
3600 216 27 93 10 194 230 
3600 217 40 75 155 175 188 
3600 218 16 229 93 63 133 147 154 224 
3600 219 16 229 93 48 74 105 133 147 154 
3600 220 40 
3600 221 40 
3600 222 16 229 93 48 105 133 147 154 
3600 223 188 204 
3600 224 218 208 18 135 178 104 24 211 157 160 23 
3600 225 40 
3600 226 48 74 133 147 154 
3600 227 
3600 228 
3600 229 1 27 93 218 13 215 22 117 219 222 126 135 178 136 47 143 149 150 0 152 67 72 171 174 85 181 137 2 99 104 231 132 189 
3600 230 40 208 178 150 182 103 89 110 111 20 216 28 128 52 56 64 190 19 180 97 189 102 38 34 186 176 201 209 211 90 183 41 14 107 83 84 184 185 78 29 17 161 96 197 
3600 231 229 93 74 105 133 142 147 154 
3600 232 
3600 233 40 
4500 0 16 220 90 48 71 102 129 142 149 
4500 1 16 27 220 76 84 10 173 188 
4500 2 27 220 10 
4500 3 197 
4500 4 10 188 
4500 5 
4500 6 
4500 7 
4500 8 
4500 9 
4500 10 1 13 201 122 172 123 144 145 57 2 100 86 106 107 20 208 28 124 51 55 56 184 19 174 96 94 101 134 152 155 109 41 78 70 4 104 80 189 81 75 29 156 93 157 
4500 11 90 48 102 129 197 
4500 12 
4500 13 16 220 90 40 48 102 129 10 185 
4500 14 61 221 
4500 15 40 
4500 16 1 209 13 201 18 207 22 113 210 213 122 131 132 47 138 144 145 57 0 147 64 69 165 168 82 176 
4500 17 129 221 
4500 18 16 48 129 197 215 
4500 19 27 84 10 188 221 
4500 20 27 10 188 221 
4500 21 147 168 
4500 22 16 220 102 129 142 149 
4500 23 61 197 215 
4500 24 90 40 215 
4500 25 40 150 182 
4500 26 40 
4500 27 1 90 129 220 201 122 172 144 145 57 165 176 2 100 86 106 107 20 208 112 28 115 124 51 55 56 58 184 19 77 174 181 96 94 
4500 28 27 10 188 221 
4500 29 10 188 221 
4500 30 129 142 
4500 31 
4500 32 
4500 33 
4500 34 221 
4500 35 
4500 36 90 129 
4500 37 
4500 38 221 
4500 39 147 55 180 79 65 91 120 160 186 162 117 119 
4500 40 13 102 150 221 55 101 15 24 180 120 194 105 211 25 26 212 118 216 224 44 134 49 50 52 153 66 68 74 170 158 187 190 97 
4500 41 150 10 188 221 
4500 42 
4500 43 
4500 44 40 
4500 45 129 142 
4500 46 131 172 175 123 150 
4500 47 16 220 90 48 71 129 142 149 
4500 48 13 18 207 210 213 132 47 0 147 64 69 168 175 133 101 11 202 204 217 152 155 85 
4500 49 40 
4500 50 40 
4500 51 27 72 10 
4500 52 40 185 
4500 53 129 
4500 54 201 145 146 125 119 187 135 
4500 55 27 90 39 40 10 221 
4500 56 27 84 10 173 
4500 57 16 27 90 10 
4500 58 27 188 
4500 59 
4500 60 
4500 61 209 131 87 14 203 23 
4500 62 150 
4500 63 
4500 64 16 220 90 48 129 142 
4500 65 39 129 169 185 
4500 66 40 
4500 67 129 142 
4500 68 40 150 182 
4500 69 16 220 90 48 71 102 129 142 149 
4500 70 72 84 10 
4500 71 210 47 0 147 69 168 222 217 85 110 
4500 72 145 197 176 51 125 91 117 109 78 70 
4500 73 131 133 175 
4500 74 40 
4500 75 10 188 221 
4500 76 1 122 147 
4500 77 27 188 
4500 78 72 84 10 
4500 79 39 185 
4500 80 10 221 
4500 81 10 221 
4500 82 16 220 185 
4500 83 197 
4500 84 1 122 165 100 56 184 19 203 78 70 
4500 85 48 71 129 142 149 
4500 86 27 10 188 221 
4500 87 133 61 123 221 
4500 88 
4500 89 182 197 
4500 90 27 220 209 13 207 210 213 131 132 47 145 57 0 147 64 69 168 176 208 55 222 183 24 170 11 204 155 98 36 189 
4500 91 39 72 185 
4500 92 150 
4500 93 102 10 221 
4500 94 27 10 221 
4500 95 
4500 96 27 220 10 188 
4500 97 40 
4500 98 90 129 
4500 99 221 
4500 100 27 84 10 188 221 
4500 101 220 40 48 102 129 10 185 215 
4500 102 13 40 150 22 113 210 213 138 0 147 69 168 101 222 11 93 
4500 103 
4500 104 10 221 
4500 105 40 185 
4500 106 27 10 188 221 
4500 107 27 10 188 221 
4500 108 
4500 109 72 150 10 169 185 
4500 110 71 129 142 149 
4500 111 
4500 112 27 173 185 
4500 113 16 220 102 129 142 149 
4500 114 
4500 115 27 173 185 
4500 116 
4500 117 39 72 185 
4500 118 40 
4500 119 39 54 150 182 
4500 120 39 40 185 
4500 121 
4500 122 16 27 220 76 84 10 173 188 
4500 123 131 10 46 175 87 
4500 124 27 10 221 
4500 125 54 72 150 129 
4500 126 129 
4500 127 
4500 128 220 149 
4500 129 27 209 13 18 207 22 113 210 213 131 132 47 138 0 147 64 69 168 175 133 101 222 125 163 65 134 11 217 152 85 177 45 30 192 98 110 36 126 139 53 148 67 159 17 
4500 130 
4500 131 16 220 172 90 61 123 129 142 149 215 46 73 
4500 132 16 220 90 48 129 142 
4500 133 175 73 220 48 129 142 149 87 
4500 134 40 129 10 
4500 135 54 149 
4500 136 
4500 137 147 168 222 
4500 138 16 220 102 129 142 149 
4500 139 129 142 149 
4500 140 
4500 141 
4500 142 209 207 22 113 210 213 131 132 47 138 0 147 64 69 168 175 133 222 217 85 45 30 192 110 139 67 159 
4500 143 197 
4500 144 16 27 220 10 197 
4500 145 16 27 220 90 54 72 10 185 188 221 
4500 146 54 150 
4500 147 16 21 220 90 39 48 71 76 102 129 137 142 149 
4500 148 129 
4500 149 209 22 113 210 213 131 47 138 0 147 69 165 168 175 133 222 128 217 85 135 110 139 156 
4500 150 40 201 102 46 183 146 125 119 25 68 109 41 171 151 62 161 164 193 92 
4500 151 150 
4500 152 48 129 10 188 215 
4500 153 40 
4500 154 
4500 155 90 48 10 215 
4500 156 10 149 188 221 
4500 157 10 173 188 
4500 158 40 
4500 159 129 142 
4500 160 39 
4500 161 150 
4500 162 39 
4500 163 129 
4500 164 150 182 197 
4500 165 16 27 220 84 149 
4500 166 
4500 167 
4500 168 16 21 220 90 48 71 102 129 137 142 149 
4500 169 65 109 
4500 170 90 40 221 
4500 171 150 
4500 172 131 27 220 10 188 215 221 46 
4500 173 1 201 122 112 115 56 203 157 
4500 174 27 10 221 
4500 175 46 220 133 48 123 129 142 149 73 
4500 176 16 27 90 72 188 221 
4500 177 129 221 
4500 178 221 
4500 179 221 
4500 180 39 40 185 188 221 
4500 181 27 188 
4500 182 119 25 68 89 214 164 
4500 183 220 90 150 221 
4500 184 27 84 10 188 221 
4500 185 13 201 145 82 112 115 101 180 79 65 91 120 117 105 52 187 109 193 
4500 186 39 
4500 187 40 54 185 
4500 188 1 201 122 172 145 176 100 86 106 107 20 208 28 58 184 19 77 181 96 180 152 41 4 75 29 156 191 157 
4500 189 90 10 
4500 190 40 
4500 191 188 221 
4500 192 129 142 
4500 193 150 185 
4500 194 40 
4500 195 
4500 196 
4500 197 18 144 72 11 23 3 143 83 89 214 164 
4500 198 
4500 199 
4500 200 
4500 201 16 27 54 150 10 173 185 188 215 221 
4500 202 48 221 
4500 203 61 84 173 
4500 204 90 48 215 221 
4500 205 
4500 206 
4500 207 16 220 90 48 129 142 
4500 208 27 90 10 188 221 
4500 209 16 220 90 61 129 142 149 215 
4500 210 16 220 90 48 71 102 129 142 149 
4500 211 40 
4500 212 40 
4500 213 16 220 90 48 102 129 142 149 
4500 214 182 197 
4500 215 209 201 18 131 172 101 24 204 152 155 23 
4500 216 40 
4500 217 48 71 129 142 149 
4500 218 
4500 219 
4500 220 1 27 90 209 13 207 22 113 210 213 122 131 172 132 47 138 144 145 0 147 64 69 165 168 82 175 133 2 96 101 222 128 183 
4500 221 40 201 172 145 176 100 86 106 107 20 208 28 124 55 184 19 174 94 183 99 38 34 180 170 202 204 87 177 41 14 104 80 81 178 179 75 29 17 156 93 191 
4500 222 220 90 71 102 129 137 142 149 
4500 223 
4500 224 40 
5400 0 15 206 85 44 66 96 122 135 
5400 1 15 25 206 71 79 10 164 178 
5400 2 25 206 10 
5400 3 185 
5400 4 10 178 
5400 5 
5400 6 
5400 7 
5400 8 
5400 9 
5400 10 1 12 189 115 163 116 137 138 52 2 94 81 100 101 195 26 117 47 51 174 18 165 89 95 127 144 146 103 38 73 65 4 98 75 76 70 27 147 88 148 
5400 11 
5400 12 15 206 85 37 44 96 122 10 175 
5400 13 56 207 
5400 14 37 
5400 15 1 196 12 189 17 20 107 197 200 115 124 125 43 131 137 138 52 0 140 59 64 156 159 77 167 
5400 16 122 207 
5400 17 15 44 122 185 
5400 18 25 79 10 178 207 
5400 19 140 159 
5400 20 15 206 96 122 135 
5400 21 56 185 
5400 22 85 37 
5400 23 37 142 172 
5400 24 37 
5400 25 1 85 122 206 189 115 163 137 138 52 156 167 2 94 81 100 101 195 106 26 109 117 47 51 53 174 18 72 165 171 89 
5400 26 25 10 178 207 
5400 27 10 178 207 
5400 28 122 135 
5400 29 
5400 30 
5400 31 207 
5400 32 
5400 33 85 122 
5400 34 
5400 35 207 
5400 36 140 51 170 74 60 86 113 151 176 153 112 
5400 37 12 96 142 207 51 95 14 22 170 113 182 99 198 23 24 199 111 202 210 40 127 45 46 48 145 61 63 69 161 149 177 179 91 
5400 38 142 10 178 207 
5400 39 
5400 40 37 
5400 41 122 135 
5400 42 124 163 166 116 142 
5400 43 15 206 85 44 66 122 135 
5400 44 12 17 197 200 125 43 0 140 59 64 159 166 126 95 190 192 203 144 146 80 
5400 45 37 
5400 46 37 
5400 47 25 67 10 
5400 48 37 175 
5400 49 122 
5400 50 189 138 139 118 112 177 128 
5400 51 25 85 36 37 10 207 
5400 52 15 25 85 10 
5400 53 25 178 
5400 54 
5400 55 
5400 56 196 124 82 13 191 21 
5400 57 142 
5400 58 
5400 59 15 206 85 44 122 135 
5400 60 36 122 160 175 
5400 61 37 
5400 62 122 135 
5400 63 37 142 172 
5400 64 15 206 85 44 66 96 122 135 
5400 65 67 79 10 
5400 66 197 43 0 140 64 159 208 203 80 104 
5400 67 138 185 167 47 118 86 103 73 65 
5400 68 124 126 166 
5400 69 37 
5400 70 10 178 207 
5400 71 1 115 140 
5400 72 25 178 
5400 73 67 79 10 
5400 74 36 175 
5400 75 10 207 
5400 76 10 207 
5400 77 15 206 175 
5400 78 185 
5400 79 1 115 156 94 174 18 191 73 65 
5400 80 44 66 122 135 
5400 81 25 10 178 207 
5400 82 126 56 116 207 
5400 83 
5400 84 172 185 
5400 85 25 206 196 12 197 200 124 125 43 138 52 0 140 59 64 159 167 195 51 208 173 22 161 192 146 92 33 
5400 86 36 67 175 
5400 87 142 
5400 88 96 10 207 
5400 89 25 10 207 
5400 90 
5400 91 37 
5400 92 85 122 
5400 93 207 
5400 94 25 79 10 178 207 
5400 95 206 37 44 96 122 10 175 
5400 96 12 37 142 20 107 197 200 131 0 140 64 159 95 208 88 
5400 97 
5400 98 10 207 
5400 99 37 175 
5400 100 25 10 178 207 
5400 101 25 10 178 207 
5400 102 
5400 103 67 142 10 160 175 
5400 104 66 122 135 
5400 105 
5400 106 25 164 175 
5400 107 15 206 96 122 135 
5400 108 
5400 109 25 164 175 
5400 110 
5400 111 37 
5400 112 36 50 142 172 
5400 113 36 37 175 
5400 114 
5400 115 15 25 206 71 79 10 164 178 
5400 116 124 10 42 166 82 
5400 117 25 10 207 
5400 118 50 67 142 122 
5400 119 122 
5400 120 
5400 121 206 
5400 122 25 196 12 17 20 107 197 200 124 125 43 131 0 140 59 64 159 166 126 95 208 118 154 60 127 203 144 80 168 41 28 92 104 33 119 132 49 141 62 150 16 
5400 123 
5400 124 15 206 163 85 56 116 122 135 42 68 
5400 125 15 206 85 44 122 135 
5400 126 166 68 206 44 122 135 82 
5400 127 37 122 10 
5400 128 50 
5400 129 
5400 130 140 159 208 
5400 131 15 206 96 122 135 
5400 132 122 135 
5400 133 
5400 134 
5400 135 196 20 107 197 200 124 125 43 131 0 140 59 64 159 166 126 208 203 80 41 28 104 132 62 150 
5400 136 185 
5400 137 15 25 206 10 185 
5400 138 15 25 206 85 50 67 10 175 178 207 
5400 139 50 142 
5400 140 15 19 206 85 36 44 66 71 96 122 130 135 
5400 141 122 
5400 142 37 189 96 42 173 139 118 112 23 63 103 38 162 143 57 152 155 181 87 
5400 143 142 
5400 144 44 122 10 178 
5400 145 37 
5400 146 85 44 10 
5400 147 10 178 207 
5400 148 10 164 178 
5400 149 37 
5400 150 122 135 
5400 151 36 
5400 152 142 
5400 153 36 
5400 154 122 
5400 155 142 172 185 
5400 156 15 25 206 79 
5400 157 
5400 158 
5400 159 15 19 206 85 44 66 96 122 130 135 
5400 160 60 103 
5400 161 85 37 207 
5400 162 142 
5400 163 124 25 206 10 178 207 42 
5400 164 1 189 115 106 109 191 148 
5400 165 25 10 207 
5400 166 42 206 126 44 116 122 135 68 
5400 167 15 25 85 67 178 207 
5400 168 122 207 
5400 169 207 
5400 170 36 37 175 178 207 
5400 171 25 178 
5400 172 112 23 63 84 201 155 
5400 173 206 85 142 207 
5400 174 25 79 10 178 207 
5400 175 12 189 138 77 106 109 95 170 74 60 86 113 99 48 177 103 181 
5400 176 36 
5400 177 37 50 175 
5400 178 1 189 115 163 138 167 94 81 100 101 195 26 53 174 18 72 171 170 144 38 4 70 27 147 180 148 
5400 179 37 
5400 180 178 207 
5400 181 142 175 
5400 182 37 
5400 183 
5400 184 
5400 185 17 137 67 21 3 136 78 84 201 155 
5400 186 
5400 187 
5400 188 
5400 189 15 25 50 142 10 164 175 178 207 
5400 190 44 207 
5400 191 56 79 164 
5400 192 85 44 207 
5400 193 
5400 194 
5400 195 25 85 10 178 207 
5400 196 15 206 85 56 122 135 
5400 197 15 206 85 44 66 96 122 135 
5400 198 37 
5400 199 37 
5400 200 15 206 85 44 96 122 135 
5400 201 172 185 
5400 202 37 
5400 203 44 66 122 135 
5400 204 
5400 205 
5400 206 1 25 85 196 12 20 107 197 200 115 124 163 125 43 131 137 138 0 140 59 64 156 159 77 166 126 2 95 208 121 173 
5400 207 37 189 163 138 167 94 81 100 101 195 26 117 51 174 18 165 89 173 93 35 31 170 161 190 192 82 168 38 13 98 75 76 169 70 27 16 147 88 180 
5400 208 206 85 66 96 122 130 135 
5400 209 
5400 210 37 
6300 0 14 196 81 42 63 91 115 127 
6300 1 14 24 196 68 75 10 156 170 
6300 2 24 196 10 
6300 3 177 
6300 4 10 170 
6300 5 
6300 6 
6300 7 
6300 8 
6300 9 
6300 10 1 11 180 108 155 109 129 130 50 2 89 77 95 96 186 25 110 45 49 166 17 157 84 90 120 136 138 36 70 62 4 93 72 67 26 139 83 140 
6300 11 14 196 81 35 42 91 115 10 167 
6300 12 54 197 
6300 13 35 
6300 14 1 187 11 180 16 19 101 188 191 108 117 118 41 124 129 130 50 0 132 56 61 148 151 73 159 
6300 15 115 197 
6300 16 14 42 115 177 
6300 17 24 75 10 170 197 
6300 18 132 151 
6300 19 14 196 91 115 127 
6300 20 54 177 
6300 21 81 35 
6300 22 35 134 164 
6300 23 35 
6300 24 1 81 115 196 180 108 155 129 130 50 148 159 2 89 77 95 96 186 100 25 103 110 45 49 51 166 17 69 157 163 84 
6300 25 24 10 170 197 
6300 26 10 170 197 
6300 27 115 127 
6300 28 
6300 29 
6300 30 197 
6300 31 81 115 
6300 32 
6300 33 197 
6300 34 132 49 162 71 57 106 143 168 145 105 
6300 35 11 91 134 197 49 90 13 21 162 106 174 94 189 22 23 190 193 200 38 120 43 44 46 137 58 60 66 153 141 169 171 86 
6300 36 134 10 170 197 
6300 37 
6300 38 35 
6300 39 115 127 
6300 40 117 155 158 109 134 
6300 41 14 196 81 42 63 115 127 
6300 42 11 16 188 191 118 41 0 132 56 61 151 158 119 90 181 183 136 138 76 
6300 43 35 
6300 44 35 
6300 45 24 64 10 
6300 46 35 167 
6300 47 115 
6300 48 180 130 131 111 105 169 121 
6300 49 24 81 34 35 10 197 
6300 50 14 24 81 10 
6300 51 24 170 
6300 52 
6300 53 
6300 54 187 117 78 12 182 20 
6300 55 134 
6300 56 14 196 81 42 115 127 
6300 57 34 115 152 167 
6300 58 35 
6300 59 115 127 
6300 60 35 134 164 
6300 61 14 196 81 42 63 91 115 127 
6300 62 64 75 10 
6300 63 188 41 0 132 61 151 198 76 98 
6300 64 130 177 159 45 111 70 62 
6300 65 117 119 158 
6300 66 35 
6300 67 10 170 197 
6300 68 1 108 132 
6300 69 24 170 
6300 70 64 75 10 
6300 71 34 167 
6300 72 10 197 
6300 73 14 196 167 
6300 74 177 
6300 75 1 108 148 89 166 17 182 70 62 
6300 76 42 63 115 127 
6300 77 24 10 170 197 
6300 78 119 54 109 197 
6300 79 
6300 80 164 177 
6300 81 24 196 187 11 188 191 117 118 41 130 50 0 132 56 61 151 159 186 49 198 165 21 153 183 138 87 31 
6300 82 134 
6300 83 91 10 197 
6300 84 24 10 197 
6300 85 
6300 86 35 
6300 87 81 115 
6300 88 197 
6300 89 24 75 10 170 197 
6300 90 196 35 42 91 115 10 167 
6300 91 11 35 134 19 101 188 191 124 0 132 61 151 90 198 83 
6300 92 
6300 93 10 197 
6300 94 35 167 
6300 95 24 10 170 197 
6300 96 24 10 170 197 
6300 97 
6300 98 63 115 127 
6300 99 
6300 100 24 156 167 
6300 101 14 196 91 115 127 
6300 102 
6300 103 24 156 167 
6300 104 
6300 105 34 48 134 164 
6300 106 34 35 167 
6300 107 
6300 108 14 24 196 68 75 10 156 170 
6300 109 117 10 40 158 78 
6300 110 24 10 197 
6300 111 48 64 134 115 
6300 112 115 
6300 113 
6300 114 196 
6300 115 24 187 11 16 19 101 188 191 117 118 41 124 0 132 56 61 151 158 119 90 198 111 146 57 120 136 76 160 39 27 87 98 31 112 125 47 133 59 142 15 
6300 116 
6300 117 14 196 155 81 54 109 115 127 40 65 
6300 118 14 196 81 42 115 127 
6300 119 158 65 196 42 115 127 78 
6300 120 35 115 10 
6300 121 48 
6300 122 
6300 123 132 151 198 
6300 124 14 196 91 115 127 
6300 125 115 127 
6300 126 
6300 127 187 19 101 188 191 117 118 41 124 0 132 56 61 151 158 119 198 76 39 27 98 125 59 142 
6300 128 177 
6300 129 14 24 196 10 177 
6300 130 14 24 196 81 48 64 10 167 170 197 
6300 131 48 134 
6300 132 14 18 196 81 34 42 63 68 91 115 123 127 
6300 133 115 
6300 134 35 180 91 40 165 131 111 105 22 60 36 154 135 55 144 147 173 82 
6300 135 134 
6300 136 42 115 10 170 
6300 137 35 
6300 138 81 42 10 
6300 139 10 170 197 
6300 140 10 156 170 
6300 141 35 
6300 142 115 127 
6300 143 34 
6300 144 134 
6300 145 34 
6300 146 115 
6300 147 134 164 177 
6300 148 14 24 196 75 
6300 149 
6300 150 
6300 151 14 18 196 81 42 63 91 115 123 127 
6300 152 57 
6300 153 81 35 197 
6300 154 134 
6300 155 117 24 196 10 170 197 40 
6300 156 1 180 108 100 103 182 140 
6300 157 24 10 197 
6300 158 40 196 119 42 109 115 127 65 
6300 159 14 24 81 64 170 197 
6300 160 115 197 
6300 161 197 
6300 162 34 35 167 170 197 
6300 163 24 170 
6300 164 105 22 60 80 192 147 
6300 165 196 81 134 197 
6300 166 24 75 10 170 197 
6300 167 11 180 130 73 100 103 90 162 71 57 106 94 46 169 173 
6300 168 34 
6300 169 35 48 167 
6300 170 1 180 108 155 130 159 89 77 95 96 186 25 51 166 17 69 163 162 136 36 4 67 26 139 172 140 
6300 171 35 
6300 172 170 197 
6300 173 134 167 
6300 174 35 
6300 175 
6300 176 
6300 177 16 129 64 20 3 128 74 80 192 147 
6300 178 
6300 179 
6300 180 14 24 48 134 10 156 167 170 197 
6300 181 42 197 
6300 182 54 75 156 
6300 183 81 42 197 
6300 184 
6300 185 
6300 186 24 81 10 170 197 
6300 187 14 196 81 54 115 127 
6300 188 14 196 81 42 63 91 115 127 
6300 189 35 
6300 190 35 
6300 191 14 196 81 42 91 115 127 
6300 192 164 177 
6300 193 35 
6300 194 
6300 195 
6300 196 1 24 81 187 11 19 101 188 191 108 117 155 118 41 124 129 130 0 132 56 61 148 151 73 158 119 2 90 198 114 165 
6300 197 35 180 155 130 159 89 77 95 96 186 25 110 49 166 17 157 84 165 88 33 30 162 153 181 183 78 160 36 12 93 72 161 67 26 15 139 83 172 
6300 198 196 81 63 91 115 123 127 
6300 199 
6300 200 35 
