0 7200
0 0 1 2 4 7 12 14 17 
0 1 13 6 
0 2 0 1 5 
0 3 4 5 
0 4 0 1 5 6 7 10 21 
0 5 0 1 2 19 
0 6 
0 7 0 8 2 12 6 
0 8 10 3 
0 9 0 1 5 6 7 14 17 
0 10 1 7 
0 11 8 13 
0 12 17 6 
0 13 
0 14 10 5 
0 15 3 11 13 
0 16 
0 17 
0 18 1 10 21 6 
0 19 
0 20 14 23 
0 21 
0 22 
0 23 11 13 
0 24 0 5 
0 25 1 2 4 22 
0 26 
0 27 0 15 
0 28 1 15 
0 29 0 1 4 6 8 12 16 20 25 
0 30 0 2 19 12 
0 31 0 1 2 12 6 
0 32 0 20 12 8 1 
0 33 0 1 12 4 
0 34 0 2 6 8 9 12 21 
0 35 0 1 2 12 6 
0 36 3 4 
0 37 0 2 12 
0 38 2 12 6 
0 39 0 2 12 
0 40 0 1 2 6 7 12 16 18 19 
0 41 1 5 15 
0 42 0 1 4 11 12 13 21 
0 43 0 2 12 
0 44 0 2 12 5 
0 45 0 1 2 4 6 8 9 12 
0 46 0 1 4 6 8 12 16 20 25 
0 47 0 2 12 6 
0 48 0 2 6 8 9 12 21 
0 49 0 2 6 8 9 12 21 
0 50 3 4 
0 51 2 12 6 
0 52 0 1 2 3 5 12 
0 53 0 2 12 
0 54 0 2 12 7 
0 55 0 2 5 8 10 12 
0 56 0 4 2 12 
0 57 1 2 
0 58 0 4 2 12 7 
0 59 0 1 2 12 6 
0 60 0 1 2 6 7 12 16 19 
0 61 0 4 2 3 12 
0 62 1 5 15 
0 63 0 4 2 12 
0 64 0 1 2 4 6 9 19 
0 65 0 9 7 1 15 
0 66 0 7 3 4 15 
0 67 0 1 2 4 5 
0 68 0 1 2 4 5 8 9 11 
0 69 0 1 2 4 5 6 8 10 24 
0 70 0 1 2 5 6 7 14 17 19 21 
0 71 0 1 4 7 8 9 10 11 14 16 25 
0 72 0 3 5 
0 73 0 1 2 4 5 8 9 10 
0 74 0 2 4 
0 75 0 1 2 7 8 9 11 
0 76 16 0 4 14 7 
0 77 0 1 2 8 
0 78 0 4 7 
0 79 0 1 2 4 5 8 9 11 
0 80 11 13 22 
0 81 0 8 2 
0 82 0 1 2 4 7 9 10 14 16 18 21 
0 83 0 9 2 
0 84 0 1 4 5 7 9 11 14 16 18 
0 85 0 16 7 
0 86 0 2 5 
0 87 0 17 2 
0 88 0 3 4 7 9 15 
0 89 0 1 2 4 5 7 8 9 11 
0 90 0 1 2 4 6 7 8 9 10 11 14 19 
0 91 0 1 2 4 5 7 8 9 11 
0 92 0 1 11 
0 93 0 1 2 4 5 8 9 24 
0 94 0 1 2 5 7 14 17 18 
0 95 0 1 4 5 6 7 8 10 
0 96 0 1 2 4 5 6 7 14 19 
0 97 24 0 18 5 8 
0 98 0 1 4 5 6 7 8 21 
0 99 0 1 2 4 6 7 8 9 10 11 14 19 
0 100 0 1 2 4 7 11 14 
0 101 0 1 2 7 8 9 11 
0 102 0 1 2 5 
0 103 0 9 2 
0 104 0 1 4 5 6 7 8 10 
0 105 0 1 4 7 8 9 15 26 
0 106 0 2 
0 107 0 1 2 5 7 14 17 18 
0 108 0 2 5 
0 109 0 2 4 5 6 7 
0 110 0 1 4 
0 111 0 1 2 4 5 7 8 9 10 13 14 16 18 25 
0 112 0 1 4 5 7 8 13 14 16 17 18 
0 113 0 1 4 5 7 14 16 
0 114 0 1 2 4 6 7 8 9 10 14 18 19 
0 115 0 1 2 4 5 6 7 17 21 
0 116 0 1 2 4 5 
0 117 0 1 2 5 7 8 
0 118 0 3 4 7 9 15 
0 119 0 1 5 
0 120 0 16 2 
0 121 0 9 7 
0 122 0 1 2 8 
0 123 0 1 2 8 
0 124 0 1 20 23 
0 125 0 1 2 5 8 9 11 
0 126 0 2 4 5 6 10 
0 127 0 2 15 
0 128 0 2 6 8 9 18 
0 129 0 17 6 16 7 
0 130 0 16 7 
0 131 0 1 2 4 5 7 8 9 10 14 17 18 
0 132 0 1 4 5 6 7 8 9 10 14 17 18 
0 133 0 1 11 
0 134 0 1 10 2 
0 135 0 1 4 5 7 8 11 13 14 18 25 
0 136 0 1 2 5 7 14 17 18 
0 137 0 3 4 7 9 15 
0 138 0 1 5 
0 139 0 1 2 4 5 6 7 8 9 10 14 17 19 21 
0 140 0 9 7 
0 141 11 13 18 21 24 28 
0 142 2 4 21 
0 143 16 1 10 21 
0 144 16 17 2 21 1 
0 145 3 7 
0 146 2 3 
0 147 10 3 
0 148 3 4 5 
0 149 3 6 
0 150 10 3 
0 151 1 3 
0 152 26 3 
0 153 3 15 
0 154 3 5 
0 155 3 15 
0 156 16 3 
0 157 3 12 
0 158 8 3 
0 159 18 3 
0 160 1 3 
0 161 1 3 
0 162 3 20 
0 163 2 3 
0 164 1 3 
0 165 2 3 
0 166 0 3 
0 167 25 3 
0 168 1 3 
0 169 3 15 
0 170 1 3 
0 171 3 4 
0 172 2 3 
0 173 3 11 
0 174 3 15 
0 175 3 13 
0 176 3 4 
0 177 3 5 
0 178 2 3 6 
0 179 0 3 
0 180 0 3 
0 181 0 3 
0 182 25 3 
0 183 3 7 
0 184 1 3 
0 185 8 3 
0 186 3 15 
0 187 2 3 
0 188 1 3 
0 189 16 3 5 
0 190 1 3 
0 191 3 5 
0 192 1 3 
0 193 3 6 
0 194 3 6 
0 195 2 3 
0 196 3 11 
0 197 9 3 
0 198 3 6 
0 199 1 3 
0 200 2 3 4 
0 201 8 3 
0 202 2 3 
0 203 2 3 4 
0 204 3 6 
0 205 3 14 
0 206 3 1 27 15 
0 207 3 22 
0 208 3 11 
0 209 3 4 
0 210 3 4 5 
0 211 3 7 
0 212 3 13 
0 213 3 5 
0 214 3 14 
0 215 3 6 
0 216 3 14 
0 217 3 13 
0 218 8 3 
0 219 3 6 
0 220 9 3 
0 221 3 4 15 
0 222 16 10 3 4 
0 223 17 3 4 13 7 
0 224 1 3 
0 225 0 3 
0 226 18 3 7 
0 227 3 4 
0 228 1 3 
0 229 24 3 
0 230 24 18 15 
0 231 26 20 15 
0 232 26 20 15 
0 233 11 15 
0 234 9 26 15 
0 235 11 1 27 13 15 
0 236 9 6 15 
0 237 11 13 15 
0 238 11 15 
0 239 26 15 
0 240 11 1 27 13 15 
0 241 9 6 15 
0 242 16 1 2 5 6 
0 243 16 5 6 
0 244 8 16 1 
0 245 16 2 5 6 7 
0 246 16 5 6 
0 247 16 9 4 5 6 
0 248 20 6 23 
0 249 20 23 
0 250 11 20 13 23 
0 251 24 7 20 23 
0 252 10 20 6 23 
0 253 9 10 4 2 14 
0 254 19 14 7 
0 255 1 6 10 11 13 19 22 
0 256 1 10 19 5 
0 257 1 19 5 
0 258 2 11 13 22 5 
0 259 10 11 13 22 
0 260 10 22 
0 261 1 5 10 11 13 22 
0 262 8 10 2 
0 263 8 2 6 
0 264 8 1 10 
0 265 8 1 2 
0 266 8 1 10 
0 267 8 1 2 
0 268 2 4 5 8 10 13 
0 269 8 2 6 
0 270 9 5 17 
0 271 9 11 13 
0 272 9 26 20 13 
0 273 9 2 1 
0 274 1 11 5 
0 275 2 11 13 
0 276 11 13 
0 277 11 4 13 
0 278 11 13 
0 279 11 13 
0 280 11 13 
0 281 1 4 5 10 11 13 
0 282 11 13 6 
0 283 11 13 
0 284 1 4 5 6 
0 285 1 6 7 
0 286 1 6 
0 287 10 2 6 
0 288 10 6 7 
0 289 1 6 
0 290 1 10 5 6 7 
0 291 1 10 4 6 
0 292 1 4 5 6 
0 293 1 10 6 
0 294 10 4 5 6 
0 295 5 6 7 
0 296 1 2 
0 297 1 5 7 
0 298 10 5 7 
0 299 10 4 5 
900 0 1 2 4 7 12 14 17 
900 1 13 6 
900 2 0 1 5 
900 3 4 5 
900 4 0 1 5 6 7 10 21 
900 5 0 1 2 19 
900 6 
900 7 0 8 2 12 6 
900 8 10 3 
900 9 0 1 5 6 7 14 17 
900 10 1 7 
900 11 8 13 
900 12 17 6 
900 13 
900 14 10 5 
900 15 3 11 13 
900 16 
900 17 
900 18 1 10 21 6 
900 19 
900 20 14 23 
900 21 
900 22 
900 23 11 13 
900 24 0 5 
900 25 1 2 4 22 
900 26 
900 27 0 15 
900 28 1 15 
900 29 0 1 4 6 8 12 16 20 25 
900 30 0 2 19 12 
900 31 0 1 2 12 6 
900 32 0 20 12 8 1 
900 33 0 1 12 4 
900 34 0 2 6 8 9 12 21 
900 35 0 1 2 12 6 
900 36 3 4 
900 37 0 2 12 
900 38 2 12 6 
900 39 0 2 12 
900 41 1 5 15 
900 42 0 1 4 11 12 13 21 
900 43 0 2 12 
900 44 0 2 12 5 
900 45 0 1 2 4 6 8 9 12 
900 46 0 1 4 6 8 12 16 20 25 
900 47 0 2 12 6 
900 48 0 2 6 8 9 12 21 
900 49 0 2 6 8 9 12 21 
900 50 3 4 
900 53 0 2 12 
900 54 0 2 12 7 
900 55 0 2 5 8 10 12 
900 56 0 4 2 12 
900 57 1 2 
900 58 0 4 2 12 7 
900 59 0 1 2 12 6 
900 60 0 1 2 6 7 12 16 19 
900 61 0 4 2 3 12 
900 62 1 5 15 
900 63 0 4 2 12 
900 64 0 1 2 4 6 9 19 
900 65 0 9 7 1 15 
900 66 0 7 3 4 15 
900 67 0 1 2 4 5 
900 68 0 1 2 4 5 8 9 11 
900 69 0 1 2 4 5 6 8 10 24 
900 70 0 1 2 5 6 7 14 17 19 21 
900 71 0 1 4 7 8 9 10 11 14 16 25 
900 72 0 3 5 
900 73 0 1 2 4 5 8 9 10 
900 74 0 2 4 
900 75 0 1 2 7 8 9 11 
900 76 16 0 4 14 7 
900 77 0 1 2 8 
900 78 0 4 7 
900 79 0 1 2 4 5 8 9 11 
900 80 11 13 22 
900 81 0 8 2 
900 82 0 1 2 4 7 9 10 14 16 18 21 
900 83 0 9 2 
900 85 0 16 7 
900 86 0 2 5 
900 87 0 17 2 
900 88 0 3 4 7 9 15 
900 89 0 1 2 4 5 7 8 9 11 
900 90 0 1 2 4 6 7 8 9 10 11 14 19 
900 91 0 1 2 4 5 7 8 9 11 
900 92 0 1 11 
900 93 0 1 2 4 5 8 9 24 
900 94 0 1 2 5 7 14 17 18 
900 95 0 1 4 5 6 7 8 10 
900 96 0 1 2 4 5 6 7 14 19 
900 97 24 0 18 5 8 
900 98 0 1 4 5 6 7 8 21 
900 99 0 1 2 4 6 7 8 9 10 11 14 19 
900 100 0 1 2 4 7 11 14 
900 101 0 1 2 7 8 9 11 
900 102 0 1 2 5 
900 103 0 9 2 
900 104 0 1 4 5 6 7 8 10 
900 105 0 1 4 7 8 9 15 26 
900 106 0 2 
900 107 0 1 2 5 7 14 17 18 
900 108 0 2 5 
900 109 0 2 4 5 6 7 
900 110 0 1 4 
900 111 0 1 2 4 5 7 8 9 10 13 14 16 18 25 
900 112 0 1 4 5 7 8 13 14 16 17 18 
900 113 0 1 4 5 7 14 16 
900 114 0 1 2 4 6 7 8 9 10 14 18 19 
900 115 0 1 2 4 5 6 7 17 21 
900 116 0 1 2 4 5 
900 117 0 1 2 5 7 8 
900 118 0 3 4 7 9 15 
900 119 0 1 5 
900 120 0 16 2 
900 121 0 9 7 
900 122 0 1 2 8 
900 123 0 1 2 8 
900 124 0 1 20 23 
900 125 0 1 2 5 8 9 11 
900 126 0 2 4 5 6 10 
900 127 0 2 15 
900 128 0 2 6 8 9 18 
900 129 0 17 6 16 7 
900 130 0 16 7 
900 131 0 1 2 4 5 7 8 9 10 14 17 18 
900 132 0 1 4 5 6 7 8 9 10 14 17 18 
900 133 0 1 11 
900 134 0 1 10 2 
900 136 0 1 2 5 7 14 17 18 
900 137 0 3 4 7 9 15 
900 138 0 1 5 
900 139 0 1 2 4 5 6 7 8 9 10 14 17 19 21 
900 140 0 9 7 
900 141 11 13 18 21 24 28 
900 142 2 4 21 
900 143 16 1 10 21 
900 144 16 17 2 21 1 
900 145 3 7 
900 146 2 3 
900 147 10 3 
900 148 3 4 5 
900 149 3 6 
900 150 10 3 
900 151 1 3 
900 152 26 3 
900 153 3 15 
900 154 3 5 
900 155 3 15 
900 157 3 12 
900 158 8 3 
900 159 18 3 
900 160 1 3 
900 161 1 3 
900 162 3 20 
900 163 2 3 
900 164 1 3 
900 165 2 3 
900 166 0 3 
900 167 25 3 
900 168 1 3 
900 169 3 15 
900 170 1 3 
900 171 3 4 
900 172 2 3 
900 173 3 11 
900 174 3 15 
900 175 3 13 
900 176 3 4 
900 177 3 5 
900 178 2 3 6 
900 179 0 3 
900 180 0 3 
900 181 0 3 
900 183 3 7 
900 184 1 3 
900 185 8 3 
900 186 3 15 
900 188 1 3 
900 189 16 3 5 
900 190 1 3 
900 191 3 5 
900 192 1 3 
900 193 3 6 
900 194 3 6 
900 195 2 3 
900 196 3 11 
900 197 9 3 
900 198 3 6 
900 199 1 3 
900 200 2 3 4 
900 201 8 3 
900 202 2 3 
900 203 2 3 4 
900 204 3 6 
900 205 3 14 
900 206 3 1 27 15 
900 208 3 11 
900 209 3 4 
900 210 3 4 5 
900 211 3 7 
900 212 3 13 
900 213 3 5 
900 214 3 14 
900 215 3 6 
900 216 3 14 
900 217 3 13 
900 218 8 3 
900 219 3 6 
900 220 9 3 
900 221 3 4 15 
900 222 16 10 3 4 
900 223 17 3 4 13 7 
900 224 1 3 
900 225 0 3 
900 226 18 3 7 
900 227 3 4 
900 228 1 3 
900 229 24 3 
900 230 24 18 15 
900 231 26 20 15 
900 232 26 20 15 
900 233 11 15 
900 234 9 26 15 
900 235 11 1 27 13 15 
900 236 9 6 15 
900 237 11 13 15 
900 238 11 15 
900 239 26 15 
900 241 9 6 15 
900 242 16 1 2 5 6 
900 243 16 5 6 
900 244 8 16 1 
900 245 16 2 5 6 7 
900 246 16 5 6 
900 247 16 9 4 5 6 
900 248 20 6 23 
900 249 20 23 
900 250 11 20 13 23 
900 251 24 7 20 23 
900 252 10 20 6 23 
900 253 9 10 4 2 14 
900 254 19 14 7 
900 255 1 6 10 11 13 19 22 
900 256 1 10 19 5 
900 257 1 19 5 
900 258 2 11 13 22 5 
900 259 10 11 13 22 
900 260 10 22 
900 261 1 5 10 11 13 22 
900 262 8 10 2 
900 263 8 2 6 
900 264 8 1 10 
900 266 8 1 10 
900 267 8 1 2 
900 268 2 4 5 8 10 13 
900 269 8 2 6 
900 270 9 5 17 
900 271 9 11 13 
900 272 9 26 20 13 
900 273 9 2 1 
900 274 1 11 5 
900 275 2 11 13 
900 276 11 13 
900 277 11 4 13 
900 278 11 13 
900 279 11 13 
900 280 11 13 
900 281 1 4 5 10 11 13 
900 282 11 13 6 
900 284 1 4 5 6 
900 285 1 6 7 
900 286 1 6 
900 287 10 2 6 
900 288 10 6 7 
900 289 1 6 
900 290 1 10 5 6 7 
900 291 1 10 4 6 
900 293 1 10 6 
900 294 10 4 5 6 
900 295 5 6 7 
900 296 1 2 
900 297 1 5 7 
900 298 10 5 7 
900 299 10 4 5 
1800 0 1 2 4 7 12 14 17 
1800 1 13 6 
1800 2 0 1 5 
1800 3 4 5 
1800 4 0 1 5 6 7 10 21 
1800 5 0 1 2 19 
1800 6 
1800 7 0 8 2 12 6 
1800 8 10 3 
1800 9 0 1 5 6 7 14 17 
1800 10 1 7 
1800 11 8 13 
1800 12 17 6 
1800 13 
1800 14 10 5 
1800 15 3 11 13 
1800 16 
1800 17 
1800 18 1 10 21 6 
1800 19 
1800 20 14 23 
1800 21 
1800 22 
1800 23 11 13 
1800 24 0 5 
1800 25 1 2 4 22 
1800 26 
1800 27 0 15 
1800 28 1 15 
1800 29 0 1 4 6 8 12 16 20 25 
1800 30 0 2 19 12 
1800 31 0 1 2 12 6 
1800 32 0 20 12 8 1 
1800 33 0 1 12 4 
1800 34 0 2 6 8 9 12 21 
1800 35 0 1 2 12 6 
1800 36 3 4 
1800 37 0 2 12 
1800 38 2 12 6 
1800 39 0 2 12 
1800 41 1 5 15 
1800 42 0 1 4 11 12 13 21 
1800 43 0 2 12 
1800 44 0 2 12 5 
1800 45 0 1 2 4 6 8 9 12 
1800 46 0 1 4 6 8 12 16 20 25 
1800 47 0 2 12 6 
1800 48 0 2 6 8 9 12 21 
1800 49 0 2 6 8 9 12 21 
1800 50 3 4 
1800 53 0 2 12 
1800 54 0 2 12 7 
1800 55 0 2 5 8 10 12 
1800 56 0 4 2 12 
1800 57 1 2 
1800 58 0 4 2 12 7 
1800 59 0 1 2 12 6 
1800 60 0 1 2 6 7 12 16 19 
1800 61 0 4 2 3 12 
1800 62 1 5 15 
1800 63 0 4 2 12 
1800 64 0 1 2 4 6 9 19 
1800 65 0 9 7 1 15 
1800 67 0 1 2 4 5 
1800 68 0 1 2 4 5 8 9 11 
1800 69 0 1 2 4 5 6 8 10 24 
1800 70 0 1 2 5 6 7 14 17 19 21 
1800 71 0 1 4 7 8 9 10 11 14 16 25 
1800 72 0 3 5 
1800 73 0 1 2 4 5 8 9 10 
1800 74 0 2 4 
1800 75 0 1 2 7 8 9 11 
1800 76 16 0 4 14 7 
1800 77 0 1 2 8 
1800 78 0 4 7 
1800 79 0 1 2 4 5 8 9 11 
1800 80 11 13 22 
1800 81 0 8 2 
1800 82 0 1 2 4 7 9 10 14 16 18 21 
1800 83 0 9 2 
1800 85 0 16 7 
1800 86 0 2 5 
1800 87 0 17 2 
1800 88 0 3 4 7 9 15 
1800 89 0 1 2 4 5 7 8 9 11 
1800 90 0 1 2 4 6 7 8 9 10 11 14 19 
1800 91 0 1 2 4 5 7 8 9 11 
1800 92 0 1 11 
1800 93 0 1 2 4 5 8 9 24 
1800 94 0 1 2 5 7 14 17 18 
1800 95 0 1 4 5 6 7 8 10 
1800 96 0 1 2 4 5 6 7 14 19 
1800 97 24 0 18 5 8 
1800 98 0 1 4 5 6 7 8 21 
1800 99 0 1 2 4 6 7 8 9 10 11 14 19 
1800 100 0 1 2 4 7 11 14 
1800 102 0 1 2 5 
1800 103 0 9 2 
1800 104 0 1 4 5 6 7 8 10 
1800 105 0 1 4 7 8 9 15 26 
1800 106 0 2 
1800 107 0 1 2 5 7 14 17 18 
1800 109 0 2 4 5 6 7 
1800 110 0 1 4 
1800 111 0 1 2 4 5 7 8 9 10 13 14 16 18 25 
1800 112 0 1 4 5 7 8 13 14 16 17 18 
1800 113 0 1 4 5 7 14 16 
1800 114 0 1 2 4 6 7 8 9 10 14 18 19 
1800 115 0 1 2 4 5 6 7 17 21 
1800 116 0 1 2 4 5 
1800 117 0 1 2 5 7 8 
1800 118 0 3 4 7 9 15 
1800 119 0 1 5 
1800 120 0 16 2 
1800 121 0 9 7 
1800 122 0 1 2 8 
1800 123 0 1 2 8 
1800 124 0 1 20 23 
1800 125 0 1 2 5 8 9 11 
1800 126 0 2 4 5 6 10 
1800 127 0 2 15 
1800 128 0 2 6 8 9 18 
1800 129 0 17 6 16 7 
1800 130 0 16 7 
1800 131 0 1 2 4 5 7 8 9 10 14 17 18 
1800 132 0 1 4 5 6 7 8 9 10 14 17 18 
1800 133 0 1 11 
1800 134 0 1 10 2 
1800 136 0 1 2 5 7 14 17 18 
1800 137 0 3 4 7 9 15 
1800 138 0 1 5 
1800 139 0 1 2 4 5 6 7 8 9 10 14 17 19 21 
1800 140 0 9 7 
1800 141 11 13 18 21 24 28 
1800 142 2 4 21 
1800 143 16 1 10 21 
1800 144 16 17 2 21 1 
1800 145 3 7 
1800 146 2 3 
1800 147 10 3 
1800 148 3 4 5 
1800 149 3 6 
1800 150 10 3 
1800 151 1 3 
1800 152 26 3 
1800 153 3 15 
1800 154 3 5 
1800 155 3 15 
1800 157 3 12 
1800 158 8 3 
1800 159 18 3 
1800 160 1 3 
1800 161 1 3 
1800 162 3 20 
1800 163 2 3 
1800 164 1 3 
1800 166 0 3 
1800 167 25 3 
1800 168 1 3 
1800 169 3 15 
1800 170 1 3 
1800 171 3 4 
1800 173 3 11 
1800 174 3 15 
1800 175 3 13 
1800 177 3 5 
1800 178 2 3 6 
1800 179 0 3 
1800 180 0 3 
1800 181 0 3 
1800 183 3 7 
1800 184 1 3 
1800 185 8 3 
1800 186 3 15 
1800 188 1 3 
1800 189 16 3 5 
1800 190 1 3 
1800 191 3 5 
1800 192 1 3 
1800 193 3 6 
1800 194 3 6 
1800 195 2 3 
1800 196 3 11 
1800 197 9 3 
1800 198 3 6 
1800 199 1 3 
1800 200 2 3 4 
1800 201 8 3 
1800 202 2 3 
1800 203 2 3 4 
1800 204 3 6 
1800 205 3 14 
1800 206 3 1 27 15 
1800 208 3 11 
1800 209 3 4 
1800 210 3 4 5 
1800 211 3 7 
1800 212 3 13 
1800 213 3 5 
1800 214 3 14 
1800 215 3 6 
1800 217 3 13 
1800 218 8 3 
1800 219 3 6 
1800 220 9 3 
1800 221 3 4 15 
1800 222 16 10 3 4 
1800 223 17 3 4 13 7 
1800 224 1 3 
1800 225 0 3 
1800 226 18 3 7 
1800 227 3 4 
1800 228 1 3 
1800 229 24 3 
1800 230 24 18 15 
1800 231 26 20 15 
1800 232 26 20 15 
1800 233 11 15 
1800 234 9 26 15 
1800 235 11 1 27 13 15 
1800 236 9 6 15 
1800 238 11 15 
1800 241 9 6 15 
1800 243 16 5 6 
1800 244 8 16 1 
1800 245 16 2 5 6 7 
1800 246 16 5 6 
1800 247 16 9 4 5 6 
1800 248 20 6 23 
1800 249 20 23 
1800 250 11 20 13 23 
1800 251 24 7 20 23 
1800 252 10 20 6 23 
1800 253 9 10 4 2 14 
1800 254 19 14 7 
1800 255 1 6 10 11 13 19 22 
1800 256 1 10 19 5 
1800 257 1 19 5 
1800 258 2 11 13 22 5 
1800 259 10 11 13 22 
1800 260 10 22 
1800 261 1 5 10 11 13 22 
1800 262 8 10 2 
1800 263 8 2 6 
1800 264 8 1 10 
1800 266 8 1 10 
1800 267 8 1 2 
1800 268 2 4 5 8 10 13 
1800 269 8 2 6 
1800 271 9 11 13 
1800 272 9 26 20 13 
1800 273 9 2 1 
1800 274 1 11 5 
1800 275 2 11 13 
1800 276 11 13 
1800 277 11 4 13 
1800 278 11 13 
1800 279 11 13 
1800 280 11 13 
1800 281 1 4 5 10 11 13 
1800 282 11 13 6 
1800 284 1 4 5 6 
1800 286 1 6 
1800 288 10 6 7 
1800 289 1 6 
1800 290 1 10 5 6 7 
1800 291 1 10 4 6 
1800 293 1 10 6 
1800 294 10 4 5 6 
1800 295 5 6 7 
1800 296 1 2 
1800 297 1 5 7 
1800 298 10 5 7 
1800 299 10 4 5 
2700 0 1 2 4 7 12 14 17 
2700 1 13 6 
2700 2 0 1 5 
2700 3 4 5 
2700 4 0 1 5 6 7 10 21 
2700 5 0 1 2 19 
2700 6 
2700 7 0 8 2 12 6 
2700 8 10 3 
2700 9 0 1 5 6 7 14 17 
2700 10 1 7 
2700 11 8 13 
2700 12 17 6 
2700 13 
2700 14 10 5 
2700 15 3 11 13 
2700 16 
2700 17 
2700 18 1 10 21 6 
2700 19 
2700 20 14 23 
2700 21 
2700 22 
2700 23 11 13 
2700 24 0 5 
2700 25 1 2 4 22 
2700 26 
2700 27 0 15 
2700 28 1 15 
2700 29 0 1 4 6 8 12 16 20 25 
2700 30 0 2 19 12 
2700 31 0 1 2 12 6 
2700 32 0 20 12 8 1 
2700 34 0 2 6 8 9 12 21 
2700 35 0 1 2 12 6 
2700 36 3 4 
2700 37 0 2 12 
2700 38 2 12 6 
2700 41 1 5 15 
2700 42 0 1 4 11 12 13 21 
2700 43 0 2 12 
2700 44 0 2 12 5 
2700 45 0 1 2 4 6 8 9 12 
2700 46 0 1 4 6 8 12 16 20 25 
2700 47 0 2 12 6 
2700 48 0 2 6 8 9 12 21 
2700 49 0 2 6 8 9 12 21 
2700 50 3 4 
2700 53 0 2 12 
2700 54 0 2 12 7 
2700 55 0 2 5 8 10 12 
2700 56 0 4 2 12 
2700 57 1 2 
2700 58 0 4 2 12 7 
2700 59 0 1 2 12 6 
2700 60 0 1 2 6 7 12 16 19 
2700 61 0 4 2 3 12 
2700 62 1 5 15 
2700 63 0 4 2 12 
2700 64 0 1 2 4 6 9 19 
2700 65 0 9 7 1 15 
2700 67 0 1 2 4 5 
2700 68 0 1 2 4 5 8 9 11 
2700 69 0 1 2 4 5 6 8 10 24 
2700 70 0 1 2 5 6 7 14 17 19 21 
2700 71 0 1 4 7 8 9 10 11 14 16 25 
2700 72 0 3 5 
2700 73 0 1 2 4 5 8 9 10 
2700 74 0 2 4 
2700 75 0 1 2 7 8 9 11 
2700 76 16 0 4 14 7 
2700 77 0 1 2 8 
2700 78 0 4 7 
2700 79 0 1 2 4 5 8 9 11 
2700 80 11 13 22 
2700 81 0 8 2 
2700 82 0 1 2 4 7 9 10 14 16 18 21 
2700 83 0 9 2 
2700 85 0 16 7 
2700 86 0 2 5 
2700 87 0 17 2 
2700 88 0 3 4 7 9 15 
2700 89 0 1 2 4 5 7 8 9 11 
2700 90 0 1 2 4 6 7 8 9 10 11 14 19 
2700 91 0 1 2 4 5 7 8 9 11 
2700 92 0 1 11 
2700 93 0 1 2 4 5 8 9 24 
2700 94 0 1 2 5 7 14 17 18 
2700 95 0 1 4 5 6 7 8 10 
2700 97 24 0 18 5 8 
2700 98 0 1 4 5 6 7 8 21 
2700 99 0 1 2 4 6 7 8 9 10 11 14 19 
2700 100 0 1 2 4 7 11 14 
2700 102 0 1 2 5 
2700 103 0 9 2 
2700 104 0 1 4 5 6 7 8 10 
2700 105 0 1 4 7 8 9 15 26 
2700 106 0 2 
2700 107 0 1 2 5 7 14 17 18 
2700 109 0 2 4 5 6 7 
2700 110 0 1 4 
2700 111 0 1 2 4 5 7 8 9 10 13 14 16 18 25 
2700 112 0 1 4 5 7 8 13 14 16 17 18 
2700 113 0 1 4 5 7 14 16 
2700 115 0 1 2 4 5 6 7 17 21 
2700 116 0 1 2 4 5 
2700 117 0 1 2 5 7 8 
2700 118 0 3 4 7 9 15 
2700 119 0 1 5 
2700 121 0 9 7 
2700 122 0 1 2 8 
2700 123 0 1 2 8 
2700 124 0 1 20 23 
2700 125 0 1 2 5 8 9 11 
2700 127 0 2 15 
2700 129 0 17 6 16 7 
2700 130 0 16 7 
2700 131 0 1 2 4 5 7 8 9 10 14 17 18 
2700 133 0 1 11 
2700 134 0 1 10 2 
2700 136 0 1 2 5 7 14 17 18 
2700 137 0 3 4 7 9 15 
2700 138 0 1 5 
2700 139 0 1 2 4 5 6 7 8 9 10 14 17 19 21 
2700 140 0 9 7 
2700 141 11 13 18 21 24 28 
2700 142 2 4 21 
2700 143 16 1 10 21 
2700 145 3 7 
2700 146 2 3 
2700 147 10 3 
2700 148 3 4 5 
2700 149 3 6 
2700 150 10 3 
2700 151 1 3 
2700 152 26 3 
2700 153 3 15 
2700 154 3 5 
2700 155 3 15 
2700 157 3 12 
2700 158 8 3 
2700 159 18 3 
2700 160 1 3 
2700 161 1 3 
2700 162 3 20 
2700 163 2 3 
2700 164 1 3 
2700 166 0 3 
2700 167 25 3 
2700 168 1 3 
2700 169 3 15 
2700 170 1 3 
2700 171 3 4 
2700 173 3 11 
2700 174 3 15 
2700 175 3 13 
2700 177 3 5 
2700 178 2 3 6 
2700 179 0 3 
2700 180 0 3 
2700 181 0 3 
2700 183 3 7 
2700 184 1 3 
2700 185 8 3 
2700 186 3 15 
2700 189 16 3 5 
2700 190 1 3 
2700 191 3 5 
2700 192 1 3 
2700 193 3 6 
2700 194 3 6 
2700 195 2 3 
2700 196 3 11 
2700 197 9 3 
2700 198 3 6 
2700 199 1 3 
2700 200 2 3 4 
2700 201 8 3 
2700 202 2 3 
2700 204 3 6 
2700 205 3 14 
2700 206 3 1 27 15 
2700 208 3 11 
2700 209 3 4 
2700 210 3 4 5 
2700 211 3 7 
2700 212 3 13 
2700 213 3 5 
2700 214 3 14 
2700 215 3 6 
2700 217 3 13 
2700 218 8 3 
2700 219 3 6 
2700 220 9 3 
2700 221 3 4 15 
2700 222 16 10 3 4 
2700 223 17 3 4 13 7 
2700 224 1 3 
2700 225 0 3 
2700 227 3 4 
2700 228 1 3 
2700 229 24 3 
2700 230 24 18 15 
2700 231 26 20 15 
2700 232 26 20 15 
2700 233 11 15 
2700 234 9 26 15 
2700 235 11 1 27 13 15 
2700 236 9 6 15 
2700 238 11 15 
2700 241 9 6 15 
2700 243 16 5 6 
2700 244 8 16 1 
2700 245 16 2 5 6 7 
2700 246 16 5 6 
2700 247 16 9 4 5 6 
2700 248 20 6 23 
2700 249 20 23 
2700 250 11 20 13 23 
2700 251 24 7 20 23 
2700 252 10 20 6 23 
2700 253 9 10 4 2 14 
2700 254 19 14 7 
2700 255 1 6 10 11 13 19 22 
2700 256 1 10 19 5 
2700 257 1 19 5 
2700 258 2 11 13 22 5 
2700 259 10 11 13 22 
2700 260 10 22 
2700 261 1 5 10 11 13 22 
2700 262 8 10 2 
2700 263 8 2 6 
2700 264 8 1 10 
2700 266 8 1 10 
2700 267 8 1 2 
2700 268 2 4 5 8 10 13 
2700 269 8 2 6 
2700 271 9 11 13 
2700 272 9 26 20 13 
2700 273 9 2 1 
2700 274 1 11 5 
2700 275 2 11 13 
2700 276 11 13 
2700 277 11 4 13 
2700 278 11 13 
2700 279 11 13 
2700 280 11 13 
2700 281 1 4 5 10 11 13 
2700 282 11 13 6 
2700 284 1 4 5 6 
2700 286 1 6 
2700 288 10 6 7 
2700 289 1 6 
2700 290 1 10 5 6 7 
2700 291 1 10 4 6 
2700 293 1 10 6 
2700 294 10 4 5 6 
2700 296 1 2 
2700 297 1 5 7 
2700 298 10 5 7 
2700 299 10 4 5 
3600 0 1 2 4 7 12 14 17 
3600 1 13 6 
3600 2 0 1 5 
3600 3 4 5 
3600 4 0 1 5 6 7 10 21 
3600 5 0 1 2 19 
3600 6 
3600 7 0 8 2 12 6 
3600 8 10 3 
3600 9 0 1 5 6 7 14 17 
3600 10 1 7 
3600 11 8 13 
3600 12 17 6 
3600 13 
3600 14 10 5 
3600 15 3 11 13 
3600 16 
3600 17 
3600 18 1 10 21 6 
3600 19 
3600 20 14 23 
3600 21 
3600 22 
3600 23 11 13 
3600 24 0 5 
3600 25 1 2 4 22 
3600 26 
3600 27 0 15 
3600 28 1 15 
3600 29 0 1 4 6 8 12 16 20 25 
3600 30 0 2 19 12 
3600 31 0 1 2 12 6 
3600 32 0 20 12 8 1 
3600 34 0 2 6 8 9 12 21 
3600 35 0 1 2 12 6 
3600 36 3 4 
3600 37 0 2 12 
3600 38 2 12 6 
3600 41 1 5 15 
3600 42 0 1 4 11 12 13 21 
3600 43 0 2 12 
3600 44 0 2 12 5 
3600 45 0 1 2 4 6 8 9 12 
3600 46 0 1 4 6 8 12 16 20 25 
3600 47 0 2 12 6 
3600 48 0 2 6 8 9 12 21 
3600 49 0 2 6 8 9 12 21 
3600 50 3 4 
3600 53 0 2 12 
3600 55 0 2 5 8 10 12 
3600 56 0 4 2 12 
3600 57 1 2 
3600 60 0 1 2 6 7 12 16 19 
3600 61 0 4 2 3 12 
3600 62 1 5 15 
3600 63 0 4 2 12 
3600 64 0 1 2 4 6 9 19 
3600 65 0 9 7 1 15 
3600 67 0 1 2 4 5 
3600 68 0 1 2 4 5 8 9 11 
3600 69 0 1 2 4 5 6 8 10 24 
3600 70 0 1 2 5 6 7 14 17 19 21 
3600 71 0 1 4 7 8 9 10 11 14 16 25 
3600 72 0 3 5 
3600 74 0 2 4 
3600 75 0 1 2 7 8 9 11 
3600 76 16 0 4 14 7 
3600 77 0 1 2 8 
3600 78 0 4 7 
3600 79 0 1 2 4 5 8 9 11 
3600 80 11 13 22 
3600 81 0 8 2 
3600 82 0 1 2 4 7 9 10 14 16 18 21 
3600 83 0 9 2 
3600 85 0 16 7 
3600 86 0 2 5 
3600 88 0 3 4 7 9 15 
3600 89 0 1 2 4 5 7 8 9 11 
3600 90 0 1 2 4 6 7 8 9 10 11 14 19 
3600 91 0 1 2 4 5 7 8 9 11 
3600 92 0 1 11 
3600 93 0 1 2 4 5 8 9 24 
3600 94 0 1 2 5 7 14 17 18 
3600 95 0 1 4 5 6 7 8 10 
3600 97 24 0 18 5 8 
3600 98 0 1 4 5 6 7 8 21 
3600 100 0 1 2 4 7 11 14 
3600 102 0 1 2 5 
3600 103 0 9 2 
3600 104 0 1 4 5 6 7 8 10 
3600 105 0 1 4 7 8 9 15 26 
3600 106 0 2 
3600 107 0 1 2 5 7 14 17 18 
3600 109 0 2 4 5 6 7 
3600 110 0 1 4 
3600 111 0 1 2 4 5 7 8 9 10 13 14 16 18 25 
3600 112 0 1 4 5 7 8 13 14 16 17 18 
3600 113 0 1 4 5 7 14 16 
3600 115 0 1 2 4 5 6 7 17 21 
3600 116 0 1 2 4 5 
3600 117 0 1 2 5 7 8 
3600 118 0 3 4 7 9 15 
3600 119 0 1 5 
3600 121 0 9 7 
3600 122 0 1 2 8 
3600 123 0 1 2 8 
3600 124 0 1 20 23 
3600 125 0 1 2 5 8 9 11 
3600 127 0 2 15 
3600 129 0 17 6 16 7 
3600 130 0 16 7 
3600 131 0 1 2 4 5 7 8 9 10 14 17 18 
3600 133 0 1 11 
3600 134 0 1 10 2 
3600 136 0 1 2 5 7 14 17 18 
3600 137 0 3 4 7 9 15 
3600 138 0 1 5 
3600 139 0 1 2 4 5 6 7 8 9 10 14 17 19 21 
3600 140 0 9 7 
3600 141 11 13 18 21 24 28 
3600 142 2 4 21 
3600 143 16 1 10 21 
3600 145 3 7 
3600 146 2 3 
3600 147 10 3 
3600 148 3 4 5 
3600 149 3 6 
3600 150 10 3 
3600 151 1 3 
3600 152 26 3 
3600 153 3 15 
3600 154 3 5 
3600 155 3 15 
3600 157 3 12 
3600 158 8 3 
3600 159 18 3 
3600 160 1 3 
3600 161 1 3 
3600 163 2 3 
3600 164 1 3 
3600 166 0 3 
3600 167 25 3 
3600 168 1 3 
3600 169 3 15 
3600 170 1 3 
3600 171 3 4 
3600 173 3 11 
3600 174 3 15 
3600 177 3 5 
3600 178 2 3 6 
3600 179 0 3 
3600 180 0 3 
3600 181 0 3 
3600 183 3 7 
3600 184 1 3 
3600 185 8 3 
3600 186 3 15 
3600 189 16 3 5 
3600 190 1 3 
3600 191 3 5 
3600 192 1 3 
3600 193 3 6 
3600 194 3 6 
3600 195 2 3 
3600 196 3 11 
3600 197 9 3 
3600 198 3 6 
3600 199 1 3 
3600 200 2 3 4 
3600 201 8 3 
3600 202 2 3 
3600 204 3 6 
3600 205 3 14 
3600 206 3 1 27 15 
3600 208 3 11 
3600 209 3 4 
3600 210 3 4 5 
3600 211 3 7 
3600 213 3 5 
3600 214 3 14 
3600 215 3 6 
3600 217 3 13 
3600 219 3 6 
3600 220 9 3 
3600 221 3 4 15 
3600 222 16 10 3 4 
3600 223 17 3 4 13 7 
3600 224 1 3 
3600 225 0 3 
3600 227 3 4 
3600 228 1 3 
3600 229 24 3 
3600 230 24 18 15 
3600 231 26 20 15 
3600 232 26 20 15 
3600 233 11 15 
3600 234 9 26 15 
3600 235 11 1 27 13 15 
3600 236 9 6 15 
3600 238 11 15 
3600 241 9 6 15 
3600 243 16 5 6 
3600 244 8 16 1 
3600 245 16 2 5 6 7 
3600 247 16 9 4 5 6 
3600 248 20 6 23 
3600 249 20 23 
3600 250 11 20 13 23 
3600 251 24 7 20 23 
3600 252 10 20 6 23 
3600 253 9 10 4 2 14 
3600 254 19 14 7 
3600 255 1 6 10 11 13 19 22 
3600 256 1 10 19 5 
3600 257 1 19 5 
3600 258 2 11 13 22 5 
3600 259 10 11 13 22 
3600 260 10 22 
3600 261 1 5 10 11 13 22 
3600 262 8 10 2 
3600 263 8 2 6 
3600 264 8 1 10 
3600 266 8 1 10 
3600 267 8 1 2 
3600 268 2 4 5 8 10 13 
3600 269 8 2 6 
3600 271 9 11 13 
3600 272 9 26 20 13 
3600 273 9 2 1 
3600 274 1 11 5 
3600 275 2 11 13 
3600 276 11 13 
3600 277 11 4 13 
3600 278 11 13 
3600 279 11 13 
3600 280 11 13 
3600 281 1 4 5 10 11 13 
3600 282 11 13 6 
3600 286 1 6 
3600 288 10 6 7 
3600 289 1 6 
3600 290 1 10 5 6 7 
3600 291 1 10 4 6 
3600 293 1 10 6 
3600 294 10 4 5 6 
3600 296 1 2 
3600 297 1 5 7 
3600 299 10 4 5 
4500 0 1 2 4 7 12 14 17 
4500 1 13 6 
4500 2 0 1 5 
4500 3 4 5 
4500 4 0 1 5 6 7 10 21 
4500 5 0 1 2 19 
4500 6 
4500 7 0 8 2 12 6 
4500 8 10 3 
4500 9 0 1 5 6 7 14 17 
4500 10 1 7 
4500 11 8 13 
4500 12 17 6 
4500 13 
4500 14 10 5 
4500 15 3 11 13 
4500 16 
4500 17 
4500 18 1 10 21 6 
4500 19 
4500 20 14 23 
4500 21 
4500 22 
4500 23 11 13 
4500 24 0 5 
4500 25 1 2 4 22 
4500 26 
4500 27 0 15 
4500 28 1 15 
4500 29 0 1 4 6 8 12 16 20 25 
4500 30 0 2 19 12 
4500 31 0 1 2 12 6 
4500 32 0 20 12 8 1 
4500 34 0 2 6 8 9 12 21 
4500 35 0 1 2 12 6 
4500 36 3 4 
4500 37 0 2 12 
4500 38 2 12 6 
4500 41 1 5 15 
4500 42 0 1 4 11 12 13 21 
4500 43 0 2 12 
4500 44 0 2 12 5 
4500 45 0 1 2 4 6 8 9 12 
4500 46 0 1 4 6 8 12 16 20 25 
4500 47 0 2 12 6 
4500 48 0 2 6 8 9 12 21 
4500 49 0 2 6 8 9 12 21 
4500 50 3 4 
4500 53 0 2 12 
4500 55 0 2 5 8 10 12 
4500 56 0 4 2 12 
4500 57 1 2 
4500 60 0 1 2 6 7 12 16 19 
4500 61 0 4 2 3 12 
4500 62 1 5 15 
4500 63 0 4 2 12 
4500 64 0 1 2 4 6 9 19 
4500 65 0 9 7 1 15 
4500 67 0 1 2 4 5 
4500 68 0 1 2 4 5 8 9 11 
4500 69 0 1 2 4 5 6 8 10 24 
4500 70 0 1 2 5 6 7 14 17 19 21 
4500 71 0 1 4 7 8 9 10 11 14 16 25 
4500 72 0 3 5 
4500 74 0 2 4 
4500 75 0 1 2 7 8 9 11 
4500 76 16 0 4 14 7 
4500 77 0 1 2 8 
4500 78 0 4 7 
4500 79 0 1 2 4 5 8 9 11 
4500 80 11 13 22 
4500 81 0 8 2 
4500 82 0 1 2 4 7 9 10 14 16 18 21 
4500 83 0 9 2 
4500 85 0 16 7 
4500 86 0 2 5 
4500 88 0 3 4 7 9 15 
4500 89 0 1 2 4 5 7 8 9 11 
4500 90 0 1 2 4 6 7 8 9 10 11 14 19 
4500 93 0 1 2 4 5 8 9 24 
4500 94 0 1 2 5 7 14 17 18 
4500 95 0 1 4 5 6 7 8 10 
4500 97 24 0 18 5 8 
4500 98 0 1 4 5 6 7 8 21 
4500 100 0 1 2 4 7 11 14 
4500 102 0 1 2 5 
4500 103 0 9 2 
4500 104 0 1 4 5 6 7 8 10 
4500 105 0 1 4 7 8 9 15 26 
4500 106 0 2 
4500 107 0 1 2 5 7 14 17 18 
4500 109 0 2 4 5 6 7 
4500 110 0 1 4 
4500 112 0 1 4 5 7 8 13 14 16 17 18 
4500 113 0 1 4 5 7 14 16 
4500 115 0 1 2 4 5 6 7 17 21 
4500 116 0 1 2 4 5 
4500 118 0 3 4 7 9 15 
4500 119 0 1 5 
4500 121 0 9 7 
4500 123 0 1 2 8 
4500 124 0 1 20 23 
4500 125 0 1 2 5 8 9 11 
4500 127 0 2 15 
4500 129 0 17 6 16 7 
4500 130 0 16 7 
4500 131 0 1 2 4 5 7 8 9 10 14 17 18 
4500 133 0 1 11 
4500 134 0 1 10 2 
4500 136 0 1 2 5 7 14 17 18 
4500 137 0 3 4 7 9 15 
4500 138 0 1 5 
4500 139 0 1 2 4 5 6 7 8 9 10 14 17 19 21 
4500 140 0 9 7 
4500 141 11 13 18 21 24 28 
4500 142 2 4 21 
4500 143 16 1 10 21 
4500 145 3 7 
4500 146 2 3 
4500 147 10 3 
4500 148 3 4 5 
4500 149 3 6 
4500 150 10 3 
4500 151 1 3 
4500 152 26 3 
4500 153 3 15 
4500 154 3 5 
4500 155 3 15 
4500 157 3 12 
4500 158 8 3 
4500 159 18 3 
4500 160 1 3 
4500 163 2 3 
4500 164 1 3 
4500 166 0 3 
4500 167 25 3 
4500 168 1 3 
4500 169 3 15 
4500 170 1 3 
4500 171 3 4 
4500 174 3 15 
4500 177 3 5 
4500 178 2 3 6 
4500 179 0 3 
4500 180 0 3 
4500 183 3 7 
4500 184 1 3 
4500 186 3 15 
4500 189 16 3 5 
4500 190 1 3 
4500 191 3 5 
4500 192 1 3 
4500 193 3 6 
4500 194 3 6 
4500 195 2 3 
4500 196 3 11 
4500 197 9 3 
4500 198 3 6 
4500 199 1 3 
4500 200 2 3 4 
4500 201 8 3 
4500 202 2 3 
4500 204 3 6 
4500 205 3 14 
4500 206 3 1 27 15 
4500 208 3 11 
4500 209 3 4 
4500 211 3 7 
4500 213 3 5 
4500 214 3 14 
4500 215 3 6 
4500 217 3 13 
4500 219 3 6 
4500 220 9 3 
4500 221 3 4 15 
4500 222 16 10 3 4 
4500 223 17 3 4 13 7 
4500 224 1 3 
4500 225 0 3 
4500 227 3 4 
4500 228 1 3 
4500 229 24 3 
4500 230 24 18 15 
4500 231 26 20 15 
4500 232 26 20 15 
4500 233 11 15 
4500 234 9 26 15 
4500 235 11 1 27 13 15 
4500 236 9 6 15 
4500 238 11 15 
4500 241 9 6 15 
4500 243 16 5 6 
4500 244 8 16 1 
4500 245 16 2 5 6 7 
4500 247 16 9 4 5 6 
4500 248 20 6 23 
4500 249 20 23 
4500 250 11 20 13 23 
4500 251 24 7 20 23 
4500 252 10 20 6 23 
4500 253 9 10 4 2 14 
4500 254 19 14 7 
4500 256 1 10 19 5 
4500 257 1 19 5 
4500 258 2 11 13 22 5 
4500 259 10 11 13 22 
4500 260 10 22 
4500 261 1 5 10 11 13 22 
4500 263 8 2 6 
4500 264 8 1 10 
4500 266 8 1 10 
4500 267 8 1 2 
4500 268 2 4 5 8 10 13 
4500 269 8 2 6 
4500 271 9 11 13 
4500 273 9 2 1 
4500 274 1 11 5 
4500 275 2 11 13 
4500 276 11 13 
4500 277 11 4 13 
4500 278 11 13 
4500 279 11 13 
4500 280 11 13 
4500 281 1 4 5 10 11 13 
4500 282 11 13 6 
4500 286 1 6 
4500 288 10 6 7 
4500 289 1 6 
4500 290 1 10 5 6 7 
4500 291 1 10 4 6 
4500 293 1 10 6 
4500 294 10 4 5 6 
4500 296 1 2 
4500 297 1 5 7 
4500 299 10 4 5 
5400 0 1 2 4 7 12 14 17 
5400 1 13 6 
5400 2 0 1 5 
5400 3 4 5 
5400 4 0 1 5 6 7 10 21 
5400 5 0 1 2 19 
5400 6 
5400 7 0 8 2 12 6 
5400 8 10 3 
5400 9 0 1 5 6 7 14 17 
5400 10 1 7 
5400 11 8 13 
5400 12 17 6 
5400 13 
5400 14 10 5 
5400 15 3 11 13 
5400 16 
5400 17 
5400 18 1 10 21 6 
5400 19 
5400 20 14 23 
5400 21 
5400 22 
5400 23 11 13 
5400 24 0 5 
5400 25 1 2 4 22 
5400 26 
5400 27 0 15 
5400 28 1 15 
5400 29 0 1 4 6 8 12 16 20 25 
5400 30 0 2 19 12 
5400 31 0 1 2 12 6 
5400 34 0 2 6 8 9 12 21 
5400 36 3 4 
5400 37 0 2 12 
5400 38 2 12 6 
5400 41 1 5 15 
5400 42 0 1 4 11 12 13 21 
5400 43 0 2 12 
5400 44 0 2 12 5 
5400 45 0 1 2 4 6 8 9 12 
5400 46 0 1 4 6 8 12 16 20 25 
5400 47 0 2 12 6 
5400 48 0 2 6 8 9 12 21 
5400 49 0 2 6 8 9 12 21 
5400 50 3 4 
5400 53 0 2 12 
5400 55 0 2 5 8 10 12 
5400 56 0 4 2 12 
5400 57 1 2 
5400 60 0 1 2 6 7 12 16 19 
5400 61 0 4 2 3 12 
5400 62 1 5 15 
5400 63 0 4 2 12 
5400 64 0 1 2 4 6 9 19 
5400 65 0 9 7 1 15 
5400 67 0 1 2 4 5 
5400 68 0 1 2 4 5 8 9 11 
5400 69 0 1 2 4 5 6 8 10 24 
5400 70 0 1 2 5 6 7 14 17 19 21 
5400 71 0 1 4 7 8 9 10 11 14 16 25 
5400 72 0 3 5 
5400 76 16 0 4 14 7 
5400 77 0 1 2 8 
5400 78 0 4 7 
5400 79 0 1 2 4 5 8 9 11 
5400 80 11 13 22 
5400 81 0 8 2 
5400 82 0 1 2 4 7 9 10 14 16 18 21 
5400 85 0 16 7 
5400 86 0 2 5 
5400 88 0 3 4 7 9 15 
5400 89 0 1 2 4 5 7 8 9 11 
5400 90 0 1 2 4 6 7 8 9 10 11 14 19 
5400 93 0 1 2 4 5 8 9 24 
5400 94 0 1 2 5 7 14 17 18 
5400 95 0 1 4 5 6 7 8 10 
5400 97 24 0 18 5 8 
5400 98 0 1 4 5 6 7 8 21 
5400 100 0 1 2 4 7 11 14 
5400 102 0 1 2 5 
5400 103 0 9 2 
5400 104 0 1 4 5 6 7 8 10 
5400 106 0 2 
5400 109 0 2 4 5 6 7 
5400 110 0 1 4 
5400 112 0 1 4 5 7 8 13 14 16 17 18 
5400 113 0 1 4 5 7 14 16 
5400 115 0 1 2 4 5 6 7 17 21 
5400 116 0 1 2 4 5 
5400 118 0 3 4 7 9 15 
5400 119 0 1 5 
5400 121 0 9 7 
5400 123 0 1 2 8 
5400 124 0 1 20 23 
5400 125 0 1 2 5 8 9 11 
5400 127 0 2 15 
5400 129 0 17 6 16 7 
5400 130 0 16 7 
5400 131 0 1 2 4 5 7 8 9 10 14 17 18 
5400 133 0 1 11 
5400 134 0 1 10 2 
5400 136 0 1 2 5 7 14 17 18 
5400 137 0 3 4 7 9 15 
5400 138 0 1 5 
5400 139 0 1 2 4 5 6 7 8 9 10 14 17 19 21 
5400 140 0 9 7 
5400 141 11 13 18 21 24 28 
5400 142 2 4 21 
5400 143 16 1 10 21 
5400 145 3 7 
5400 146 2 3 
5400 147 10 3 
5400 148 3 4 5 
5400 149 3 6 
5400 150 10 3 
5400 151 1 3 
5400 152 26 3 
5400 153 3 15 
5400 154 3 5 
5400 155 3 15 
5400 157 3 12 
5400 158 8 3 
5400 160 1 3 
5400 163 2 3 
5400 164 1 3 
5400 166 0 3 
5400 167 25 3 
5400 168 1 3 
5400 169 3 15 
5400 170 1 3 
5400 171 3 4 
5400 174 3 15 
5400 177 3 5 
5400 178 2 3 6 
5400 180 0 3 
5400 183 3 7 
5400 184 1 3 
5400 186 3 15 
5400 189 16 3 5 
5400 190 1 3 
5400 191 3 5 
5400 192 1 3 
5400 193 3 6 
5400 194 3 6 
5400 195 2 3 
5400 196 3 11 
5400 197 9 3 
5400 198 3 6 
5400 199 1 3 
5400 200 2 3 4 
5400 201 8 3 
5400 202 2 3 
5400 204 3 6 
5400 206 3 1 27 15 
5400 208 3 11 
5400 209 3 4 
5400 211 3 7 
5400 213 3 5 
5400 214 3 14 
5400 215 3 6 
5400 217 3 13 
5400 219 3 6 
5400 220 9 3 
5400 221 3 4 15 
5400 222 16 10 3 4 
5400 223 17 3 4 13 7 
5400 224 1 3 
5400 225 0 3 
5400 227 3 4 
5400 228 1 3 
5400 229 24 3 
5400 230 24 18 15 
5400 231 26 20 15 
5400 233 11 15 
5400 234 9 26 15 
5400 235 11 1 27 13 15 
5400 236 9 6 15 
5400 238 11 15 
5400 241 9 6 15 
5400 243 16 5 6 
5400 244 8 16 1 
5400 245 16 2 5 6 7 
5400 247 16 9 4 5 6 
5400 248 20 6 23 
5400 249 20 23 
5400 250 11 20 13 23 
5400 251 24 7 20 23 
5400 253 9 10 4 2 14 
5400 254 19 14 7 
5400 256 1 10 19 5 
5400 257 1 19 5 
5400 258 2 11 13 22 5 
5400 260 10 22 
5400 261 1 5 10 11 13 22 
5400 263 8 2 6 
5400 264 8 1 10 
5400 266 8 1 10 
5400 267 8 1 2 
5400 268 2 4 5 8 10 13 
5400 269 8 2 6 
5400 271 9 11 13 
5400 273 9 2 1 
5400 274 1 11 5 
5400 275 2 11 13 
5400 276 11 13 
5400 277 11 4 13 
5400 278 11 13 
5400 279 11 13 
5400 280 11 13 
5400 281 1 4 5 10 11 13 
5400 282 11 13 6 
5400 286 1 6 
5400 288 10 6 7 
5400 289 1 6 
5400 290 1 10 5 6 7 
5400 291 1 10 4 6 
5400 293 1 10 6 
5400 294 10 4 5 6 
5400 296 1 2 
5400 297 1 5 7 
5400 299 10 4 5 
6300 0 1 2 4 7 12 14 17 
6300 1 13 6 
6300 2 0 1 5 
6300 3 4 5 
6300 4 0 1 5 6 7 10 21 
6300 5 0 1 2 19 
6300 6 
6300 7 0 8 2 12 6 
6300 8 10 3 
6300 9 0 1 5 6 7 14 17 
6300 10 1 7 
6300 11 8 13 
6300 12 17 6 
6300 13 
6300 14 10 5 
6300 15 3 11 13 
6300 16 
6300 17 
6300 18 1 10 21 6 
6300 19 
6300 20 14 23 
6300 21 
6300 22 
6300 23 11 13 
6300 24 0 5 
6300 25 1 2 4 22 
6300 26 
6300 27 0 15 
6300 28 1 15 
6300 29 0 1 4 6 8 12 16 20 25 
6300 30 0 2 19 12 
6300 34 0 2 6 8 9 12 21 
6300 37 0 2 12 
6300 38 2 12 6 
6300 41 1 5 15 
6300 42 0 1 4 11 12 13 21 
6300 43 0 2 12 
6300 44 0 2 12 5 
6300 45 0 1 2 4 6 8 9 12 
6300 46 0 1 4 6 8 12 16 20 25 
6300 47 0 2 12 6 
6300 49 0 2 6 8 9 12 21 
6300 50 3 4 
6300 53 0 2 12 
6300 55 0 2 5 8 10 12 
6300 56 0 4 2 12 
6300 57 1 2 
6300 60 0 1 2 6 7 12 16 19 
6300 61 0 4 2 3 12 
6300 62 1 5 15 
6300 63 0 4 2 12 
6300 64 0 1 2 4 6 9 19 
6300 65 0 9 7 1 15 
6300 67 0 1 2 4 5 
6300 68 0 1 2 4 5 8 9 11 
6300 69 0 1 2 4 5 6 8 10 24 
6300 70 0 1 2 5 6 7 14 17 19 21 
6300 71 0 1 4 7 8 9 10 11 14 16 25 
6300 72 0 3 5 
6300 76 16 0 4 14 7 
6300 77 0 1 2 8 
6300 78 0 4 7 
6300 79 0 1 2 4 5 8 9 11 
6300 80 11 13 22 
6300 81 0 8 2 
6300 82 0 1 2 4 7 9 10 14 16 18 21 
6300 85 0 16 7 
6300 86 0 2 5 
6300 88 0 3 4 7 9 15 
6300 89 0 1 2 4 5 7 8 9 11 
6300 90 0 1 2 4 6 7 8 9 10 11 14 19 
6300 93 0 1 2 4 5 8 9 24 
6300 94 0 1 2 5 7 14 17 18 
6300 97 24 0 18 5 8 
6300 98 0 1 4 5 6 7 8 21 
6300 100 0 1 2 4 7 11 14 
6300 102 0 1 2 5 
6300 103 0 9 2 
6300 104 0 1 4 5 6 7 8 10 
6300 106 0 2 
6300 109 0 2 4 5 6 7 
6300 110 0 1 4 
6300 112 0 1 4 5 7 8 13 14 16 17 18 
6300 113 0 1 4 5 7 14 16 
6300 115 0 1 2 4 5 6 7 17 21 
6300 116 0 1 2 4 5 
6300 118 0 3 4 7 9 15 
6300 121 0 9 7 
6300 123 0 1 2 8 
6300 124 0 1 20 23 
6300 125 0 1 2 5 8 9 11 
6300 127 0 2 15 
6300 129 0 17 6 16 7 
6300 130 0 16 7 
6300 131 0 1 2 4 5 7 8 9 10 14 17 18 
6300 133 0 1 11 
6300 134 0 1 10 2 
6300 136 0 1 2 5 7 14 17 18 
6300 137 0 3 4 7 9 15 
6300 138 0 1 5 
6300 139 0 1 2 4 5 6 7 8 9 10 14 17 19 21 
6300 140 0 9 7 
6300 141 11 13 18 21 24 28 
6300 142 2 4 21 
6300 143 16 1 10 21 
6300 145 3 7 
6300 146 2 3 
6300 147 10 3 
6300 148 3 4 5 
6300 149 3 6 
6300 150 10 3 
6300 151 1 3 
6300 152 26 3 
6300 153 3 15 
6300 154 3 5 
6300 155 3 15 
6300 157 3 12 
6300 158 8 3 
6300 160 1 3 
6300 163 2 3 
6300 164 1 3 
6300 166 0 3 
6300 167 25 3 
6300 168 1 3 
6300 169 3 15 
6300 170 1 3 
6300 171 3 4 
6300 174 3 15 
6300 177 3 5 
6300 178 2 3 6 
6300 180 0 3 
6300 183 3 7 
6300 184 1 3 
6300 186 3 15 
6300 189 16 3 5 
6300 190 1 3 
6300 191 3 5 
6300 192 1 3 
6300 193 3 6 
6300 194 3 6 
6300 195 2 3 
6300 196 3 11 
6300 197 9 3 
6300 198 3 6 
6300 199 1 3 
6300 201 8 3 
6300 202 2 3 
6300 208 3 11 
6300 209 3 4 
6300 211 3 7 
6300 213 3 5 
6300 214 3 14 
6300 215 3 6 
6300 217 3 13 
6300 219 3 6 
6300 220 9 3 
6300 221 3 4 15 
6300 223 17 3 4 13 7 
6300 224 1 3 
6300 225 0 3 
6300 227 3 4 
6300 228 1 3 
6300 229 24 3 
6300 231 26 20 15 
6300 233 11 15 
6300 234 9 26 15 
6300 235 11 1 27 13 15 
6300 236 9 6 15 
6300 238 11 15 
6300 241 9 6 15 
6300 243 16 5 6 
6300 244 8 16 1 
6300 245 16 2 5 6 7 
6300 247 16 9 4 5 6 
6300 248 20 6 23 
6300 249 20 23 
6300 250 11 20 13 23 
6300 251 24 7 20 23 
6300 253 9 10 4 2 14 
6300 256 1 10 19 5 
6300 257 1 19 5 
6300 258 2 11 13 22 5 
6300 260 10 22 
6300 261 1 5 10 11 13 22 
6300 263 8 2 6 
6300 264 8 1 10 
6300 267 8 1 2 
6300 268 2 4 5 8 10 13 
6300 269 8 2 6 
6300 273 9 2 1 
6300 274 1 11 5 
6300 275 2 11 13 
6300 276 11 13 
6300 277 11 4 13 
6300 278 11 13 
6300 279 11 13 
6300 280 11 13 
6300 281 1 4 5 10 11 13 
6300 282 11 13 6 
6300 286 1 6 
6300 288 10 6 7 
6300 289 1 6 
6300 290 1 10 5 6 7 
6300 291 1 10 4 6 
6300 293 1 10 6 
6300 294 10 4 5 6 
6300 296 1 2 
6300 297 1 5 7 
6300 299 10 4 5 
7200 0 1 2 4 7 12 14 17 
7200 1 13 6 
7200 2 0 1 5 
7200 3 4 5 
7200 4 0 1 5 6 7 10 21 
7200 5 0 1 2 19 
7200 6 
7200 7 0 8 2 12 6 
7200 8 10 3 
7200 9 0 1 5 6 7 14 17 
7200 10 1 7 
7200 11 8 13 
7200 12 17 6 
7200 13 
7200 14 10 5 
7200 15 3 11 13 
7200 16 
7200 17 
7200 18 1 10 21 6 
7200 19 
7200 20 14 23 
7200 21 
7200 22 
7200 23 11 13 
7200 24 0 5 
7200 25 1 2 4 22 
7200 26 
7200 27 0 15 
7200 28 1 15 
7200 30 0 2 19 12 
7200 34 0 2 6 8 9 12 21 
7200 37 0 2 12 
7200 38 2 12 6 
7200 41 1 5 15 
7200 42 0 1 4 11 12 13 21 
7200 43 0 2 12 
7200 44 0 2 12 5 
7200 45 0 1 2 4 6 8 9 12 
7200 46 0 1 4 6 8 12 16 20 25 
7200 49 0 2 6 8 9 12 21 
7200 50 3 4 
7200 53 0 2 12 
7200 55 0 2 5 8 10 12 
7200 56 0 4 2 12 
7200 57 1 2 
7200 60 0 1 2 6 7 12 16 19 
7200 61 0 4 2 3 12 
7200 62 1 5 15 
7200 63 0 4 2 12 
7200 64 0 1 2 4 6 9 19 
7200 65 0 9 7 1 15 
7200 69 0 1 2 4 5 6 8 10 24 
7200 70 0 1 2 5 6 7 14 17 19 21 
7200 71 0 1 4 7 8 9 10 11 14 16 25 
7200 72 0 3 5 
7200 76 16 0 4 14 7 
7200 77 0 1 2 8 
7200 78 0 4 7 
7200 79 0 1 2 4 5 8 9 11 
7200 80 11 13 22 
7200 81 0 8 2 
7200 82 0 1 2 4 7 9 10 14 16 18 21 
7200 85 0 16 7 
7200 86 0 2 5 
7200 88 0 3 4 7 9 15 
7200 89 0 1 2 4 5 7 8 9 11 
7200 90 0 1 2 4 6 7 8 9 10 11 14 19 
7200 93 0 1 2 4 5 8 9 24 
7200 94 0 1 2 5 7 14 17 18 
7200 97 24 0 18 5 8 
7200 98 0 1 4 5 6 7 8 21 
7200 100 0 1 2 4 7 11 14 
7200 102 0 1 2 5 
7200 103 0 9 2 
7200 104 0 1 4 5 6 7 8 10 
7200 106 0 2 
7200 109 0 2 4 5 6 7 
7200 110 0 1 4 
7200 112 0 1 4 5 7 8 13 14 16 17 18 
7200 113 0 1 4 5 7 14 16 
7200 115 0 1 2 4 5 6 7 17 21 
7200 116 0 1 2 4 5 
7200 118 0 3 4 7 9 15 
7200 123 0 1 2 8 
7200 124 0 1 20 23 
7200 125 0 1 2 5 8 9 11 
7200 127 0 2 15 
7200 129 0 17 6 16 7 
7200 130 0 16 7 
7200 131 0 1 2 4 5 7 8 9 10 14 17 18 
7200 134 0 1 10 2 
7200 136 0 1 2 5 7 14 17 18 
7200 137 0 3 4 7 9 15 
7200 138 0 1 5 
7200 139 0 1 2 4 5 6 7 8 9 10 14 17 19 21 
7200 140 0 9 7 
7200 142 2 4 21 
7200 143 16 1 10 21 
7200 145 3 7 
7200 146 2 3 
7200 147 10 3 
7200 148 3 4 5 
7200 149 3 6 
7200 150 10 3 
7200 151 1 3 
7200 152 26 3 
7200 153 3 15 
7200 154 3 5 
7200 155 3 15 
7200 158 8 3 
7200 160 1 3 
7200 163 2 3 
7200 164 1 3 
7200 166 0 3 
7200 167 25 3 
7200 168 1 3 
7200 169 3 15 
7200 170 1 3 
7200 171 3 4 
7200 174 3 15 
7200 177 3 5 
7200 178 2 3 6 
7200 180 0 3 
7200 183 3 7 
7200 184 1 3 
7200 186 3 15 
7200 189 16 3 5 
7200 190 1 3 
7200 191 3 5 
7200 192 1 3 
7200 193 3 6 
7200 194 3 6 
7200 195 2 3 
7200 196 3 11 
7200 197 9 3 
7200 199 1 3 
7200 201 8 3 
7200 202 2 3 
7200 208 3 11 
7200 209 3 4 
7200 211 3 7 
7200 213 3 5 
7200 214 3 14 
7200 215 3 6 
7200 217 3 13 
7200 219 3 6 
7200 220 9 3 
7200 221 3 4 15 
7200 223 17 3 4 13 7 
7200 224 1 3 
7200 225 0 3 
7200 227 3 4 
7200 228 1 3 
7200 229 24 3 
7200 231 26 20 15 
7200 233 11 15 
7200 234 9 26 15 
7200 235 11 1 27 13 15 
7200 236 9 6 15 
7200 238 11 15 
7200 241 9 6 15 
7200 243 16 5 6 
7200 244 8 16 1 
7200 245 16 2 5 6 7 
7200 247 16 9 4 5 6 
7200 248 20 6 23 
7200 249 20 23 
7200 250 11 20 13 23 
7200 253 9 10 4 2 14 
7200 256 1 10 19 5 
7200 257 1 19 5 
7200 258 2 11 13 22 5 
7200 260 10 22 
7200 261 1 5 10 11 13 22 
7200 263 8 2 6 
7200 267 8 1 2 
7200 269 8 2 6 
7200 273 9 2 1 
7200 274 1 11 5 
7200 275 2 11 13 
7200 277 11 4 13 
7200 278 11 13 
7200 279 11 13 
7200 280 11 13 
7200 281 1 4 5 10 11 13 
7200 282 11 13 6 
7200 286 1 6 
7200 288 10 6 7 
7200 289 1 6 
7200 290 1 10 5 6 7 
7200 291 1 10 4 6 
7200 293 1 10 6 
7200 294 10 4 5 6 
7200 296 1 2 
7200 297 1 5 7 
7200 299 10 4 5 
