0 7200
0 0 192 6 110 246 
0 1 74 187 2 
0 2 192 67 6 174 
0 3 192 152 182 
0 4 74 
0 5 192 6 44 174 144 238 246 187 
0 6 187 
0 7 192 238 174 246 
0 8 152 25 246 
0 9 6 246 
0 10 74 
0 11 192 2 118 9 44 238 239 144 246 153 187 
0 12 192 294 44 238 174 144 85 118 30 
0 13 192 67 182 6 9 44 174 144 238 110 246 152 25 187 
0 14 74 
0 15 74 
0 16 238 187 44 182 30 
0 17 67 238 182 
0 18 74 182 174 
0 19 152 238 85 246 174 
0 20 74 
0 21 192 9 44 238 182 153 187 
0 22 74 
0 23 138 6 
0 24 192 30 246 77 
0 25 
0 26 152 187 44 
0 27 44 77 182 
0 28 74 
0 29 74 
0 30 25 174 
0 31 74 
0 32 74 
0 33 144 6 182 
0 34 144 182 174 
0 35 192 44 238 174 110 182 152 
0 36 152 192 187 44 77 
0 37 74 238 246 
0 38 74 
0 39 74 187 44 77 238 
0 40 192 187 246 
0 41 74 238 30 
0 42 192 238 44 182 246 
0 43 192 182 44 238 144 246 152 153 
0 44 192 9 238 182 25 187 30 
0 45 192 182 134 44 174 144 238 246 6 
0 46 192 67 182 9 44 110 174 246 25 187 
0 47 74 
0 48 192 6 9 44 238 144 85 118 152 153 187 
0 49 67 44 174 144 182 152 30 
0 50 74 44 246 
0 51 192 182 6 44 238 144 246 152 
0 52 44 238 182 
0 53 192 44 144 182 152 153 187 
0 54 74 
0 55 74 287 
0 56 192 110 246 
0 57 74 
0 58 153 77 
0 59 9 187 44 85 238 
0 60 74 
0 61 144 192 44 182 
0 62 74 77 
0 63 44 174 30 182 
0 64 9 187 110 
0 65 187 44 238 
0 66 192 153 259 77 239 
0 67 
0 68 192 182 44 238 144 246 152 153 
0 69 74 
0 70 153 138 44 239 
0 71 105 294 
0 72 44 182 30 
0 73 153 105 294 239 
0 74 246 
0 75 192 67 85 6 
0 76 144 44 182 
0 77 153 74 239 
0 78 74 
0 79 192 174 
0 80 74 238 30 
0 81 192 2 67 6 9 44 238 85 182 152 187 
0 82 192 238 6 174 
0 83 192 25 67 85 182 
0 84 74 
0 85 
0 86 192 182 74 44 246 30 
0 87 74 
0 88 152 44 182 
0 89 192 2 9 44 238 85 246 152 153 187 
0 90 74 
0 91 74 
0 92 74 
0 93 74 
0 94 153 77 239 
0 95 74 
0 96 74 
0 97 153 239 
0 98 74 
0 99 74 
0 100 153 77 
0 101 187 44 85 
0 102 44 182 246 
0 103 74 
0 104 74 77 
0 105 153 239 
0 106 74 
0 107 25 44 182 
0 108 74 44 77 238 152 187 
0 109 74 
0 110 
0 111 182 6 44 144 246 30 
0 112 153 239 
0 113 192 182 44 238 144 246 152 153 187 
0 114 192 6 9 44 174 144 238 110 182 152 153 187 
0 115 192 182 44 238 144 246 152 153 187 
0 116 182 6 238 239 144 246 
0 117 192 153 44 
0 118 192 138 238 182 
0 119 187 182 85 246 174 
0 120 74 
0 121 192 182 134 44 238 144 246 152 
0 122 152 153 239 
0 123 153 239 
0 124 144 182 174 
0 125 187 6 246 
0 126 192 2 182 9 44 246 25 187 
0 127 74 77 
0 128 85 246 174 
0 129 192 182 9 44 110 238 174 246 187 
0 130 144 192 44 294 30 
0 131 144 2 44 246 134 
0 132 74 
0 133 192 44 110 174 85 182 187 30 
0 134 246 
0 135 238 6 174 246 
0 136 238 74 44 182 30 
0 137 192 67 44 174 144 238 246 187 
0 138 
0 139 192 6 9 44 174 144 238 110 182 152 153 187 
0 140 74 
0 141 192 44 144 182 152 153 187 
0 142 74 
0 143 192 44 182 246 
0 144 74 6 
0 145 152 44 182 
0 146 152 77 174 
0 147 192 6 44 174 144 238 246 187 
0 148 2 77 134 
0 149 44 110 30 182 
0 150 74 
0 151 192 44 77 238 144 152 187 287 
0 152 192 9 44 174 246 25 187 
0 153 239 
0 154 192 77 
0 155 44 182 
0 156 153 138 6 239 
0 157 74 
0 158 192 44 174 30 182 
0 159 192 2 182 9 44 246 25 187 
0 160 74 
0 161 153 239 
0 162 74 
0 163 153 238 239 
0 164 74 
0 165 74 
0 166 192 187 174 
0 167 44 182 246 
0 168 182 44 238 174 246 187 
0 169 192 2 44 110 174 85 182 187 30 
0 170 192 30 246 77 
0 171 74 
0 172 192 174 
0 173 74 
0 174 
0 175 77 294 287 
0 176 74 
0 177 192 44 238 
0 178 192 44 174 144 238 182 152 30 
0 179 192 182 85 246 174 
0 180 192 294 44 238 174 144 85 118 30 
0 181 74 85 246 
0 182 192 44 246 
0 183 74 
0 184 67 44 174 144 182 152 30 
0 185 152 77 287 
0 186 192 2 182 6 9 44 238 239 144 85 246 152 187 118 
0 187 144 44 174 30 182 
0 188 74 
0 189 187 6 174 
0 190 192 2 9 44 238 239 144 85 246 25 187 
0 191 67 44 174 144 182 152 30 
0 192 174 
0 193 85 246 174 
0 194 192 9 44 238 85 246 187 
0 195 192 2 6 9 44 174 144 238 110 182 152 187 
0 196 192 153 259 77 239 
0 197 192 67 182 44 174 238 246 25 187 
0 198 192 238 44 182 246 
0 199 192 6 187 174 246 
0 200 174 30 182 
0 201 192 182 44 144 246 187 
0 202 144 192 6 
0 203 74 
0 204 74 
0 205 74 
0 206 74 44 77 238 152 187 
0 207 192 44 246 
0 208 44 85 182 
0 209 152 77 174 
0 210 152 187 44 
0 211 153 138 182 246 239 
0 212 105 174 294 
0 213 74 
0 214 144 192 44 182 
0 215 153 74 
0 216 192 6 138 110 239 174 153 
0 217 74 
0 218 74 
0 219 74 
0 220 77 287 
0 221 44 182 30 
0 222 144 192 44 182 
0 223 192 105 44 294 
0 224 144 192 182 
0 225 192 182 44 144 246 152 153 
0 226 192 182 
0 227 74 238 182 
0 228 192 238 174 246 
0 229 105 187 294 134 
0 230 74 
0 231 182 6 44 238 174 246 
0 232 74 238 182 
0 233 238 44 182 30 
0 234 144 192 85 
0 235 192 6 174 
0 236 105 6 174 294 
0 237 74 
0 238 192 67 6 44 174 246 187 
0 239 
0 240 192 182 30 
0 241 2 44 174 144 182 152 
0 242 74 
0 243 192 74 259 77 
0 244 74 
0 245 74 
0 246 192 44 182 110 
0 247 25 187 44 85 174 
0 248 192 44 174 30 182 
0 249 74 238 246 
0 250 187 44 85 
0 251 192 67 44 238 239 153 30 
0 252 192 6 238 239 246 153 
0 253 192 2 182 6 9 44 238 144 246 152 25 187 
0 254 153 174 239 
0 255 74 
0 256 192 6 138 239 246 153 
0 257 192 2 6 9 44 174 144 238 246 152 25 187 
0 258 238 44 182 30 
0 259 77 
0 260 74 
0 261 153 239 
0 262 187 174 246 
0 263 74 
0 264 74 
0 265 74 
0 266 192 153 44 
0 267 74 
0 268 74 
0 269 192 153 246 
0 270 192 44 174 30 182 
0 271 153 182 239 
0 272 192 44 6 182 
0 273 192 44 238 30 
0 274 77 294 287 
0 275 152 9 238 6 182 
0 276 187 44 182 30 
0 277 74 
0 278 152 239 294 287 
0 279 74 77 238 
0 280 44 182 30 
0 281 174 30 182 
0 282 238 74 85 6 
0 283 192 2 182 9 44 246 25 187 
0 284 25 74 187 238 239 
0 285 74 44 77 238 152 187 
0 286 74 
0 287 
0 288 74 
0 289 44 182 30 
0 290 144 192 6 
0 291 44 30 246 182 
0 292 238 6 246 
0 293 144 192 182 
0 294 105 
0 295 74 238 
0 296 6 182 174 
0 297 192 44 246 
0 298 2 67 134 239 153 154 
0 299 74 
900 0 192 6 110 246 
900 1 74 2 
900 2 192 67 6 174 
900 3 152 192 
900 4 74 
900 5 192 6 44 174 144 238 246 
900 6 
900 7 192 238 174 246 
900 8 152 25 246 
900 9 6 246 
900 10 74 
900 11 192 2 118 9 44 238 239 144 246 153 
900 12 192 294 44 238 174 144 85 118 30 
900 13 192 67 6 9 44 174 144 238 110 246 152 25 
900 14 74 
900 15 74 
900 16 44 238 30 
900 17 67 238 
900 18 74 174 
900 19 152 238 85 246 174 
900 20 74 
900 21 192 9 44 238 153 
900 22 74 
900 23 138 6 
900 24 192 30 246 77 
900 25 
900 26 152 44 
900 27 44 77 
900 28 74 
900 29 74 
900 30 25 174 
900 31 74 
900 32 74 
900 33 144 6 
900 34 144 174 
900 35 192 44 174 238 110 152 
900 36 152 192 44 77 
900 37 74 238 246 
900 38 74 
900 39 74 44 77 238 
900 41 74 238 30 
900 42 192 44 238 246 
900 43 192 44 238 144 246 152 153 
900 44 192 9 238 30 25 
900 45 192 134 6 44 174 144 238 246 
900 46 192 67 9 44 110 174 246 25 
900 47 74 
900 48 192 6 9 44 238 144 85 118 152 153 
900 49 67 44 174 144 152 30 
900 50 74 44 246 
900 53 144 152 44 192 153 
900 54 74 
900 55 74 287 
900 56 192 110 246 
900 57 74 
900 58 153 77 
900 59 9 44 85 238 
900 60 74 
900 61 144 192 44 
900 62 74 77 
900 63 44 174 30 
900 64 9 110 
900 65 44 238 
900 66 192 153 259 77 239 
900 67 
900 68 192 44 238 144 246 152 153 
900 69 74 
900 70 153 138 44 239 
900 71 105 294 
900 72 44 30 
900 73 153 105 294 239 
900 74 246 
900 75 192 67 85 6 
900 76 144 44 
900 77 153 74 239 
900 78 74 
900 79 192 174 
900 80 74 238 30 
900 81 192 2 67 6 9 44 238 85 152 
900 82 192 238 6 174 
900 83 192 25 67 85 
900 85 
900 86 192 74 44 30 246 
900 87 74 
900 88 152 44 
900 89 192 2 9 44 238 85 246 152 153 
900 90 74 
900 91 74 
900 92 74 
900 93 74 
900 94 153 77 239 
900 95 74 
900 96 74 
900 97 153 239 
900 98 74 
900 99 74 
900 100 153 77 
900 101 44 85 
900 102 44 246 
900 103 74 
900 104 74 77 
900 105 153 239 
900 106 74 
900 107 25 44 
900 108 152 74 44 77 238 
900 109 74 
900 110 
900 111 144 6 44 30 246 
900 112 153 239 
900 113 192 44 238 144 246 152 153 
900 114 192 6 9 44 174 144 238 110 152 153 
900 115 192 44 238 144 246 152 153 
900 116 144 238 6 246 239 
900 117 192 153 44 
900 118 192 138 238 
900 119 85 246 174 
900 120 74 
900 121 192 134 44 238 144 246 152 
900 122 152 153 239 
900 123 153 239 
900 124 144 174 
900 125 6 246 
900 126 192 2 9 44 246 25 
900 127 74 77 
900 128 85 246 174 
900 129 192 9 44 110 238 174 246 
900 130 144 192 44 294 30 
900 131 144 2 44 246 134 
900 132 74 
900 133 192 44 174 110 30 85 
900 134 246 
900 136 74 44 238 30 
900 137 192 67 44 174 144 238 246 
900 138 
900 139 192 6 9 44 174 144 238 110 152 153 
900 140 74 
900 141 144 152 44 192 153 
900 142 74 
900 143 192 44 246 
900 144 74 6 
900 145 152 44 
900 146 152 77 174 
900 147 192 6 44 174 144 238 246 
900 148 2 77 134 
900 149 44 110 30 
900 150 74 
900 151 192 44 77 238 144 152 287 
900 152 192 9 44 174 246 25 
900 153 239 
900 154 192 77 
900 155 44 
900 157 74 
900 158 192 44 174 30 
900 159 192 2 9 44 246 25 
900 160 74 
900 161 153 239 
900 162 74 
900 163 153 238 239 
900 164 74 
900 165 74 
900 166 192 174 
900 167 44 246 
900 168 238 44 174 246 
900 169 192 2 44 110 174 85 30 
900 170 192 30 246 77 
900 171 74 
900 172 192 174 
900 173 74 
900 174 
900 175 77 294 287 
900 176 74 
900 177 192 44 238 
900 178 192 44 174 144 238 152 30 
900 179 192 85 246 174 
900 180 192 294 44 238 174 144 85 118 30 
900 181 74 85 246 
900 183 74 
900 184 67 44 174 144 152 30 
900 185 152 77 287 
900 186 192 2 118 6 9 44 238 239 144 85 246 152 
900 188 74 
900 189 6 174 
900 190 192 2 9 44 238 239 144 85 246 25 
900 191 67 44 174 144 152 30 
900 192 174 
900 193 85 246 174 
900 194 192 9 44 238 85 246 
900 195 192 2 6 9 44 174 144 238 110 152 
900 196 192 153 259 77 239 
900 197 192 67 44 174 238 246 25 
900 198 192 44 238 246 
900 199 192 6 174 246 
900 200 174 30 
900 201 144 192 44 246 
900 202 144 192 6 
900 203 74 
900 204 74 
900 205 74 
900 206 152 74 44 77 238 
900 208 44 85 
900 209 152 77 174 
900 210 152 44 
900 211 153 138 246 239 
900 212 105 174 294 
900 213 74 
900 214 144 192 44 
900 215 153 74 
900 216 192 6 138 110 239 174 153 
900 217 74 
900 218 74 
900 219 74 
900 220 77 287 
900 221 44 30 
900 222 144 192 44 
900 223 192 105 44 294 
900 224 144 192 
900 225 192 44 144 246 152 153 
900 226 192 
900 227 74 238 
900 228 192 238 174 246 
900 229 105 294 134 
900 230 74 
900 231 238 6 44 174 246 
900 232 74 238 
900 233 44 238 30 
900 234 144 192 85 
900 235 192 6 174 
900 236 105 6 174 294 
900 237 74 
900 238 192 67 6 44 174 246 
900 239 
900 241 152 144 2 44 174 
900 242 74 
900 243 192 74 259 77 
900 244 74 
900 245 74 
900 246 192 44 110 
900 247 25 44 85 174 
900 248 192 44 174 30 
900 249 74 238 246 
900 250 44 85 
900 251 192 67 44 238 239 153 30 
900 252 192 6 238 239 246 153 
900 253 192 2 6 9 44 238 144 246 152 25 
900 254 153 174 239 
900 255 74 
900 256 192 6 138 239 246 153 
900 257 192 2 6 9 44 174 144 238 246 152 25 
900 258 44 238 30 
900 259 77 
900 260 74 
900 261 153 239 
900 262 174 246 
900 263 74 
900 264 74 
900 266 192 153 44 
900 267 74 
900 268 74 
900 269 192 153 246 
900 270 192 44 174 30 
900 271 153 239 
900 272 192 44 6 
900 273 192 44 238 30 
900 274 77 294 287 
900 275 152 9 238 6 
900 276 44 30 
900 277 74 
900 278 152 239 294 287 
900 279 74 77 238 
900 280 44 30 
900 281 174 30 
900 282 238 74 85 6 
900 284 25 74 238 239 
900 285 152 74 44 77 238 
900 286 74 
900 287 
900 288 74 
900 289 44 30 
900 290 144 192 6 
900 291 44 30 246 
900 293 144 192 
900 294 105 
900 295 74 238 
900 296 6 174 
900 297 192 44 246 
900 298 2 67 134 239 153 154 
900 299 74 
1800 0 192 6 110 246 
1800 1 74 2 
1800 2 192 67 6 174 
1800 3 152 192 
1800 4 74 
1800 5 192 6 44 174 144 238 246 
1800 6 
1800 7 192 238 174 246 
1800 8 152 25 246 
1800 9 6 246 
1800 10 74 
1800 11 192 2 118 9 44 238 144 246 153 
1800 12 192 294 44 238 174 144 85 118 30 
1800 13 192 67 6 9 44 174 144 238 110 246 152 25 
1800 14 74 
1800 15 74 
1800 16 44 238 30 
1800 17 67 238 
1800 18 74 174 
1800 19 152 238 85 246 174 
1800 20 74 
1800 21 192 9 44 238 153 
1800 22 74 
1800 23 138 6 
1800 24 192 30 246 77 
1800 25 
1800 26 152 44 
1800 27 44 77 
1800 28 74 
1800 29 74 
1800 30 25 174 
1800 31 74 
1800 32 74 
1800 33 144 6 
1800 34 144 174 
1800 35 192 44 174 238 110 152 
1800 36 152 192 44 77 
1800 37 74 238 246 
1800 38 74 
1800 39 74 44 77 238 
1800 41 74 238 30 
1800 42 192 44 238 246 
1800 43 192 44 238 144 246 152 153 
1800 44 192 9 238 30 25 
1800 45 192 134 6 44 174 144 238 246 
1800 46 192 67 9 44 110 174 246 25 
1800 47 74 
1800 48 192 6 9 44 238 144 85 118 152 153 
1800 49 67 44 174 144 152 30 
1800 50 74 44 246 
1800 53 144 152 44 192 153 
1800 54 74 
1800 55 74 
1800 56 192 110 246 
1800 57 74 
1800 58 153 77 
1800 59 9 44 85 238 
1800 60 74 
1800 61 144 192 44 
1800 62 74 77 
1800 63 44 174 30 
1800 64 9 110 
1800 65 44 238 
1800 67 
1800 68 192 44 238 144 246 152 153 
1800 69 74 
1800 70 153 138 44 
1800 71 105 294 
1800 72 44 30 
1800 73 153 294 105 
1800 74 246 
1800 75 192 67 85 6 
1800 76 144 44 
1800 77 153 74 
1800 78 74 
1800 79 192 174 
1800 80 74 238 30 
1800 81 192 2 67 6 9 44 238 85 152 
1800 82 192 238 6 174 
1800 83 192 25 67 85 
1800 85 
1800 86 192 74 44 30 246 
1800 87 74 
1800 88 152 44 
1800 89 192 2 9 44 238 85 246 152 153 
1800 90 74 
1800 91 74 
1800 92 74 
1800 93 74 
1800 94 153 77 
1800 95 74 
1800 96 74 
1800 97 153 
1800 98 74 
1800 99 74 
1800 100 153 77 
1800 102 44 246 
1800 103 74 
1800 104 74 77 
1800 105 153 
1800 106 74 
1800 107 25 44 
1800 109 74 
1800 110 
1800 111 144 6 44 30 246 
1800 112 153 
1800 113 192 44 238 144 246 152 153 
1800 114 192 6 9 44 174 144 238 110 152 153 
1800 115 192 44 238 144 246 152 153 
1800 116 144 238 6 246 
1800 117 192 153 44 
1800 118 192 138 238 
1800 119 85 246 174 
1800 120 74 
1800 121 192 134 44 238 144 246 152 
1800 122 152 153 
1800 123 153 
1800 124 144 174 
1800 125 6 246 
1800 126 192 2 9 44 246 25 
1800 127 74 77 
1800 128 85 246 174 
1800 129 192 9 44 110 238 174 246 
1800 130 144 192 44 294 30 
1800 131 144 2 44 246 134 
1800 132 74 
1800 133 192 44 174 110 30 85 
1800 134 246 
1800 136 74 44 238 30 
1800 137 192 67 44 174 144 238 246 
1800 138 
1800 139 192 6 9 44 174 144 238 110 152 153 
1800 140 74 
1800 141 144 152 44 192 153 
1800 142 74 
1800 143 192 44 246 
1800 144 74 6 
1800 145 152 44 
1800 146 152 77 174 
1800 147 192 6 44 174 144 238 246 
1800 148 2 77 134 
1800 149 44 110 30 
1800 150 74 
1800 151 192 44 77 238 144 152 
1800 152 192 9 44 174 246 25 
1800 153 
1800 154 192 77 
1800 155 44 
1800 157 74 
1800 158 192 44 174 30 
1800 159 192 2 9 44 246 25 
1800 160 74 
1800 161 153 
1800 162 74 
1800 163 153 238 
1800 164 74 
1800 166 192 174 
1800 167 44 246 
1800 168 238 44 174 246 
1800 169 192 2 44 110 174 85 30 
1800 170 192 30 246 77 
1800 171 74 
1800 173 74 
1800 174 
1800 175 77 294 
1800 177 192 44 238 
1800 178 192 44 174 144 238 152 30 
1800 179 192 85 246 174 
1800 180 192 294 44 238 174 144 85 118 30 
1800 181 74 85 246 
1800 183 74 
1800 184 67 44 174 144 152 30 
1800 185 152 77 
1800 186 192 2 118 6 9 44 238 144 85 246 152 
1800 188 74 
1800 189 6 174 
1800 190 192 2 9 44 238 144 85 246 25 
1800 191 67 44 174 144 152 30 
1800 192 174 
1800 193 85 246 174 
1800 194 192 9 44 238 85 246 
1800 195 192 2 6 9 44 174 144 238 110 152 
1800 196 192 153 259 77 
1800 197 192 67 44 174 238 246 25 
1800 198 192 44 238 246 
1800 199 192 6 174 246 
1800 200 174 30 
1800 201 144 192 44 246 
1800 202 144 192 6 
1800 203 74 
1800 204 74 
1800 205 74 
1800 206 152 74 44 77 238 
1800 208 44 85 
1800 209 152 77 174 
1800 210 152 44 
1800 211 153 138 246 
1800 212 105 174 294 
1800 213 74 
1800 214 144 192 44 
1800 215 153 74 
1800 217 74 
1800 218 74 
1800 219 74 
1800 220 77 
1800 221 44 30 
1800 222 144 192 44 
1800 223 192 105 44 294 
1800 224 144 192 
1800 225 192 44 144 246 152 153 
1800 226 192 
1800 227 74 238 
1800 228 192 238 174 246 
1800 229 105 294 134 
1800 230 74 
1800 231 238 6 44 174 246 
1800 232 74 238 
1800 233 44 238 30 
1800 234 144 192 85 
1800 235 192 6 174 
1800 236 105 6 174 294 
1800 238 192 67 6 44 174 246 
1800 241 152 144 2 44 174 
1800 243 192 74 259 77 
1800 244 74 
1800 245 74 
1800 246 192 44 110 
1800 247 25 44 85 174 
1800 248 192 44 174 30 
1800 249 74 238 246 
1800 250 44 85 
1800 251 192 67 44 238 153 30 
1800 252 192 238 6 246 153 
1800 253 192 2 6 9 44 238 144 246 152 25 
1800 254 153 174 
1800 255 74 
1800 256 192 153 138 6 246 
1800 257 192 2 6 9 44 174 144 238 246 152 25 
1800 258 44 238 30 
1800 259 77 
1800 260 74 
1800 261 153 
1800 262 174 246 
1800 263 74 
1800 264 74 
1800 266 192 153 44 
1800 267 74 
1800 268 74 
1800 269 192 153 246 
1800 271 153 
1800 272 192 44 6 
1800 273 192 44 238 30 
1800 274 77 294 
1800 275 152 9 238 6 
1800 276 44 30 
1800 277 74 
1800 278 152 294 
1800 279 74 77 238 
1800 280 44 30 
1800 281 174 30 
1800 282 238 74 85 6 
1800 284 25 74 238 
1800 286 74 
1800 288 74 
1800 289 44 30 
1800 290 144 192 6 
1800 291 44 30 246 
1800 293 144 192 
1800 294 105 
1800 295 74 238 
1800 296 6 174 
1800 297 192 44 246 
1800 298 153 2 67 154 134 
1800 299 74 
2700 0 192 6 110 246 
2700 1 74 2 
2700 2 192 67 6 174 
2700 3 152 192 
2700 4 74 
2700 5 192 6 44 238 174 246 
2700 6 
2700 7 192 238 174 246 
2700 8 152 25 246 
2700 9 6 246 
2700 10 74 
2700 11 192 2 118 9 44 238 246 153 
2700 12 192 294 44 238 174 85 118 30 
2700 13 192 67 6 9 44 110 238 174 246 152 25 
2700 14 74 
2700 15 74 
2700 16 44 238 30 
2700 17 67 238 
2700 18 74 174 
2700 19 152 238 85 246 174 
2700 20 74 
2700 21 192 9 44 238 153 
2700 22 74 
2700 23 138 6 
2700 24 192 30 246 77 
2700 25 
2700 26 152 44 
2700 27 44 77 
2700 28 74 
2700 29 74 
2700 30 25 174 
2700 31 74 
2700 32 74 
2700 34 174 
2700 35 192 44 174 238 110 152 
2700 36 152 192 44 77 
2700 37 74 238 246 
2700 38 74 
2700 41 74 238 30 
2700 42 192 44 238 246 
2700 43 192 44 238 246 152 153 
2700 44 192 9 238 30 25 
2700 45 192 134 6 44 174 238 246 
2700 46 192 67 9 44 110 174 246 25 
2700 47 74 
2700 48 192 6 9 44 238 85 118 152 153 
2700 49 152 67 44 174 30 
2700 50 74 44 246 
2700 53 152 153 44 192 
2700 54 74 
2700 55 74 
2700 56 192 110 246 
2700 57 74 
2700 58 153 77 
2700 59 9 44 85 238 
2700 60 74 
2700 61 192 44 
2700 62 74 77 
2700 63 44 174 30 
2700 64 9 110 
2700 65 44 238 
2700 67 
2700 68 192 44 238 246 152 153 
2700 69 74 
2700 70 153 138 44 
2700 71 105 294 
2700 72 44 30 
2700 73 153 294 105 
2700 74 246 
2700 75 192 67 85 6 
2700 76 44 
2700 77 153 74 
2700 78 74 
2700 79 192 174 
2700 80 74 238 30 
2700 81 192 2 67 6 9 44 238 85 152 
2700 82 192 238 6 174 
2700 83 192 25 67 85 
2700 85 
2700 86 192 74 44 30 246 
2700 87 74 
2700 88 152 44 
2700 89 192 2 9 44 238 85 246 152 153 
2700 90 74 
2700 91 74 
2700 92 74 
2700 93 74 
2700 94 153 77 
2700 95 74 
2700 97 153 
2700 98 74 
2700 99 74 
2700 100 153 77 
2700 102 44 246 
2700 103 74 
2700 104 74 77 
2700 105 153 
2700 106 74 
2700 107 25 44 
2700 109 74 
2700 110 
2700 111 6 44 30 246 
2700 112 153 
2700 113 192 44 238 246 152 153 
2700 115 192 44 238 246 152 153 
2700 116 238 6 246 
2700 117 192 153 44 
2700 118 192 138 238 
2700 119 85 246 174 
2700 121 192 134 44 238 246 152 
2700 122 152 153 
2700 123 153 
2700 124 174 
2700 125 6 246 
2700 127 74 77 
2700 129 192 9 44 110 238 174 246 
2700 130 192 44 294 30 
2700 131 2 44 246 134 
2700 133 192 44 174 110 30 85 
2700 134 246 
2700 136 74 44 238 30 
2700 137 192 67 44 238 174 246 
2700 138 
2700 139 192 6 9 44 110 238 174 152 153 
2700 140 74 
2700 141 152 153 44 192 
2700 142 74 
2700 143 192 44 246 
2700 145 152 44 
2700 146 152 77 174 
2700 147 192 6 44 238 174 246 
2700 148 2 77 134 
2700 149 44 110 30 
2700 150 74 
2700 151 152 192 44 77 238 
2700 152 192 9 44 174 246 25 
2700 153 
2700 154 192 77 
2700 155 44 
2700 157 74 
2700 158 192 44 174 30 
2700 159 192 2 9 44 246 25 
2700 160 74 
2700 161 153 
2700 162 74 
2700 163 153 238 
2700 164 74 
2700 166 192 174 
2700 167 44 246 
2700 168 238 44 174 246 
2700 169 192 2 44 110 174 85 30 
2700 170 192 30 246 77 
2700 171 74 
2700 173 74 
2700 174 
2700 175 77 294 
2700 177 192 44 238 
2700 178 192 44 174 238 152 30 
2700 179 192 85 246 174 
2700 180 192 294 44 238 174 85 118 30 
2700 181 74 85 246 
2700 183 74 
2700 184 152 67 44 174 30 
2700 185 152 77 
2700 186 192 2 118 6 9 44 238 85 246 152 
2700 189 6 174 
2700 190 192 2 9 44 238 85 246 25 
2700 191 152 67 44 174 30 
2700 192 174 
2700 193 85 246 174 
2700 194 192 9 44 238 85 246 
2700 195 192 2 6 9 44 110 238 174 152 
2700 196 192 153 259 77 
2700 197 192 67 44 174 238 246 25 
2700 198 192 44 238 246 
2700 199 192 6 174 246 
2700 200 174 30 
2700 201 192 44 246 
2700 202 192 6 
2700 204 74 
2700 205 74 
2700 206 152 74 44 77 238 
2700 208 44 85 
2700 209 152 77 174 
2700 210 152 44 
2700 211 153 138 246 
2700 212 105 174 294 
2700 213 74 
2700 214 192 44 
2700 215 153 74 
2700 217 74 
2700 218 74 
2700 219 74 
2700 220 77 
2700 221 44 30 
2700 222 192 44 
2700 223 192 105 44 294 
2700 224 192 
2700 225 152 153 44 192 246 
2700 227 74 238 
2700 228 192 238 174 246 
2700 229 105 294 134 
2700 230 74 
2700 231 238 6 44 174 246 
2700 232 74 238 
2700 233 44 238 30 
2700 234 192 85 
2700 235 192 6 174 
2700 236 105 6 174 294 
2700 238 192 67 6 44 174 246 
2700 241 152 2 44 174 
2700 243 192 74 259 77 
2700 244 74 
2700 245 74 
2700 246 192 44 110 
2700 247 25 44 85 174 
2700 248 192 44 174 30 
2700 249 74 238 246 
2700 250 44 85 
2700 251 192 67 44 238 153 30 
2700 252 192 238 6 246 153 
2700 253 192 2 6 9 44 238 246 152 25 
2700 254 153 174 
2700 255 74 
2700 256 192 153 138 6 246 
2700 257 192 2 6 9 44 174 238 246 152 25 
2700 258 44 238 30 
2700 259 77 
2700 260 74 
2700 261 153 
2700 262 174 246 
2700 263 74 
2700 264 74 
2700 266 192 153 44 
2700 267 74 
2700 268 74 
2700 269 192 153 246 
2700 271 153 
2700 272 192 44 6 
2700 273 192 44 238 30 
2700 274 77 294 
2700 275 152 9 238 6 
2700 276 44 30 
2700 277 74 
2700 278 152 294 
2700 279 74 77 238 
2700 280 44 30 
2700 281 174 30 
2700 282 238 74 85 6 
2700 284 25 74 238 
2700 286 74 
2700 288 74 
2700 289 44 30 
2700 290 192 6 
2700 291 44 30 246 
2700 293 192 
2700 294 105 
2700 296 6 174 
2700 297 192 44 246 
2700 298 153 2 67 154 134 
2700 299 74 
3600 0 192 6 110 
3600 1 74 2 
3600 2 192 67 6 174 
3600 3 152 192 
3600 4 74 
3600 5 192 238 44 6 174 
3600 6 
3600 7 192 238 174 
3600 8 152 25 
3600 9 6 
3600 10 74 
3600 11 192 2 9 44 238 118 153 
3600 12 192 294 44 238 174 85 118 30 
3600 13 192 67 6 9 44 110 238 174 152 25 
3600 14 74 
3600 15 74 
3600 16 44 238 30 
3600 17 67 238 
3600 18 74 174 
3600 19 152 238 85 174 
3600 20 74 
3600 21 192 9 44 238 153 
3600 22 74 
3600 23 138 6 
3600 24 192 77 30 
3600 25 
3600 26 152 44 
3600 27 44 77 
3600 28 74 
3600 29 74 
3600 30 25 174 
3600 31 74 
3600 32 74 
3600 34 174 
3600 35 192 44 174 238 110 152 
3600 36 152 192 44 77 
3600 37 74 238 
3600 38 74 
3600 41 74 238 30 
3600 42 192 44 238 
3600 43 192 152 44 238 153 
3600 44 192 9 238 30 25 
3600 45 192 134 6 44 238 174 
3600 46 192 67 9 44 110 174 25 
3600 47 74 
3600 48 192 6 9 44 238 85 118 152 153 
3600 49 152 67 44 174 30 
3600 50 74 44 
3600 53 152 153 44 192 
3600 55 74 
3600 56 192 110 
3600 57 74 
3600 60 74 
3600 61 192 44 
3600 62 74 77 
3600 63 44 174 30 
3600 64 9 110 
3600 65 44 238 
3600 67 
3600 68 192 152 44 238 153 
3600 69 74 
3600 70 153 138 44 
3600 71 105 294 
3600 72 44 30 
3600 74 
3600 75 192 67 85 6 
3600 76 44 
3600 77 153 74 
3600 78 74 
3600 79 192 174 
3600 80 74 238 30 
3600 81 192 2 67 6 9 44 238 85 152 
3600 82 192 238 6 174 
3600 83 192 25 67 85 
3600 85 
3600 86 192 74 44 30 
3600 88 152 44 
3600 89 192 2 9 44 238 85 152 153 
3600 90 74 
3600 91 74 
3600 92 74 
3600 93 74 
3600 94 153 77 
3600 95 74 
3600 97 153 
3600 98 74 
3600 100 153 77 
3600 102 44 
3600 103 74 
3600 104 74 77 
3600 105 153 
3600 106 74 
3600 107 25 44 
3600 109 74 
3600 110 
3600 111 44 6 30 
3600 112 153 
3600 113 192 152 44 238 153 
3600 115 192 152 44 238 153 
3600 116 238 6 
3600 117 192 153 44 
3600 118 192 138 238 
3600 119 85 174 
3600 121 152 192 44 238 134 
3600 122 152 153 
3600 123 153 
3600 124 174 
3600 125 6 
3600 127 74 77 
3600 129 192 9 44 174 238 110 
3600 130 192 44 294 30 
3600 131 2 44 134 
3600 133 192 44 174 110 30 85 
3600 134 
3600 136 74 44 238 30 
3600 137 192 67 44 238 174 
3600 138 
3600 139 192 6 9 44 110 238 174 152 153 
3600 140 74 
3600 141 152 153 44 192 
3600 142 74 
3600 143 192 44 
3600 145 152 44 
3600 146 152 77 174 
3600 147 192 238 44 6 174 
3600 148 2 77 134 
3600 149 44 110 30 
3600 150 74 
3600 151 152 192 44 77 238 
3600 152 192 9 44 174 25 
3600 153 
3600 154 192 77 
3600 155 44 
3600 157 74 
3600 158 192 44 174 30 
3600 159 192 9 2 44 25 
3600 160 74 
3600 161 153 
3600 163 153 238 
3600 164 74 
3600 166 192 174 
3600 167 44 
3600 168 44 238 174 
3600 169 192 2 44 110 174 85 30 
3600 170 192 77 30 
3600 171 74 
3600 173 74 
3600 174 
3600 177 192 44 238 
3600 178 192 44 174 238 152 30 
3600 179 192 85 174 
3600 180 192 294 44 238 174 85 118 30 
3600 181 74 85 
3600 183 74 
3600 184 152 67 44 174 30 
3600 185 152 77 
3600 186 192 2 6 9 44 238 85 118 152 
3600 189 6 174 
3600 190 192 2 9 44 238 85 25 
3600 191 152 67 44 174 30 
3600 192 174 
3600 193 85 174 
3600 194 192 9 44 85 238 
3600 195 192 2 6 9 44 110 238 174 152 
3600 196 192 153 259 77 
3600 197 192 67 44 238 174 25 
3600 198 192 44 238 
3600 199 192 6 174 
3600 200 174 30 
3600 201 192 44 
3600 202 192 6 
3600 204 74 
3600 205 74 
3600 206 152 74 44 77 238 
3600 208 44 85 
3600 209 152 77 174 
3600 210 152 44 
3600 211 153 138 
3600 213 74 
3600 214 192 44 
3600 215 153 74 
3600 217 74 
3600 219 74 
3600 220 77 
3600 221 44 30 
3600 222 192 44 
3600 223 192 105 44 294 
3600 224 192 
3600 225 152 153 44 192 
3600 227 74 238 
3600 228 192 238 174 
3600 229 105 294 134 
3600 230 74 
3600 231 238 44 6 174 
3600 232 74 238 
3600 233 44 238 30 
3600 234 192 85 
3600 235 192 6 174 
3600 236 105 6 174 294 
3600 238 192 67 44 6 174 
3600 241 152 2 44 174 
3600 243 192 74 259 77 
3600 244 74 
3600 245 74 
3600 247 25 44 85 174 
3600 248 192 44 174 30 
3600 249 74 238 
3600 250 44 85 
3600 251 192 67 44 238 153 30 
3600 252 192 153 238 6 
3600 253 192 2 6 9 44 238 152 25 
3600 254 153 174 
3600 255 74 
3600 256 192 153 138 6 
3600 257 192 2 6 9 44 174 238 152 25 
3600 258 44 238 30 
3600 259 77 
3600 260 74 
3600 261 153 
3600 262 174 
3600 263 74 
3600 264 74 
3600 266 192 153 44 
3600 267 74 
3600 268 74 
3600 269 192 153 
3600 271 153 
3600 272 192 44 6 
3600 273 192 44 238 30 
3600 274 77 294 
3600 275 152 9 238 6 
3600 276 44 30 
3600 277 74 
3600 278 152 294 
3600 279 74 77 238 
3600 280 44 30 
3600 281 174 30 
3600 282 238 74 85 6 
3600 286 74 
3600 288 74 
3600 289 44 30 
3600 290 192 6 
3600 291 44 30 
3600 293 192 
3600 294 105 
3600 296 6 174 
3600 297 192 44 
3600 299 74 
4500 0 192 6 110 
4500 1 74 2 
4500 2 192 67 6 174 
4500 3 152 192 
4500 4 74 
4500 5 192 238 44 6 174 
4500 6 
4500 7 192 238 174 
4500 8 152 25 
4500 9 6 
4500 10 74 
4500 11 192 2 9 44 238 118 153 
4500 12 192 294 44 238 174 85 118 30 
4500 13 192 67 6 9 44 110 238 174 152 25 
4500 14 74 
4500 15 74 
4500 16 44 238 30 
4500 17 67 238 
4500 18 74 174 
4500 19 152 238 85 174 
4500 20 74 
4500 21 192 9 44 238 153 
4500 22 74 
4500 23 138 6 
4500 24 192 77 30 
4500 25 
4500 26 152 44 
4500 27 44 77 
4500 28 74 
4500 29 74 
4500 30 25 174 
4500 31 74 
4500 32 74 
4500 34 174 
4500 35 192 44 174 238 110 152 
4500 36 152 192 44 77 
4500 37 74 238 
4500 38 74 
4500 41 74 238 30 
4500 42 192 44 238 
4500 43 192 152 44 238 153 
4500 44 192 9 238 30 25 
4500 45 192 134 6 44 238 174 
4500 46 192 67 9 44 110 174 25 
4500 47 74 
4500 48 192 6 9 44 238 85 118 152 153 
4500 49 152 67 44 174 30 
4500 50 74 44 
4500 53 152 153 44 192 
4500 55 74 
4500 56 192 110 
4500 57 74 
4500 60 74 
4500 61 192 44 
4500 62 74 77 
4500 63 44 174 30 
4500 64 9 110 
4500 65 44 238 
4500 67 
4500 68 192 152 44 238 153 
4500 69 74 
4500 70 153 138 44 
4500 71 105 294 
4500 72 44 30 
4500 74 
4500 75 192 67 85 6 
4500 76 44 
4500 77 153 74 
4500 78 74 
4500 79 192 174 
4500 80 74 238 30 
4500 81 192 2 67 6 9 44 238 85 152 
4500 82 192 238 6 174 
4500 83 192 25 67 85 
4500 85 
4500 86 192 74 44 30 
4500 88 152 44 
4500 89 192 2 9 44 238 85 152 153 
4500 90 74 
4500 93 74 
4500 94 153 77 
4500 95 74 
4500 97 153 
4500 98 74 
4500 100 153 77 
4500 102 44 
4500 103 74 
4500 104 74 77 
4500 105 153 
4500 106 74 
4500 107 25 44 
4500 109 74 
4500 110 
4500 112 153 
4500 113 192 152 44 238 153 
4500 115 192 152 44 238 153 
4500 116 238 6 
4500 118 192 138 238 
4500 119 85 174 
4500 121 152 192 44 238 134 
4500 123 153 
4500 124 174 
4500 125 6 
4500 127 74 77 
4500 129 192 9 44 174 238 110 
4500 130 192 44 294 30 
4500 131 2 44 134 
4500 133 192 44 174 110 30 85 
4500 134 
4500 136 74 44 238 30 
4500 137 192 67 44 238 174 
4500 138 
4500 139 192 6 9 44 110 238 174 152 153 
4500 140 74 
4500 141 152 153 44 192 
4500 142 74 
4500 143 192 44 
4500 145 152 44 
4500 146 152 77 174 
4500 147 192 238 44 6 174 
4500 148 2 77 134 
4500 149 44 110 30 
4500 150 74 
4500 151 152 192 44 77 238 
4500 152 192 9 44 174 25 
4500 153 
4500 154 192 77 
4500 155 44 
4500 157 74 
4500 158 192 44 174 30 
4500 159 192 9 2 44 25 
4500 160 74 
4500 163 153 238 
4500 164 74 
4500 166 192 174 
4500 167 44 
4500 168 44 238 174 
4500 169 192 2 44 110 174 85 30 
4500 170 192 77 30 
4500 171 74 
4500 174 
4500 177 192 44 238 
4500 178 192 44 174 238 152 30 
4500 179 192 85 174 
4500 180 192 294 44 238 174 85 118 30 
4500 183 74 
4500 184 152 67 44 174 30 
4500 186 192 2 6 9 44 238 85 118 152 
4500 189 6 174 
4500 190 192 2 9 44 238 85 25 
4500 191 152 67 44 174 30 
4500 192 174 
4500 193 85 174 
4500 194 192 9 44 85 238 
4500 195 192 2 6 9 44 110 238 174 152 
4500 196 192 153 259 77 
4500 197 192 67 44 238 174 25 
4500 198 192 44 238 
4500 199 192 6 174 
4500 200 174 30 
4500 201 192 44 
4500 202 192 6 
4500 204 74 
4500 205 74 
4500 206 152 74 44 77 238 
4500 208 44 85 
4500 209 152 77 174 
4500 211 153 138 
4500 213 74 
4500 214 192 44 
4500 215 153 74 
4500 217 74 
4500 219 74 
4500 220 77 
4500 221 44 30 
4500 222 192 44 
4500 223 192 105 44 294 
4500 224 192 
4500 225 152 153 44 192 
4500 227 74 238 
4500 228 192 238 174 
4500 229 105 294 134 
4500 230 74 
4500 231 238 44 6 174 
4500 232 74 238 
4500 233 44 238 30 
4500 234 192 85 
4500 235 192 6 174 
4500 236 105 6 174 294 
4500 238 192 67 44 6 174 
4500 241 152 2 44 174 
4500 243 192 74 259 77 
4500 244 74 
4500 245 74 
4500 247 25 44 85 174 
4500 248 192 44 174 30 
4500 249 74 238 
4500 250 44 85 
4500 251 192 67 44 238 153 30 
4500 252 192 153 238 6 
4500 253 192 2 6 9 44 238 152 25 
4500 254 153 174 
4500 256 192 153 138 6 
4500 257 192 2 6 9 44 174 238 152 25 
4500 258 44 238 30 
4500 259 77 
4500 260 74 
4500 261 153 
4500 263 74 
4500 264 74 
4500 266 192 153 44 
4500 267 74 
4500 268 74 
4500 269 192 153 
4500 271 153 
4500 273 192 44 238 30 
4500 274 77 294 
4500 275 152 9 238 6 
4500 276 44 30 
4500 277 74 
4500 278 152 294 
4500 279 74 77 238 
4500 280 44 30 
4500 281 174 30 
4500 282 238 74 85 6 
4500 286 74 
4500 288 74 
4500 289 44 30 
4500 290 192 6 
4500 291 44 30 
4500 293 192 
4500 294 105 
4500 296 6 174 
4500 297 192 44 
4500 299 74 
5400 0 192 6 110 
5400 1 2 
5400 2 192 67 6 174 
5400 3 152 192 
5400 4 
5400 5 192 238 44 6 174 
5400 6 
5400 7 192 238 174 
5400 8 152 25 
5400 9 6 
5400 10 
5400 11 192 2 9 44 238 118 153 
5400 12 192 294 44 238 174 85 118 30 
5400 13 192 67 6 9 44 110 238 174 152 25 
5400 14 
5400 15 
5400 16 44 238 30 
5400 17 67 238 
5400 18 174 
5400 19 152 238 85 174 
5400 20 
5400 21 192 9 44 238 153 
5400 22 
5400 23 138 6 
5400 24 192 77 30 
5400 25 
5400 26 152 44 
5400 27 44 77 
5400 28 
5400 29 
5400 30 25 174 
5400 31 
5400 34 174 
5400 36 152 192 44 77 
5400 37 238 
5400 38 
5400 41 238 30 
5400 42 192 44 238 
5400 43 192 152 44 238 153 
5400 44 192 9 238 30 25 
5400 45 192 134 6 44 238 174 
5400 46 192 67 9 44 110 174 25 
5400 47 
5400 48 192 6 9 44 238 85 118 152 153 
5400 49 152 67 44 174 30 
5400 50 44 
5400 53 152 153 44 192 
5400 55 
5400 56 192 110 
5400 57 
5400 60 
5400 61 192 44 
5400 62 77 
5400 63 44 174 30 
5400 64 9 110 
5400 65 44 238 
5400 67 
5400 68 192 152 44 238 153 
5400 69 
5400 70 153 138 44 
5400 71 294 
5400 72 44 30 
5400 76 44 
5400 77 153 
5400 78 
5400 79 192 174 
5400 80 238 30 
5400 81 192 2 67 6 9 44 238 85 152 
5400 82 192 238 6 174 
5400 85 
5400 86 192 44 30 
5400 88 152 44 
5400 89 192 2 9 44 238 85 152 153 
5400 90 
5400 93 
5400 94 153 77 
5400 95 
5400 97 153 
5400 98 
5400 100 153 77 
5400 102 44 
5400 103 
5400 104 77 
5400 106 
5400 109 
5400 110 
5400 112 153 
5400 113 192 152 44 238 153 
5400 115 192 152 44 238 153 
5400 116 238 6 
5400 118 192 138 238 
5400 119 85 174 
5400 121 152 192 44 238 134 
5400 123 153 
5400 124 174 
5400 125 6 
5400 127 77 
5400 129 192 9 44 174 238 110 
5400 130 192 44 294 30 
5400 131 2 44 134 
5400 133 192 44 174 110 30 85 
5400 134 
5400 136 44 238 30 
5400 137 192 67 44 238 174 
5400 138 
5400 139 192 6 9 44 110 238 174 152 153 
5400 140 
5400 141 152 153 44 192 
5400 142 
5400 143 192 44 
5400 145 152 44 
5400 146 152 77 174 
5400 147 192 238 44 6 174 
5400 148 2 77 134 
5400 149 44 110 30 
5400 150 
5400 151 152 192 44 77 238 
5400 152 192 9 44 174 25 
5400 153 
5400 154 192 77 
5400 155 44 
5400 157 
5400 158 192 44 174 30 
5400 160 
5400 163 153 238 
5400 164 
5400 166 192 174 
5400 167 44 
5400 168 44 238 174 
5400 169 192 2 44 110 174 85 30 
5400 170 192 77 30 
5400 171 
5400 174 
5400 177 192 44 238 
5400 178 192 44 174 238 152 30 
5400 180 192 294 44 238 174 85 118 30 
5400 183 
5400 184 152 67 44 174 30 
5400 186 192 2 6 9 44 238 85 118 152 
5400 189 6 174 
5400 190 192 2 9 44 238 85 25 
5400 191 152 67 44 174 30 
5400 192 174 
5400 193 85 174 
5400 194 192 9 44 85 238 
5400 195 192 2 6 9 44 110 238 174 152 
5400 196 192 153 77 
5400 197 192 67 44 238 174 25 
5400 198 192 44 238 
5400 199 192 6 174 
5400 200 174 30 
5400 201 192 44 
5400 202 192 6 
5400 204 
5400 206 152 44 77 238 
5400 208 44 85 
5400 209 152 77 174 
5400 211 153 138 
5400 213 
5400 214 192 44 
5400 215 153 
5400 217 
5400 219 
5400 220 77 
5400 221 44 30 
5400 222 192 44 
5400 223 192 44 294 
5400 224 192 
5400 225 152 153 44 192 
5400 227 238 
5400 228 192 238 174 
5400 229 294 134 
5400 230 
5400 231 238 44 6 174 
5400 233 44 238 30 
5400 234 192 85 
5400 235 192 6 174 
5400 236 6 174 294 
5400 238 192 67 44 6 174 
5400 241 152 2 44 174 
5400 243 192 77 
5400 244 
5400 245 
5400 247 25 44 85 174 
5400 248 192 44 174 30 
5400 249 238 
5400 250 44 85 
5400 251 192 67 44 238 153 30 
5400 253 192 2 6 9 44 238 152 25 
5400 254 153 174 
5400 256 192 153 138 6 
5400 257 192 2 6 9 44 174 238 152 25 
5400 258 44 238 30 
5400 260 
5400 261 153 
5400 263 
5400 264 
5400 266 192 153 44 
5400 267 
5400 268 
5400 269 192 153 
5400 271 153 
5400 273 192 44 238 30 
5400 274 77 294 
5400 275 152 9 238 6 
5400 276 44 30 
5400 277 
5400 278 152 294 
5400 279 77 238 
5400 280 44 30 
5400 281 174 30 
5400 282 238 85 6 
5400 286 
5400 288 
5400 289 44 30 
5400 290 192 6 
5400 291 44 30 
5400 293 192 
5400 294 
5400 296 6 174 
5400 297 192 44 
5400 299 
6300 0 192 6 110 
6300 1 2 
6300 2 192 67 6 174 
6300 3 152 192 
6300 4 
6300 5 192 238 44 6 174 
6300 6 
6300 7 192 238 174 
6300 8 152 25 
6300 9 6 
6300 10 
6300 11 192 2 9 44 238 118 153 
6300 12 192 294 44 238 174 85 118 30 
6300 13 192 67 6 9 44 110 238 174 152 25 
6300 14 
6300 15 
6300 16 44 238 30 
6300 17 67 238 
6300 18 174 
6300 19 152 238 85 174 
6300 20 
6300 21 192 9 44 238 153 
6300 22 
6300 23 138 6 
6300 24 192 77 30 
6300 25 
6300 26 152 44 
6300 27 44 77 
6300 28 
6300 29 
6300 30 25 174 
6300 34 174 
6300 37 238 
6300 38 
6300 41 238 30 
6300 42 192 44 238 
6300 43 192 152 44 238 153 
6300 44 192 9 238 30 25 
6300 45 192 134 6 44 238 174 
6300 46 192 67 9 44 110 174 25 
6300 47 
6300 49 152 67 44 174 30 
6300 50 44 
6300 53 152 153 44 192 
6300 55 
6300 56 192 110 
6300 57 
6300 60 
6300 61 192 44 
6300 62 77 
6300 63 44 174 30 
6300 64 9 110 
6300 65 44 238 
6300 67 
6300 68 192 152 44 238 153 
6300 69 
6300 70 153 138 44 
6300 71 294 
6300 72 44 30 
6300 76 44 
6300 77 153 
6300 78 
6300 79 192 174 
6300 80 238 30 
6300 81 192 2 67 6 9 44 238 85 152 
6300 82 192 238 6 174 
6300 85 
6300 86 192 44 30 
6300 88 152 44 
6300 89 192 2 9 44 238 85 152 153 
6300 90 
6300 93 
6300 94 153 77 
6300 97 153 
6300 98 
6300 100 153 77 
6300 102 44 
6300 103 
6300 104 77 
6300 106 
6300 109 
6300 110 
6300 112 153 
6300 113 192 152 44 238 153 
6300 115 192 152 44 238 153 
6300 116 238 6 
6300 118 192 138 238 
6300 121 152 192 44 238 134 
6300 123 153 
6300 124 174 
6300 125 6 
6300 127 77 
6300 129 192 9 44 174 238 110 
6300 130 192 44 294 30 
6300 131 2 44 134 
6300 133 192 44 174 110 30 85 
6300 134 
6300 136 44 238 30 
6300 137 192 67 44 238 174 
6300 138 
6300 139 192 6 9 44 110 238 174 152 153 
6300 140 
6300 141 152 153 44 192 
6300 142 
6300 143 192 44 
6300 145 152 44 
6300 146 152 77 174 
6300 147 192 238 44 6 174 
6300 148 2 77 134 
6300 149 44 110 30 
6300 150 
6300 151 152 192 44 77 238 
6300 152 192 9 44 174 25 
6300 153 
6300 154 192 77 
6300 155 44 
6300 157 
6300 158 192 44 174 30 
6300 160 
6300 163 153 238 
6300 164 
6300 166 192 174 
6300 167 44 
6300 168 44 238 174 
6300 169 192 2 44 110 174 85 30 
6300 170 192 77 30 
6300 171 
6300 174 
6300 177 192 44 238 
6300 178 192 44 174 238 152 30 
6300 180 192 294 44 238 174 85 118 30 
6300 183 
6300 184 152 67 44 174 30 
6300 186 192 2 6 9 44 238 85 118 152 
6300 189 6 174 
6300 190 192 2 9 44 238 85 25 
6300 191 152 67 44 174 30 
6300 192 174 
6300 193 85 174 
6300 194 192 9 44 85 238 
6300 195 192 2 6 9 44 110 238 174 152 
6300 196 192 153 77 
6300 197 192 67 44 238 174 25 
6300 198 192 44 238 
6300 199 192 6 174 
6300 201 192 44 
6300 202 192 6 
6300 208 44 85 
6300 209 152 77 174 
6300 211 153 138 
6300 213 
6300 214 192 44 
6300 215 153 
6300 217 
6300 219 
6300 220 77 
6300 221 44 30 
6300 223 192 44 294 
6300 224 192 
6300 225 152 153 44 192 
6300 227 238 
6300 228 192 238 174 
6300 229 294 134 
6300 231 238 44 6 174 
6300 233 44 238 30 
6300 234 192 85 
6300 235 192 6 174 
6300 236 6 174 294 
6300 238 192 67 44 6 174 
6300 241 152 2 44 174 
6300 243 192 77 
6300 244 
6300 245 
6300 247 25 44 85 174 
6300 248 192 44 174 30 
6300 249 238 
6300 250 44 85 
6300 251 192 67 44 238 153 30 
6300 253 192 2 6 9 44 238 152 25 
6300 256 192 153 138 6 
6300 257 192 2 6 9 44 174 238 152 25 
6300 258 44 238 30 
6300 260 
6300 261 153 
6300 263 
6300 264 
6300 267 
6300 268 
6300 269 192 153 
6300 273 192 44 238 30 
6300 274 77 294 
6300 275 152 9 238 6 
6300 276 44 30 
6300 277 
6300 278 152 294 
6300 279 77 238 
6300 280 44 30 
6300 281 174 30 
6300 282 238 85 6 
6300 286 
6300 288 
6300 289 44 30 
6300 290 192 6 
6300 291 44 30 
6300 293 192 
6300 294 
6300 296 6 174 
6300 297 192 44 
6300 299 
7200 0 192 6 110 
7200 1 2 
7200 2 192 6 174 
7200 3 152 192 
7200 4 
7200 5 192 238 44 6 174 
7200 6 
7200 7 192 238 174 
7200 8 152 25 
7200 9 6 
7200 10 
7200 11 192 2 9 44 238 118 153 
7200 12 192 294 44 238 174 85 118 30 
7200 13 192 6 9 44 110 238 174 152 25 
7200 14 
7200 15 
7200 16 44 238 30 
7200 17 238 
7200 18 174 
7200 19 152 238 85 174 
7200 20 
7200 21 192 9 44 238 153 
7200 22 
7200 23 138 6 
7200 24 192 77 30 
7200 25 
7200 26 152 44 
7200 27 44 77 
7200 28 
7200 30 25 174 
7200 34 174 
7200 37 238 
7200 38 
7200 41 238 30 
7200 42 192 44 238 
7200 43 192 152 44 238 153 
7200 44 192 9 238 30 25 
7200 45 192 134 6 44 238 174 
7200 46 192 9 44 174 110 25 
7200 49 152 44 174 30 
7200 50 44 
7200 53 152 153 44 192 
7200 55 
7200 56 192 110 
7200 57 
7200 60 
7200 61 192 44 
7200 62 77 
7200 63 44 174 30 
7200 64 9 110 
7200 65 44 238 
7200 69 
7200 70 153 138 44 
7200 71 294 
7200 72 44 30 
7200 76 44 
7200 77 153 
7200 78 
7200 79 192 174 
7200 80 238 30 
7200 81 192 2 6 9 44 238 85 152 
7200 82 192 238 6 174 
7200 85 
7200 86 192 44 30 
7200 88 152 44 
7200 89 192 2 9 44 238 85 152 153 
7200 90 
7200 93 
7200 94 153 77 
7200 97 153 
7200 98 
7200 100 153 77 
7200 102 44 
7200 103 
7200 104 77 
7200 106 
7200 109 
7200 110 
7200 112 153 
7200 113 192 152 44 238 153 
7200 115 192 152 44 238 153 
7200 116 238 6 
7200 118 192 138 238 
7200 123 153 
7200 124 174 
7200 125 6 
7200 127 77 
7200 129 192 9 44 174 238 110 
7200 130 192 44 294 30 
7200 131 2 44 134 
7200 134 
7200 136 44 238 30 
7200 137 192 44 238 174 
7200 138 
7200 139 192 6 9 44 110 238 174 152 153 
7200 140 
7200 142 
7200 143 192 44 
7200 145 152 44 
7200 146 152 77 174 
7200 147 192 238 44 6 174 
7200 148 2 77 134 
7200 149 44 110 30 
7200 150 
7200 151 152 192 44 77 238 
7200 152 192 9 44 174 25 
7200 153 
7200 154 192 77 
7200 155 44 
7200 158 192 44 174 30 
7200 160 
7200 163 153 238 
7200 164 
7200 166 192 174 
7200 167 44 
7200 168 44 238 174 
7200 169 192 2 44 110 174 85 30 
7200 170 192 77 30 
7200 171 
7200 174 
7200 177 192 44 238 
7200 178 192 44 174 238 152 30 
7200 180 192 294 44 238 174 85 118 30 
7200 183 
7200 184 152 44 174 30 
7200 186 192 2 6 9 44 238 85 118 152 
7200 189 6 174 
7200 190 192 2 9 44 238 85 25 
7200 191 152 44 174 30 
7200 192 174 
7200 193 85 174 
7200 194 192 9 44 85 238 
7200 195 192 2 6 9 44 110 238 174 152 
7200 196 192 153 77 
7200 197 192 25 44 238 174 
7200 199 192 6 174 
7200 201 192 44 
7200 202 192 6 
7200 208 44 85 
7200 209 152 77 174 
7200 211 153 138 
7200 213 
7200 214 192 44 
7200 215 153 
7200 217 
7200 219 
7200 220 77 
7200 221 44 30 
7200 223 192 44 294 
7200 224 192 
7200 225 152 153 44 192 
7200 227 238 
7200 228 192 238 174 
7200 229 294 134 
7200 231 238 44 6 174 
7200 233 44 238 30 
7200 234 192 85 
7200 235 192 6 174 
7200 236 6 174 294 
7200 238 192 44 6 174 
7200 241 152 2 44 174 
7200 243 192 77 
7200 244 
7200 245 
7200 247 25 44 85 174 
7200 248 192 44 174 30 
7200 249 238 
7200 250 44 85 
7200 253 192 2 6 9 44 238 152 25 
7200 256 192 153 138 6 
7200 257 192 2 6 9 44 174 238 152 25 
7200 258 44 238 30 
7200 260 
7200 261 153 
7200 263 
7200 267 
7200 269 192 153 
7200 273 192 44 238 30 
7200 274 77 294 
7200 275 152 9 238 6 
7200 277 
7200 278 152 294 
7200 279 77 238 
7200 280 44 30 
7200 281 174 30 
7200 282 238 85 6 
7200 286 
7200 288 
7200 289 44 30 
7200 290 192 6 
7200 291 44 30 
7200 293 192 
7200 294 
7200 296 6 174 
7200 297 192 44 
7200 299 
