0 7200
0 0 198 14 55 
0 1 16 229 197 
0 2 232 106 77 206 178 298 
0 3 129 259 37 154 187 126 
0 4 297 266 269 142 188 253 190 
0 5 228 69 199 206 239 152 
0 6 217 138 44 94 263 
0 7 121 196 101 
0 8 128 33 134 256 238 239 145 90 
0 9 154 253 
0 10 104 265 204 232 19 223 
0 11 273 215 
0 12 288 66 
0 13 256 133 230 46 86 57 158 
0 14 189 294 
0 15 64 257 126 81 
0 16 176 196 39 73 76 240 182 233 
0 17 60 44 286 
0 18 197 166 
0 19 104 
0 20 284 252 
0 21 8 209 149 133 
0 22 272 
0 23 240 267 107 
0 24 99 37 198 40 108 45 14 3 184 155 92 
0 25 152 163 187 
0 26 144 217 269 40 
0 27 90 284 21 238 
0 28 128 194 131 137 15 183 222 
0 29 73 262 199 
0 30 1 65 249 
0 31 26 118 12 205 14 
0 32 268 68 110 
0 33 133 11 46 248 124 159 
0 34 284 22 23 
0 35 184 209 106 42 266 
0 36 144 132 197 134 101 
0 37 215 
0 38 183 39 
0 39 218 19 
0 40 225 130 41 
0 41 114 
0 42 176 81 
0 43 261 199 44 54 151 255 
0 44 96 133 203 205 154 62 
0 45 250 
0 46 257 166 265 83 20 85 88 124 
0 47 188 85 
0 48 91 221 
0 49 168 297 130 149 262 
0 50 148 
0 51 184 25 130 99 
0 52 134 230 202 20 151 121 
0 53 65 90 243 31 
0 54 1 233 45 239 18 89 283 
0 55 228 68 229 276 21 
0 56 162 63 236 55 
0 57 296 104 10 220 189 
0 58 20 126 
0 59 1 258 5 162 210 51 52 
0 60 178 275 242 166 
0 61 97 229 74 75 205 245 217 218 63 
0 62 100 
0 63 134 110 52 248 91 188 158 
0 64 80 
0 65 184 82 143 255 247 
0 66 288 256 258 54 31 
0 67 176 145 289 
0 68 128 296 253 177 
0 69 256 66 274 
0 70 185 182 
0 71 211 
0 72 136 88 259 
0 73 67 
0 74 46 
0 75 244 214 
0 76 232 152 258 285 169 
0 77 291 72 238 178 46 279 
0 78 64 230 104 212 277 126 
0 79 53 166 109 
0 80 178 140 126 54 255 
0 81 168 155 246 175 
0 82 31 
0 83 232 183 109 87 
0 84 128 37 
0 85 42 205 271 144 51 153 90 266 
0 86 217 143 
0 87 256 98 
0 88 98 195 228 231 277 153 
0 89 207 79 
0 90 1 155 171 158 
0 91 75 204 
0 92 297 194 266 
0 93 274 69 
0 94 98 207 14 47 
0 95 173 85 70 77 
0 96 
0 97 224 185 223 
0 98 113 58 3 193 
0 99 291 
0 100 96 188 45 230 173 
0 101 176 148 222 
0 102 208 186 252 
0 103 90 179 159 274 125 
0 104 35 182 237 240 86 29 
0 105 192 69 235 250 26 191 
0 106 299 
0 107 168 222 
0 108 121 236 169 
0 109 83 236 5 230 269 
0 110 13 189 
0 111 288 104 
0 112 153 235 39 
0 113 290 283 204 293 174 
0 114 291 
0 115 105 28 165 117 
0 116 248 66 258 122 238 
0 117 257 67 35 223 
0 118 13 
0 119 3 147 173 203 
0 120 
0 121 177 293 
0 122 136 169 101 174 191 
0 123 49 10 260 277 191 
0 124 54 
0 125 24 43 53 
0 126 111 
0 127 164 135 
0 128 17 259 260 247 
0 129 259 
0 130 21 
0 131 58 74 111 
0 132 256 249 226 29 293 
0 133 177 2 69 245 
0 134 112 121 130 251 118 
0 135 168 282 14 134 117 
0 136 131 238 31 
0 137 273 2 221 
0 138 51 202 299 108 247 
0 139 208 89 179 6 207 
0 140 240 9 63 117 32 
0 141 51 252 77 127 
0 142 97 34 134 266 15 118 
0 143 275 225 147 179 174 
0 144 226 26 52 45 261 
0 145 117 
0 146 298 272 242 121 234 62 
0 147 273 183 1 
0 148 22 103 
0 149 297 10 44 173 143 180 95 
0 150 74 68 250 
0 151 217 172 134 233 
0 152 160 66 103 
0 153 168 281 85 
0 154 177 
0 155 167 178 212 54 217 60 
0 156 266 
0 157 3 198 106 141 271 62 
0 158 207 
0 159 216 147 143 
0 160 126 35 197 78 39 
0 161 217 18 101 78 
0 162 24 152 204 22 
0 163 136 125 175 
0 164 1 132 230 41 16 117 278 
0 165 243 245 294 
0 166 80 255 38 55 
0 167 
0 168 160 186 18 279 
0 169 72 33 138 211 111 
0 170 33 161 116 215 120 27 
0 171 0 232 45 278 184 92 
0 172 166 177 107 273 88 57 186 127 
0 173 209 194 123 49 223 
0 174 211 
0 175 214 
0 176 257 42 55 111 
0 177 218 115 62 143 
0 178 256 177 18 
0 179 152 141 
0 180 120 121 22 57 
0 181 222 4 86 254 
0 182 36 12 278 
0 183 57 138 250 
0 184 18 163 239 189 77 
0 185 267 125 
0 186 128 160 7 43 146 62 
0 187 191 258 39 141 247 
0 188 207 6 103 
0 189 284 174 134 158 
0 190 197 203 238 111 210 118 
0 191 278 135 
0 192 273 173 
0 193 184 209 178 22 207 
0 194 195 6 
0 195 185 125 78 133 
0 196 160 114 35 254 
0 197 217 298 123 234 239 
0 198 209 297 253 137 
0 199 65 206 14 119 
0 200 288 80 138 149 182 
0 201 137 6 
0 202 152 132 13 247 
0 203 18 
0 204 184 138 141 23 
0 205 217 285 222 57 
0 206 209 117 
0 207 257 105 10 119 122 125 
0 208 247 
0 209 165 43 12 244 151 248 276 284 
0 210 24 160 165 214 49 
0 211 104 233 74 139 135 
0 212 260 283 131 151 
0 213 294 7 207 147 23 219 
0 214 64 76 185 93 158 287 
0 215 95 15 
0 216 164 132 148 254 
0 217 67 198 295 13 15 250 
0 218 11 20 263 
0 219 34 187 293 182 
0 220 129 100 277 
0 221 265 131 
0 222 100 230 111 
0 223 136 45 70 127 
0 224 103 96 115 252 143 
0 225 90 207 77 47 
0 226 276 36 177 254 207 
0 227 118 28 293 294 
0 228 136 
0 229 154 75 251 
0 230 188 191 
0 231 264 34 
0 232 159 271 
0 233 75 172 93 70 
0 234 119 68 213 270 223 
0 235 297 259 61 157 
0 236 80 133 
0 237 72 185 50 46 
0 238 56 266 196 293 70 
0 239 4 266 235 78 86 183 222 
0 240 62 
0 241 148 36 
0 242 7 185 91 15 
0 243 73 74 2 85 154 
0 244 
0 245 121 
0 246 256 51 187 
0 247 187 62 
0 248 145 170 44 257 
0 249 129 264 266 174 153 92 
0 250 240 145 278 
0 251 144 146 78 102 229 
0 252 205 230 
0 253 169 266 
0 254 232 60 
0 255 144 89 63 
0 256 280 50 84 54 70 
0 257 296 32 35 126 22 
0 258 256 122 34 70 
0 259 272 15 
0 260 37 
0 261 196 215 
0 262 265 260 4 159 
0 263 171 295 71 14 221 208 49 61 
0 264 104 242 154 102 
0 265 291 198 298 203 177 202 
0 266 44 149 117 
0 267 297 197 
0 268 77 126 247 
0 269 275 156 222 
0 270 107 189 
0 271 34 133 108 249 190 63 
0 272 24 130 91 127 
0 273 153 284 197 
0 274 298 143 214 23 90 282 
0 275 297 194 14 
0 276 195 42 13 243 213 185 
0 277 120 45 126 
0 278 72 76 45 283 253 287 
0 279 185 107 212 14 
0 280 226 259 252 221 22 
0 281 19 192 67 215 
0 282 34 298 
0 283 163 77 21 
0 284 178 29 
0 285 4 201 42 14 174 250 
0 286 151 143 
0 287 132 50 124 
0 288 24 201 34 223 
0 289 136 140 3 180 287 
0 290 96 
0 291 136 75 155 122 31 
0 292 250 268 
0 293 7 176 177 118 119 56 156 30 
0 294 152 250 15 
0 295 40 265 18 213 
0 296 34 
0 297 11 209 147 20 
0 298 35 103 238 207 276 213 52 92 254 
0 299 293 204 178 86 153 122 
900 0 198 14 55 
900 1 16 229 197 
900 2 232 106 77 206 178 298 
900 3 129 154 259 37 126 
900 4 297 266 269 142 188 253 190 
900 5 228 69 199 206 239 152 
900 6 217 138 44 94 263 
900 7 121 196 101 
900 8 128 33 134 256 238 239 145 90 
900 9 154 253 
900 10 232 104 19 204 223 
900 11 273 215 
900 12 288 66 
900 13 256 133 230 46 86 57 158 
900 14 189 294 
900 15 64 257 126 81 
900 16 196 39 73 76 176 233 
900 17 60 44 286 
900 18 197 166 
900 19 104 
900 20 284 252 
900 21 8 209 149 133 
900 22 272 
900 23 267 107 
900 24 99 37 198 108 45 14 3 184 155 92 
900 25 152 163 
900 26 144 217 269 
900 27 90 284 21 238 
900 28 128 194 131 137 15 183 222 
900 29 73 262 199 
900 30 1 65 249 
900 31 26 118 12 205 14 
900 32 268 68 110 
900 33 133 11 46 248 124 159 
900 34 284 22 23 
900 35 184 209 106 42 266 
900 36 144 132 197 134 101 
900 37 215 
900 38 183 39 
900 39 218 19 
900 41 114 
900 42 176 81 
900 43 261 199 44 54 151 255 
900 44 96 133 203 205 154 62 
900 45 250 
900 46 257 166 83 20 85 88 124 
900 47 188 85 
900 48 91 221 
900 49 168 297 130 149 262 
900 50 148 
900 53 65 90 243 31 
900 54 1 233 45 239 18 89 
900 55 228 68 229 276 21 
900 56 162 63 236 55 
900 57 296 104 10 220 189 
900 58 20 126 
900 59 1 162 258 210 5 
900 60 178 275 242 166 
900 61 97 229 74 75 205 245 217 218 63 
900 62 100 
900 63 134 110 248 91 188 158 
900 64 80 
900 65 184 82 143 255 247 
900 66 288 256 258 54 31 
900 67 176 145 289 
900 68 128 296 253 177 
900 69 256 66 274 
900 70 185 
900 71 211 
900 72 136 88 259 
900 73 67 
900 74 46 
900 75 244 214 
900 76 232 152 258 285 169 
900 77 291 72 238 178 46 279 
900 78 64 230 104 212 277 126 
900 79 53 166 109 
900 80 178 140 126 54 255 
900 81 168 155 246 175 
900 82 31 
900 83 232 183 109 87 
900 85 42 205 271 144 153 90 266 
900 86 217 143 
900 87 256 98 
900 88 98 195 228 231 277 153 
900 89 79 
900 90 1 155 171 158 
900 91 75 204 
900 92 297 194 266 
900 93 274 69 
900 94 98 14 47 
900 95 173 85 70 77 
900 96 
900 97 224 185 223 
900 98 113 58 3 193 
900 99 291 
900 100 96 188 45 230 173 
900 101 176 148 222 
900 102 208 186 252 
900 103 90 179 159 274 125 
900 104 35 29 86 237 
900 105 192 69 235 250 26 191 
900 106 299 
900 107 168 222 
900 108 121 236 169 
900 109 83 236 5 230 269 
900 110 13 189 
900 111 288 104 
900 112 153 235 39 
900 113 290 204 293 174 
900 114 291 
900 115 105 28 165 117 
900 116 248 66 258 122 238 
900 117 257 67 35 223 
900 118 13 
900 119 3 147 173 203 
900 120 
900 121 177 293 
900 122 136 169 101 174 191 
900 123 49 10 260 277 191 
900 124 54 
900 125 24 43 53 
900 126 111 
900 127 164 
900 128 17 259 260 247 
900 129 259 
900 130 21 
900 131 58 74 111 
900 132 256 249 226 29 293 
900 133 177 2 69 245 
900 134 112 121 130 251 118 
900 136 131 238 31 
900 137 273 2 221 
900 138 202 299 108 247 
900 139 208 89 179 6 
900 140 32 9 117 63 
900 141 252 77 127 
900 142 97 34 134 266 15 118 
900 143 275 225 147 179 174 
900 144 226 26 45 261 
900 145 117 
900 146 298 272 242 121 234 62 
900 147 273 183 1 
900 148 22 103 
900 149 297 10 44 173 143 180 95 
900 150 74 68 250 
900 151 217 172 134 233 
900 152 160 66 103 
900 153 168 281 85 
900 154 177 
900 155 167 178 212 54 217 60 
900 157 3 198 106 141 271 62 
900 158 
900 159 216 147 143 
900 160 126 35 197 78 39 
900 161 217 18 101 78 
900 162 24 152 204 22 
900 163 136 125 175 
900 164 1 132 230 41 16 117 278 
900 165 243 245 294 
900 166 80 255 38 55 
900 167 
900 168 160 186 18 279 
900 169 72 33 138 211 111 
900 170 33 161 116 215 120 27 
900 171 0 232 45 278 184 92 
900 172 166 177 107 273 88 57 186 127 
900 173 209 194 123 49 223 
900 174 211 
900 175 214 
900 176 257 42 55 111 
900 177 218 115 62 143 
900 178 256 177 18 
900 179 152 141 
900 180 120 121 22 57 
900 181 222 4 86 254 
900 183 57 138 250 
900 184 18 163 239 189 77 
900 185 267 125 
900 186 128 160 7 43 146 62 
900 188 6 103 
900 189 284 174 134 158 
900 190 197 203 238 111 210 118 
900 191 278 
900 192 273 173 
900 193 184 209 178 22 
900 194 195 6 
900 195 185 125 78 133 
900 196 160 114 35 254 
900 197 217 298 123 234 239 
900 198 209 297 253 137 
900 199 65 206 14 119 
900 200 288 80 138 149 
900 201 137 6 
900 202 152 132 13 247 
900 203 18 
900 204 184 138 141 23 
900 205 217 285 222 57 
900 206 209 117 
900 208 247 
900 209 165 43 12 244 151 248 276 284 
900 210 24 160 165 214 49 
900 211 104 233 74 139 
900 212 131 260 151 
900 213 7 147 294 219 23 
900 214 64 76 185 93 158 287 
900 215 95 15 
900 216 164 132 148 254 
900 217 67 198 295 13 15 250 
900 218 11 20 263 
900 219 34 293 
900 220 129 100 277 
900 221 131 
900 222 100 230 111 
900 223 136 45 70 127 
900 224 103 96 115 252 143 
900 225 90 77 47 
900 226 276 36 254 177 
900 227 118 28 293 294 
900 228 136 
900 229 154 75 251 
900 230 188 191 
900 231 264 34 
900 232 159 271 
900 233 75 172 93 70 
900 234 119 68 213 270 223 
900 235 297 259 61 157 
900 236 80 133 
900 237 72 185 50 46 
900 238 56 266 196 293 70 
900 239 4 266 235 78 86 183 222 
900 241 148 36 
900 242 7 185 91 15 
900 243 73 74 2 85 154 
900 244 
900 245 121 
900 246 256 
900 247 62 
900 248 145 170 44 257 
900 249 129 264 266 174 153 92 
900 250 145 278 
900 251 144 146 78 102 229 
900 252 205 230 
900 253 169 266 
900 254 232 60 
900 255 144 89 63 
900 256 280 50 54 70 
900 257 296 32 35 126 22 
900 258 256 122 34 70 
900 259 272 15 
900 260 37 
900 261 196 215 
900 262 4 260 159 
900 263 171 295 71 14 221 208 49 61 
900 264 104 242 154 102 
900 266 44 149 117 
900 267 297 197 
900 268 77 126 247 
900 269 275 222 
900 270 107 189 
900 271 34 133 108 249 190 63 
900 272 24 130 91 127 
900 273 153 284 197 
900 274 298 143 214 23 90 282 
900 275 297 194 14 
900 276 195 42 13 243 213 185 
900 277 120 45 126 
900 278 72 287 76 45 253 
900 279 185 107 212 14 
900 280 226 259 252 221 22 
900 281 19 192 67 215 
900 282 34 298 
900 284 178 29 
900 285 4 201 42 14 174 250 
900 286 151 143 
900 287 132 50 124 
900 288 24 201 34 223 
900 289 136 140 3 180 287 
900 290 96 
900 291 136 75 155 122 31 
900 293 7 176 177 118 119 56 30 
900 294 152 250 15 
900 295 18 213 
900 296 34 
900 297 11 209 147 20 
900 298 35 103 238 276 213 92 254 
900 299 293 204 178 86 153 122 
1800 0 198 14 55 
1800 1 16 229 197 
1800 2 232 106 77 206 178 298 
1800 3 129 154 259 37 126 
1800 4 297 266 269 142 188 253 190 
1800 5 152 228 69 206 199 
1800 6 217 138 44 94 263 
1800 7 121 196 
1800 8 128 33 134 256 238 145 90 
1800 9 154 253 
1800 10 232 104 19 204 223 
1800 11 273 215 
1800 12 288 
1800 13 256 133 230 46 86 57 158 
1800 14 189 294 
1800 15 64 257 126 81 
1800 16 233 76 196 73 39 
1800 17 60 44 286 
1800 18 197 166 
1800 19 104 
1800 20 284 252 
1800 21 8 209 149 133 
1800 22 272 
1800 23 267 107 
1800 24 99 37 198 45 14 3 184 155 92 
1800 25 152 163 
1800 26 144 217 269 
1800 27 90 284 21 238 
1800 28 128 194 131 137 15 183 222 
1800 29 73 262 199 
1800 30 1 65 249 
1800 31 26 118 12 205 14 
1800 32 268 68 110 
1800 33 133 11 46 248 124 159 
1800 34 284 22 23 
1800 35 184 209 106 42 266 
1800 36 144 132 197 134 
1800 37 215 
1800 38 183 39 
1800 39 218 19 
1800 41 114 
1800 42 81 
1800 43 261 199 44 54 151 255 
1800 44 96 133 203 205 154 62 
1800 45 250 
1800 46 257 166 83 20 85 88 124 
1800 47 188 85 
1800 48 91 221 
1800 49 168 297 130 149 262 
1800 50 148 
1800 53 65 90 243 31 
1800 54 233 18 45 89 1 
1800 55 228 68 229 276 21 
1800 56 162 63 236 55 
1800 57 296 104 10 220 189 
1800 58 20 126 
1800 59 1 162 258 210 5 
1800 60 178 275 166 
1800 61 97 229 74 75 205 245 217 218 63 
1800 62 100 
1800 63 134 110 248 91 188 158 
1800 64 80 
1800 65 184 82 143 255 247 
1800 67 289 145 
1800 68 128 296 253 177 
1800 69 256 274 
1800 70 185 
1800 71 211 
1800 72 136 88 259 
1800 73 67 
1800 74 46 
1800 75 244 214 
1800 76 232 152 258 169 
1800 77 291 72 238 178 46 279 
1800 78 64 230 104 212 277 126 
1800 79 53 166 109 
1800 80 178 140 126 54 255 
1800 81 168 155 246 175 
1800 82 31 
1800 83 232 183 109 87 
1800 85 42 205 271 144 153 90 266 
1800 86 217 143 
1800 87 256 98 
1800 88 98 195 228 231 277 153 
1800 89 79 
1800 90 1 155 171 158 
1800 91 75 204 
1800 92 297 194 266 
1800 93 274 69 
1800 94 98 14 47 
1800 95 173 85 70 77 
1800 96 
1800 97 224 185 223 
1800 98 113 58 3 193 
1800 99 291 
1800 100 96 188 45 230 173 
1800 102 208 186 252 
1800 103 90 179 159 274 125 
1800 104 35 29 86 
1800 105 192 69 235 250 26 191 
1800 106 299 
1800 107 168 222 
1800 109 83 236 5 230 269 
1800 110 13 189 
1800 111 288 104 
1800 112 153 235 39 
1800 113 290 204 293 174 
1800 114 291 
1800 115 105 28 117 
1800 116 248 122 258 238 
1800 117 257 67 35 223 
1800 118 13 
1800 119 3 147 173 203 
1800 120 
1800 121 177 293 
1800 122 136 169 174 191 
1800 123 49 10 260 277 191 
1800 124 54 
1800 125 24 43 53 
1800 126 111 
1800 127 164 
1800 128 17 259 260 247 
1800 129 259 
1800 130 21 
1800 131 58 74 111 
1800 132 256 249 226 29 293 
1800 133 177 2 69 245 
1800 134 112 121 130 251 118 
1800 136 131 238 31 
1800 137 273 2 221 
1800 138 202 299 247 
1800 139 208 89 179 6 
1800 140 32 9 117 63 
1800 141 252 77 127 
1800 142 97 34 134 266 15 118 
1800 143 275 225 147 179 174 
1800 144 226 26 45 261 
1800 145 117 
1800 146 272 121 234 298 62 
1800 147 273 183 1 
1800 148 22 103 
1800 149 297 10 44 173 143 180 95 
1800 150 74 68 250 
1800 151 217 134 233 
1800 152 160 103 
1800 153 168 281 85 
1800 154 177 
1800 155 167 178 212 54 217 60 
1800 157 3 198 106 141 271 62 
1800 158 
1800 159 147 143 
1800 160 126 35 197 78 39 
1800 161 217 18 78 
1800 162 24 152 204 22 
1800 163 136 125 175 
1800 164 1 132 230 41 16 117 278 
1800 166 80 255 38 55 
1800 167 
1800 168 160 186 18 279 
1800 169 72 33 138 211 111 
1800 170 33 161 116 215 120 27 
1800 171 0 232 45 278 184 92 
1800 173 209 194 123 49 223 
1800 174 211 
1800 175 214 
1800 177 218 115 62 143 
1800 178 256 177 18 
1800 179 152 141 
1800 180 120 121 22 57 
1800 181 222 4 86 254 
1800 183 57 138 250 
1800 184 18 163 189 77 
1800 185 267 125 
1800 186 128 160 7 43 146 62 
1800 188 6 103 
1800 189 284 174 134 158 
1800 190 197 203 238 111 210 118 
1800 191 278 
1800 192 273 173 
1800 193 184 209 178 22 
1800 194 195 6 
1800 195 185 125 78 133 
1800 196 160 114 35 254 
1800 197 217 234 123 298 
1800 198 209 297 253 137 
1800 199 65 206 14 119 
1800 200 288 80 138 149 
1800 201 137 6 
1800 202 152 132 13 247 
1800 203 18 
1800 204 184 138 141 23 
1800 205 217 222 57 
1800 206 209 117 
1800 208 247 
1800 209 43 12 244 151 248 276 284 
1800 210 24 160 214 49 
1800 211 104 233 74 139 
1800 212 131 260 151 
1800 213 7 147 294 219 23 
1800 214 64 185 76 93 158 
1800 215 95 15 
1800 217 67 198 295 13 15 250 
1800 218 11 20 263 
1800 219 34 293 
1800 220 129 100 277 
1800 221 131 
1800 222 100 230 111 
1800 223 136 45 70 127 
1800 224 103 96 115 252 143 
1800 225 90 77 47 
1800 226 276 36 254 177 
1800 227 118 28 293 294 
1800 228 136 
1800 229 154 75 251 
1800 230 188 191 
1800 231 264 34 
1800 232 159 271 
1800 233 75 93 70 
1800 234 119 68 213 223 
1800 235 297 259 61 157 
1800 236 80 133 
1800 238 56 266 196 293 70 
1800 241 148 36 
1800 243 73 74 2 85 154 
1800 244 
1800 245 121 
1800 246 256 
1800 247 62 
1800 248 145 170 44 257 
1800 249 129 264 266 174 153 92 
1800 250 145 278 
1800 251 144 146 78 102 229 
1800 252 205 230 
1800 253 169 266 
1800 254 232 60 
1800 255 144 89 63 
1800 256 280 50 54 70 
1800 257 296 32 35 126 22 
1800 258 256 122 34 70 
1800 259 272 15 
1800 260 37 
1800 261 196 215 
1800 262 4 260 159 
1800 263 171 295 71 14 221 208 49 61 
1800 264 104 154 102 
1800 266 44 149 117 
1800 267 297 197 
1800 268 77 126 247 
1800 269 275 222 
1800 271 249 34 133 190 63 
1800 272 24 130 91 127 
1800 273 153 284 197 
1800 274 298 143 214 23 90 282 
1800 275 297 194 14 
1800 276 195 42 13 243 213 185 
1800 277 120 45 126 
1800 278 72 76 253 45 
1800 279 185 107 212 14 
1800 280 226 259 252 221 22 
1800 281 19 192 67 215 
1800 282 34 298 
1800 284 178 29 
1800 286 151 143 
1800 288 24 201 34 223 
1800 289 136 140 3 180 
1800 290 96 
1800 291 136 75 155 122 31 
1800 293 7 177 118 119 56 30 
1800 294 152 250 15 
1800 295 18 213 
1800 296 34 
1800 297 11 209 147 20 
1800 298 35 103 238 276 213 92 254 
1800 299 293 204 178 86 153 122 
2700 0 198 14 55 
2700 1 16 229 197 
2700 2 232 106 77 206 178 298 
2700 3 129 154 259 37 
2700 4 297 266 269 142 253 190 
2700 5 152 228 69 206 199 
2700 6 217 138 44 94 263 
2700 7 121 196 
2700 8 256 145 90 238 134 
2700 9 154 253 
2700 10 232 104 19 204 223 
2700 11 273 215 
2700 12 288 
2700 13 256 133 230 46 86 57 158 
2700 14 189 294 
2700 15 64 257 81 
2700 16 233 76 196 73 
2700 17 60 44 286 
2700 18 197 166 
2700 19 104 
2700 20 284 252 
2700 21 8 209 149 133 
2700 22 272 
2700 23 267 107 
2700 24 99 37 198 45 14 3 184 155 92 
2700 25 152 163 
2700 26 217 269 
2700 27 90 284 21 238 
2700 28 194 131 137 15 183 222 
2700 29 73 262 199 
2700 30 1 65 249 
2700 31 26 118 12 205 14 
2700 32 268 68 110 
2700 34 284 22 23 
2700 35 184 209 106 42 266 
2700 36 197 134 
2700 37 215 
2700 38 183 
2700 41 
2700 42 81 
2700 43 261 199 44 54 151 255 
2700 44 154 205 62 133 
2700 45 250 
2700 46 257 166 83 20 85 88 124 
2700 47 85 
2700 48 91 221 
2700 49 168 297 130 149 262 
2700 50 148 
2700 53 65 90 243 31 
2700 54 233 18 45 89 1 
2700 55 228 68 229 276 21 
2700 56 162 63 236 55 
2700 57 296 104 10 220 189 
2700 58 20 
2700 59 1 162 258 210 5 
2700 60 178 275 166 
2700 61 97 229 74 75 205 245 217 218 63 
2700 62 100 
2700 63 248 110 91 158 134 
2700 64 80 
2700 65 184 82 143 255 247 
2700 67 289 145 
2700 68 296 177 253 
2700 69 256 274 
2700 70 185 
2700 71 211 
2700 72 136 88 259 
2700 73 67 
2700 74 46 
2700 75 244 214 
2700 76 232 152 258 169 
2700 77 291 72 238 178 46 279 
2700 78 64 104 212 277 230 
2700 79 53 166 109 
2700 80 178 140 54 255 
2700 81 168 155 246 175 
2700 82 31 
2700 83 232 183 109 87 
2700 85 42 205 271 153 90 266 
2700 86 217 143 
2700 87 256 98 
2700 88 98 195 228 231 277 153 
2700 89 79 
2700 90 1 155 171 158 
2700 91 75 204 
2700 92 297 194 266 
2700 93 274 69 
2700 94 98 14 47 
2700 95 173 85 70 77 
2700 97 224 185 223 
2700 98 113 58 3 193 
2700 99 291 
2700 100 45 230 173 
2700 102 208 186 252 
2700 103 90 179 159 274 125 
2700 104 35 29 86 
2700 105 192 69 235 250 26 191 
2700 106 299 
2700 107 168 222 
2700 109 83 236 5 230 269 
2700 110 13 189 
2700 111 288 104 
2700 112 153 235 
2700 113 290 204 293 174 
2700 115 105 28 117 
2700 116 248 122 258 238 
2700 117 257 67 35 223 
2700 118 13 
2700 119 3 147 173 
2700 121 177 293 
2700 122 136 169 174 191 
2700 123 49 10 260 277 191 
2700 124 54 
2700 125 24 43 53 
2700 127 164 
2700 129 259 
2700 130 21 
2700 131 58 74 111 
2700 133 177 2 69 245 
2700 134 112 121 130 251 118 
2700 136 131 238 31 
2700 137 273 2 221 
2700 138 202 299 247 
2700 139 208 89 179 6 
2700 140 32 9 117 63 
2700 141 252 77 127 
2700 142 97 34 134 266 15 118 
2700 143 275 225 147 179 174 
2700 145 117 
2700 146 272 121 234 298 62 
2700 147 273 183 1 
2700 148 22 103 
2700 149 297 10 44 173 143 180 95 
2700 150 74 68 250 
2700 151 217 134 233 
2700 152 160 103 
2700 153 168 281 85 
2700 154 177 
2700 155 167 178 212 54 217 60 
2700 157 3 198 106 141 271 62 
2700 158 
2700 159 147 143 
2700 160 35 197 78 
2700 161 217 18 78 
2700 162 24 152 204 22 
2700 163 136 125 175 
2700 164 1 230 41 16 117 278 
2700 166 80 255 38 55 
2700 167 
2700 168 160 186 18 279 
2700 169 72 138 211 111 
2700 170 161 27 116 215 
2700 171 0 232 45 278 184 92 
2700 173 209 194 123 49 223 
2700 174 211 
2700 175 214 
2700 177 218 115 62 143 
2700 178 256 177 18 
2700 179 152 141 
2700 180 121 22 57 
2700 181 222 4 86 254 
2700 183 57 138 250 
2700 184 18 163 189 77 
2700 185 267 125 
2700 186 160 146 43 62 7 
2700 189 284 174 134 158 
2700 190 238 210 197 118 111 
2700 191 278 
2700 192 273 173 
2700 193 184 209 178 22 
2700 194 195 6 
2700 195 185 125 78 133 
2700 196 160 35 254 
2700 197 217 234 123 298 
2700 198 209 297 253 137 
2700 199 65 206 14 119 
2700 200 288 80 138 149 
2700 201 137 6 
2700 202 152 13 247 
2700 204 184 138 141 23 
2700 205 217 222 57 
2700 206 209 117 
2700 208 247 
2700 209 43 12 244 151 248 276 284 
2700 210 24 160 214 49 
2700 211 104 233 74 139 
2700 212 131 260 151 
2700 213 7 147 294 219 23 
2700 214 64 185 76 93 158 
2700 215 95 15 
2700 217 250 67 13 198 15 
2700 218 11 20 263 
2700 219 34 293 
2700 220 129 100 277 
2700 221 131 
2700 222 100 230 111 
2700 223 136 45 70 127 
2700 224 103 115 252 143 
2700 225 90 77 47 
2700 227 118 28 293 294 
2700 228 136 
2700 229 154 75 251 
2700 230 191 
2700 231 264 34 
2700 232 159 271 
2700 233 75 93 70 
2700 234 119 68 213 223 
2700 235 297 259 61 157 
2700 236 80 133 
2700 238 56 266 196 293 70 
2700 241 148 36 
2700 243 73 74 2 85 154 
2700 244 
2700 245 121 
2700 246 256 
2700 247 62 
2700 248 145 170 44 257 
2700 249 129 264 266 174 153 92 
2700 250 145 278 
2700 251 146 78 102 229 
2700 252 205 230 
2700 253 169 266 
2700 254 232 60 
2700 255 89 63 
2700 256 280 50 54 70 
2700 257 296 32 35 22 
2700 258 256 122 34 70 
2700 259 272 15 
2700 260 37 
2700 261 196 215 
2700 262 4 260 159 
2700 263 71 171 14 221 208 49 61 
2700 264 104 154 102 
2700 266 44 149 117 
2700 267 297 197 
2700 268 77 247 
2700 269 275 222 
2700 271 249 34 133 190 63 
2700 272 24 130 91 127 
2700 273 153 284 197 
2700 274 298 143 214 23 90 282 
2700 275 297 194 14 
2700 276 195 42 13 243 213 185 
2700 277 45 
2700 278 72 76 253 45 
2700 279 185 107 212 14 
2700 280 259 252 221 22 
2700 281 19 192 67 215 
2700 282 34 298 
2700 284 178 29 
2700 286 151 143 
2700 288 24 201 34 223 
2700 289 136 140 3 180 
2700 290 
2700 291 136 75 155 122 31 
2700 293 7 177 118 119 56 30 
2700 294 152 250 15 
2700 296 34 
2700 297 11 209 147 20 
2700 298 35 103 238 276 213 92 254 
2700 299 293 204 178 86 153 122 
3600 0 198 14 55 
3600 1 16 229 197 
3600 2 232 178 106 206 77 
3600 3 129 154 259 37 
3600 4 297 266 269 142 253 190 
3600 5 152 228 69 206 199 
3600 6 217 138 44 94 263 
3600 7 121 196 
3600 8 256 145 90 238 134 
3600 9 154 253 
3600 10 232 104 19 204 223 
3600 11 273 215 
3600 12 288 
3600 13 256 133 230 46 86 57 158 
3600 14 189 294 
3600 15 64 257 81 
3600 16 233 76 196 
3600 17 60 44 286 
3600 18 197 166 
3600 19 104 
3600 20 252 
3600 21 8 209 149 133 
3600 22 272 
3600 23 267 107 
3600 24 3 37 198 45 14 184 155 92 
3600 25 152 163 
3600 26 217 269 
3600 27 90 21 238 
3600 28 194 131 137 15 183 222 
3600 29 262 199 
3600 30 1 65 249 
3600 31 26 118 12 205 14 
3600 32 268 68 110 
3600 34 22 23 
3600 35 184 209 106 42 266 
3600 36 197 134 
3600 37 215 
3600 38 183 
3600 41 
3600 42 81 
3600 43 255 44 261 199 151 
3600 44 154 205 62 133 
3600 45 250 
3600 46 257 166 83 20 85 88 124 
3600 47 85 
3600 48 91 221 
3600 49 168 297 130 149 262 
3600 50 148 
3600 53 65 90 243 31 
3600 55 228 68 229 276 21 
3600 56 63 236 55 
3600 57 296 104 10 220 189 
3600 60 178 275 166 
3600 61 97 229 74 75 205 245 217 63 
3600 62 100 
3600 63 248 110 91 158 134 
3600 64 80 
3600 65 184 82 143 255 247 
3600 67 289 145 
3600 68 296 177 253 
3600 69 256 274 
3600 70 185 
3600 71 211 
3600 72 136 88 259 
3600 74 46 
3600 75 244 214 
3600 76 232 152 258 169 
3600 77 291 72 238 178 46 279 
3600 78 64 104 277 230 
3600 79 53 166 109 
3600 80 178 140 255 
3600 81 168 155 
3600 82 31 
3600 83 232 109 183 
3600 85 42 205 271 153 90 266 
3600 86 217 143 
3600 88 98 195 228 231 277 153 
3600 89 79 
3600 90 1 155 171 158 
3600 91 75 204 
3600 92 297 194 266 
3600 93 274 69 
3600 94 98 14 47 
3600 95 173 85 70 77 
3600 97 224 185 223 
3600 98 193 3 113 
3600 100 45 230 173 
3600 102 208 186 252 
3600 103 90 179 159 274 125 
3600 104 35 29 86 
3600 105 192 69 235 250 26 191 
3600 106 299 
3600 107 168 222 
3600 109 83 236 5 230 269 
3600 110 13 189 
3600 111 288 104 
3600 112 153 235 
3600 113 290 204 293 174 
3600 115 105 28 117 
3600 116 248 122 258 238 
3600 117 257 67 35 223 
3600 118 13 
3600 119 3 147 173 
3600 121 177 293 
3600 122 136 169 174 191 
3600 123 49 10 260 277 191 
3600 124 
3600 125 24 43 53 
3600 127 164 
3600 129 259 
3600 130 21 
3600 131 74 111 
3600 133 177 2 69 245 
3600 134 112 121 130 251 118 
3600 136 131 238 31 
3600 137 273 2 221 
3600 138 202 299 247 
3600 139 208 89 179 6 
3600 140 32 9 117 63 
3600 141 252 77 127 
3600 142 97 34 134 266 15 118 
3600 143 275 225 147 179 174 
3600 145 117 
3600 146 272 121 234 62 
3600 147 273 183 1 
3600 148 22 103 
3600 149 297 10 44 173 143 180 95 
3600 150 74 68 250 
3600 151 217 134 233 
3600 152 160 103 
3600 153 168 281 85 
3600 154 177 
3600 155 217 178 60 167 
3600 157 3 198 106 141 271 62 
3600 158 
3600 159 147 143 
3600 160 35 197 78 
3600 161 217 18 78 
3600 163 136 125 
3600 164 1 230 41 16 117 278 
3600 166 80 255 38 55 
3600 167 
3600 168 160 186 18 279 
3600 169 72 138 211 111 
3600 170 161 27 116 215 
3600 171 0 232 45 278 184 92 
3600 173 209 194 123 49 223 
3600 174 211 
3600 177 115 62 143 
3600 178 256 177 18 
3600 179 152 141 
3600 180 121 22 57 
3600 181 222 4 86 254 
3600 183 57 138 250 
3600 184 18 163 189 77 
3600 185 267 125 
3600 186 160 146 43 62 7 
3600 189 174 134 158 
3600 190 238 210 197 118 111 
3600 191 278 
3600 192 273 173 
3600 193 184 209 178 22 
3600 194 195 6 
3600 195 185 125 78 133 
3600 196 160 35 254 
3600 197 217 234 123 
3600 198 209 297 253 137 
3600 199 65 206 14 119 
3600 200 288 80 138 149 
3600 201 137 6 
3600 202 152 13 247 
3600 204 184 138 141 23 
3600 205 217 222 57 
3600 206 209 117 
3600 208 247 
3600 209 43 12 244 151 248 276 
3600 210 24 160 214 49 
3600 211 104 233 74 139 
3600 213 7 147 294 219 23 
3600 214 64 185 76 93 158 
3600 215 95 15 
3600 217 250 67 13 198 15 
3600 219 34 293 
3600 220 129 100 277 
3600 221 131 
3600 222 100 230 111 
3600 223 136 45 70 127 
3600 224 103 115 252 143 
3600 225 90 77 47 
3600 227 118 28 293 294 
3600 228 136 
3600 229 154 75 251 
3600 230 191 
3600 231 264 34 
3600 232 159 271 
3600 233 75 93 70 
3600 234 119 68 213 223 
3600 235 297 259 61 157 
3600 236 80 133 
3600 238 56 266 196 293 70 
3600 241 148 36 
3600 243 74 2 85 154 
3600 244 
3600 245 121 
3600 247 62 
3600 248 145 170 44 257 
3600 249 129 264 266 174 153 92 
3600 250 145 278 
3600 251 146 78 102 229 
3600 252 205 230 
3600 253 169 266 
3600 254 232 60 
3600 255 89 63 
3600 256 280 50 70 
3600 257 296 32 35 22 
3600 258 256 122 34 70 
3600 259 272 15 
3600 260 37 
3600 261 196 215 
3600 262 4 260 159 
3600 263 71 171 14 221 208 49 61 
3600 264 104 154 102 
3600 266 44 149 117 
3600 267 297 197 
3600 268 77 247 
3600 269 275 222 
3600 271 249 34 133 190 63 
3600 272 24 130 91 127 
3600 273 153 197 
3600 274 90 143 282 214 23 
3600 275 297 194 14 
3600 276 195 42 13 243 213 185 
3600 277 45 
3600 278 72 76 253 45 
3600 279 185 107 14 
3600 280 259 252 221 22 
3600 281 19 192 67 215 
3600 282 34 
3600 286 151 143 
3600 288 24 201 34 223 
3600 289 136 140 3 180 
3600 290 
3600 291 136 75 155 122 31 
3600 293 7 177 118 119 56 30 
3600 294 152 250 15 
3600 296 34 
3600 297 11 209 147 20 
3600 299 293 204 178 86 153 122 
4500 0 198 14 55 
4500 1 16 229 197 
4500 2 232 178 106 206 77 
4500 3 129 154 259 37 
4500 4 297 266 269 142 253 190 
4500 5 152 228 69 206 199 
4500 6 217 138 44 94 263 
4500 7 121 196 
4500 8 256 145 90 238 134 
4500 9 154 253 
4500 10 232 104 19 204 223 
4500 11 273 215 
4500 12 288 
4500 13 256 133 230 46 86 57 158 
4500 14 189 294 
4500 15 64 257 81 
4500 16 233 76 196 
4500 17 60 44 286 
4500 18 197 166 
4500 19 104 
4500 20 252 
4500 21 8 209 149 133 
4500 22 
4500 23 267 107 
4500 24 3 37 198 45 14 184 155 
4500 25 152 163 
4500 26 217 269 
4500 27 90 21 238 
4500 28 194 131 137 15 183 222 
4500 29 199 
4500 30 1 65 249 
4500 31 26 118 12 205 14 
4500 32 268 68 110 
4500 34 22 23 
4500 35 184 209 106 42 266 
4500 36 197 134 
4500 37 215 
4500 38 183 
4500 41 
4500 42 81 
4500 43 199 44 261 151 
4500 44 154 205 62 133 
4500 45 250 
4500 46 257 166 83 20 85 88 124 
4500 47 85 
4500 48 221 
4500 49 168 297 130 149 
4500 50 148 
4500 53 65 90 243 31 
4500 55 228 68 229 276 21 
4500 56 63 236 55 
4500 57 296 104 10 220 189 
4500 60 178 275 166 
4500 61 97 229 74 75 205 245 217 63 
4500 62 100 
4500 63 248 110 158 134 
4500 64 80 
4500 65 184 82 143 247 
4500 67 289 145 
4500 68 296 177 253 
4500 69 256 274 
4500 70 
4500 71 211 
4500 72 136 88 259 
4500 74 46 
4500 75 244 214 
4500 76 232 152 258 169 
4500 77 291 72 238 178 46 279 
4500 78 64 104 277 230 
4500 79 53 166 109 
4500 80 178 140 
4500 81 168 155 
4500 82 31 
4500 83 232 109 183 
4500 85 42 205 271 153 90 266 
4500 86 217 143 
4500 88 98 195 228 231 277 153 
4500 89 79 
4500 90 1 155 171 158 
4500 93 274 69 
4500 94 98 14 47 
4500 95 85 70 77 
4500 97 224 223 
4500 98 193 3 113 
4500 100 45 230 
4500 102 208 186 252 
4500 103 90 179 159 274 125 
4500 104 35 29 86 
4500 105 192 69 235 250 26 191 
4500 106 299 
4500 107 168 222 
4500 109 83 236 5 230 269 
4500 110 13 189 
4500 112 153 235 
4500 113 290 204 293 174 
4500 115 105 28 
4500 116 248 258 238 
4500 118 13 
4500 119 3 147 
4500 121 177 293 
4500 123 49 10 260 277 191 
4500 124 
4500 125 24 43 53 
4500 127 164 
4500 129 259 
4500 130 21 
4500 131 74 
4500 133 177 2 69 245 
4500 134 112 121 130 251 118 
4500 136 131 238 31 
4500 137 273 2 221 
4500 138 202 299 247 
4500 139 208 89 179 6 
4500 140 32 9 63 
4500 141 252 77 127 
4500 142 97 34 134 266 15 118 
4500 143 275 225 147 179 174 
4500 145 
4500 146 121 234 62 
4500 147 273 183 1 
4500 148 22 103 
4500 149 297 10 44 143 180 95 
4500 150 74 68 250 
4500 151 217 134 233 
4500 152 160 103 
4500 153 168 281 85 
4500 154 177 
4500 155 217 178 60 167 
4500 157 3 198 106 141 271 62 
4500 158 
4500 159 147 143 
4500 160 35 197 78 
4500 163 136 125 
4500 164 16 1 230 278 41 
4500 166 80 38 55 
4500 167 
4500 168 160 186 18 279 
4500 169 72 138 211 
4500 170 27 116 215 
4500 171 0 232 184 45 278 
4500 174 211 
4500 177 115 62 143 
4500 178 256 177 18 
4500 179 152 141 
4500 180 121 22 57 
4500 183 57 138 250 
4500 184 18 163 189 77 
4500 186 160 146 43 62 7 
4500 189 174 134 158 
4500 190 238 197 118 
4500 191 278 
4500 192 273 
4500 193 184 209 178 22 
4500 194 195 6 
4500 195 125 78 133 
4500 196 160 35 254 
4500 197 217 234 123 
4500 198 209 297 253 137 
4500 199 65 206 14 119 
4500 200 288 80 138 149 
4500 201 137 6 
4500 202 152 13 247 
4500 204 184 138 141 23 
4500 205 217 222 57 
4500 206 209 
4500 208 247 
4500 209 43 12 244 151 248 276 
4500 211 104 233 74 139 
4500 213 7 147 294 219 23 
4500 214 64 76 93 158 
4500 215 95 15 
4500 217 250 67 13 198 15 
4500 219 34 293 
4500 220 129 100 277 
4500 221 131 
4500 222 100 230 
4500 223 136 45 70 127 
4500 224 103 115 252 143 
4500 225 90 77 47 
4500 227 118 28 293 294 
4500 228 136 
4500 229 154 75 251 
4500 230 191 
4500 231 264 34 
4500 232 159 271 
4500 233 75 93 70 
4500 234 119 68 213 223 
4500 235 297 259 61 157 
4500 236 80 133 
4500 238 56 266 196 293 70 
4500 241 148 36 
4500 243 74 2 85 154 
4500 244 
4500 245 121 
4500 247 62 
4500 248 145 170 44 257 
4500 249 264 129 266 174 153 
4500 250 145 278 
4500 251 146 78 102 229 
4500 252 205 230 
4500 253 169 266 
4500 254 232 60 
4500 256 280 50 70 
4500 257 296 32 35 22 
4500 258 256 34 70 
4500 259 15 
4500 260 37 
4500 261 196 215 
4500 263 71 171 14 221 208 49 61 
4500 264 104 154 102 
4500 266 44 149 
4500 267 297 197 
4500 268 77 247 
4500 269 275 222 
4500 271 249 34 133 190 63 
4500 273 153 197 
4500 274 90 143 282 214 23 
4500 275 297 194 14 
4500 276 42 195 243 13 213 
4500 277 45 
4500 278 72 76 253 45 
4500 279 107 14 
4500 280 259 252 221 22 
4500 281 19 192 67 215 
4500 282 34 
4500 286 151 143 
4500 288 24 201 34 223 
4500 289 136 140 3 180 
4500 290 
4500 291 136 75 155 31 
4500 293 7 177 118 119 56 30 
4500 294 152 250 15 
4500 296 34 
4500 297 11 209 147 20 
4500 299 153 178 204 293 86 
5400 0 198 14 55 
5400 1 16 229 197 
5400 2 178 106 206 77 
5400 3 129 154 37 
5400 4 297 266 269 142 253 190 
5400 5 152 228 69 206 199 
5400 6 217 138 44 94 263 
5400 7 121 196 
5400 8 256 145 90 238 134 
5400 9 154 253 
5400 10 104 19 204 223 
5400 11 273 215 
5400 12 288 
5400 13 256 133 230 46 86 57 158 
5400 14 189 294 
5400 15 64 257 81 
5400 16 233 76 196 
5400 17 60 44 286 
5400 18 197 166 
5400 19 104 
5400 20 
5400 21 8 209 149 133 
5400 22 
5400 23 267 
5400 24 3 37 198 45 14 184 155 
5400 25 152 163 
5400 26 217 269 
5400 27 90 21 238 
5400 28 194 131 137 15 183 222 
5400 29 199 
5400 30 1 65 249 
5400 31 26 12 118 14 
5400 34 22 23 
5400 36 197 134 
5400 37 215 
5400 38 183 
5400 41 
5400 42 81 
5400 43 199 44 261 151 
5400 44 154 133 62 
5400 45 250 
5400 46 257 166 20 85 88 124 
5400 47 85 
5400 48 221 
5400 49 168 297 130 149 
5400 50 148 
5400 53 65 90 243 31 
5400 55 228 68 229 276 21 
5400 56 63 236 55 
5400 57 296 104 10 220 189 
5400 60 178 275 166 
5400 61 245 217 63 229 97 
5400 62 100 
5400 63 248 110 158 134 
5400 64 80 
5400 65 184 82 143 247 
5400 67 289 145 
5400 68 296 177 253 
5400 69 256 274 
5400 70 
5400 71 211 
5400 72 136 88 
5400 76 152 169 258 
5400 77 291 72 238 178 46 279 
5400 78 64 104 277 230 
5400 79 53 166 109 
5400 80 178 140 
5400 81 168 155 
5400 82 31 
5400 85 153 90 42 266 271 
5400 86 217 143 
5400 88 98 195 228 231 277 153 
5400 89 79 
5400 90 1 155 171 158 
5400 93 274 69 
5400 94 98 14 47 
5400 95 85 70 77 
5400 97 224 223 
5400 98 193 3 113 
5400 100 45 230 
5400 102 208 186 
5400 103 90 274 125 
5400 104 29 86 
5400 106 299 
5400 109 236 5 230 269 
5400 110 13 189 
5400 112 153 235 
5400 113 290 204 293 174 
5400 115 28 
5400 116 248 258 238 
5400 118 13 
5400 119 3 147 
5400 121 177 293 
5400 123 49 10 260 277 191 
5400 124 
5400 125 24 43 53 
5400 127 164 
5400 129 
5400 130 21 
5400 131 
5400 133 177 2 69 245 
5400 134 112 121 130 251 118 
5400 136 131 238 31 
5400 137 273 2 221 
5400 138 202 299 247 
5400 139 208 89 6 
5400 140 9 63 
5400 141 77 127 
5400 142 97 34 134 266 15 118 
5400 143 275 225 147 174 
5400 145 
5400 146 121 234 62 
5400 147 273 183 1 
5400 148 22 103 
5400 149 297 10 44 143 180 95 
5400 150 250 68 
5400 151 217 134 233 
5400 152 160 103 
5400 153 168 281 85 
5400 154 177 
5400 155 217 178 60 167 
5400 157 3 198 106 141 271 62 
5400 158 
5400 160 197 78 
5400 163 136 125 
5400 164 16 1 230 278 41 
5400 166 80 38 55 
5400 167 
5400 168 160 186 18 279 
5400 169 72 138 211 
5400 170 27 116 215 
5400 171 0 184 45 278 
5400 174 211 
5400 177 115 62 143 
5400 178 256 177 18 
5400 180 121 22 57 
5400 183 57 138 250 
5400 184 18 163 189 77 
5400 186 160 146 43 62 7 
5400 189 174 134 158 
5400 190 238 197 118 
5400 191 278 
5400 192 273 
5400 193 184 209 178 22 
5400 194 195 6 
5400 195 125 78 133 
5400 196 160 254 
5400 197 217 234 123 
5400 198 209 297 253 137 
5400 199 65 206 14 119 
5400 200 288 80 138 149 
5400 201 137 6 
5400 202 152 13 247 
5400 204 184 138 141 23 
5400 206 209 
5400 208 247 
5400 209 43 12 244 151 248 276 
5400 211 104 233 139 
5400 213 7 147 294 219 23 
5400 214 64 76 93 158 
5400 215 95 15 
5400 217 250 67 13 198 15 
5400 219 34 293 
5400 220 129 100 277 
5400 221 131 
5400 222 100 230 
5400 223 136 45 70 127 
5400 224 103 115 143 
5400 225 90 77 47 
5400 227 118 28 293 294 
5400 228 136 
5400 229 154 251 
5400 230 191 
5400 231 264 34 
5400 233 93 70 
5400 234 119 68 213 223 
5400 235 297 61 157 
5400 236 80 133 
5400 238 56 266 196 293 70 
5400 241 148 36 
5400 243 2 85 154 
5400 244 
5400 245 121 
5400 247 62 
5400 248 145 170 44 257 
5400 249 264 129 266 174 153 
5400 250 145 278 
5400 251 146 78 102 229 
5400 253 169 266 
5400 254 60 
5400 256 280 50 70 
5400 257 296 22 
5400 258 256 34 70 
5400 260 37 
5400 261 196 215 
5400 263 71 171 14 221 208 49 61 
5400 264 104 154 102 
5400 266 44 149 
5400 267 297 197 
5400 268 77 247 
5400 269 275 222 
5400 271 249 34 133 190 63 
5400 273 153 197 
5400 274 90 143 282 214 23 
5400 275 297 194 14 
5400 276 42 195 243 13 213 
5400 277 45 
5400 278 72 76 253 45 
5400 279 14 
5400 280 221 22 
5400 281 19 192 67 215 
5400 282 34 
5400 286 151 143 
5400 288 24 201 34 223 
5400 289 136 140 3 180 
5400 290 
5400 291 136 155 31 
5400 293 7 177 118 119 56 30 
5400 294 152 250 15 
5400 296 34 
5400 297 11 209 147 20 
5400 299 153 178 204 293 86 
6300 0 198 14 55 
6300 1 16 229 197 
6300 2 178 106 77 
6300 3 129 154 37 
6300 4 297 190 253 142 269 
6300 5 152 228 69 199 
6300 6 217 138 44 94 263 
6300 7 121 196 
6300 8 256 145 90 238 134 
6300 9 154 253 
6300 10 104 19 223 
6300 11 273 215 
6300 12 288 
6300 13 256 133 46 86 57 158 
6300 14 189 294 
6300 15 64 257 81 
6300 16 233 76 196 
6300 17 60 44 286 
6300 18 197 166 
6300 19 104 
6300 20 
6300 21 8 209 149 133 
6300 22 
6300 23 267 
6300 24 3 37 198 45 14 184 155 
6300 25 152 163 
6300 26 217 269 
6300 27 90 21 238 
6300 28 137 194 131 183 15 
6300 29 199 
6300 30 1 65 249 
6300 34 22 23 
6300 37 215 
6300 38 183 
6300 41 
6300 42 81 
6300 43 199 44 261 151 
6300 44 154 133 62 
6300 45 250 
6300 46 257 166 20 85 88 124 
6300 47 85 
6300 49 168 297 130 149 
6300 50 148 
6300 53 65 90 243 
6300 55 228 68 229 276 21 
6300 56 63 236 55 
6300 57 296 104 10 220 189 
6300 60 178 275 166 
6300 61 245 217 63 229 97 
6300 62 100 
6300 63 248 110 158 134 
6300 64 80 
6300 65 184 82 143 247 
6300 67 289 145 
6300 68 296 177 253 
6300 69 256 274 
6300 70 
6300 71 211 
6300 72 136 88 
6300 76 152 169 258 
6300 77 291 72 238 178 46 279 
6300 78 64 104 277 
6300 79 53 166 109 
6300 80 178 140 
6300 81 168 155 
6300 82 
6300 85 153 90 42 
6300 86 217 143 
6300 88 98 195 228 231 277 153 
6300 89 79 
6300 90 1 155 171 158 
6300 93 274 69 
6300 94 98 14 47 
6300 97 224 223 
6300 98 193 3 113 
6300 100 45 
6300 102 208 186 
6300 103 90 274 125 
6300 104 29 86 
6300 106 299 
6300 109 236 5 269 
6300 110 13 189 
6300 112 153 235 
6300 113 290 293 174 
6300 115 28 
6300 116 248 258 238 
6300 118 13 
6300 121 177 293 
6300 123 49 10 260 277 191 
6300 124 
6300 125 24 43 53 
6300 127 164 
6300 129 
6300 130 21 
6300 131 
6300 133 177 2 69 245 
6300 134 112 121 130 251 118 
6300 136 131 238 
6300 137 273 2 221 
6300 138 202 299 247 
6300 139 208 89 6 
6300 140 9 63 
6300 141 77 127 
6300 142 97 34 118 134 15 
6300 143 275 225 147 174 
6300 145 
6300 146 121 234 62 
6300 147 273 183 1 
6300 148 22 103 
6300 149 180 10 44 297 143 
6300 150 250 68 
6300 151 217 134 233 
6300 152 160 103 
6300 153 168 281 85 
6300 154 177 
6300 155 217 178 60 167 
6300 157 198 106 3 141 62 
6300 158 
6300 160 197 78 
6300 163 136 125 
6300 164 16 1 278 41 
6300 166 80 38 55 
6300 167 
6300 168 160 186 18 279 
6300 169 72 138 211 
6300 170 27 116 215 
6300 171 0 184 45 278 
6300 174 211 
6300 177 115 62 143 
6300 178 256 177 18 
6300 180 121 22 57 
6300 183 57 138 250 
6300 184 18 163 189 77 
6300 186 160 146 43 62 7 
6300 189 174 134 158 
6300 190 238 197 118 
6300 191 278 
6300 192 273 
6300 193 184 209 178 22 
6300 194 195 6 
6300 195 125 78 133 
6300 196 160 
6300 197 217 234 123 
6300 198 209 297 253 137 
6300 199 65 14 
6300 201 137 6 
6300 202 152 13 247 
6300 208 247 
6300 209 43 12 244 151 248 276 
6300 211 104 233 139 
6300 213 7 147 294 219 23 
6300 214 64 76 93 158 
6300 215 15 
6300 217 250 67 13 198 15 
6300 219 34 293 
6300 220 129 100 277 
6300 221 131 
6300 223 136 45 70 127 
6300 224 103 115 143 
6300 225 90 77 47 
6300 227 118 28 293 294 
6300 228 136 
6300 229 154 251 
6300 231 264 34 
6300 233 93 70 
6300 234 68 213 223 
6300 235 297 61 157 
6300 236 80 133 
6300 238 56 196 293 70 
6300 241 148 
6300 243 2 85 154 
6300 244 
6300 245 121 
6300 247 62 
6300 248 145 170 44 257 
6300 249 264 129 174 153 
6300 250 145 278 
6300 251 146 78 102 229 
6300 253 169 
6300 256 280 50 70 
6300 257 296 22 
6300 258 256 34 70 
6300 260 37 
6300 261 196 215 
6300 263 71 171 14 221 208 49 61 
6300 264 104 154 102 
6300 267 297 197 
6300 268 77 247 
6300 269 275 
6300 273 153 197 
6300 274 90 143 282 214 23 
6300 275 297 194 14 
6300 276 42 195 243 13 213 
6300 277 45 
6300 278 72 76 253 45 
6300 279 14 
6300 280 221 22 
6300 281 19 192 67 215 
6300 282 34 
6300 286 151 143 
6300 288 24 201 34 223 
6300 289 136 140 3 180 
6300 290 
6300 291 136 155 
6300 293 56 177 118 30 7 
6300 294 152 250 15 
6300 296 34 
6300 297 11 209 147 20 
6300 299 153 178 293 86 
7200 0 14 55 
7200 1 16 229 197 
7200 2 178 106 77 
7200 3 129 154 37 
7200 4 297 190 253 142 269 
7200 5 152 228 69 199 
7200 6 217 138 44 94 263 
7200 7 196 
7200 8 256 145 90 238 134 
7200 9 154 253 
7200 10 104 19 223 
7200 11 273 215 
7200 12 288 
7200 13 256 57 86 46 158 
7200 14 189 294 
7200 15 64 257 81 
7200 16 233 76 196 
7200 17 60 44 286 
7200 18 197 166 
7200 19 104 
7200 20 
7200 21 8 209 149 
7200 22 
7200 23 267 
7200 24 3 37 45 14 184 155 
7200 25 152 163 
7200 26 217 269 
7200 27 90 21 238 
7200 28 137 194 131 183 15 
7200 30 1 65 249 
7200 34 22 23 
7200 37 215 
7200 38 183 
7200 41 
7200 42 81 
7200 43 199 44 261 151 
7200 44 154 62 
7200 45 250 
7200 46 257 166 20 85 88 124 
7200 49 168 297 130 149 
7200 50 148 
7200 53 65 90 243 
7200 55 228 229 21 
7200 56 63 236 55 
7200 57 296 104 10 220 189 
7200 60 178 275 166 
7200 61 245 217 63 229 97 
7200 62 100 
7200 63 248 110 158 134 
7200 64 80 
7200 65 184 82 143 247 
7200 69 256 274 
7200 70 
7200 71 211 
7200 72 136 88 
7200 76 152 169 258 
7200 77 291 72 238 178 46 279 
7200 78 64 104 277 
7200 79 53 166 109 
7200 80 178 140 
7200 81 168 155 
7200 82 
7200 85 153 90 42 
7200 86 217 143 
7200 88 98 195 228 231 277 153 
7200 89 79 
7200 90 1 155 171 158 
7200 93 274 69 
7200 94 98 14 
7200 97 224 223 
7200 98 193 3 113 
7200 100 45 
7200 102 208 186 
7200 103 90 274 125 
7200 104 86 
7200 106 299 
7200 109 236 5 269 
7200 110 13 189 
7200 112 153 235 
7200 113 290 293 174 
7200 115 28 
7200 116 248 258 238 
7200 118 13 
7200 123 49 10 260 277 191 
7200 124 
7200 125 24 43 53 
7200 127 164 
7200 129 
7200 130 21 
7200 131 
7200 134 112 130 118 
7200 136 131 238 
7200 137 273 2 221 
7200 138 202 299 247 
7200 139 208 89 6 
7200 140 9 63 
7200 142 97 34 118 134 15 
7200 143 275 225 147 174 
7200 145 
7200 146 234 62 
7200 147 273 183 1 
7200 148 22 103 
7200 149 180 10 44 297 143 
7200 150 250 
7200 151 217 134 233 
7200 152 160 103 
7200 153 168 281 85 
7200 154 177 
7200 155 217 178 60 167 
7200 158 
7200 160 197 78 
7200 163 136 125 
7200 164 16 1 278 41 
7200 166 80 38 55 
7200 167 
7200 168 160 186 18 279 
7200 169 72 138 211 
7200 170 27 116 215 
7200 171 0 184 45 278 
7200 174 211 
7200 177 115 62 143 
7200 178 256 177 18 
7200 180 57 22 
7200 183 57 138 250 
7200 184 18 163 189 77 
7200 186 160 146 43 62 7 
7200 189 174 134 158 
7200 190 238 197 118 
7200 191 278 
7200 192 273 
7200 193 184 209 178 22 
7200 194 195 6 
7200 195 125 78 
7200 196 160 
7200 197 217 234 123 
7200 199 65 14 
7200 201 137 6 
7200 202 152 13 247 
7200 208 247 
7200 209 248 244 43 12 151 
7200 211 104 233 139 
7200 213 7 147 294 219 23 
7200 214 64 76 93 158 
7200 215 15 
7200 217 250 13 15 
7200 219 34 293 
7200 220 129 100 277 
7200 221 131 
7200 223 136 45 70 127 
7200 224 103 115 143 
7200 225 90 77 
7200 227 118 28 293 294 
7200 228 136 
7200 229 154 
7200 231 34 
7200 233 93 70 
7200 234 213 223 
7200 235 297 61 
7200 236 80 
7200 238 56 196 293 70 
7200 241 148 
7200 243 2 85 154 
7200 244 
7200 245 
7200 247 62 
7200 248 145 170 44 257 
7200 249 129 174 153 
7200 250 145 278 
7200 253 169 
7200 256 280 50 70 
7200 257 296 22 
7200 258 256 34 70 
7200 260 37 
7200 261 196 215 
7200 263 71 171 14 221 208 49 61 
7200 267 297 197 
7200 269 275 
7200 273 153 197 
7200 274 90 143 282 214 23 
7200 275 297 194 14 
7200 277 45 
7200 278 72 76 253 45 
7200 279 14 
7200 280 221 22 
7200 281 192 19 215 
7200 282 34 
7200 286 151 143 
7200 288 24 201 34 223 
7200 289 136 140 3 180 
7200 290 
7200 291 136 155 
7200 293 56 177 118 30 7 
7200 294 152 250 15 
7200 296 34 
7200 297 11 209 147 20 
7200 299 153 178 293 86 
