0 7200 0 300 0 300
0 0 13 8
0 1 29 46
0 2 40 24
0 3 10 3
0 4 8 31
0 5 42 2
0 6 2 39
0 7 50 50
0 8 47 6
0 9 5 36
0 10 29 12
0 11 48 12
0 12 31 26
0 13 48 28
0 14 31 47
0 15 18 45
0 16 4 33
0 17 7 19
0 18 48 18
0 19 7 47
0 20 26 44
0 21 20 32
0 22 16 5
0 23 5 0
0 24 32 8
0 25 26 24
0 26 18 4
0 27 24 6
0 28 33 38
0 29 5 19
0 30 17 32
0 31 19 20
0 32 50 6
0 33 5 43
0 34 38 35
0 35 34 17
0 36 23 40
0 37 32 23
0 38 43 17
0 39 3 41
0 40 39 29
0 41 34 16
0 42 16 13
0 43 34 25
0 44 6 31
0 45 0 38
0 46 21 8
0 47 11 29
0 48 43 45
0 49 13 23
0 50 45 9
0 51 40 38
0 52 40 47
0 53 44 24
0 54 5 30
0 55 14 47
0 56 38 18
0 57 19 22
0 58 13 44
0 59 37 30
0 60 23 40
0 61 20 5
0 62 5 13
0 63 9 28
0 64 4 21
0 65 41 39
0 66 50 13
0 67 43 16
0 68 13 31
0 69 10 36
0 70 45 36
0 71 11 35
0 72 26 9
0 73 26 49
0 74 12 12
0 75 24 25
0 76 22 38
0 77 26 46
0 78 43 16
0 79 47 25
0 80 29 34
0 81 0 23
0 82 41 13
0 83 6 18
0 84 24 44
0 85 39 1
0 86 17 45
0 87 8 19
0 88 33 32
0 89 11 36
0 90 35 0
0 91 39 16
0 92 34 6
0 93 21 24
0 94 48 18
0 95 31 48
0 96 9 36
0 97 40 37
0 98 30 31
0 99 37 26
600 0 13 8
600 1 29 46
600 2 40 24
600 3 10 3
600 4 8 31
600 5 42 2
600 6 31 14
600 7 50 50
600 8 47 6
600 9 5 36
600 10 25 37
600 11 48 12
600 12 31 26
600 13 44 12
600 14 31 47
600 15 18 45
600 16 4 33
600 17 24 42
600 18 48 18
600 19 7 47
600 20 26 44
600 21 20 32
600 22 16 5
600 23 5 0
600 24 32 8
600 25 26 24
600 26 0 15
600 27 24 6
600 28 33 38
600 29 5 19
600 30 17 32
600 31 19 20
600 32 50 6
600 33 5 43
600 34 38 35
600 35 34 17
600 36 23 40
600 37 32 23
600 38 43 17
600 39 3 41
600 40 39 29
600 41 4 48
600 42 16 13
600 43 34 25
600 44 45 14
600 45 0 38
600 46 21 8
600 47 11 29
600 48 8 37
600 49 34 1
600 50 45 9
600 51 40 38
600 52 40 47
600 53 44 24
600 54 5 30
600 55 14 47
600 56 38 18
600 57 19 22
600 58 13 44
600 59 37 30
600 60 31 26
600 61 20 5
600 62 5 13
600 63 9 28
600 64 42 10
600 65 41 39
600 66 50 13
600 67 43 16
600 68 13 31
600 69 10 36
600 70 45 36
600 71 11 35
600 72 37 5
600 73 7 46
600 74 12 12
600 75 24 25
600 76 22 38
600 77 26 46
600 78 43 16
600 79 6 13
600 80 29 34
600 81 17 2
600 82 41 13
600 83 6 18
600 84 13 33
600 85 39 1
600 86 17 45
600 87 8 19
600 88 33 32
600 89 11 36
600 90 22 19
600 91 39 16
600 92 48 37
600 93 21 24
600 94 50 9
600 95 31 48
600 96 9 36
600 97 49 24
600 98 30 31
600 99 37 26
1200 0 13 8
1200 1 29 46
1200 2 40 24
1200 3 14 10
1200 4 8 31
1200 5 43 20
1200 6 31 14
1200 7 50 50
1200 8 47 6
1200 9 5 36
1200 10 25 37
1200 11 48 12
1200 12 31 26
1200 13 44 12
1200 14 31 47
1200 15 18 45
1200 16 4 33
1200 17 24 42
1200 18 48 18
1200 19 7 47
1200 20 26 44
1200 21 20 32
1200 22 16 5
1200 23 5 0
1200 24 32 8
1200 25 26 24
1200 26 0 15
1200 27 24 6
1200 28 33 38
1200 29 50 19
1200 30 17 32
1200 31 19 20
1200 32 50 6
1200 33 5 43
1200 34 38 35
1200 35 34 17
1200 36 7 10
1200 37 8 11
1200 38 43 17
1200 39 3 41
1200 40 39 29
1200 41 4 48
1200 42 16 13
1200 43 38 13
1200 44 45 14
1200 45 0 38
1200 46 21 8
1200 47 11 29
1200 48 8 37
1200 49 5 15
1200 50 45 9
1200 51 40 38
1200 52 40 47
1200 53 44 24
1200 54 49 21
1200 55 12 16
1200 56 38 18
1200 57 10 49
1200 58 13 44
1200 59 37 30
1200 60 31 26
1200 61 20 5
1200 62 7 18
1200 63 9 28
1200 64 42 10
1200 65 41 39
1200 66 50 13
1200 67 43 16
1200 68 50 42
1200 69 13 10
1200 70 45 36
1200 71 11 35
1200 72 37 5
1200 73 7 46
1200 74 12 12
1200 75 24 25
1200 76 22 38
1200 77 15 49
1200 78 43 16
1200 79 6 13
1200 80 29 34
1200 81 17 2
1200 82 41 13
1200 83 6 18
1200 84 13 33
1200 85 39 1
1200 86 46 24
1200 87 8 19
1200 88 45 13
1200 89 46 37
1200 90 22 19
1200 91 39 16
1200 92 48 37
1200 93 21 24
1200 94 50 9
1200 95 22 36
1200 96 26 23
1200 97 49 24
1200 98 30 31
1200 99 26 39
1800 0 13 8
1800 1 29 46
1800 2 40 24
1800 3 14 10
1800 4 8 31
1800 5 41 45
1800 6 31 14
1800 7 50 50
1800 8 47 6
1800 9 5 36
1800 10 25 37
1800 11 48 12
1800 12 12 11
1800 13 44 12
1800 14 17 10
1800 15 18 45
1800 16 4 33
1800 17 24 42
1800 18 48 18
1800 19 43 37
1800 20 26 44
1800 21 14 6
1800 22 16 5
1800 23 5 0
1800 24 32 8
1800 25 1 23
1800 26 0 15
1800 27 26 10
1800 28 2 23
1800 29 50 19
1800 30 17 32
1800 31 19 20
1800 32 50 6
1800 33 5 43
1800 34 38 35
1800 35 34 17
1800 36 7 10
1800 37 8 11
1800 38 43 17
1800 39 3 41
1800 40 39 29
1800 41 4 48
1800 42 13 30
1800 43 38 13
1800 44 45 14
1800 45 0 38
1800 46 45 9
1800 47 11 29
1800 48 8 37
1800 49 5 15
1800 50 45 9
1800 51 40 38
1800 52 40 47
1800 53 44 24
1800 54 14 5
1800 55 12 50
1800 56 38 18
1800 57 36 16
1800 58 13 44
1800 59 37 30
1800 60 31 26
1800 61 20 5
1800 62 7 18
1800 63 9 28
1800 64 42 10
1800 65 41 39
1800 66 50 13
1800 67 43 16
1800 68 50 42
1800 69 13 10
1800 70 45 36
1800 71 11 35
1800 72 37 5
1800 73 7 46
1800 74 12 12
1800 75 24 25
1800 76 22 38
1800 77 31 11
1800 78 43 16
1800 79 14 40
1800 80 29 34
1800 81 17 2
1800 82 12 50
1800 83 6 18
1800 84 13 33
1800 85 17 44
1800 86 46 24
1800 87 18 29
1800 88 12 2
1800 89 46 37
1800 90 22 19
1800 91 39 16
1800 92 48 37
1800 93 21 24
1800 94 50 9
1800 95 22 36
1800 96 26 23
1800 97 28 37
1800 98 30 31
1800 99 26 39
2400 0 13 8
2400 1 29 46
2400 2 40 24
2400 3 14 10
2400 4 8 31
2400 5 44 23
2400 6 35 50
2400 7 38 21
2400 8 47 6
2400 9 5 36
2400 10 25 37
2400 11 27 40
2400 12 12 11
2400 13 44 12
2400 14 17 10
2400 15 18 45
2400 16 4 33
2400 17 24 42
2400 18 48 18
2400 19 43 37
2400 20 26 44
2400 21 14 6
2400 22 16 5
2400 23 5 0
2400 24 32 8
2400 25 1 23
2400 26 0 15
2400 27 26 10
2400 28 31 9
2400 29 50 19
2400 30 48 8
2400 31 19 20
2400 32 50 6
2400 33 5 43
2400 34 38 35
2400 35 34 17
2400 36 34 11
2400 37 8 11
2400 38 43 17
2400 39 42 20
2400 40 0 24
2400 41 4 48
2400 42 13 30
2400 43 38 13
2400 44 35 23
2400 45 35 30
2400 46 6 8
2400 47 11 29
2400 48 8 37
2400 49 5 15
2400 50 29 15
2400 51 40 38
2400 52 40 47
2400 53 44 24
2400 54 14 5
2400 55 12 50
2400 56 38 18
2400 57 36 16
2400 58 13 44
2400 59 37 30
2400 60 43 6
2400 61 20 5
2400 62 7 18
2400 63 9 28
2400 64 42 10
2400 65 34 32
2400 66 50 13
2400 67 43 16
2400 68 50 42
2400 69 13 10
2400 70 45 36
2400 71 11 35
2400 72 49 42
2400 73 7 46
2400 74 12 12
2400 75 24 25
2400 76 22 38
2400 77 31 11
2400 78 43 16
2400 79 14 40
2400 80 29 34
2400 81 20 24
2400 82 12 50
2400 83 6 18
2400 84 13 33
2400 85 17 44
2400 86 46 24
2400 87 45 38
2400 88 12 2
2400 89 46 37
2400 90 22 19
2400 91 39 16
2400 92 48 37
2400 93 24 46
2400 94 50 9
2400 95 22 36
2400 96 26 23
2400 97 28 37
2400 98 16 21
2400 99 26 39
3000 0 13 8
3000 1 29 46
3000 2 40 24
3000 3 14 10
3000 4 8 31
3000 5 44 23
3000 6 35 50
3000 7 38 21
3000 8 47 6
3000 9 5 36
3000 10 45 24
3000 11 27 40
3000 12 12 11
3000 13 44 12
3000 14 17 10
3000 15 15 28
3000 16 0 50
3000 17 24 42
3000 18 48 18
3000 19 29 27
3000 20 26 44
3000 21 22 28
3000 22 30 4
3000 23 5 0
3000 24 32 8
3000 25 1 23
3000 26 0 15
3000 27 26 10
3000 28 31 9
3000 29 50 19
3000 30 48 8
3000 31 19 20
3000 32 50 6
3000 33 5 43
3000 34 38 35
3000 35 34 17
3000 36 34 11
3000 37 22 49
3000 38 43 17
3000 39 42 20
3000 40 29 37
3000 41 4 48
3000 42 13 30
3000 43 38 13
3000 44 35 23
3000 45 4 7
3000 46 6 8
3000 47 11 29
3000 48 8 37
3000 49 5 15
3000 50 49 31
3000 51 40 38
3000 52 40 47
3000 53 44 24
3000 54 14 5
3000 55 12 50
3000 56 27 0
3000 57 36 16
3000 58 13 44
3000 59 37 30
3000 60 43 6
3000 61 20 5
3000 62 7 18
3000 63 9 28
3000 64 42 10
3000 65 34 32
3000 66 50 13
3000 67 43 16
3000 68 50 42
3000 69 18 50
3000 70 45 36
3000 71 11 35
3000 72 14 47
3000 73 7 46
3000 74 12 12
3000 75 24 25
3000 76 22 38
3000 77 23 36
3000 78 43 16
3000 79 45 33
3000 80 29 34
3000 81 14 16
3000 82 12 50
3000 83 6 18
3000 84 13 33
3000 85 17 44
3000 86 13 19
3000 87 45 38
3000 88 12 2
3000 89 2 21
3000 90 8 48
3000 91 39 16
3000 92 48 37
3000 93 24 46
3000 94 50 9
3000 95 22 36
3000 96 26 23
3000 97 28 37
3000 98 16 21
3000 99 35 34
3600 0 13 8
3600 1 29 46
3600 2 40 24
3600 3 23 13
3600 4 8 31
3600 5 44 23
3600 6 35 50
3600 7 38 21
3600 8 7 41
3600 9 5 36
3600 10 45 24
3600 11 27 40
3600 12 38 4
3600 13 44 12
3600 14 17 10
3600 15 0 8
3600 16 0 50
3600 17 24 42
3600 18 48 18
3600 19 29 27
3600 20 4 29
3600 21 22 28
3600 22 30 4
3600 23 5 0
3600 24 12 50
3600 25 1 23
3600 26 37 16
3600 27 23 28
3600 28 31 9
3600 29 17 47
3600 30 48 8
3600 31 19 20
3600 32 50 6
3600 33 27 36
3600 34 38 35
3600 35 34 17
3600 36 34 11
3600 37 22 49
3600 38 14 10
3600 39 34 16
3600 40 29 37
3600 41 4 48
3600 42 17 14
3600 43 45 40
3600 44 35 23
3600 45 4 7
3600 46 6 8
3600 47 11 29
3600 48 48 21
3600 49 5 15
3600 50 45 24
3600 51 14 7
3600 52 40 47
3600 53 44 24
3600 54 16 20
3600 55 12 50
3600 56 27 0
3600 57 36 16
3600 58 13 44
3600 59 37 30
3600 60 43 6
3600 61 20 5
3600 62 7 18
3600 63 9 28
3600 64 42 10
3600 65 34 32
3600 66 50 13
3600 67 43 16
3600 68 50 42
3600 69 18 50
3600 70 5 20
3600 71 11 35
3600 72 14 47
3600 73 7 46
3600 74 12 12
3600 75 24 25
3600 76 22 38
3600 77 23 36
3600 78 43 16
3600 79 45 33
3600 80 29 34
3600 81 16 37
3600 82 12 50
3600 83 6 18
3600 84 13 33
3600 85 17 44
3600 86 13 19
3600 87 45 38
3600 88 12 2
3600 89 2 21
3600 90 8 48
3600 91 39 16
3600 92 48 37
3600 93 24 46
3600 94 50 9
3600 95 22 36
3600 96 26 23
3600 97 28 37
3600 98 16 21
3600 99 35 34
4200 0 13 8
4200 1 29 46
4200 2 40 24
4200 3 23 13
4200 4 33 28
4200 5 44 23
4200 6 35 50
4200 7 38 21
4200 8 7 41
4200 9 17 8
4200 10 13 6
4200 11 27 40
4200 12 38 4
4200 13 44 12
4200 14 17 10
4200 15 0 8
4200 16 0 50
4200 17 23 42
4200 18 48 18
4200 19 29 27
4200 20 4 29
4200 21 22 28
4200 22 30 4
4200 23 13 35
4200 24 48 11
4200 25 1 23
4200 26 37 16
4200 27 23 28
4200 28 31 9
4200 29 17 47
4200 30 48 8
4200 31 19 20
4200 32 50 6
4200 33 3 49
4200 34 38 35
4200 35 34 17
4200 36 34 11
4200 37 22 49
4200 38 14 10
4200 39 34 16
4200 40 29 37
4200 41 4 48
4200 42 17 14
4200 43 45 40
4200 44 22 50
4200 45 4 7
4200 46 10 32
4200 47 11 29
4200 48 48 21
4200 49 5 15
4200 50 45 24
4200 51 14 7
4200 52 40 47
4200 53 44 24
4200 54 16 20
4200 55 12 50
4200 56 42 40
4200 57 31 42
4200 58 13 44
4200 59 37 30
4200 60 43 6
4200 61 20 5
4200 62 7 18
4200 63 28 15
4200 64 48 2
4200 65 34 32
4200 66 50 13
4200 67 43 16
4200 68 50 42
4200 69 18 50
4200 70 40 7
4200 71 11 35
4200 72 14 47
4200 73 7 46
4200 74 12 12
4200 75 24 25
4200 76 42 49
4200 77 23 36
4200 78 43 16
4200 79 26 33
4200 80 29 34
4200 81 16 37
4200 82 1 34
4200 83 6 18
4200 84 21 37
4200 85 17 44
4200 86 13 19
4200 87 45 38
4200 88 12 2
4200 89 2 21
4200 90 26 14
4200 91 39 16
4200 92 48 37
4200 93 24 46
4200 94 50 9
4200 95 22 36
4200 96 20 23
4200 97 28 37
4200 98 16 21
4200 99 35 34
4800 0 13 8
4800 1 29 46
4800 2 17 18
4800 3 23 13
4800 4 33 28
4800 5 44 23
4800 6 35 50
4800 7 38 21
4800 8 7 41
4800 9 17 8
4800 10 13 6
4800 11 27 40
4800 12 38 4
4800 13 44 12
4800 14 17 10
4800 15 0 8
4800 16 0 50
4800 17 23 42
4800 18 48 18
4800 19 29 27
4800 20 48 45
4800 21 8 8
4800 22 30 4
4800 23 13 35
4800 24 13 2
4800 25 1 23
4800 26 37 16
4800 27 23 28
4800 28 7 11
4800 29 17 47
4800 30 48 8
4800 31 19 20
4800 32 50 6
4800 33 3 49
4800 34 38 35
4800 35 34 17
4800 36 32 13
4800 37 22 49
4800 38 14 10
4800 39 34 16
4800 40 29 37
4800 41 4 48
4800 42 17 14
4800 43 32 5
4800 44 22 50
4800 45 45 47
4800 46 10 32
4800 47 11 29
4800 48 48 21
4800 49 5 15
4800 50 45 24
4800 51 14 7
4800 52 40 47
4800 53 14 6
4800 54 16 20
4800 55 12 50
4800 56 14 20
4800 57 31 42
4800 58 13 44
4800 59 49 39
4800 60 43 6
4800 61 20 5
4800 62 7 18
4800 63 28 15
4800 64 48 2
4800 65 34 32
4800 66 50 13
4800 67 22 43
4800 68 50 42
4800 69 18 50
4800 70 40 7
4800 71 11 35
4800 72 14 47
4800 73 35 49
4800 74 12 12
4800 75 24 25
4800 76 5 5
4800 77 23 36
4800 78 16 0
4800 79 26 33
4800 80 29 34
4800 81 16 37
4800 82 29 32
4800 83 6 18
4800 84 21 37
4800 85 22 30
4800 86 13 19
4800 87 45 38
4800 88 12 2
4800 89 7 49
4800 90 26 14
4800 91 39 16
4800 92 48 37
4800 93 12 11
4800 94 50 9
4800 95 22 36
4800 96 18 12
4800 97 28 37
4800 98 16 21
4800 99 35 34
5400 0 13 8
5400 1 29 46
5400 2 37 1
5400 3 23 13
5400 4 33 28
5400 5 44 23
5400 6 35 50
5400 7 32 4
5400 8 3 14
5400 9 21 23
5400 10 13 6
5400 11 27 40
5400 12 38 4
5400 13 12 7
5400 14 17 10
5400 15 0 8
5400 16 0 50
5400 17 23 42
5400 18 48 18
5400 19 29 27
5400 20 48 45
5400 21 8 8
5400 22 30 4
5400 23 13 35
5400 24 13 2
5400 25 1 23
5400 26 37 16
5400 27 23 28
5400 28 7 11
5400 29 17 47
5400 30 48 8
5400 31 19 20
5400 32 50 6
5400 33 23 30
5400 34 38 35
5400 35 29 23
5400 36 32 13
5400 37 22 49
5400 38 14 10
5400 39 34 16
5400 40 29 37
5400 41 37 34
5400 42 17 14
5400 43 32 5
5400 44 22 50
5400 45 45 47
5400 46 10 32
5400 47 37 12
5400 48 48 21
5400 49 5 15
5400 50 21 47
5400 51 14 7
5400 52 40 47
5400 53 14 6
5400 54 16 20
5400 55 45 40
5400 56 14 20
5400 57 31 42
5400 58 48 1
5400 59 49 39
5400 60 43 6
5400 61 21 5
5400 62 7 18
5400 63 28 15
5400 64 15 32
5400 65 30 39
5400 66 50 13
5400 67 22 43
5400 68 25 26
5400 69 18 50
5400 70 40 7
5400 71 11 35
5400 72 14 47
5400 73 35 49
5400 74 12 12
5400 75 24 25
5400 76 5 5
5400 77 23 36
5400 78 16 0
5400 79 45 45
5400 80 3 39
5400 81 16 37
5400 82 29 32
5400 83 6 18
5400 84 21 37
5400 85 22 30
5400 86 13 19
5400 87 45 38
5400 88 12 2
5400 89 33 42
5400 90 26 14
5400 91 39 16
5400 92 48 37
5400 93 12 11
5400 94 50 9
5400 95 22 36
5400 96 18 12
5400 97 28 37
5400 98 28 31
5400 99 35 34
6000 0 13 8
6000 1 29 46
6000 2 29 30
6000 3 23 13
6000 4 33 28
6000 5 44 23
6000 6 35 50
6000 7 32 4
6000 8 7 19
6000 9 21 23
6000 10 13 6
6000 11 27 40
6000 12 47 35
6000 13 12 7
6000 14 17 10
6000 15 22 34
6000 16 0 50
6000 17 23 42
6000 18 21 8
6000 19 29 27
6000 20 39 49
6000 21 8 8
6000 22 45 7
6000 23 13 35
6000 24 13 2
6000 25 1 23
6000 26 37 16
6000 27 23 28
6000 28 7 11
6000 29 17 47
6000 30 48 8
6000 31 19 20
6000 32 50 6
6000 33 23 30
6000 34 38 35
6000 35 29 23
6000 36 32 13
6000 37 22 49
6000 38 14 10
6000 39 34 16
6000 40 29 37
6000 41 37 34
6000 42 17 14
6000 43 32 5
6000 44 22 50
6000 45 45 47
6000 46 10 32
6000 47 10 6
6000 48 48 21
6000 49 5 15
6000 50 21 47
6000 51 14 7
6000 52 14 2
6000 53 14 6
6000 54 16 20
6000 55 45 40
6000 56 14 20
6000 57 30 1
6000 58 48 1
6000 59 49 39
6000 60 43 6
6000 61 21 5
6000 62 7 18
6000 63 28 15
6000 64 15 32
6000 65 30 39
6000 66 50 13
6000 67 22 43
6000 68 17 30
6000 69 18 50
6000 70 40 7
6000 71 5 41
6000 72 40 37
6000 73 36 11
6000 74 5 6
6000 75 24 25
6000 76 5 5
6000 77 23 36
6000 78 16 0
6000 79 45 45
6000 80 0 50
6000 81 48 18
6000 82 29 32
6000 83 6 18
6000 84 1 50
6000 85 6 5
6000 86 13 19
6000 87 45 38
6000 88 12 2
6000 89 7 6
6000 90 26 14
6000 91 39 16
6000 92 48 37
6000 93 12 11
6000 94 50 9
6000 95 22 36
6000 96 18 12
6000 97 28 37
6000 98 28 31
6000 99 35 34
6600 0 13 8
6600 1 29 46
6600 2 29 30
6600 3 23 13
6600 4 33 28
6600 5 9 6
6600 6 35 50
6600 7 32 4
6600 8 7 19
6600 9 21 23
6600 10 13 6
6600 11 27 40
6600 12 8 16
6600 13 12 7
6600 14 17 10
6600 15 22 34
6600 16 0 50
6600 17 23 42
6600 18 21 8
6600 19 29 27
6600 20 39 49
6600 21 8 8
6600 22 45 7
6600 23 13 35
6600 24 11 49
6600 25 32 37
6600 26 37 16
6600 27 23 28
6600 28 35 24
6600 29 17 47
6600 30 48 8
6600 31 19 20
6600 32 44 47
6600 33 23 30
6600 34 38 35
6600 35 29 23
6600 36 32 13
6600 37 22 49
6600 38 21 33
6600 39 34 16
6600 40 29 37
6600 41 37 34
6600 42 17 14
6600 43 32 5
6600 44 22 50
6600 45 45 47
6600 46 10 32
6600 47 31 41
6600 48 48 21
6600 49 5 15
6600 50 21 47
6600 51 14 7
6600 52 14 2
6600 53 14 6
6600 54 16 20
6600 55 45 40
6600 56 14 20
6600 57 30 1
6600 58 48 1
6600 59 49 39
6600 60 29 39
6600 61 21 5
6600 62 7 18
6600 63 42 25
6600 64 15 32
6600 65 30 39
6600 66 10 35
6600 67 22 43
6600 68 17 30
6600 69 18 50
6600 70 40 7
6600 71 5 41
6600 72 3 39
6600 73 36 11
6600 74 5 6
6600 75 24 25
6600 76 5 5
6600 77 23 36
6600 78 11 6
6600 79 45 45
6600 80 0 50
6600 81 48 18
6600 82 29 32
6600 83 32 8
6600 84 4 47
6600 85 20 1
6600 86 13 19
6600 87 45 38
6600 88 33 31
6600 89 7 6
6600 90 26 14
6600 91 39 16
6600 92 48 37
6600 93 38 24
6600 94 50 9
6600 95 22 36
6600 96 33 27
6600 97 28 37
6600 98 28 31
6600 99 40 16
7200 0 13 8
7200 1 29 46
7200 2 16 1
7200 3 23 13
7200 4 33 28
7200 5 9 6
7200 6 35 50
7200 7 32 4
7200 8 7 19
7200 9 21 23
7200 10 14 49
7200 11 27 40
7200 12 32 29
7200 13 12 7
7200 14 17 10
7200 15 16 17
7200 16 0 50
7200 17 23 42
7200 18 21 8
7200 19 29 27
7200 20 31 15
7200 21 14 40
7200 22 45 7
7200 23 13 35
7200 24 11 49
7200 25 32 37
7200 26 44 38
7200 27 11 29
7200 28 35 24
7200 29 5 49
7200 30 48 8
7200 31 19 20
7200 32 44 47
7200 33 36 46
7200 34 38 35
7200 35 29 23
7200 36 32 13
7200 37 22 49
7200 38 21 33
7200 39 34 16
7200 40 29 37
7200 41 37 34
7200 42 17 14
7200 43 32 5
7200 44 9 31
7200 45 46 26
7200 46 10 32
7200 47 31 41
7200 48 48 21
7200 49 5 15
7200 50 21 47
7200 51 14 7
7200 52 14 2
7200 53 14 6
7200 54 16 20
7200 55 45 40
7200 56 32 17
7200 57 30 1
7200 58 48 1
7200 59 49 39
7200 60 29 39
7200 61 21 5
7200 62 7 18
7200 63 42 25
7200 64 15 32
7200 65 30 39
7200 66 47 32
7200 67 22 43
7200 68 17 30
7200 69 18 50
7200 70 40 7
7200 71 5 41
7200 72 3 39
7200 73 22 20
7200 74 5 6
7200 75 24 25
7200 76 5 5
7200 77 8 17
7200 78 49 28
7200 79 45 45
7200 80 0 50
7200 81 48 18
7200 82 29 32
7200 83 32 8
7200 84 2 20
7200 85 20 1
7200 86 13 19
7200 87 45 38
7200 88 33 31
7200 89 7 6
7200 90 35 3
7200 91 39 16
7200 92 48 37
7200 93 38 24
7200 94 50 9
7200 95 15 24
7200 96 33 27
7200 97 28 37
7200 98 28 31
7200 99 40 16
