0 7200 0 300 0 300
0 0 35 6
0 1 42 20
0 2 19 41
0 3 15 12
0 4 4 33
0 5 36 33
0 6 24 14
0 7 34 16
0 8 43 5
0 9 44 35
0 10 38 2
0 11 29 7
0 12 29 50
0 13 2 36
0 14 50 8
0 15 14 45
0 16 42 47
0 17 36 13
0 18 17 30
0 19 24 12
0 20 1 10
0 21 30 33
0 22 0 3
0 23 20 39
0 24 4 31
0 25 12 32
0 26 21 12
0 27 49 33
0 28 43 35
0 29 29 20
0 30 5 14
0 31 50 35
0 32 12 18
0 33 49 13
0 34 0 18
0 35 12 4
0 36 40 1
0 37 15 34
0 38 35 4
0 39 8 45
0 40 35 19
0 41 27 3
0 42 14 10
0 43 7 43
0 44 21 12
0 45 26 46
0 46 41 31
0 47 35 26
0 48 37 6
0 49 17 48
0 50 26 1
0 51 10 22
0 52 1 35
0 53 40 17
0 54 21 32
0 55 15 25
0 56 37 27
0 57 12 2
0 58 27 5
0 59 17 27
0 60 9 26
0 61 5 21
0 62 41 41
0 63 35 28
0 64 11 16
0 65 30 26
0 66 40 34
0 67 8 19
0 68 0 2
0 69 30 45
0 70 39 38
0 71 7 4
0 72 15 49
0 73 36 34
0 74 33 26
0 75 48 24
0 76 2 46
0 77 45 35
0 78 11 47
0 79 26 25
0 80 33 48
0 81 1 36
0 82 22 8
0 83 33 33
0 84 22 18
0 85 47 37
0 86 23 45
0 87 23 19
0 88 25 41
0 89 37 25
0 90 17 43
0 91 25 31
0 92 41 42
0 93 40 38
0 94 18 7
0 95 26 50
0 96 35 26
0 97 17 44
0 98 43 15
0 99 49 42
0 100 24 12
0 101 39 17
0 102 42 41
0 103 32 45
0 104 20 26
0 105 45 4
0 106 9 0
0 107 10 15
0 108 5 49
0 109 46 12
0 110 16 47
0 111 18 16
0 112 38 4
0 113 40 3
0 114 44 44
0 115 6 10
0 116 39 29
0 117 34 16
0 118 28 18
0 119 45 24
0 120 0 42
0 121 24 24
0 122 46 0
0 123 32 10
0 124 45 37
0 125 10 48
0 126 40 35
0 127 33 20
0 128 33 7
0 129 38 7
0 130 24 25
0 131 12 16
0 132 38 35
0 133 8 9
0 134 9 48
0 135 10 43
0 136 40 8
0 137 35 30
0 138 30 29
0 139 34 19
0 140 28 32
0 141 1 16
0 142 20 39
0 143 2 15
0 144 9 25
0 145 28 46
0 146 42 40
0 147 41 30
0 148 28 44
0 149 39 25
0 150 14 5
0 151 24 29
0 152 32 12
0 153 6 35
0 154 32 6
0 155 33 14
0 156 13 0
0 157 42 30
0 158 19 44
0 159 15 37
0 160 21 19
0 161 16 21
0 162 38 8
0 163 4 9
0 164 42 36
0 165 17 18
0 166 15 4
0 167 27 12
0 168 37 28
0 169 8 16
0 170 25 7
0 171 44 49
0 172 18 7
0 173 40 50
0 174 35 38
0 175 11 48
0 176 49 16
0 177 15 26
0 178 5 33
0 179 34 14
0 180 11 41
0 181 10 28
0 182 48 8
0 183 17 44
0 184 37 6
0 185 20 24
0 186 38 43
0 187 10 13
0 188 44 0
0 189 3 13
0 190 0 32
0 191 4 40
0 192 34 42
0 193 4 39
0 194 13 32
0 195 14 40
0 196 43 39
0 197 20 12
0 198 26 10
0 199 7 34
0 200 6 30
0 201 9 4
0 202 28 12
0 203 0 28
0 204 30 29
0 205 36 31
0 206 17 3
0 207 20 30
0 208 1 4
0 209 29 50
0 210 28 49
0 211 29 35
0 212 19 11
0 213 38 45
0 214 39 22
0 215 6 7
0 216 34 3
0 217 14 22
0 218 42 39
0 219 41 13
0 220 39 14
0 221 8 44
0 222 33 12
0 223 11 10
0 224 1 44
0 225 34 37
0 226 30 40
0 227 26 3
0 228 25 2
0 229 23 40
0 230 16 31
0 231 1 13
0 232 40 4
0 233 4 26
0 234 11 45
0 235 1 36
0 236 6 45
0 237 39 33
0 238 19 9
0 239 46 5
0 240 22 27
0 241 1 24
0 242 34 25
0 243 13 0
0 244 10 4
0 245 38 49
0 246 11 3
0 247 10 38
0 248 22 33
0 249 6 27
600 0 35 6
600 1 42 20
600 2 19 41
600 3 15 12
600 4 4 33
600 5 36 33
600 6 5 37
600 7 34 16
600 8 15 23
600 9 44 35
600 10 38 2
600 11 29 7
600 12 26 36
600 13 2 36
600 14 50 8
600 15 48 22
600 16 42 47
600 17 36 13
600 18 17 30
600 19 24 12
600 20 1 10
600 21 30 33
600 22 4 16
600 23 20 39
600 24 4 31
600 25 12 32
600 26 21 12
600 27 49 33
600 28 43 35
600 29 46 16
600 30 5 14
600 31 50 35
600 32 12 18
600 33 30 38
600 34 0 18
600 35 41 30
600 36 28 21
600 37 15 34
600 38 35 4
600 39 13 11
600 40 35 19
600 41 27 3
600 42 14 10
600 43 10 39
600 44 21 12
600 45 26 46
600 46 41 31
600 47 35 26
600 48 37 6
600 49 17 48
600 50 26 1
600 51 10 22
600 52 1 35
600 53 40 17
600 54 21 32
600 55 15 25
600 56 37 27
600 57 12 2
600 58 27 5
600 59 17 37
600 60 38 23
600 61 5 21
600 62 41 41
600 63 35 28
600 64 11 16
600 65 30 26
600 66 40 34
600 67 8 19
600 68 0 2
600 69 30 45
600 70 39 38
600 71 7 4
600 72 20 24
600 73 36 34
600 74 33 26
600 75 48 24
600 76 2 46
600 77 45 35
600 78 11 47
600 79 26 25
600 80 33 48
600 81 1 36
600 82 22 8
600 83 33 33
600 84 22 18
600 85 47 37
600 86 47 16
600 87 26 9
600 88 25 41
600 89 37 25
600 90 37 46
600 91 14 34
600 92 41 42
600 93 40 38
600 94 18 7
600 95 26 50
600 96 35 23
600 97 17 44
600 98 43 15
600 99 10 12
600 100 24 12
600 101 39 17
600 102 42 41
600 103 32 45
600 104 20 26
600 105 45 4
600 106 19 0
600 107 10 15
600 108 5 49
600 109 46 12
600 110 16 47
600 111 18 16
600 112 38 4
600 113 40 3
600 114 44 44
600 115 6 10
600 116 39 29
600 117 34 16
600 118 28 18
600 119 45 24
600 120 0 42
600 121 24 24
600 122 46 0
600 123 26 45
600 124 45 37
600 125 10 48
600 126 40 35
600 127 33 20
600 128 33 7
600 129 38 7
600 130 6 41
600 131 12 16
600 132 38 35
600 133 8 9
600 134 9 48
600 135 10 43
600 136 49 46
600 137 35 30
600 138 30 29
600 139 7 41
600 140 28 32
600 141 1 16
600 142 36 15
600 143 2 15
600 144 9 25
600 145 28 46
600 146 34 30
600 147 41 30
600 148 28 44
600 149 39 25
600 150 14 5
600 151 3 33
600 152 32 12
600 153 6 35
600 154 32 6
600 155 33 14
600 156 13 0
600 157 39 5
600 158 39 0
600 159 15 37
600 160 21 19
600 161 16 21
600 162 45 24
600 163 4 9
600 164 42 36
600 165 41 48
600 166 15 4
600 167 27 12
600 168 37 28
600 169 8 16
600 170 43 26
600 171 44 49
600 172 18 7
600 173 6 36
600 174 35 38
600 175 36 12
600 176 49 16
600 177 15 26
600 178 5 33
600 179 34 14
600 180 11 41
600 181 27 27
600 182 48 8
600 183 17 44
600 184 37 6
600 185 20 24
600 186 4 7
600 187 5 27
600 188 28 29
600 189 3 13
600 190 0 32
600 191 4 40
600 192 34 42
600 193 4 39
600 194 26 2
600 195 14 40
600 196 6 10
600 197 20 12
600 198 26 10
600 199 7 34
600 200 2 24
600 201 9 4
600 202 28 12
600 203 0 28
600 204 30 29
600 205 36 31
600 206 9 45
600 207 20 30
600 208 1 4
600 209 29 50
600 210 28 49
600 211 29 35
600 212 19 11
600 213 38 45
600 214 4 6
600 215 6 7
600 216 34 3
600 217 14 22
600 218 42 39
600 219 41 13
600 220 39 14
600 221 8 44
600 222 33 12
600 223 11 10
600 224 9 29
600 225 34 37
600 226 30 40
600 227 26 3
600 228 25 2
600 229 23 40
600 230 16 31
600 231 39 33
600 232 40 4
600 233 4 26
600 234 19 29
600 235 1 36
600 236 6 45
600 237 39 33
600 238 19 9
600 239 22 34
600 240 22 27
600 241 1 24
600 242 34 25
600 243 26 30
600 244 10 4
600 245 38 49
600 246 14 37
600 247 10 38
600 248 22 33
600 249 6 27
1200 0 35 6
1200 1 42 20
1200 2 19 41
1200 3 15 12
1200 4 4 33
1200 5 18 14
1200 6 5 37
1200 7 34 16
1200 8 15 23
1200 9 44 35
1200 10 38 2
1200 11 29 7
1200 12 18 11
1200 13 2 36
1200 14 22 17
1200 15 48 22
1200 16 42 47
1200 17 15 23
1200 18 5 31
1200 19 31 31
1200 20 28 24
1200 21 30 33
1200 22 4 16
1200 23 20 39
1200 24 4 31
1200 25 12 32
1200 26 8 10
1200 27 49 33
1200 28 43 35
1200 29 46 16
1200 30 5 14
1200 31 50 35
1200 32 12 18
1200 33 30 38
1200 34 0 18
1200 35 41 30
1200 36 44 46
1200 37 15 34
1200 38 47 6
1200 39 13 11
1200 40 35 19
1200 41 27 3
1200 42 13 9
1200 43 10 39
1200 44 21 12
1200 45 26 46
1200 46 41 31
1200 47 35 26
1200 48 37 6
1200 49 17 48
1200 50 26 1
1200 51 10 22
1200 52 42 44
1200 53 45 0
1200 54 21 32
1200 55 15 25
1200 56 37 27
1200 57 12 2
1200 58 27 5
1200 59 17 37
1200 60 38 23
1200 61 18 3
1200 62 41 41
1200 63 35 28
1200 64 11 16
1200 65 29 12
1200 66 46 50
1200 67 18 34
1200 68 13 24
1200 69 30 45
1200 70 39 38
1200 71 7 4
1200 72 20 24
1200 73 36 34
1200 74 33 26
1200 75 48 24
1200 76 2 46
1200 77 45 35
1200 78 11 47
1200 79 26 25
1200 80 1 6
1200 81 1 36
1200 82 22 8
1200 83 12 39
1200 84 22 18
1200 85 47 37
1200 86 47 16
1200 87 26 9
1200 88 25 41
1200 89 37 25
1200 90 37 46
1200 91 14 34
1200 92 41 42
1200 93 40 38
1200 94 18 7
1200 95 26 50
1200 96 35 23
1200 97 34 24
1200 98 43 30
1200 99 10 12
1200 100 14 9
1200 101 39 17
1200 102 15 46
1200 103 32 45
1200 104 20 26
1200 105 45 4
1200 106 19 0
1200 107 10 15
1200 108 5 49
1200 109 32 5
1200 110 16 47
1200 111 18 16
1200 112 38 4
1200 113 40 3
1200 114 44 44
1200 115 6 10
1200 116 39 29
1200 117 34 16
1200 118 28 18
1200 119 45 24
1200 120 0 42
1200 121 24 24
1200 122 46 0
1200 123 26 45
1200 124 45 37
1200 125 10 48
1200 126 40 35
1200 127 33 20
1200 128 33 7
1200 129 38 7
1200 130 6 41
1200 131 12 16
1200 132 38 35
1200 133 44 33
1200 134 9 48
1200 135 10 43
1200 136 7 40
1200 137 35 30
1200 138 30 29
1200 139 7 41
1200 140 28 32
1200 141 1 16
1200 142 36 15
1200 143 2 15
1200 144 9 25
1200 145 28 46
1200 146 34 27
1200 147 41 30
1200 148 28 44
1200 149 39 25
1200 150 14 5
1200 151 3 33
1200 152 32 12
1200 153 6 35
1200 154 32 6
1200 155 33 14
1200 156 19 24
1200 157 32 44
1200 158 39 0
1200 159 15 37
1200 160 21 19
1200 161 50 48
1200 162 45 24
1200 163 11 21
1200 164 42 36
1200 165 41 48
1200 166 44 31
1200 167 27 12
1200 168 37 28
1200 169 8 16
1200 170 43 26
1200 171 44 49
1200 172 18 7
1200 173 6 36
1200 174 20 3
1200 175 3 18
1200 176 22 44
1200 177 15 26
1200 178 5 33
1200 179 34 14
1200 180 11 41
1200 181 7 7
1200 182 48 8
1200 183 17 44
1200 184 37 6
1200 185 20 24
1200 186 4 7
1200 187 17 32
1200 188 50 31
1200 189 39 6
1200 190 0 32
1200 191 4 40
1200 192 34 42
1200 193 4 39
1200 194 26 2
1200 195 14 40
1200 196 6 10
1200 197 20 12
1200 198 26 10
1200 199 7 34
1200 200 2 24
1200 201 9 4
1200 202 28 12
1200 203 0 28
1200 204 30 29
1200 205 33 15
1200 206 18 18
1200 207 20 30
1200 208 1 4
1200 209 29 50
1200 210 13 40
1200 211 29 35
1200 212 19 11
1200 213 38 45
1200 214 4 6
1200 215 6 7
1200 216 34 3
1200 217 50 38
1200 218 42 39
1200 219 2 6
1200 220 39 14
1200 221 8 44
1200 222 33 12
1200 223 11 10
1200 224 50 4
1200 225 16 4
1200 226 30 40
1200 227 42 16
1200 228 25 2
1200 229 23 40
1200 230 16 31
1200 231 39 33
1200 232 40 4
1200 233 4 26
1200 234 19 29
1200 235 1 36
1200 236 6 45
1200 237 39 33
1200 238 31 26
1200 239 22 34
1200 240 22 27
1200 241 1 24
1200 242 34 25
1200 243 26 30
1200 244 10 4
1200 245 38 49
1200 246 14 37
1200 247 8 8
1200 248 22 33
1200 249 6 27
1800 0 35 6
1800 1 42 20
1800 2 19 41
1800 3 15 12
1800 4 4 33
1800 5 47 45
1800 6 5 37
1800 7 34 16
1800 8 15 23
1800 9 44 35
1800 10 38 2
1800 11 29 7
1800 12 18 11
1800 13 2 36
1800 14 22 17
1800 15 48 22
1800 16 42 47
1800 17 15 23
1800 18 22 44
1800 19 31 31
1800 20 28 24
1800 21 30 33
1800 22 4 16
1800 23 27 44
1800 24 4 31
1800 25 12 32
1800 26 8 10
1800 27 49 33
1800 28 24 33
1800 29 46 16
1800 30 5 14
1800 31 50 35
1800 32 12 18
1800 33 30 38
1800 34 44 48
1800 35 41 30
1800 36 44 46
1800 37 15 34
1800 38 47 6
1800 39 13 11
1800 40 35 19
1800 41 30 4
1800 42 36 38
1800 43 10 39
1800 44 21 12
1800 45 26 46
1800 46 41 31
1800 47 35 26
1800 48 37 6
1800 49 31 47
1800 50 26 1
1800 51 10 22
1800 52 42 44
1800 53 20 14
1800 54 21 32
1800 55 45 46
1800 56 37 27
1800 57 12 2
1800 58 27 5
1800 59 0 46
1800 60 38 23
1800 61 18 3
1800 62 41 41
1800 63 35 28
1800 64 30 23
1800 65 30 6
1800 66 46 50
1800 67 16 18
1800 68 13 24
1800 69 30 45
1800 70 39 38
1800 71 7 4
1800 72 20 24
1800 73 36 34
1800 74 33 26
1800 75 45 44
1800 76 2 46
1800 77 45 35
1800 78 11 47
1800 79 26 25
1800 80 1 6
1800 81 1 36
1800 82 22 8
1800 83 12 39
1800 84 22 18
1800 85 47 37
1800 86 47 16
1800 87 26 9
1800 88 25 41
1800 89 4 21
1800 90 37 46
1800 91 14 34
1800 92 18 4
1800 93 40 38
1800 94 33 4
1800 95 32 28
1800 96 35 23
1800 97 34 24
1800 98 43 30
1800 99 10 12
1800 100 14 9
1800 101 39 17
1800 102 15 46
1800 103 32 45
1800 104 20 26
1800 105 45 4
1800 106 19 0
1800 107 10 15
1800 108 48 1
1800 109 32 5
1800 110 16 47
1800 111 18 16
1800 112 38 4
1800 113 40 3
1800 114 5 10
1800 115 4 26
1800 116 39 29
1800 117 34 16
1800 118 40 34
1800 119 45 24
1800 120 0 42
1800 121 24 24
1800 122 46 0
1800 123 46 7
1800 124 45 37
1800 125 10 48
1800 126 48 13
1800 127 33 20
1800 128 31 4
1800 129 38 7
1800 130 6 41
1800 131 12 16
1800 132 38 35
1800 133 44 33
1800 134 9 48
1800 135 10 43
1800 136 3 43
1800 137 35 30
1800 138 4 26
1800 139 24 19
1800 140 28 32
1800 141 10 11
1800 142 36 15
1800 143 31 25
1800 144 9 25
1800 145 28 46
1800 146 34 27
1800 147 41 30
1800 148 28 44
1800 149 39 25
1800 150 14 5
1800 151 3 33
1800 152 32 12
1800 153 6 35
1800 154 32 6
1800 155 33 14
1800 156 19 24
1800 157 32 44
1800 158 42 16
1800 159 15 37
1800 160 21 19
1800 161 22 39
1800 162 37 13
1800 163 11 21
1800 164 27 6
1800 165 41 48
1800 166 44 31
1800 167 27 12
1800 168 31 49
1800 169 8 16
1800 170 43 26
1800 171 44 49
1800 172 18 7
1800 173 45 37
1800 174 20 3
1800 175 3 18
1800 176 34 43
1800 177 15 26
1800 178 5 33
1800 179 34 14
1800 180 11 41
1800 181 7 7
1800 182 11 30
1800 183 19 23
1800 184 37 6
1800 185 20 24
1800 186 4 7
1800 187 17 32
1800 188 5 33
1800 189 39 6
1800 190 0 32
1800 191 4 40
1800 192 34 42
1800 193 4 39
1800 194 24 20
1800 195 14 40
1800 196 6 10
1800 197 25 4
1800 198 26 10
1800 199 7 34
1800 200 2 24
1800 201 9 4
1800 202 28 12
1800 203 0 28
1800 204 30 29
1800 205 33 15
1800 206 18 18
1800 207 20 30
1800 208 1 4
1800 209 29 50
1800 210 13 40
1800 211 29 35
1800 212 19 11
1800 213 38 45
1800 214 46 13
1800 215 41 16
1800 216 34 3
1800 217 50 38
1800 218 42 39
1800 219 2 6
1800 220 39 14
1800 221 8 44
1800 222 33 12
1800 223 11 10
1800 224 50 4
1800 225 16 4
1800 226 30 40
1800 227 42 16
1800 228 25 2
1800 229 35 15
1800 230 16 31
1800 231 39 33
1800 232 40 4
1800 233 4 26
1800 234 19 29
1800 235 1 36
1800 236 6 45
1800 237 39 33
1800 238 31 26
1800 239 22 34
1800 240 31 23
1800 241 1 24
1800 242 34 25
1800 243 26 30
1800 244 10 4
1800 245 38 49
1800 246 14 37
1800 247 8 8
1800 248 22 33
1800 249 6 27
2400 0 35 6
2400 1 42 20
2400 2 19 41
2400 3 15 12
2400 4 4 33
2400 5 5 26
2400 6 5 37
2400 7 34 16
2400 8 15 23
2400 9 8 24
2400 10 38 2
2400 11 29 7
2400 12 18 11
2400 13 2 36
2400 14 22 17
2400 15 18 13
2400 16 42 47
2400 17 15 23
2400 18 22 44
2400 19 31 31
2400 20 28 24
2400 21 30 33
2400 22 4 16
2400 23 41 41
2400 24 4 31
2400 25 12 32
2400 26 8 10
2400 27 49 33
2400 28 24 33
2400 29 46 16
2400 30 5 14
2400 31 10 41
2400 32 12 18
2400 33 43 49
2400 34 44 48
2400 35 41 30
2400 36 44 46
2400 37 15 34
2400 38 47 6
2400 39 13 11
2400 40 35 19
2400 41 28 14
2400 42 45 46
2400 43 10 39
2400 44 21 12
2400 45 26 46
2400 46 41 31
2400 47 35 26
2400 48 37 6
2400 49 31 47
2400 50 26 1
2400 51 29 41
2400 52 42 44
2400 53 20 14
2400 54 18 20
2400 55 45 46
2400 56 37 27
2400 57 12 2
2400 58 10 20
2400 59 0 4
2400 60 37 37
2400 61 18 3
2400 62 41 41
2400 63 44 20
2400 64 30 23
2400 65 30 6
2400 66 46 50
2400 67 16 18
2400 68 13 24
2400 69 30 45
2400 70 9 30
2400 71 7 4
2400 72 20 24
2400 73 36 34
2400 74 14 38
2400 75 45 44
2400 76 2 46
2400 77 45 35
2400 78 11 47
2400 79 26 25
2400 80 1 6
2400 81 1 36
2400 82 22 8
2400 83 12 8
2400 84 22 18
2400 85 7 32
2400 86 37 18
2400 87 26 9
2400 88 14 3
2400 89 30 37
2400 90 37 46
2400 91 14 34
2400 92 18 4
2400 93 40 38
2400 94 33 4
2400 95 32 28
2400 96 35 23
2400 97 34 24
2400 98 48 34
2400 99 10 12
2400 100 14 9
2400 101 39 17
2400 102 15 46
2400 103 32 45
2400 104 20 26
2400 105 45 4
2400 106 19 0
2400 107 10 15
2400 108 48 1
2400 109 49 8
2400 110 16 47
2400 111 18 16
2400 112 38 4
2400 113 40 3
2400 114 31 34
2400 115 4 26
2400 116 37 33
2400 117 34 16
2400 118 41 34
2400 119 45 24
2400 120 0 42
2400 121 32 23
2400 122 46 0
2400 123 46 7
2400 124 45 37
2400 125 10 48
2400 126 48 13
2400 127 29 23
2400 128 31 4
2400 129 38 7
2400 130 6 41
2400 131 12 16
2400 132 38 35
2400 133 44 33
2400 134 9 48
2400 135 10 43
2400 136 32 37
2400 137 35 30
2400 138 4 26
2400 139 24 19
2400 140 28 32
2400 141 22 29
2400 142 29 45
2400 143 31 25
2400 144 9 25
2400 145 28 46
2400 146 34 27
2400 147 41 30
2400 148 27 15
2400 149 17 26
2400 150 14 5
2400 151 3 33
2400 152 32 12
2400 153 6 35
2400 154 32 6
2400 155 33 14
2400 156 19 24
2400 157 32 44
2400 158 42 16
2400 159 15 37
2400 160 21 19
2400 161 22 39
2400 162 37 13
2400 163 11 21
2400 164 27 6
2400 165 41 48
2400 166 44 31
2400 167 27 12
2400 168 40 11
2400 169 8 16
2400 170 43 26
2400 171 44 49
2400 172 18 7
2400 173 45 37
2400 174 20 3
2400 175 3 18
2400 176 4 10
2400 177 43 31
2400 178 8 4
2400 179 34 14
2400 180 11 41
2400 181 7 7
2400 182 11 30
2400 183 19 23
2400 184 37 6
2400 185 20 24
2400 186 4 7
2400 187 17 32
2400 188 46 2
2400 189 39 6
2400 190 0 32
2400 191 5 48
2400 192 34 42
2400 193 4 39
2400 194 24 20
2400 195 14 40
2400 196 34 3
2400 197 25 4
2400 198 26 10
2400 199 7 34
2400 200 2 24
2400 201 9 4
2400 202 28 12
2400 203 0 28
2400 204 30 29
2400 205 33 15
2400 206 18 18
2400 207 20 30
2400 208 7 13
2400 209 29 50
2400 210 13 40
2400 211 29 35
2400 212 19 11
2400 213 38 45
2400 214 46 13
2400 215 41 16
2400 216 34 3
2400 217 50 38
2400 218 42 39
2400 219 2 6
2400 220 39 14
2400 221 8 44
2400 222 48 20
2400 223 11 10
2400 224 50 4
2400 225 16 4
2400 226 21 31
2400 227 42 16
2400 228 25 2
2400 229 6 43
2400 230 16 31
2400 231 39 33
2400 232 40 4
2400 233 4 26
2400 234 19 29
2400 235 1 36
2400 236 6 45
2400 237 39 33
2400 238 31 26
2400 239 30 40
2400 240 31 23
2400 241 49 17
2400 242 34 25
2400 243 43 40
2400 244 22 20
2400 245 38 49
2400 246 14 37
2400 247 8 8
2400 248 22 33
2400 249 6 27
3000 0 35 6
3000 1 42 20
3000 2 19 41
3000 3 15 12
3000 4 4 33
3000 5 7 20
3000 6 5 37
3000 7 34 16
3000 8 15 23
3000 9 8 24
3000 10 38 2
3000 11 29 7
3000 12 18 11
3000 13 46 8
3000 14 41 0
3000 15 18 13
3000 16 42 47
3000 17 15 23
3000 18 44 26
3000 19 31 31
3000 20 50 50
3000 21 21 36
3000 22 4 16
3000 23 41 41
3000 24 4 31
3000 25 0 0
3000 26 8 10
3000 27 49 33
3000 28 24 33
3000 29 46 16
3000 30 5 14
3000 31 10 41
3000 32 12 18
3000 33 43 49
3000 34 0 9
3000 35 31 39
3000 36 44 46
3000 37 15 34
3000 38 47 6
3000 39 13 11
3000 40 35 19
3000 41 28 14
3000 42 45 46
3000 43 48 38
3000 44 21 12
3000 45 26 46
3000 46 41 31
3000 47 35 26
3000 48 9 48
3000 49 31 47
3000 50 26 1
3000 51 29 41
3000 52 42 44
3000 53 20 14
3000 54 18 20
3000 55 47 7
3000 56 28 22
3000 57 12 2
3000 58 10 20
3000 59 0 4
3000 60 37 11
3000 61 18 3
3000 62 31 28
3000 63 44 20
3000 64 30 23
3000 65 30 6
3000 66 46 50
3000 67 16 18
3000 68 27 8
3000 69 30 45
3000 70 9 30
3000 71 7 4
3000 72 7 20
3000 73 27 9
3000 74 14 38
3000 75 10 12
3000 76 2 46
3000 77 45 35
3000 78 11 47
3000 79 26 25
3000 80 1 6
3000 81 17 33
3000 82 24 4
3000 83 12 8
3000 84 22 18
3000 85 7 32
3000 86 37 18
3000 87 26 9
3000 88 14 3
3000 89 30 37
3000 90 37 46
3000 91 23 2
3000 92 18 4
3000 93 40 38
3000 94 33 4
3000 95 32 28
3000 96 35 23
3000 97 34 24
3000 98 48 34
3000 99 10 12
3000 100 14 9
3000 101 39 17
3000 102 37 49
3000 103 32 45
3000 104 19 0
3000 105 45 4
3000 106 19 0
3000 107 10 15
3000 108 48 1
3000 109 49 8
3000 110 16 47
3000 111 21 17
3000 112 38 4
3000 113 40 3
3000 114 31 34
3000 115 45 21
3000 116 27 34
3000 117 34 16
3000 118 41 34
3000 119 45 24
3000 120 0 42
3000 121 32 23
3000 122 46 0
3000 123 46 7
3000 124 45 37
3000 125 10 48
3000 126 48 13
3000 127 29 23
3000 128 35 49
3000 129 38 7
3000 130 6 41
3000 131 12 16
3000 132 38 35
3000 133 44 33
3000 134 9 48
3000 135 10 43
3000 136 32 37
3000 137 35 30
3000 138 4 26
3000 139 14 29
3000 140 34 3
3000 141 22 29
3000 142 29 45
3000 143 31 25
3000 144 9 25
3000 145 28 46
3000 146 34 27
3000 147 41 30
3000 148 27 15
3000 149 17 26
3000 150 14 5
3000 151 3 33
3000 152 32 12
3000 153 6 35
3000 154 32 6
3000 155 33 14
3000 156 19 24
3000 157 32 44
3000 158 42 16
3000 159 15 37
3000 160 21 19
3000 161 22 39
3000 162 37 13
3000 163 11 21
3000 164 27 6
3000 165 41 48
3000 166 44 31
3000 167 45 27
3000 168 40 11
3000 169 8 16
3000 170 43 26
3000 171 44 49
3000 172 18 7
3000 173 47 1
3000 174 20 3
3000 175 3 18
3000 176 4 10
3000 177 43 31
3000 178 8 4
3000 179 34 14
3000 180 11 41
3000 181 7 7
3000 182 11 30
3000 183 19 23
3000 184 37 6
3000 185 40 13
3000 186 4 7
3000 187 17 32
3000 188 46 2
3000 189 36 27
3000 190 0 32
3000 191 5 48
3000 192 34 42
3000 193 4 39
3000 194 44 42
3000 195 19 18
3000 196 34 3
3000 197 21 2
3000 198 26 10
3000 199 7 34
3000 200 2 24
3000 201 50 27
3000 202 0 24
3000 203 33 10
3000 204 30 29
3000 205 33 15
3000 206 18 18
3000 207 8 37
3000 208 7 13
3000 209 29 50
3000 210 13 40
3000 211 29 35
3000 212 36 4
3000 213 38 45
3000 214 4 38
3000 215 39 15
3000 216 34 3
3000 217 50 38
3000 218 42 39
3000 219 2 6
3000 220 25 31
3000 221 32 6
3000 222 48 20
3000 223 11 10
3000 224 50 4
3000 225 16 4
3000 226 19 30
3000 227 42 16
3000 228 25 2
3000 229 6 43
3000 230 16 31
3000 231 32 13
3000 232 40 4
3000 233 4 26
3000 234 19 29
3000 235 1 36
3000 236 28 39
3000 237 39 33
3000 238 31 26
3000 239 22 50
3000 240 31 23
3000 241 49 17
3000 242 34 25
3000 243 43 40
3000 244 22 20
3000 245 38 49
3000 246 14 37
3000 247 8 8
3000 248 22 33
3000 249 6 27
3600 0 35 6
3600 1 42 20
3600 2 19 41
3600 3 15 12
3600 4 4 33
3600 5 7 20
3600 6 5 37
3600 7 34 16
3600 8 15 23
3600 9 35 38
3600 10 38 2
3600 11 29 7
3600 12 47 9
3600 13 46 8
3600 14 6 1
3600 15 18 13
3600 16 42 47
3600 17 15 23
3600 18 44 26
3600 19 31 31
3600 20 13 27
3600 21 21 36
3600 22 4 16
3600 23 15 45
3600 24 4 31
3600 25 0 0
3600 26 8 10
3600 27 49 33
3600 28 24 33
3600 29 46 16
3600 30 5 14
3600 31 10 41
3600 32 12 18
3600 33 43 49
3600 34 0 9
3600 35 31 39
3600 36 44 46
3600 37 23 27
3600 38 47 6
3600 39 30 23
3600 40 35 19
3600 41 28 14
3600 42 4 38
3600 43 48 38
3600 44 21 12
3600 45 26 46
3600 46 41 31
3600 47 35 26
3600 48 9 48
3600 49 31 47
3600 50 26 1
3600 51 37 50
3600 52 42 44
3600 53 20 14
3600 54 18 20
3600 55 30 12
3600 56 28 22
3600 57 12 2
3600 58 36 41
3600 59 0 4
3600 60 37 11
3600 61 18 3
3600 62 31 28
3600 63 41 16
3600 64 30 23
3600 65 30 6
3600 66 46 50
3600 67 16 18
3600 68 27 8
3600 69 43 43
3600 70 9 30
3600 71 7 4
3600 72 36 13
3600 73 27 9
3600 74 14 38
3600 75 10 12
3600 76 2 46
3600 77 45 35
3600 78 11 47
3600 79 26 25
3600 80 1 6
3600 81 17 33
3600 82 24 4
3600 83 12 8
3600 84 22 18
3600 85 44 9
3600 86 37 18
3600 87 26 9
3600 88 14 3
3600 89 30 37
3600 90 37 46
3600 91 23 2
3600 92 18 4
3600 93 7 47
3600 94 33 4
3600 95 32 28
3600 96 35 23
3600 97 34 24
3600 98 48 34
3600 99 10 12
3600 100 14 9
3600 101 39 17
3600 102 37 49
3600 103 32 45
3600 104 19 26
3600 105 19 2
3600 106 19 0
3600 107 10 15
3600 108 48 1
3600 109 49 8
3600 110 16 47
3600 111 21 17
3600 112 38 4
3600 113 40 3
3600 114 31 34
3600 115 45 21
3600 116 50 1
3600 117 34 16
3600 118 41 34
3600 119 45 24
3600 120 0 42
3600 121 32 23
3600 122 46 0
3600 123 42 17
3600 124 45 37
3600 125 10 48
3600 126 33 12
3600 127 29 23
3600 128 9 41
3600 129 38 7
3600 130 6 41
3600 131 12 16
3600 132 38 35
3600 133 44 41
3600 134 9 48
3600 135 10 43
3600 136 32 37
3600 137 36 35
3600 138 4 26
3600 139 14 29
3600 140 18 7
3600 141 22 29
3600 142 29 45
3600 143 31 25
3600 144 9 25
3600 145 28 46
3600 146 25 34
3600 147 41 30
3600 148 0 10
3600 149 17 26
3600 150 27 17
3600 151 3 33
3600 152 32 12
3600 153 6 35
3600 154 32 6
3600 155 33 14
3600 156 19 24
3600 157 32 44
3600 158 42 16
3600 159 15 37
3600 160 21 19
3600 161 22 39
3600 162 37 13
3600 163 20 29
3600 164 27 6
3600 165 41 48
3600 166 44 31
3600 167 45 27
3600 168 0 43
3600 169 37 1
3600 170 43 26
3600 171 44 49
3600 172 18 7
3600 173 47 1
3600 174 20 3
3600 175 46 46
3600 176 14 6
3600 177 43 31
3600 178 8 4
3600 179 16 12
3600 180 11 41
3600 181 7 7
3600 182 11 30
3600 183 19 23
3600 184 37 6
3600 185 40 13
3600 186 33 24
3600 187 17 32
3600 188 1 0
3600 189 36 27
3600 190 0 32
3600 191 5 48
3600 192 26 11
3600 193 4 39
3600 194 44 42
3600 195 19 18
3600 196 30 47
3600 197 7 30
3600 198 26 10
3600 199 7 34
3600 200 2 24
3600 201 38 17
3600 202 0 24
3600 203 33 10
3600 204 30 29
3600 205 33 15
3600 206 18 18
3600 207 25 3
3600 208 7 13
3600 209 29 50
3600 210 13 40
3600 211 29 35
3600 212 36 4
3600 213 38 45
3600 214 4 38
3600 215 39 15
3600 216 15 10
3600 217 50 38
3600 218 42 39
3600 219 2 6
3600 220 25 31
3600 221 42 11
3600 222 48 20
3600 223 11 10
3600 224 50 4
3600 225 16 4
3600 226 42 44
3600 227 42 16
3600 228 25 2
3600 229 6 43
3600 230 16 31
3600 231 32 13
3600 232 40 4
3600 233 4 26
3600 234 37 3
3600 235 1 36
3600 236 28 39
3600 237 39 33
3600 238 18 50
3600 239 22 50
3600 240 31 23
3600 241 0 26
3600 242 34 25
3600 243 43 40
3600 244 22 20
3600 245 38 49
3600 246 14 37
3600 247 49 21
3600 248 29 44
3600 249 45 26
4200 0 35 6
4200 1 42 20
4200 2 19 41
4200 3 15 12
4200 4 4 33
4200 5 7 20
4200 6 5 37
4200 7 34 16
4200 8 15 23
4200 9 35 38
4200 10 38 2
4200 11 6 30
4200 12 47 9
4200 13 23 7
4200 14 6 1
4200 15 18 13
4200 16 42 47
4200 17 15 23
4200 18 44 26
4200 19 28 15
4200 20 13 27
4200 21 21 36
4200 22 4 16
4200 23 15 45
4200 24 4 31
4200 25 43 30
4200 26 8 10
4200 27 49 33
4200 28 24 33
4200 29 46 16
4200 30 5 14
4200 31 10 41
4200 32 12 18
4200 33 43 49
4200 34 0 9
4200 35 31 39
4200 36 50 18
4200 37 23 27
4200 38 47 6
4200 39 30 23
4200 40 35 19
4200 41 3 10
4200 42 4 38
4200 43 49 34
4200 44 21 12
4200 45 26 46
4200 46 41 31
4200 47 2 2
4200 48 9 48
4200 49 2 19
4200 50 26 1
4200 51 41 20
4200 52 0 8
4200 53 20 14
4200 54 18 20
4200 55 30 12
4200 56 28 22
4200 57 12 2
4200 58 36 41
4200 59 0 4
4200 60 30 43
4200 61 18 3
4200 62 31 28
4200 63 41 16
4200 64 9 6
4200 65 30 6
4200 66 46 50
4200 67 16 18
4200 68 27 8
4200 69 43 43
4200 70 9 30
4200 71 7 4
4200 72 36 13
4200 73 19 5
4200 74 14 38
4200 75 10 12
4200 76 7 7
4200 77 45 35
4200 78 11 47
4200 79 50 34
4200 80 1 6
4200 81 17 33
4200 82 24 4
4200 83 12 8
4200 84 22 18
4200 85 44 9
4200 86 37 18
4200 87 26 9
4200 88 14 3
4200 89 49 41
4200 90 32 47
4200 91 23 2
4200 92 18 4
4200 93 7 47
4200 94 19 34
4200 95 32 28
4200 96 35 23
4200 97 34 24
4200 98 48 34
4200 99 10 12
4200 100 39 0
4200 101 39 17
4200 102 37 49
4200 103 19 10
4200 104 19 26
4200 105 19 2
4200 106 19 0
4200 107 44 4
4200 108 48 1
4200 109 49 8
4200 110 16 47
4200 111 21 17
4200 112 38 4
4200 113 40 3
4200 114 31 34
4200 115 45 21
4200 116 50 1
4200 117 34 16
4200 118 41 34
4200 119 34 44
4200 120 0 42
4200 121 32 23
4200 122 41 0
4200 123 42 17
4200 124 45 37
4200 125 10 48
4200 126 33 12
4200 127 29 23
4200 128 9 41
4200 129 38 7
4200 130 6 41
4200 131 37 28
4200 132 38 35
4200 133 44 41
4200 134 9 48
4200 135 23 32
4200 136 32 37
4200 137 36 35
4200 138 4 26
4200 139 14 29
4200 140 18 7
4200 141 45 16
4200 142 29 45
4200 143 31 25
4200 144 9 25
4200 145 8 48
4200 146 25 34
4200 147 41 30
4200 148 0 10
4200 149 17 26
4200 150 27 17
4200 151 3 33
4200 152 32 12
4200 153 6 35
4200 154 32 6
4200 155 33 14
4200 156 19 24
4200 157 16 5
4200 158 42 16
4200 159 15 37
4200 160 21 19
4200 161 16 7
4200 162 37 13
4200 163 20 29
4200 164 27 6
4200 165 41 48
4200 166 44 31
4200 167 2 46
4200 168 0 43
4200 169 37 1
4200 170 43 26
4200 171 44 49
4200 172 18 7
4200 173 47 1
4200 174 20 3
4200 175 28 1
4200 176 14 6
4200 177 43 31
4200 178 8 4
4200 179 25 7
4200 180 11 41
4200 181 7 7
4200 182 11 30
4200 183 19 23
4200 184 48 49
4200 185 40 13
4200 186 33 24
4200 187 17 32
4200 188 24 39
4200 189 30 18
4200 190 0 32
4200 191 5 48
4200 192 26 11
4200 193 7 2
4200 194 44 42
4200 195 19 18
4200 196 30 47
4200 197 7 30
4200 198 45 30
4200 199 7 34
4200 200 2 24
4200 201 38 17
4200 202 0 24
4200 203 7 15
4200 204 30 29
4200 205 49 9
4200 206 18 18
4200 207 25 3
4200 208 25 12
4200 209 29 50
4200 210 43 22
4200 211 29 35
4200 212 25 39
4200 213 38 45
4200 214 4 38
4200 215 39 15
4200 216 15 10
4200 217 50 38
4200 218 42 39
4200 219 2 6
4200 220 25 31
4200 221 21 8
4200 222 48 20
4200 223 11 10
4200 224 50 4
4200 225 16 4
4200 226 13 2
4200 227 38 4
4200 228 1 31
4200 229 6 43
4200 230 16 31
4200 231 32 13
4200 232 40 4
4200 233 4 26
4200 234 37 3
4200 235 1 36
4200 236 28 39
4200 237 39 33
4200 238 18 50
4200 239 22 50
4200 240 31 23
4200 241 0 26
4200 242 7 48
4200 243 24 40
4200 244 22 20
4200 245 38 49
4200 246 14 37
4200 247 49 21
4200 248 29 44
4200 249 43 38
4800 0 35 6
4800 1 42 20
4800 2 19 41
4800 3 15 12
4800 4 4 33
4800 5 5 25
4800 6 5 37
4800 7 34 16
4800 8 15 23
4800 9 35 38
4800 10 38 2
4800 11 6 30
4800 12 47 9
4800 13 23 7
4800 14 6 1
4800 15 18 13
4800 16 29 50
4800 17 50 45
4800 18 44 26
4800 19 28 15
4800 20 13 27
4800 21 21 36
4800 22 16 40
4800 23 15 45
4800 24 45 21
4800 25 33 33
4800 26 8 10
4800 27 49 33
4800 28 24 33
4800 29 46 16
4800 30 5 14
4800 31 10 41
4800 32 12 18
4800 33 43 49
4800 34 0 9
4800 35 18 35
4800 36 50 18
4800 37 23 27
4800 38 47 6
4800 39 30 23
4800 40 35 19
4800 41 17 30
4800 42 4 38
4800 43 6 47
4800 44 16 39
4800 45 26 46
4800 46 41 31
4800 47 2 2
4800 48 9 48
4800 49 2 19
4800 50 2 16
4800 51 41 20
4800 52 0 8
4800 53 20 14
4800 54 18 20
4800 55 30 12
4800 56 28 22
4800 57 12 2
4800 58 36 41
4800 59 0 4
4800 60 30 43
4800 61 18 3
4800 62 31 28
4800 63 41 16
4800 64 9 6
4800 65 30 6
4800 66 46 50
4800 67 39 22
4800 68 27 8
4800 69 14 41
4800 70 4 33
4800 71 7 4
4800 72 36 13
4800 73 19 5
4800 74 14 38
4800 75 10 12
4800 76 7 7
4800 77 45 35
4800 78 11 47
4800 79 50 34
4800 80 1 6
4800 81 19 7
4800 82 24 4
4800 83 12 8
4800 84 22 18
4800 85 44 9
4800 86 49 14
4800 87 26 9
4800 88 26 39
4800 89 49 41
4800 90 32 47
4800 91 23 2
4800 92 18 4
4800 93 7 47
4800 94 19 34
4800 95 32 28
4800 96 35 23
4800 97 34 24
4800 98 49 45
4800 99 10 12
4800 100 14 12
4800 101 39 17
4800 102 37 49
4800 103 19 10
4800 104 19 26
4800 105 19 2
4800 106 19 0
4800 107 44 4
4800 108 36 31
4800 109 23 41
4800 110 16 47
4800 111 19 12
4800 112 38 4
4800 113 40 3
4800 114 31 34
4800 115 40 46
4800 116 50 1
4800 117 34 16
4800 118 41 34
4800 119 34 44
4800 120 0 42
4800 121 35 1
4800 122 41 0
4800 123 42 17
4800 124 45 37
4800 125 10 48
4800 126 33 12
4800 127 25 25
4800 128 9 41
4800 129 38 7
4800 130 6 41
4800 131 37 28
4800 132 38 35
4800 133 44 41
4800 134 9 48
4800 135 48 42
4800 136 32 37
4800 137 36 35
4800 138 4 26
4800 139 14 29
4800 140 23 4
4800 141 15 21
4800 142 28 5
4800 143 31 25
4800 144 9 25
4800 145 8 48
4800 146 25 34
4800 147 41 30
4800 148 6 15
4800 149 36 29
4800 150 38 19
4800 151 3 33
4800 152 50 30
4800 153 6 35
4800 154 32 6
4800 155 33 14
4800 156 19 24
4800 157 16 5
4800 158 42 16
4800 159 15 37
4800 160 21 19
4800 161 16 7
4800 162 4 40
4800 163 28 0
4800 164 27 6
4800 165 41 48
4800 166 44 31
4800 167 2 46
4800 168 0 43
4800 169 37 1
4800 170 43 26
4800 171 44 49
4800 172 15 15
4800 173 47 1
4800 174 20 3
4800 175 28 1
4800 176 14 6
4800 177 43 31
4800 178 8 4
4800 179 25 7
4800 180 11 41
4800 181 7 7
4800 182 11 30
4800 183 19 23
4800 184 48 49
4800 185 40 13
4800 186 33 24
4800 187 26 7
4800 188 24 39
4800 189 30 18
4800 190 0 32
4800 191 5 48
4800 192 26 11
4800 193 42 1
4800 194 44 42
4800 195 19 18
4800 196 15 24
4800 197 11 45
4800 198 46 20
4800 199 7 34
4800 200 2 24
4800 201 38 17
4800 202 0 24
4800 203 7 15
4800 204 30 29
4800 205 49 9
4800 206 18 18
4800 207 25 3
4800 208 25 12
4800 209 21 42
4800 210 43 22
4800 211 29 35
4800 212 20 6
4800 213 38 45
4800 214 4 38
4800 215 39 15
4800 216 15 10
4800 217 50 38
4800 218 29 25
4800 219 2 6
4800 220 25 31
4800 221 21 8
4800 222 0 24
4800 223 11 10
4800 224 50 4
4800 225 21 21
4800 226 13 2
4800 227 38 4
4800 228 20 39
4800 229 10 9
4800 230 16 31
4800 231 32 13
4800 232 40 4
4800 233 4 26
4800 234 37 3
4800 235 12 4
4800 236 28 39
4800 237 39 33
4800 238 18 50
4800 239 22 50
4800 240 31 23
4800 241 0 26
4800 242 7 48
4800 243 24 40
4800 244 22 20
4800 245 38 49
4800 246 42 0
4800 247 49 21
4800 248 29 44
4800 249 43 38
5400 0 35 6
5400 1 42 20
5400 2 19 41
5400 3 15 12
5400 4 4 33
5400 5 5 25
5400 6 5 37
5400 7 34 16
5400 8 15 23
5400 9 35 38
5400 10 38 2
5400 11 6 30
5400 12 32 43
5400 13 23 7
5400 14 6 1
5400 15 18 13
5400 16 29 50
5400 17 50 45
5400 18 44 26
5400 19 9 40
5400 20 13 27
5400 21 21 36
5400 22 16 40
5400 23 15 45
5400 24 20 28
5400 25 33 33
5400 26 33 34
5400 27 28 43
5400 28 24 33
5400 29 46 16
5400 30 5 14
5400 31 9 38
5400 32 12 18
5400 33 43 49
5400 34 0 9
5400 35 18 35
5400 36 37 41
5400 37 22 11
5400 38 47 6
5400 39 30 23
5400 40 35 19
5400 41 17 30
5400 42 4 38
5400 43 6 47
5400 44 16 39
5400 45 26 46
5400 46 41 31
5400 47 2 2
5400 48 9 48
5400 49 2 19
5400 50 2 16
5400 51 41 20
5400 52 47 11
5400 53 20 14
5400 54 18 20
5400 55 30 12
5400 56 28 22
5400 57 2 6
5400 58 36 41
5400 59 0 4
5400 60 30 43
5400 61 18 3
5400 62 31 28
5400 63 41 16
5400 64 9 6
5400 65 21 28
5400 66 46 50
5400 67 39 22
5400 68 27 8
5400 69 14 41
5400 70 4 33
5400 71 7 4
5400 72 36 13
5400 73 19 5
5400 74 14 38
5400 75 10 12
5400 76 7 7
5400 77 47 44
5400 78 11 47
5400 79 50 34
5400 80 1 6
5400 81 37 46
5400 82 2 16
5400 83 12 8
5400 84 22 18
5400 85 44 9
5400 86 31 47
5400 87 26 9
5400 88 45 14
5400 89 49 41
5400 90 32 47
5400 91 23 2
5400 92 18 4
5400 93 7 47
5400 94 40 16
5400 95 22 15
5400 96 35 23
5400 97 34 24
5400 98 49 45
5400 99 10 12
5400 100 14 12
5400 101 39 17
5400 102 37 49
5400 103 19 10
5400 104 23 10
5400 105 19 2
5400 106 19 0
5400 107 44 4
5400 108 36 31
5400 109 23 41
5400 110 16 47
5400 111 19 12
5400 112 38 4
5400 113 40 3
5400 114 11 36
5400 115 40 46
5400 116 50 1
5400 117 34 16
5400 118 41 34
5400 119 6 19
5400 120 7 10
5400 121 35 1
5400 122 41 0
5400 123 42 17
5400 124 23 7
5400 125 10 48
5400 126 33 12
5400 127 25 25
5400 128 9 41
5400 129 38 7
5400 130 6 41
5400 131 37 28
5400 132 38 35
5400 133 44 41
5400 134 9 48
5400 135 36 6
5400 136 32 37
5400 137 36 35
5400 138 4 26
5400 139 14 29
5400 140 23 4
5400 141 15 21
5400 142 28 5
5400 143 4 12
5400 144 9 25
5400 145 8 48
5400 146 25 34
5400 147 41 30
5400 148 6 15
5400 149 36 29
5400 150 38 19
5400 151 23 35
5400 152 17 45
5400 153 6 35
5400 154 33 11
5400 155 8 44
5400 156 19 24
5400 157 32 38
5400 158 42 16
5400 159 15 37
5400 160 21 19
5400 161 16 7
5400 162 21 34
5400 163 28 0
5400 164 27 6
5400 165 41 39
5400 166 44 31
5400 167 2 46
5400 168 0 43
5400 169 28 22
5400 170 43 26
5400 171 44 49
5400 172 15 15
5400 173 47 1
5400 174 23 20
5400 175 28 1
5400 176 6 37
5400 177 43 31
5400 178 7 17
5400 179 25 7
5400 180 11 41
5400 181 7 7
5400 182 11 30
5400 183 19 23
5400 184 48 49
5400 185 40 13
5400 186 33 24
5400 187 42 3
5400 188 24 39
5400 189 30 18
5400 190 0 32
5400 191 27 16
5400 192 26 11
5400 193 42 1
5400 194 44 42
5400 195 19 18
5400 196 15 24
5400 197 11 45
5400 198 46 20
5400 199 35 17
5400 200 2 24
5400 201 11 7
5400 202 0 24
5400 203 7 15
5400 204 30 29
5400 205 49 9
5400 206 18 18
5400 207 25 3
5400 208 25 35
5400 209 21 42
5400 210 43 22
5400 211 48 11
5400 212 20 6
5400 213 38 45
5400 214 23 32
5400 215 39 15
5400 216 15 10
5400 217 50 38
5400 218 29 25
5400 219 2 24
5400 220 25 31
5400 221 3 23
5400 222 0 24
5400 223 11 10
5400 224 50 4
5400 225 21 21
5400 226 13 2
5400 227 38 4
5400 228 20 39
5400 229 10 9
5400 230 16 31
5400 231 32 13
5400 232 40 4
5400 233 4 26
5400 234 37 3
5400 235 12 4
5400 236 28 39
5400 237 31 39
5400 238 18 50
5400 239 35 13
5400 240 28 24
5400 241 0 26
5400 242 47 11
5400 243 24 40
5400 244 22 20
5400 245 38 49
5400 246 42 0
5400 247 49 21
5400 248 29 44
5400 249 21 14
6000 0 35 6
6000 1 42 20
6000 2 19 41
6000 3 15 12
6000 4 4 33
6000 5 47 20
6000 6 5 37
6000 7 34 16
6000 8 15 23
6000 9 35 38
6000 10 38 2
6000 11 6 30
6000 12 43 3
6000 13 23 7
6000 14 6 1
6000 15 47 28
6000 16 29 50
6000 17 50 45
6000 18 44 26
6000 19 9 40
6000 20 13 27
6000 21 21 36
6000 22 16 40
6000 23 15 45
6000 24 20 28
6000 25 33 33
6000 26 33 34
6000 27 28 43
6000 28 24 33
6000 29 46 16
6000 30 5 14
6000 31 25 14
6000 32 12 18
6000 33 43 49
6000 34 0 9
6000 35 18 35
6000 36 37 41
6000 37 22 11
6000 38 47 6
6000 39 30 23
6000 40 41 21
6000 41 18 38
6000 42 4 38
6000 43 6 47
6000 44 16 39
6000 45 26 46
6000 46 41 31
6000 47 33 34
6000 48 33 33
6000 49 2 19
6000 50 2 16
6000 51 41 20
6000 52 47 11
6000 53 20 14
6000 54 18 20
6000 55 30 12
6000 56 28 22
6000 57 2 6
6000 58 36 41
6000 59 0 4
6000 60 18 31
6000 61 18 3
6000 62 22 36
6000 63 41 16
6000 64 9 6
6000 65 45 44
6000 66 15 6
6000 67 39 22
6000 68 27 8
6000 69 14 41
6000 70 30 48
6000 71 13 43
6000 72 49 27
6000 73 19 5
6000 74 14 38
6000 75 10 12
6000 76 7 7
6000 77 47 44
6000 78 11 47
6000 79 50 34
6000 80 1 6
6000 81 37 46
6000 82 2 16
6000 83 12 8
6000 84 22 18
6000 85 44 9
6000 86 31 47
6000 87 26 9
6000 88 45 14
6000 89 49 41
6000 90 32 47
6000 91 23 2
6000 92 18 4
6000 93 3 47
6000 94 40 16
6000 95 22 15
6000 96 35 23
6000 97 34 24
6000 98 49 45
6000 99 10 12
6000 100 27 35
6000 101 39 17
6000 102 37 49
6000 103 19 10
6000 104 23 10
6000 105 19 2
6000 106 8 48
6000 107 44 4
6000 108 36 31
6000 109 23 41
6000 110 16 47
6000 111 19 12
6000 112 38 4
6000 113 40 3
6000 114 11 36
6000 115 40 46
6000 116 26 34
6000 117 34 16
6000 118 41 34
6000 119 6 19
6000 120 7 10
6000 121 35 1
6000 122 8 50
6000 123 42 17
6000 124 23 7
6000 125 49 24
6000 126 33 12
6000 127 5 7
6000 128 9 41
6000 129 18 1
6000 130 44 16
6000 131 37 28
6000 132 38 35
6000 133 44 41
6000 134 12 20
6000 135 36 6
6000 136 7 25
6000 137 42 26
6000 138 4 26
6000 139 14 29
6000 140 23 4
6000 141 15 21
6000 142 28 5
6000 143 4 12
6000 144 16 47
6000 145 17 42
6000 146 25 34
6000 147 41 30
6000 148 27 20
6000 149 36 29
6000 150 38 19
6000 151 49 38
6000 152 18 8
6000 153 6 35
6000 154 49 37
6000 155 49 23
6000 156 19 24
6000 157 1 24
6000 158 42 16
6000 159 15 37
6000 160 21 19
6000 161 16 7
6000 162 21 34
6000 163 28 0
6000 164 27 6
6000 165 41 39
6000 166 44 31
6000 167 2 46
6000 168 0 43
6000 169 28 22
6000 170 27 33
6000 171 44 49
6000 172 29 22
6000 173 47 1
6000 174 23 20
6000 175 28 1
6000 176 6 37
6000 177 43 31
6000 178 7 17
6000 179 25 7
6000 180 11 41
6000 181 7 7
6000 182 11 30
6000 183 19 23
6000 184 48 49
6000 185 40 13
6000 186 33 24
6000 187 42 3
6000 188 24 39
6000 189 30 18
6000 190 0 32
6000 191 50 46
6000 192 11 1
6000 193 42 1
6000 194 44 42
6000 195 19 18
6000 196 48 0
6000 197 11 45
6000 198 46 20
6000 199 36 49
6000 200 2 24
6000 201 11 7
6000 202 0 24
6000 203 7 15
6000 204 30 29
6000 205 49 9
6000 206 18 18
6000 207 48 23
6000 208 25 35
6000 209 21 42
6000 210 43 22
6000 211 34 38
6000 212 20 6
6000 213 38 45
6000 214 23 32
6000 215 39 15
6000 216 41 42
6000 217 50 38
6000 218 29 25
6000 219 2 24
6000 220 16 29
6000 221 3 23
6000 222 0 24
6000 223 11 10
6000 224 50 4
6000 225 31 46
6000 226 13 2
6000 227 38 4
6000 228 20 39
6000 229 41 48
6000 230 16 31
6000 231 31 37
6000 232 40 4
6000 233 4 26
6000 234 29 21
6000 235 12 4
6000 236 28 39
6000 237 31 39
6000 238 18 50
6000 239 35 13
6000 240 28 24
6000 241 0 26
6000 242 47 11
6000 243 24 40
6000 244 22 20
6000 245 38 49
6000 246 42 0
6000 247 49 21
6000 248 29 44
6000 249 21 14
6600 0 35 6
6600 1 42 20
6600 2 19 41
6600 3 15 12
6600 4 4 33
6600 5 47 20
6600 6 5 37
6600 7 26 25
6600 8 19 15
6600 9 40 38
6600 10 38 2
6600 11 6 30
6600 12 41 20
6600 13 23 7
6600 14 6 1
6600 15 47 28
6600 16 29 50
6600 17 50 45
6600 18 44 26
6600 19 9 40
6600 20 13 27
6600 21 21 36
6600 22 33 39
6600 23 15 45
6600 24 20 28
6600 25 33 33
6600 26 33 34
6600 27 28 43
6600 28 24 33
6600 29 46 16
6600 30 5 14
6600 31 25 14
6600 32 12 18
6600 33 43 49
6600 34 0 9
6600 35 45 2
6600 36 37 41
6600 37 22 11
6600 38 47 6
6600 39 30 23
6600 40 41 21
6600 41 18 38
6600 42 4 38
6600 43 6 47
6600 44 36 14
6600 45 26 46
6600 46 41 31
6600 47 33 34
6600 48 26 35
6600 49 2 19
6600 50 8 21
6600 51 15 46
6600 52 47 11
6600 53 20 14
6600 54 18 20
6600 55 30 12
6600 56 28 22
6600 57 2 6
6600 58 36 41
6600 59 44 14
6600 60 18 31
6600 61 18 3
6600 62 22 36
6600 63 49 42
6600 64 9 6
6600 65 45 44
6600 66 15 6
6600 67 39 22
6600 68 27 8
6600 69 14 41
6600 70 23 50
6600 71 4 31
6600 72 49 27
6600 73 19 5
6600 74 14 38
6600 75 38 48
6600 76 7 7
6600 77 45 8
6600 78 11 47
6600 79 21 37
6600 80 1 6
6600 81 37 46
6600 82 2 16
6600 83 12 8
6600 84 22 18
6600 85 44 9
6600 86 31 47
6600 87 26 9
6600 88 45 14
6600 89 49 41
6600 90 46 45
6600 91 23 2
6600 92 18 4
6600 93 3 47
6600 94 40 16
6600 95 22 15
6600 96 35 23
6600 97 34 24
6600 98 49 45
6600 99 10 12
6600 100 27 35
6600 101 39 17
6600 102 37 49
6600 103 27 1
6600 104 23 10
6600 105 19 2
6600 106 10 27
6600 107 44 4
6600 108 36 31
6600 109 23 41
6600 110 16 47
6600 111 19 12
6600 112 38 4
6600 113 40 3
6600 114 11 36
6600 115 40 46
6600 116 26 34
6600 117 34 16
6600 118 1 24
6600 119 6 19
6600 120 7 10
6600 121 32 42
6600 122 8 50
6600 123 18 44
6600 124 23 7
6600 125 49 24
6600 126 33 12
6600 127 5 7
6600 128 9 41
6600 129 43 34
6600 130 44 16
6600 131 37 28
6600 132 38 35
6600 133 44 41
6600 134 12 20
6600 135 36 6
6600 136 7 25
6600 137 42 26
6600 138 4 26
6600 139 10 46
6600 140 25 42
6600 141 15 21
6600 142 28 5
6600 143 4 12
6600 144 16 47
6600 145 17 42
6600 146 17 47
6600 147 41 30
6600 148 27 20
6600 149 10 42
6600 150 35 20
6600 151 49 38
6600 152 18 8
6600 153 3 48
6600 154 49 37
6600 155 49 23
6600 156 19 24
6600 157 1 24
6600 158 42 16
6600 159 15 37
6600 160 21 19
6600 161 16 7
6600 162 5 12
6600 163 28 0
6600 164 50 28
6600 165 41 39
6600 166 44 31
6600 167 2 46
6600 168 50 41
6600 169 28 22
6600 170 27 33
6600 171 44 49
6600 172 29 22
6600 173 47 1
6600 174 23 20
6600 175 28 1
6600 176 6 37
6600 177 12 33
6600 178 7 17
6600 179 25 7
6600 180 11 41
6600 181 7 7
6600 182 11 30
6600 183 24 46
6600 184 23 25
6600 185 40 13
6600 186 33 24
6600 187 27 16
6600 188 24 39
6600 189 30 18
6600 190 8 6
6600 191 0 44
6600 192 11 1
6600 193 10 47
6600 194 44 42
6600 195 2 15
6600 196 48 0
6600 197 11 45
6600 198 46 20
6600 199 36 49
6600 200 2 24
6600 201 11 7
6600 202 31 18
6600 203 7 15
6600 204 48 17
6600 205 49 9
6600 206 18 18
6600 207 48 23
6600 208 25 35
6600 209 21 42
6600 210 43 22
6600 211 34 38
6600 212 16 33
6600 213 38 45
6600 214 47 0
6600 215 39 15
6600 216 41 42
6600 217 50 38
6600 218 7 41
6600 219 2 24
6600 220 16 29
6600 221 3 23
6600 222 0 24
6600 223 23 50
6600 224 50 4
6600 225 31 46
6600 226 13 2
6600 227 38 4
6600 228 20 39
6600 229 41 48
6600 230 16 31
6600 231 31 37
6600 232 40 4
6600 233 4 26
6600 234 29 21
6600 235 12 4
6600 236 28 39
6600 237 48 14
6600 238 18 50
6600 239 35 13
6600 240 25 50
6600 241 0 26
6600 242 47 11
6600 243 24 40
6600 244 22 20
6600 245 38 49
6600 246 42 0
6600 247 49 21
6600 248 21 29
6600 249 21 14
7200 0 35 6
7200 1 42 20
7200 2 19 41
7200 3 15 12
7200 4 4 33
7200 5 34 39
7200 6 5 37
7200 7 26 25
7200 8 19 15
7200 9 40 38
7200 10 21 37
7200 11 6 30
7200 12 41 20
7200 13 23 7
7200 14 6 1
7200 15 47 28
7200 16 29 50
7200 17 50 45
7200 18 44 26
7200 19 44 48
7200 20 13 27
7200 21 21 36
7200 22 33 39
7200 23 15 45
7200 24 20 28
7200 25 33 33
7200 26 33 34
7200 27 28 43
7200 28 24 33
7200 29 46 16
7200 30 5 14
7200 31 25 14
7200 32 8 23
7200 33 43 49
7200 34 20 19
7200 35 45 2
7200 36 37 41
7200 37 22 11
7200 38 47 6
7200 39 30 23
7200 40 41 21
7200 41 18 38
7200 42 15 19
7200 43 6 47
7200 44 25 34
7200 45 26 46
7200 46 31 6
7200 47 33 34
7200 48 26 35
7200 49 42 3
7200 50 8 21
7200 51 15 46
7200 52 17 35
7200 53 21 24
7200 54 15 20
7200 55 30 12
7200 56 28 22
7200 57 2 6
7200 58 36 41
7200 59 28 30
7200 60 18 31
7200 61 18 3
7200 62 22 36
7200 63 49 42
7200 64 9 6
7200 65 45 44
7200 66 15 6
7200 67 39 22
7200 68 27 8
7200 69 14 41
7200 70 23 50
7200 71 4 31
7200 72 49 27
7200 73 19 5
7200 74 14 38
7200 75 38 48
7200 76 7 7
7200 77 8 8
7200 78 11 2
7200 79 21 37
7200 80 1 6
7200 81 1 21
7200 82 2 16
7200 83 12 8
7200 84 22 18
7200 85 44 9
7200 86 31 47
7200 87 22 7
7200 88 38 37
7200 89 49 41
7200 90 46 45
7200 91 23 2
7200 92 18 4
7200 93 3 47
7200 94 3 34
7200 95 22 15
7200 96 17 42
7200 97 20 0
7200 98 49 45
7200 99 10 12
7200 100 27 35
7200 101 40 13
7200 102 37 49
7200 103 27 1
7200 104 23 10
7200 105 19 2
7200 106 40 46
7200 107 44 4
7200 108 36 31
7200 109 23 41
7200 110 16 47
7200 111 35 11
7200 112 38 4
7200 113 40 3
7200 114 11 36
7200 115 40 46
7200 116 26 34
7200 117 34 16
7200 118 1 24
7200 119 6 19
7200 120 7 10
7200 121 32 42
7200 122 8 50
7200 123 33 38
7200 124 23 7
7200 125 31 29
7200 126 33 12
7200 127 14 32
7200 128 9 41
7200 129 43 34
7200 130 35 48
7200 131 37 28
7200 132 38 35
7200 133 44 41
7200 134 12 20
7200 135 36 6
7200 136 7 25
7200 137 42 26
7200 138 4 26
7200 139 10 46
7200 140 25 42
7200 141 15 21
7200 142 28 5
7200 143 4 12
7200 144 16 47
7200 145 17 42
7200 146 35 18
7200 147 41 30
7200 148 13 32
7200 149 10 42
7200 150 35 20
7200 151 49 38
7200 152 18 8
7200 153 3 48
7200 154 49 37
7200 155 49 23
7200 156 19 24
7200 157 1 24
7200 158 42 16
7200 159 15 37
7200 160 21 19
7200 161 16 7
7200 162 5 12
7200 163 28 0
7200 164 50 28
7200 165 41 39
7200 166 44 31
7200 167 2 46
7200 168 14 26
7200 169 28 22
7200 170 27 33
7200 171 34 40
7200 172 29 22
7200 173 47 1
7200 174 23 20
7200 175 28 1
7200 176 6 37
7200 177 14 41
7200 178 8 33
7200 179 25 7
7200 180 11 41
7200 181 17 9
7200 182 10 24
7200 183 24 46
7200 184 23 25
7200 185 40 13
7200 186 10 30
7200 187 27 16
7200 188 15 50
7200 189 8 7
7200 190 8 6
7200 191 0 44
7200 192 11 1
7200 193 10 47
7200 194 44 42
7200 195 20 40
7200 196 48 0
7200 197 11 45
7200 198 46 20
7200 199 46 33
7200 200 2 24
7200 201 11 7
7200 202 31 18
7200 203 7 15
7200 204 48 17
7200 205 49 9
7200 206 15 37
7200 207 48 23
7200 208 25 35
7200 209 21 42
7200 210 43 22
7200 211 34 38
7200 212 16 33
7200 213 38 45
7200 214 27 13
7200 215 39 15
7200 216 41 42
7200 217 50 38
7200 218 19 40
7200 219 2 24
7200 220 16 29
7200 221 1 41
7200 222 0 24
7200 223 23 50
7200 224 50 4
7200 225 31 46
7200 226 13 23
7200 227 38 4
7200 228 20 39
7200 229 8 3
7200 230 16 31
7200 231 31 37
7200 232 40 4
7200 233 29 11
7200 234 29 21
7200 235 12 4
7200 236 28 39
7200 237 48 14
7200 238 18 50
7200 239 35 13
7200 240 25 50
7200 241 0 26
7200 242 47 11
7200 243 15 40
7200 244 22 20
7200 245 38 49
7200 246 42 0
7200 247 49 21
7200 248 21 29
7200 249 21 14
