0 7200 0 300 0 300
0 0 12.9122471608 88.2710046754
0 1 23.7638459271 41.7481128167
0 2 63.3944894769 70.8065859644
0 3 79.6768878932 20.275403303
0 4 16.5011337157 103.909192967
0 5 101.206538186 25.2422598752
0 6 82.6668784151 55.9516500773
0 7 89.7683497196 94.7707114962
0 8 5.05238071849 97.3560577347
0 9 84.0049480288 126.410795953
0 10 40.272205239 139.510170681
0 11 101.543645301 62.2737959004
0 12 59.6757591101 88.2272817222
0 13 58.9497690558 139.774182262
0 14 94.2901505066 121.64941796
0 15 113.414721565 40.5309567713
0 16 14.8646013604 45.6485549714
0 17 117.874132535 71.7005505917
0 18 50.9285234497 74.0026731537
0 19 136.198933308 1.41822994232
0 20 32.3916847118 117.694202426
0 21 116.639496768 91.992915156
0 22 136.502674445 111.533555749
0 23 147.623415652 59.0892609055
0 24 40.0215617734 132.330586148
0 25 75.8887520756 100.756301819
0 26 60.4587294085 129.440365356
0 27 77.0778428078 149.833370397
0 28 98.1527620474 132.209092882
0 29 106.229686766 144.907676329
0 30 97.5152433161 101.187327911
0 31 75.4109643076 46.4283892669
0 32 51.6553205124 127.469281459
0 33 98.669526429 59.7976118184
0 34 57.7563666792 48.1204772898
0 35 80.2841243019 97.0324776043
0 36 113.163384895 148.034658069
0 37 37.5805046562 86.6518211918
0 38 112.618847652 15.9198158728
0 39 76.8871084906 69.6034715638
0 40 44.5287138193 10.2566408623
0 41 19.5272136733 19.1044603959
0 42 149.305292049 134.528191224
0 43 88.2753352932 39.4722238856
0 44 68.9649023284 37.6701199058
0 45 4.34027743596 3.71356134098
0 46 97.9467918172 97.6372877136
0 47 102.380941315 11.3321187745
0 48 128.223796431 72.121526327
0 49 132.895650583 55.3501462319
0 50 6.19749920919 127.755363767
0 51 68.5323394989 31.8108256083
0 52 58.1268054944 28.5489433621
0 53 78.2672589381 48.4770087572
0 54 117.643827601 50.1382794779
0 55 83.0466222524 42.3271047953
0 56 139.901167311 57.5784131274
0 57 97.6176711178 87.8781442309
0 58 62.4001493938 95.1485465926
0 59 75.3322286974 98.4728102959
0 60 109.116147182 86.2051593226
0 61 126.804911549 40.2936564886
0 62 96.2589577881 26.6355838593
0 63 30.2051731323 41.99491702
0 64 31.6424494838 116.692776896
0 65 57.2434720752 139.551798138
0 66 143.104464325 100.362520042
0 67 98.2341958768 149.261335571
0 68 30.8399496907 147.800412466
0 69 31.8483813548 53.8375773171
0 70 56.789104569 41.9080803833
0 71 84.0091690873 56.818004666
0 72 54.6225284359 9.63082133637
0 73 137.559198234 83.6749433518
0 74 126.845577658 130.715099976
0 75 45.2818734323 60.0271135819
0 76 84.8738651064 148.436913282
0 77 69.4413140816 109.008793526
0 78 115.301001135 142.063411316
0 79 4.5341623296 105.075107073
0 80 33.6357869358 59.6571257444
0 81 49.8952113828 90.5036945602
0 82 121.905747941 54.0499342482
0 83 149.383761334 144.944399213
0 84 61.2434610902 27.0599890446
0 85 81.9821167561 62.2054111143
0 86 21.6979193755 139.15444222
0 87 72.8507168339 106.31233991
0 88 45.1543141466 7.76314408738
0 89 138.787642893 146.540922506
0 90 116.988949163 129.336498557
0 91 8.36490339926 77.04050858
0 92 68.8981664635 53.6586240559
0 93 27.2226614387 95.2614017782
0 94 23.9025041865 110.872659883
0 95 143.66631346 104.268519122
0 96 14.6238409264 130.752967791
0 97 116.803379288 16.327067618
0 98 89.6491530042 121.840570522
0 99 130.909334888 149.440228182
0 100 82.5421282022 103.182022377
0 101 39.0898736753 117.579456696
0 102 104.306330626 119.656090478
0 103 18.7507409574 52.0807093231
0 104 45.1595966997 18.3737614678
0 105 89.9064642197 112.207796822
0 106 58.1468269598 130.378997178
0 107 16.9824533184 85.7812957386
0 108 32.6786394986 36.8927237363
0 109 32.601872414 118.750989056
0 110 17.8621034979 93.7324876892
0 111 10.8089757371 32.4819831718
0 112 59.2912669485 140.148505169
0 113 26.5058187302 41.3229581196
0 114 37.6522635784 46.3675495287
0 115 145.902298412 57.5168966974
0 116 67.2977481527 123.809012652
0 117 130.649529845 5.91360164949
0 118 124.922038087 97.2014429022
0 119 33.9046008627 29.7423066118
0 120 145.168448036 83.0135458314
0 121 23.6117925595 37.6299191837
0 122 10.9410609653 42.6012860422
0 123 11.5201364807 111.342357576
0 124 63.4689719774 139.685038496
0 125 66.7433063634 148.422401083
0 126 125.094246028 114.742917248
0 127 60.5066999144 98.1878871843
0 128 26.9079849862 52.7102603774
0 129 39.7001468471 34.4128889932
0 130 22.2851619128 144.218225041
0 131 9.02327091034 14.2094767542
0 132 46.7047711201 55.193202621
0 133 52.5331236485 102.834765254
0 134 32.8066704478 148.195861793
0 135 28.4308854861 87.9738852814
0 136 89.1543395253 11.0797233858
0 137 53.0177289777 105.659387602
0 138 50.7426965591 36.1409563235
0 139 65.0009625116 133.612281605
0 140 0.182401906993 95.2180997436
0 141 76.2440068998 145.848134503
0 142 76.4953006868 123.05171263
0 143 3.00055797762 142.720310883
0 144 51.1802196068 72.6560885614
0 145 133.786699133 143.273765393
0 146 60.7273028996 19.3151910203
0 147 120.39584193 72.2087585079
0 148 38.3247010472 23.0552950102
0 149 18.0918018746 82.6025258542
0 150 13.094065127 119.689983182
0 151 116.937221903 27.3878881257
0 152 126.831649141 105.578187622
0 153 129.414909218 128.044715763
0 154 128.542874215 135.305597295
0 155 78.0455864753 82.7846684784
0 156 109.817669637 82.375633657
0 157 56.7370482607 141.359481854
0 158 111.918734985 143.811262422
0 159 121.721370359 82.4902396698
0 160 117.126627992 11.6768990738
0 161 142.89530335 116.675130525
0 162 30.1894210747 42.5707322913
0 163 83.1634157483 68.5651932146
0 164 129.763983634 1.84369436092
0 165 6.3534743169 78.3803435737
0 166 81.964677199 116.283631008
0 167 42.2713400105 1.24984038675
0 168 32.2724233009 122.201584431
0 169 138.002153318 115.954130206
0 170 47.8991215185 119.772880072
0 171 55.9421775791 29.8477454287
0 172 47.9924699955 21.1385125609
0 173 108.191371049 136.529812168
0 174 148.75330942 77.8990936472
0 175 99.6783020387 60.1291497208
0 176 105.484289361 75.8364183792
0 177 13.9350658955 38.7838776985
0 178 10.2459652165 24.3923235817
0 179 49.6153136629 75.2975542547
0 180 25.8895510717 147.223044045
0 181 129.073152756 135.494645894
0 182 106.052951018 12.4149998167
0 183 76.4846673379 59.3199160803
0 184 99.7390391597 16.0540443205
0 185 67.035994693 138.934492308
0 186 83.8674413916 106.465379642
0 187 124.175361839 111.774918585
0 188 72.1543682025 143.53086068
0 189 70.6312553564 94.4532648501
0 190 49.9413526769 54.833854898
0 191 64.3559322164 5.33698735192
0 192 62.878650906 138.444594853
0 193 81.8275048722 76.6338995224
0 194 90.4401961857 138.324241975
0 195 89.4894392158 94.7664925945
0 196 90.8018546342 134.241214344
0 197 55.0569424545 90.2633805392
0 198 111.14989324 54.5163571782
0 199 95.7988635036 131.273903632
600 0 12.9122471608 88.2710046754
600 1 23.7638459271 41.7481128167
600 2 63.3944894769 70.8065859644
600 3 79.6768878932 20.275403303
600 4 16.5011337157 103.909192967
600 5 101.206538186 25.2422598752
600 6 82.6668784151 55.9516500773
600 7 89.7683497196 94.7707114962
600 8 5.05238071849 97.3560577347
600 9 84.0049480288 126.410795953
600 10 40.272205239 139.510170681
600 11 101.543645301 62.2737959004
600 12 59.6757591101 88.2272817222
600 13 58.9497690558 139.774182262
600 14 94.2901505066 121.64941796
600 15 113.414721565 40.5309567713
600 16 14.8646013604 45.6485549714
600 17 117.874132535 71.7005505917
600 18 50.9285234497 74.0026731537
600 19 136.198933308 1.41822994232
600 20 32.3916847118 117.694202426
600 21 116.639496768 91.992915156
600 22 136.502674445 111.533555749
600 23 147.623415652 59.0892609055
600 24 40.0215617734 132.330586148
600 25 75.8887520756 100.756301819
600 26 60.4587294085 129.440365356
600 27 77.0778428078 149.833370397
600 28 98.1527620474 132.209092882
600 29 106.229686766 144.907676329
600 30 97.5152433161 101.187327911
600 31 75.4109643076 46.4283892669
600 32 51.6553205124 127.469281459
600 33 98.669526429 59.7976118184
600 34 57.7563666792 48.1204772898
600 35 80.2841243019 97.0324776043
600 36 113.163384895 148.034658069
600 37 37.5805046562 86.6518211918
600 38 112.618847652 15.9198158728
600 39 76.8871084906 69.6034715638
600 40 44.5287138193 10.2566408623
600 41 19.5272136733 19.1044603959
600 42 149.305292049 134.528191224
600 43 88.2753352932 39.4722238856
600 44 68.9649023284 37.6701199058
600 45 4.34027743596 3.71356134098
600 46 97.9467918172 97.6372877136
600 47 102.380941315 11.3321187745
600 48 128.223796431 72.121526327
600 49 132.895650583 55.3501462319
600 50 6.19749920919 127.755363767
600 51 68.5323394989 31.8108256083
600 52 58.1268054944 28.5489433621
600 53 78.2672589381 48.4770087572
600 54 117.643827601 50.1382794779
600 55 83.0466222524 42.3271047953
600 56 139.901167311 57.5784131274
600 57 97.6176711178 87.8781442309
600 58 62.4001493938 95.1485465926
600 59 75.3322286974 98.4728102959
600 60 109.116147182 86.2051593226
600 61 126.804911549 40.2936564886
600 62 96.2589577881 26.6355838593
600 63 30.2051731323 41.99491702
600 64 31.6424494838 116.692776896
600 65 57.2434720752 139.551798138
600 66 143.104464325 100.362520042
600 67 98.2341958768 149.261335571
600 68 30.8399496907 147.800412466
600 69 31.8483813548 53.8375773171
600 70 56.789104569 41.9080803833
600 71 84.0091690873 56.818004666
600 72 54.6225284359 9.63082133637
600 73 137.559198234 83.6749433518
600 74 126.845577658 130.715099976
600 75 45.2818734323 60.0271135819
600 76 84.8738651064 148.436913282
600 77 69.4413140816 109.008793526
600 78 20.9969124365 107.528701193
600 79 4.5341623296 105.075107073
600 80 33.6357869358 59.6571257444
600 81 49.8952113828 90.5036945602
600 82 121.905747941 54.0499342482
600 83 149.383761334 144.944399213
600 84 61.2434610902 27.0599890446
600 85 81.9821167561 62.2054111143
600 86 21.6979193755 139.15444222
600 87 72.8507168339 106.31233991
600 88 45.1543141466 7.76314408738
600 89 138.787642893 146.540922506
600 90 116.988949163 129.336498557
600 91 8.36490339926 77.04050858
600 92 68.8981664635 53.6586240559
600 93 27.2226614387 95.2614017782
600 94 79.8553525529 114.914968761
600 95 143.66631346 104.268519122
600 96 14.6238409264 130.752967791
600 97 116.803379288 16.327067618
600 98 89.6491530042 121.840570522
600 99 130.909334888 149.440228182
600 100 82.5421282022 103.182022377
600 101 39.0898736753 117.579456696
600 102 104.306330626 119.656090478
600 103 18.7507409574 52.0807093231
600 104 45.1595966997 18.3737614678
600 105 89.9064642197 112.207796822
600 106 58.1468269598 130.378997178
600 107 16.9824533184 85.7812957386
600 108 32.6786394986 36.8927237363
600 109 32.601872414 118.750989056
600 110 17.8621034979 93.7324876892
600 111 10.8089757371 32.4819831718
600 112 59.2912669485 140.148505169
600 113 26.5058187302 41.3229581196
600 114 37.6522635784 46.3675495287
600 115 32.56167435 3.99746047115
600 116 67.2977481527 123.809012652
600 117 130.649529845 5.91360164949
600 118 124.922038087 97.2014429022
600 119 33.9046008627 29.7423066118
600 120 145.168448036 83.0135458314
600 121 23.6117925595 37.6299191837
600 122 10.9410609653 42.6012860422
600 123 11.5201364807 111.342357576
600 124 63.4689719774 139.685038496
600 125 66.7433063634 148.422401083
600 126 53.6168836588 12.2638610735
600 127 92.8153523073 123.663669825
600 128 26.9079849862 52.7102603774
600 129 39.7001468471 34.4128889932
600 130 22.2851619128 144.218225041
600 131 9.02327091034 14.2094767542
600 132 46.7047711201 55.193202621
600 133 52.5331236485 102.834765254
600 134 32.8066704478 148.195861793
600 135 28.4308854861 87.9738852814
600 136 89.1543395253 11.0797233858
600 137 33.7299254586 131.044058677
600 138 50.7426965591 36.1409563235
600 139 65.0009625116 133.612281605
600 140 0.182401906993 95.2180997436
600 141 76.2440068998 145.848134503
600 142 76.4953006868 123.05171263
600 143 3.00055797762 142.720310883
600 144 51.1802196068 72.6560885614
600 145 133.786699133 143.273765393
600 146 131.064584523 78.1422251861
600 147 120.39584193 72.2087585079
600 148 38.3247010472 23.0552950102
600 149 18.0918018746 82.6025258542
600 150 13.094065127 119.689983182
600 151 116.937221903 27.3878881257
600 152 126.831649141 105.578187622
600 153 129.414909218 128.044715763
600 154 128.542874215 135.305597295
600 155 78.0455864753 82.7846684784
600 156 109.817669637 82.375633657
600 157 56.7370482607 141.359481854
600 158 111.918734985 143.811262422
600 159 121.721370359 82.4902396698
600 160 117.126627992 11.6768990738
600 161 142.89530335 116.675130525
600 162 30.1894210747 42.5707322913
600 163 83.1634157483 68.5651932146
600 164 129.763983634 1.84369436092
600 165 6.3534743169 78.3803435737
600 166 81.964677199 116.283631008
600 167 42.2713400105 1.24984038675
600 168 143.666062251 34.1932028547
600 169 138.002153318 115.954130206
600 170 47.8991215185 119.772880072
600 171 55.9421775791 29.8477454287
600 172 47.9924699955 21.1385125609
600 173 131.280241035 18.646282179
600 174 148.75330942 77.8990936472
600 175 99.6783020387 60.1291497208
600 176 105.484289361 75.8364183792
600 177 13.9350658955 38.7838776985
600 178 10.2459652165 24.3923235817
600 179 49.6153136629 75.2975542547
600 180 25.8895510717 147.223044045
600 181 129.073152756 135.494645894
600 182 106.052951018 12.4149998167
600 183 76.4846673379 59.3199160803
600 184 99.7390391597 16.0540443205
600 185 67.035994693 138.934492308
600 186 83.8674413916 106.465379642
600 187 124.175361839 111.774918585
600 188 72.1543682025 143.53086068
600 189 70.6312553564 94.4532648501
600 190 49.9413526769 54.833854898
600 191 64.3559322164 5.33698735192
600 192 62.878650906 138.444594853
600 193 81.8275048722 76.6338995224
600 194 90.4401961857 138.324241975
600 195 89.4894392158 94.7664925945
600 196 90.8018546342 134.241214344
600 197 55.0569424545 90.2633805392
600 198 111.14989324 54.5163571782
600 199 60.8686497291 111.036456507
1200 0 12.9122471608 88.2710046754
1200 1 23.7638459271 41.7481128167
1200 2 63.3944894769 70.8065859644
1200 3 79.6768878932 20.275403303
1200 4 16.5011337157 103.909192967
1200 5 101.206538186 25.2422598752
1200 6 82.6668784151 55.9516500773
1200 7 89.7683497196 94.7707114962
1200 8 5.05238071849 97.3560577347
1200 9 84.0049480288 126.410795953
1200 10 40.272205239 139.510170681
1200 11 101.543645301 62.2737959004
1200 12 59.6757591101 88.2272817222
1200 13 58.9497690558 139.774182262
1200 14 94.2901505066 121.64941796
1200 15 113.414721565 40.5309567713
1200 16 14.8646013604 45.6485549714
1200 17 117.874132535 71.7005505917
1200 18 50.9285234497 74.0026731537
1200 19 136.198933308 1.41822994232
1200 20 32.3916847118 117.694202426
1200 21 116.639496768 91.992915156
1200 22 136.502674445 111.533555749
1200 23 147.623415652 59.0892609055
1200 24 40.0215617734 132.330586148
1200 25 75.8887520756 100.756301819
1200 26 60.4587294085 129.440365356
1200 27 77.0778428078 149.833370397
1200 28 98.1527620474 132.209092882
1200 29 106.229686766 144.907676329
1200 30 97.5152433161 101.187327911
1200 31 75.4109643076 46.4283892669
1200 32 51.6553205124 127.469281459
1200 33 98.669526429 59.7976118184
1200 34 57.7563666792 48.1204772898
1200 35 80.2841243019 97.0324776043
1200 36 113.163384895 148.034658069
1200 37 37.5805046562 86.6518211918
1200 38 112.618847652 15.9198158728
1200 39 76.8871084906 69.6034715638
1200 40 44.5287138193 10.2566408623
1200 41 19.5272136733 19.1044603959
1200 42 149.305292049 134.528191224
1200 43 88.2753352932 39.4722238856
1200 44 68.9649023284 37.6701199058
1200 45 4.34027743596 3.71356134098
1200 46 97.9467918172 97.6372877136
1200 47 102.380941315 11.3321187745
1200 48 128.223796431 72.121526327
1200 49 132.895650583 55.3501462319
1200 50 6.19749920919 127.755363767
1200 51 68.5323394989 31.8108256083
1200 52 58.1268054944 28.5489433621
1200 53 78.2672589381 48.4770087572
1200 54 117.643827601 50.1382794779
1200 55 83.0466222524 42.3271047953
1200 56 139.901167311 57.5784131274
1200 57 97.6176711178 87.8781442309
1200 58 62.4001493938 95.1485465926
1200 59 75.3322286974 98.4728102959
1200 60 109.116147182 86.2051593226
1200 61 126.804911549 40.2936564886
1200 62 96.2589577881 26.6355838593
1200 63 30.2051731323 41.99491702
1200 64 31.6424494838 116.692776896
1200 65 57.2434720752 139.551798138
1200 66 143.104464325 100.362520042
1200 67 98.2341958768 149.261335571
1200 68 30.8399496907 147.800412466
1200 69 31.8483813548 53.8375773171
1200 70 56.789104569 41.9080803833
1200 71 84.0091690873 56.818004666
1200 72 54.6225284359 9.63082133637
1200 73 137.559198234 83.6749433518
1200 74 126.845577658 130.715099976
1200 75 45.2818734323 60.0271135819
1200 76 84.8738651064 148.436913282
1200 77 69.4413140816 109.008793526
1200 78 20.9969124365 107.528701193
1200 79 109.444208694 88.8688272096
1200 80 76.3602142795 61.4435948324
1200 81 49.8952113828 90.5036945602
1200 82 121.905747941 54.0499342482
1200 83 149.383761334 144.944399213
1200 84 61.2434610902 27.0599890446
1200 85 81.9821167561 62.2054111143
1200 86 21.6979193755 139.15444222
1200 87 72.8507168339 106.31233991
1200 88 45.1543141466 7.76314408738
1200 89 138.787642893 146.540922506
1200 90 116.988949163 129.336498557
1200 91 8.36490339926 77.04050858
1200 92 68.8981664635 53.6586240559
1200 93 27.2226614387 95.2614017782
1200 94 79.8553525529 114.914968761
1200 95 143.66631346 104.268519122
1200 96 14.6238409264 130.752967791
1200 97 116.803379288 16.327067618
1200 98 89.6491530042 121.840570522
1200 99 130.909334888 149.440228182
1200 100 82.5421282022 103.182022377
1200 101 39.0898736753 117.579456696
1200 102 67.2707793591 138.604913842
1200 103 18.7507409574 52.0807093231
1200 104 45.1595966997 18.3737614678
1200 105 89.9064642197 112.207796822
1200 106 58.1468269598 130.378997178
1200 107 16.9824533184 85.7812957386
1200 108 32.6786394986 36.8927237363
1200 109 21.5431880502 87.1327091238
1200 110 17.8621034979 93.7324876892
1200 111 10.8089757371 32.4819831718
1200 112 59.2912669485 140.148505169
1200 113 26.5058187302 41.3229581196
1200 114 37.6522635784 46.3675495287
1200 115 32.56167435 3.99746047115
1200 116 67.2977481527 123.809012652
1200 117 130.649529845 5.91360164949
1200 118 124.922038087 97.2014429022
1200 119 33.9046008627 29.7423066118
1200 120 145.168448036 83.0135458314
1200 121 23.6117925595 37.6299191837
1200 122 10.9410609653 42.6012860422
1200 123 11.5201364807 111.342357576
1200 124 63.4689719774 139.685038496
1200 125 66.7433063634 148.422401083
1200 126 53.6168836588 12.2638610735
1200 127 92.8153523073 123.663669825
1200 128 26.9079849862 52.7102603774
1200 129 39.7001468471 34.4128889932
1200 130 22.2851619128 144.218225041
1200 131 9.02327091034 14.2094767542
1200 132 46.7047711201 55.193202621
1200 133 52.5331236485 102.834765254
1200 134 88.2242064934 144.446230379
1200 135 107.850162815 111.888785288
1200 136 89.1543395253 11.0797233858
1200 137 33.7299254586 131.044058677
1200 138 50.7426965591 36.1409563235
1200 139 65.0009625116 133.612281605
1200 140 0.182401906993 95.2180997436
1200 141 76.2440068998 145.848134503
1200 142 76.4953006868 123.05171263
1200 143 3.00055797762 142.720310883
1200 144 51.1802196068 72.6560885614
1200 145 133.786699133 143.273765393
1200 146 131.064584523 78.1422251861
1200 147 120.39584193 72.2087585079
1200 148 119.24268714 141.681885134
1200 149 18.0918018746 82.6025258542
1200 150 13.094065127 119.689983182
1200 151 116.937221903 27.3878881257
1200 152 126.831649141 105.578187622
1200 153 129.414909218 128.044715763
1200 154 128.542874215 135.305597295
1200 155 78.0455864753 82.7846684784
1200 156 109.817669637 82.375633657
1200 157 56.7370482607 141.359481854
1200 158 111.918734985 143.811262422
1200 159 121.721370359 82.4902396698
1200 160 117.126627992 11.6768990738
1200 161 115.034435244 90.5692784427
1200 162 102.186706659 131.085210628
1200 163 83.1634157483 68.5651932146
1200 164 129.763983634 1.84369436092
1200 165 6.3534743169 78.3803435737
1200 166 81.964677199 116.283631008
1200 167 42.2713400105 1.24984038675
1200 168 143.666062251 34.1932028547
1200 169 138.002153318 115.954130206
1200 170 47.8991215185 119.772880072
1200 171 11.8645529963 92.2535493764
1200 172 47.9924699955 21.1385125609
1200 173 131.280241035 18.646282179
1200 174 148.75330942 77.8990936472
1200 175 99.6783020387 60.1291497208
1200 176 105.484289361 75.8364183792
1200 177 13.9350658955 38.7838776985
1200 178 10.2459652165 24.3923235817
1200 179 49.6153136629 75.2975542547
1200 180 25.8895510717 147.223044045
1200 181 129.073152756 135.494645894
1200 182 106.052951018 12.4149998167
1200 183 76.4846673379 59.3199160803
1200 184 99.7390391597 16.0540443205
1200 185 67.035994693 138.934492308
1200 186 83.8674413916 106.465379642
1200 187 124.175361839 111.774918585
1200 188 72.1543682025 143.53086068
1200 189 70.6312553564 94.4532648501
1200 190 49.9413526769 54.833854898
1200 191 64.3559322164 5.33698735192
1200 192 62.878650906 138.444594853
1200 193 81.8275048722 76.6338995224
1200 194 90.4401961857 138.324241975
1200 195 89.4894392158 94.7664925945
1200 196 90.8018546342 134.241214344
1200 197 55.0569424545 90.2633805392
1200 198 111.14989324 54.5163571782
1200 199 60.8686497291 111.036456507
1800 0 12.9122471608 88.2710046754
1800 1 23.7638459271 41.7481128167
1800 2 63.3944894769 70.8065859644
1800 3 79.6768878932 20.275403303
1800 4 16.5011337157 103.909192967
1800 5 101.206538186 25.2422598752
1800 6 82.6668784151 55.9516500773
1800 7 89.7683497196 94.7707114962
1800 8 5.05238071849 97.3560577347
1800 9 84.0049480288 126.410795953
1800 10 40.272205239 139.510170681
1800 11 101.543645301 62.2737959004
1800 12 59.6757591101 88.2272817222
1800 13 58.9497690558 139.774182262
1800 14 94.2901505066 121.64941796
1800 15 113.414721565 40.5309567713
1800 16 14.8646013604 45.6485549714
1800 17 117.874132535 71.7005505917
1800 18 50.9285234497 74.0026731537
1800 19 136.198933308 1.41822994232
1800 20 32.3916847118 117.694202426
1800 21 116.639496768 91.992915156
1800 22 136.502674445 111.533555749
1800 23 147.623415652 59.0892609055
1800 24 40.0215617734 132.330586148
1800 25 75.8887520756 100.756301819
1800 26 60.4587294085 129.440365356
1800 27 77.0778428078 149.833370397
1800 28 98.1527620474 132.209092882
1800 29 106.229686766 144.907676329
1800 30 97.5152433161 101.187327911
1800 31 75.4109643076 46.4283892669
1800 32 51.6553205124 127.469281459
1800 33 98.669526429 59.7976118184
1800 34 57.7563666792 48.1204772898
1800 35 80.2841243019 97.0324776043
1800 36 113.163384895 148.034658069
1800 37 37.5805046562 86.6518211918
1800 38 112.618847652 15.9198158728
1800 39 76.8871084906 69.6034715638
1800 40 44.5287138193 10.2566408623
1800 41 19.5272136733 19.1044603959
1800 42 149.305292049 134.528191224
1800 43 88.2753352932 39.4722238856
1800 44 68.9649023284 37.6701199058
1800 45 4.34027743596 3.71356134098
1800 46 97.9467918172 97.6372877136
1800 47 102.380941315 11.3321187745
1800 48 128.223796431 72.121526327
1800 49 132.895650583 55.3501462319
1800 50 6.19749920919 127.755363767
1800 51 68.5323394989 31.8108256083
1800 52 58.1268054944 28.5489433621
1800 53 78.2672589381 48.4770087572
1800 54 117.643827601 50.1382794779
1800 55 83.0466222524 42.3271047953
1800 56 139.901167311 57.5784131274
1800 57 97.6176711178 87.8781442309
1800 58 62.4001493938 95.1485465926
1800 59 75.3322286974 98.4728102959
1800 60 109.116147182 86.2051593226
1800 61 126.804911549 40.2936564886
1800 62 96.2589577881 26.6355838593
1800 63 30.2051731323 41.99491702
1800 64 31.6424494838 116.692776896
1800 65 57.2434720752 139.551798138
1800 66 143.104464325 100.362520042
1800 67 98.2341958768 149.261335571
1800 68 30.8399496907 147.800412466
1800 69 31.8483813548 53.8375773171
1800 70 56.789104569 41.9080803833
1800 71 84.0091690873 56.818004666
1800 72 54.6225284359 9.63082133637
1800 73 137.559198234 83.6749433518
1800 74 126.845577658 130.715099976
1800 75 45.2818734323 60.0271135819
1800 76 84.8738651064 148.436913282
1800 77 69.4413140816 109.008793526
1800 78 20.9969124365 107.528701193
1800 79 109.444208694 88.8688272096
1800 80 76.3602142795 61.4435948324
1800 81 49.8952113828 90.5036945602
1800 82 121.905747941 54.0499342482
1800 83 135.540715926 20.3460847291
1800 84 61.2434610902 27.0599890446
1800 85 81.9821167561 62.2054111143
1800 86 21.6979193755 139.15444222
1800 87 72.8507168339 106.31233991
1800 88 45.1543141466 7.76314408738
1800 89 138.787642893 146.540922506
1800 90 116.988949163 129.336498557
1800 91 8.36490339926 77.04050858
1800 92 68.8981664635 53.6586240559
1800 93 27.2226614387 95.2614017782
1800 94 79.8553525529 114.914968761
1800 95 143.66631346 104.268519122
1800 96 14.6238409264 130.752967791
1800 97 123.285086245 88.2052711924
1800 98 89.6491530042 121.840570522
1800 99 130.909334888 149.440228182
1800 100 82.5421282022 103.182022377
1800 101 39.0898736753 117.579456696
1800 102 67.2707793591 138.604913842
1800 103 18.7507409574 52.0807093231
1800 104 45.1595966997 18.3737614678
1800 105 89.9064642197 112.207796822
1800 106 67.9290747677 79.8494734938
1800 107 16.9824533184 85.7812957386
1800 108 32.6786394986 36.8927237363
1800 109 21.5431880502 87.1327091238
1800 110 17.8621034979 93.7324876892
1800 111 10.8089757371 32.4819831718
1800 112 59.2912669485 140.148505169
1800 113 55.1124539527 100.337240706
1800 114 37.6522635784 46.3675495287
1800 115 32.56167435 3.99746047115
1800 116 67.2977481527 123.809012652
1800 117 94.3912831617 16.6547125416
1800 118 124.922038087 97.2014429022
1800 119 33.9046008627 29.7423066118
1800 120 145.168448036 83.0135458314
1800 121 23.6117925595 37.6299191837
1800 122 10.9410609653 42.6012860422
1800 123 11.5201364807 111.342357576
1800 124 63.4689719774 139.685038496
1800 125 66.7433063634 148.422401083
1800 126 53.6168836588 12.2638610735
1800 127 92.8153523073 123.663669825
1800 128 26.9079849862 52.7102603774
1800 129 39.7001468471 34.4128889932
1800 130 22.2851619128 144.218225041
1800 131 9.02327091034 14.2094767542
1800 132 46.7047711201 55.193202621
1800 133 52.5331236485 102.834765254
1800 134 88.2242064934 144.446230379
1800 135 107.850162815 111.888785288
1800 136 89.1543395253 11.0797233858
1800 137 33.7299254586 131.044058677
1800 138 50.7426965591 36.1409563235
1800 139 65.0009625116 133.612281605
1800 140 0.182401906993 95.2180997436
1800 141 76.2440068998 145.848134503
1800 142 76.4953006868 123.05171263
1800 143 3.00055797762 142.720310883
1800 144 51.1802196068 72.6560885614
1800 145 43.6849427964 38.9831892913
1800 146 131.064584523 78.1422251861
1800 147 120.39584193 72.2087585079
1800 148 113.497060667 23.270243636
1800 149 18.0918018746 82.6025258542
1800 150 13.094065127 119.689983182
1800 151 116.937221903 27.3878881257
1800 152 126.831649141 105.578187622
1800 153 129.414909218 128.044715763
1800 154 128.542874215 135.305597295
1800 155 78.0455864753 82.7846684784
1800 156 109.817669637 82.375633657
1800 157 56.7370482607 141.359481854
1800 158 41.5648456624 121.882676588
1800 159 121.721370359 82.4902396698
1800 160 117.126627992 11.6768990738
1800 161 115.034435244 90.5692784427
1800 162 102.186706659 131.085210628
1800 163 83.1634157483 68.5651932146
1800 164 66.0035893655 18.1429205087
1800 165 6.3534743169 78.3803435737
1800 166 81.964677199 116.283631008
1800 167 42.2713400105 1.24984038675
1800 168 143.666062251 34.1932028547
1800 169 129.488194679 108.842571284
1800 170 47.8991215185 119.772880072
1800 171 11.8645529963 92.2535493764
1800 172 47.9924699955 21.1385125609
1800 173 131.280241035 18.646282179
1800 174 148.75330942 77.8990936472
1800 175 99.6783020387 60.1291497208
1800 176 105.484289361 75.8364183792
1800 177 13.9350658955 38.7838776985
1800 178 10.2459652165 24.3923235817
1800 179 49.6153136629 75.2975542547
1800 180 25.8895510717 147.223044045
1800 181 129.073152756 135.494645894
1800 182 106.052951018 12.4149998167
1800 183 76.4846673379 59.3199160803
1800 184 99.7390391597 16.0540443205
1800 185 67.035994693 138.934492308
1800 186 83.8674413916 106.465379642
1800 187 124.175361839 111.774918585
1800 188 72.1543682025 143.53086068
1800 189 70.6312553564 94.4532648501
1800 190 49.9413526769 54.833854898
1800 191 64.3559322164 5.33698735192
1800 192 62.878650906 138.444594853
1800 193 81.8275048722 76.6338995224
1800 194 90.4401961857 138.324241975
1800 195 89.4894392158 94.7664925945
1800 196 90.8018546342 134.241214344
1800 197 55.0569424545 90.2633805392
1800 198 111.14989324 54.5163571782
1800 199 60.8686497291 111.036456507
2400 0 12.9122471608 88.2710046754
2400 1 23.7638459271 41.7481128167
2400 2 63.3944894769 70.8065859644
2400 3 79.6768878932 20.275403303
2400 4 16.5011337157 103.909192967
2400 5 101.206538186 25.2422598752
2400 6 82.6668784151 55.9516500773
2400 7 89.7683497196 94.7707114962
2400 8 5.05238071849 97.3560577347
2400 9 84.0049480288 126.410795953
2400 10 40.272205239 139.510170681
2400 11 101.543645301 62.2737959004
2400 12 59.6757591101 88.2272817222
2400 13 58.9497690558 139.774182262
2400 14 94.2901505066 121.64941796
2400 15 113.414721565 40.5309567713
2400 16 14.8646013604 45.6485549714
2400 17 117.874132535 71.7005505917
2400 18 50.9285234497 74.0026731537
2400 19 136.198933308 1.41822994232
2400 20 32.3916847118 117.694202426
2400 21 116.639496768 91.992915156
2400 22 136.502674445 111.533555749
2400 23 147.623415652 59.0892609055
2400 24 40.0215617734 132.330586148
2400 25 75.8887520756 100.756301819
2400 26 60.4587294085 129.440365356
2400 27 77.0778428078 149.833370397
2400 28 98.1527620474 132.209092882
2400 29 106.229686766 144.907676329
2400 30 97.5152433161 101.187327911
2400 31 75.4109643076 46.4283892669
2400 32 51.6553205124 127.469281459
2400 33 98.669526429 59.7976118184
2400 34 57.7563666792 48.1204772898
2400 35 80.2841243019 97.0324776043
2400 36 113.163384895 148.034658069
2400 37 37.5805046562 86.6518211918
2400 38 112.618847652 15.9198158728
2400 39 76.8871084906 69.6034715638
2400 40 44.5287138193 10.2566408623
2400 41 19.5272136733 19.1044603959
2400 42 149.305292049 134.528191224
2400 43 88.2753352932 39.4722238856
2400 44 68.9649023284 37.6701199058
2400 45 4.34027743596 3.71356134098
2400 46 97.9467918172 97.6372877136
2400 47 102.380941315 11.3321187745
2400 48 128.223796431 72.121526327
2400 49 132.895650583 55.3501462319
2400 50 6.19749920919 127.755363767
2400 51 68.5323394989 31.8108256083
2400 52 58.1268054944 28.5489433621
2400 53 78.2672589381 48.4770087572
2400 54 117.643827601 50.1382794779
2400 55 83.0466222524 42.3271047953
2400 56 139.901167311 57.5784131274
2400 57 97.6176711178 87.8781442309
2400 58 62.4001493938 95.1485465926
2400 59 75.3322286974 98.4728102959
2400 60 109.116147182 86.2051593226
2400 61 126.804911549 40.2936564886
2400 62 96.2589577881 26.6355838593
2400 63 30.2051731323 41.99491702
2400 64 31.6424494838 116.692776896
2400 65 57.2434720752 139.551798138
2400 66 143.104464325 100.362520042
2400 67 98.2341958768 149.261335571
2400 68 30.8399496907 147.800412466
2400 69 31.8483813548 53.8375773171
2400 70 56.789104569 41.9080803833
2400 71 84.0091690873 56.818004666
2400 72 54.6225284359 9.63082133637
2400 73 137.559198234 83.6749433518
2400 74 126.845577658 130.715099976
2400 75 45.2818734323 60.0271135819
2400 76 84.8738651064 148.436913282
2400 77 69.4413140816 109.008793526
2400 78 20.9969124365 107.528701193
2400 79 109.444208694 88.8688272096
2400 80 76.3602142795 61.4435948324
2400 81 49.8952113828 90.5036945602
2400 82 121.905747941 54.0499342482
2400 83 135.540715926 20.3460847291
2400 84 61.2434610902 27.0599890446
2400 85 81.9821167561 62.2054111143
2400 86 21.6979193755 139.15444222
2400 87 72.8507168339 106.31233991
2400 88 45.1543141466 7.76314408738
2400 89 138.787642893 146.540922506
2400 90 116.988949163 129.336498557
2400 91 8.36490339926 77.04050858
2400 92 68.8981664635 53.6586240559
2400 93 27.2226614387 95.2614017782
2400 94 79.8553525529 114.914968761
2400 95 143.66631346 104.268519122
2400 96 14.6238409264 130.752967791
2400 97 123.285086245 88.2052711924
2400 98 89.6491530042 121.840570522
2400 99 130.909334888 149.440228182
2400 100 82.5421282022 103.182022377
2400 101 39.0898736753 117.579456696
2400 102 67.2707793591 138.604913842
2400 103 18.7507409574 52.0807093231
2400 104 45.1595966997 18.3737614678
2400 105 118.530745461 137.24539265
2400 106 67.9290747677 79.8494734938
2400 107 16.9824533184 85.7812957386
2400 108 32.6786394986 36.8927237363
2400 109 21.5431880502 87.1327091238
2400 110 17.8621034979 93.7324876892
2400 111 131.420034141 33.1288666686
2400 112 11.0325247132 14.9350564728
2400 113 55.1124539527 100.337240706
2400 114 37.6522635784 46.3675495287
2400 115 32.56167435 3.99746047115
2400 116 67.2977481527 123.809012652
2400 117 94.3912831617 16.6547125416
2400 118 124.922038087 97.2014429022
2400 119 33.9046008627 29.7423066118
2400 120 145.168448036 83.0135458314
2400 121 23.6117925595 37.6299191837
2400 122 146.919129624 43.737347786
2400 123 11.5201364807 111.342357576
2400 124 63.4689719774 139.685038496
2400 125 66.7433063634 148.422401083
2400 126 53.6168836588 12.2638610735
2400 127 92.8153523073 123.663669825
2400 128 26.9079849862 52.7102603774
2400 129 39.7001468471 34.4128889932
2400 130 22.2851619128 144.218225041
2400 131 9.02327091034 14.2094767542
2400 132 56.1077774693 4.44132974886
2400 133 52.5331236485 102.834765254
2400 134 88.2242064934 144.446230379
2400 135 107.850162815 111.888785288
2400 136 89.1543395253 11.0797233858
2400 137 33.7299254586 131.044058677
2400 138 50.7426965591 36.1409563235
2400 139 65.0009625116 133.612281605
2400 140 0.182401906993 95.2180997436
2400 141 76.2440068998 145.848134503
2400 142 123.546849641 61.9669273684
2400 143 3.00055797762 142.720310883
2400 144 51.1802196068 72.6560885614
2400 145 43.6849427964 38.9831892913
2400 146 131.064584523 78.1422251861
2400 147 132.077625954 16.9373820053
2400 148 113.497060667 23.270243636
2400 149 18.0918018746 82.6025258542
2400 150 19.5644653393 104.170095239
2400 151 116.937221903 27.3878881257
2400 152 77.0614810867 67.7098489076
2400 153 129.414909218 128.044715763
2400 154 114.295832139 109.683453353
2400 155 78.0455864753 82.7846684784
2400 156 109.817669637 82.375633657
2400 157 56.7370482607 141.359481854
2400 158 41.5648456624 121.882676588
2400 159 121.721370359 82.4902396698
2400 160 117.126627992 11.6768990738
2400 161 115.034435244 90.5692784427
2400 162 102.186706659 131.085210628
2400 163 83.1634157483 68.5651932146
2400 164 66.0035893655 18.1429205087
2400 165 6.3534743169 78.3803435737
2400 166 81.964677199 116.283631008
2400 167 42.2713400105 1.24984038675
2400 168 143.666062251 34.1932028547
2400 169 129.488194679 108.842571284
2400 170 47.8991215185 119.772880072
2400 171 11.8645529963 92.2535493764
2400 172 47.9924699955 21.1385125609
2400 173 131.280241035 18.646282179
2400 174 148.75330942 77.8990936472
2400 175 99.6783020387 60.1291497208
2400 176 105.484289361 75.8364183792
2400 177 13.9350658955 38.7838776985
2400 178 10.2459652165 24.3923235817
2400 179 49.6153136629 75.2975542547
2400 180 25.8895510717 147.223044045
2400 181 129.073152756 135.494645894
2400 182 106.052951018 12.4149998167
2400 183 76.4846673379 59.3199160803
2400 184 99.7390391597 16.0540443205
2400 185 67.035994693 138.934492308
2400 186 83.8674413916 106.465379642
2400 187 124.175361839 111.774918585
2400 188 72.1543682025 143.53086068
2400 189 70.6312553564 94.4532648501
2400 190 49.9413526769 54.833854898
2400 191 64.3559322164 5.33698735192
2400 192 62.878650906 138.444594853
2400 193 81.8275048722 76.6338995224
2400 194 90.4401961857 138.324241975
2400 195 89.4894392158 94.7664925945
2400 196 90.8018546342 134.241214344
2400 197 55.0569424545 90.2633805392
2400 198 111.14989324 54.5163571782
2400 199 60.8686497291 111.036456507
3000 0 12.9122471608 88.2710046754
3000 1 23.7638459271 41.7481128167
3000 2 63.3944894769 70.8065859644
3000 3 79.6768878932 20.275403303
3000 4 16.5011337157 103.909192967
3000 5 101.206538186 25.2422598752
3000 6 82.6668784151 55.9516500773
3000 7 89.7683497196 94.7707114962
3000 8 5.05238071849 97.3560577347
3000 9 84.0049480288 126.410795953
3000 10 40.272205239 139.510170681
3000 11 101.543645301 62.2737959004
3000 12 59.6757591101 88.2272817222
3000 13 58.9497690558 139.774182262
3000 14 94.2901505066 121.64941796
3000 15 113.414721565 40.5309567713
3000 16 14.8646013604 45.6485549714
3000 17 117.874132535 71.7005505917
3000 18 50.9285234497 74.0026731537
3000 19 136.198933308 1.41822994232
3000 20 32.3916847118 117.694202426
3000 21 116.639496768 91.992915156
3000 22 136.502674445 111.533555749
3000 23 147.623415652 59.0892609055
3000 24 40.0215617734 132.330586148
3000 25 75.8887520756 100.756301819
3000 26 60.4587294085 129.440365356
3000 27 77.0778428078 149.833370397
3000 28 98.1527620474 132.209092882
3000 29 106.229686766 144.907676329
3000 30 97.5152433161 101.187327911
3000 31 75.4109643076 46.4283892669
3000 32 51.6553205124 127.469281459
3000 33 98.669526429 59.7976118184
3000 34 57.7563666792 48.1204772898
3000 35 80.2841243019 97.0324776043
3000 36 113.163384895 148.034658069
3000 37 37.5805046562 86.6518211918
3000 38 112.618847652 15.9198158728
3000 39 76.8871084906 69.6034715638
3000 40 44.5287138193 10.2566408623
3000 41 19.5272136733 19.1044603959
3000 42 149.305292049 134.528191224
3000 43 88.2753352932 39.4722238856
3000 44 68.9649023284 37.6701199058
3000 45 4.34027743596 3.71356134098
3000 46 97.9467918172 97.6372877136
3000 47 102.380941315 11.3321187745
3000 48 128.223796431 72.121526327
3000 49 132.895650583 55.3501462319
3000 50 6.19749920919 127.755363767
3000 51 68.5323394989 31.8108256083
3000 52 58.1268054944 28.5489433621
3000 53 78.2672589381 48.4770087572
3000 54 117.643827601 50.1382794779
3000 55 83.0466222524 42.3271047953
3000 56 139.901167311 57.5784131274
3000 57 97.6176711178 87.8781442309
3000 58 62.4001493938 95.1485465926
3000 59 75.3322286974 98.4728102959
3000 60 109.116147182 86.2051593226
3000 61 126.804911549 40.2936564886
3000 62 96.2589577881 26.6355838593
3000 63 30.2051731323 41.99491702
3000 64 31.6424494838 116.692776896
3000 65 57.2434720752 139.551798138
3000 66 143.104464325 100.362520042
3000 67 98.2341958768 149.261335571
3000 68 30.8399496907 147.800412466
3000 69 31.8483813548 53.8375773171
3000 70 56.789104569 41.9080803833
3000 71 84.0091690873 56.818004666
3000 72 54.6225284359 9.63082133637
3000 73 137.559198234 83.6749433518
3000 74 126.845577658 130.715099976
3000 75 45.2818734323 60.0271135819
3000 76 84.8738651064 148.436913282
3000 77 69.4413140816 109.008793526
3000 78 20.9969124365 107.528701193
3000 79 109.444208694 88.8688272096
3000 80 76.3602142795 61.4435948324
3000 81 49.8952113828 90.5036945602
3000 82 121.905747941 54.0499342482
3000 83 135.540715926 20.3460847291
3000 84 61.2434610902 27.0599890446
3000 85 90.8308265749 106.192260431
3000 86 21.6979193755 139.15444222
3000 87 72.8507168339 106.31233991
3000 88 7.36543791183 41.2094232618
3000 89 138.787642893 146.540922506
3000 90 116.988949163 129.336498557
3000 91 8.36490339926 77.04050858
3000 92 68.8981664635 53.6586240559
3000 93 27.2226614387 95.2614017782
3000 94 79.8553525529 114.914968761
3000 95 143.66631346 104.268519122
3000 96 14.6238409264 130.752967791
3000 97 123.285086245 88.2052711924
3000 98 89.6491530042 121.840570522
3000 99 130.909334888 149.440228182
3000 100 82.5421282022 103.182022377
3000 101 39.0898736753 117.579456696
3000 102 67.2707793591 138.604913842
3000 103 18.7507409574 52.0807093231
3000 104 45.1595966997 18.3737614678
3000 105 118.530745461 137.24539265
3000 106 67.9290747677 79.8494734938
3000 107 16.9824533184 85.7812957386
3000 108 32.6786394986 36.8927237363
3000 109 21.5431880502 87.1327091238
3000 110 17.8621034979 93.7324876892
3000 111 131.420034141 33.1288666686
3000 112 11.0325247132 14.9350564728
3000 113 55.1124539527 100.337240706
3000 114 37.6522635784 46.3675495287
3000 115 32.56167435 3.99746047115
3000 116 67.2977481527 123.809012652
3000 117 94.3912831617 16.6547125416
3000 118 124.922038087 97.2014429022
3000 119 33.9046008627 29.7423066118
3000 120 145.168448036 83.0135458314
3000 121 23.6117925595 37.6299191837
3000 122 146.919129624 43.737347786
3000 123 11.5201364807 111.342357576
3000 124 63.4689719774 139.685038496
3000 125 66.7433063634 148.422401083
3000 126 53.6168836588 12.2638610735
3000 127 92.8153523073 123.663669825
3000 128 26.9079849862 52.7102603774
3000 129 39.7001468471 34.4128889932
3000 130 22.2851619128 144.218225041
3000 131 9.02327091034 14.2094767542
3000 132 56.1077774693 4.44132974886
3000 133 52.5331236485 102.834765254
3000 134 88.2242064934 144.446230379
3000 135 107.850162815 111.888785288
3000 136 89.1543395253 11.0797233858
3000 137 33.7299254586 131.044058677
3000 138 50.7426965591 36.1409563235
3000 139 65.0009625116 133.612281605
3000 140 0.182401906993 95.2180997436
3000 141 76.2440068998 145.848134503
3000 142 123.546849641 61.9669273684
3000 143 3.00055797762 142.720310883
3000 144 51.1802196068 72.6560885614
3000 145 43.6849427964 38.9831892913
3000 146 131.064584523 78.1422251861
3000 147 132.077625954 16.9373820053
3000 148 26.0182597723 57.1275309618
3000 149 18.0918018746 82.6025258542
3000 150 19.5644653393 104.170095239
3000 151 116.937221903 27.3878881257
3000 152 77.0614810867 67.7098489076
3000 153 129.414909218 128.044715763
3000 154 114.295832139 109.683453353
3000 155 78.0455864753 82.7846684784
3000 156 109.817669637 82.375633657
3000 157 12.8909492605 58.1294304887
3000 158 41.5648456624 121.882676588
3000 159 121.721370359 82.4902396698
3000 160 117.126627992 11.6768990738
3000 161 115.034435244 90.5692784427
3000 162 102.186706659 131.085210628
3000 163 83.1634157483 68.5651932146
3000 164 66.0035893655 18.1429205087
3000 165 6.3534743169 78.3803435737
3000 166 81.964677199 116.283631008
3000 167 42.2713400105 1.24984038675
3000 168 44.2187781323 116.388992829
3000 169 129.488194679 108.842571284
3000 170 47.8991215185 119.772880072
3000 171 11.8645529963 92.2535493764
3000 172 47.9924699955 21.1385125609
3000 173 131.280241035 18.646282179
3000 174 148.75330942 77.8990936472
3000 175 99.6783020387 60.1291497208
3000 176 105.484289361 75.8364183792
3000 177 13.9350658955 38.7838776985
3000 178 10.2459652165 24.3923235817
3000 179 49.6153136629 75.2975542547
3000 180 25.8895510717 147.223044045
3000 181 129.073152756 135.494645894
3000 182 106.052951018 12.4149998167
3000 183 76.4846673379 59.3199160803
3000 184 99.7390391597 16.0540443205
3000 185 132.875661409 126.047850508
3000 186 84.3233007516 10.8467854903
3000 187 124.175361839 111.774918585
3000 188 72.1543682025 143.53086068
3000 189 112.880695009 128.248842655
3000 190 49.9413526769 54.833854898
3000 191 64.3559322164 5.33698735192
3000 192 33.1084376816 34.8035326579
3000 193 71.7612035476 68.4419196378
3000 194 90.4401961857 138.324241975
3000 195 89.4894392158 94.7664925945
3000 196 90.8018546342 134.241214344
3000 197 55.0569424545 90.2633805392
3000 198 111.14989324 54.5163571782
3000 199 60.8686497291 111.036456507
3600 0 12.9122471608 88.2710046754
3600 1 23.7638459271 41.7481128167
3600 2 63.3944894769 70.8065859644
3600 3 79.6768878932 20.275403303
3600 4 16.5011337157 103.909192967
3600 5 101.206538186 25.2422598752
3600 6 82.6668784151 55.9516500773
3600 7 89.7683497196 94.7707114962
3600 8 5.05238071849 97.3560577347
3600 9 84.0049480288 126.410795953
3600 10 40.272205239 139.510170681
3600 11 101.543645301 62.2737959004
3600 12 59.6757591101 88.2272817222
3600 13 58.9497690558 139.774182262
3600 14 94.2901505066 121.64941796
3600 15 113.414721565 40.5309567713
3600 16 14.8646013604 45.6485549714
3600 17 117.874132535 71.7005505917
3600 18 50.9285234497 74.0026731537
3600 19 136.198933308 1.41822994232
3600 20 32.3916847118 117.694202426
3600 21 116.639496768 91.992915156
3600 22 136.502674445 111.533555749
3600 23 147.623415652 59.0892609055
3600 24 40.0215617734 132.330586148
3600 25 75.8887520756 100.756301819
3600 26 60.4587294085 129.440365356
3600 27 77.0778428078 149.833370397
3600 28 98.1527620474 132.209092882
3600 29 106.229686766 144.907676329
3600 30 97.5152433161 101.187327911
3600 31 75.4109643076 46.4283892669
3600 32 51.6553205124 127.469281459
3600 33 98.669526429 59.7976118184
3600 34 57.7563666792 48.1204772898
3600 35 80.2841243019 97.0324776043
3600 36 113.163384895 148.034658069
3600 37 37.5805046562 86.6518211918
3600 38 112.618847652 15.9198158728
3600 39 76.8871084906 69.6034715638
3600 40 44.5287138193 10.2566408623
3600 41 19.5272136733 19.1044603959
3600 42 149.305292049 134.528191224
3600 43 88.2753352932 39.4722238856
3600 44 68.9649023284 37.6701199058
3600 45 4.34027743596 3.71356134098
3600 46 97.9467918172 97.6372877136
3600 47 102.380941315 11.3321187745
3600 48 128.223796431 72.121526327
3600 49 132.895650583 55.3501462319
3600 50 6.19749920919 127.755363767
3600 51 68.5323394989 31.8108256083
3600 52 58.1268054944 28.5489433621
3600 53 78.2672589381 48.4770087572
3600 54 117.643827601 50.1382794779
3600 55 83.0466222524 42.3271047953
3600 56 139.901167311 57.5784131274
3600 57 97.6176711178 87.8781442309
3600 58 62.4001493938 95.1485465926
3600 59 75.3322286974 98.4728102959
3600 60 109.116147182 86.2051593226
3600 61 126.804911549 40.2936564886
3600 62 96.2589577881 26.6355838593
3600 63 30.2051731323 41.99491702
3600 64 31.6424494838 116.692776896
3600 65 57.2434720752 139.551798138
3600 66 143.104464325 100.362520042
3600 67 98.2341958768 149.261335571
3600 68 30.8399496907 147.800412466
3600 69 31.8483813548 53.8375773171
3600 70 56.789104569 41.9080803833
3600 71 84.0091690873 56.818004666
3600 72 54.6225284359 9.63082133637
3600 73 137.559198234 83.6749433518
3600 74 126.845577658 130.715099976
3600 75 45.2818734323 60.0271135819
3600 76 84.8738651064 148.436913282
3600 77 69.4413140816 109.008793526
3600 78 20.9969124365 107.528701193
3600 79 109.444208694 88.8688272096
3600 80 76.3602142795 61.4435948324
3600 81 49.8952113828 90.5036945602
3600 82 121.905747941 54.0499342482
3600 83 135.540715926 20.3460847291
3600 84 61.2434610902 27.0599890446
3600 85 90.8308265749 106.192260431
3600 86 21.6979193755 139.15444222
3600 87 72.8507168339 106.31233991
3600 88 7.36543791183 41.2094232618
3600 89 138.787642893 146.540922506
3600 90 116.988949163 129.336498557
3600 91 8.36490339926 77.04050858
3600 92 68.8981664635 53.6586240559
3600 93 27.2226614387 95.2614017782
3600 94 79.8553525529 114.914968761
3600 95 143.66631346 104.268519122
3600 96 14.6238409264 130.752967791
3600 97 123.285086245 88.2052711924
3600 98 120.169476 14.4110686167
3600 99 130.909334888 149.440228182
3600 100 82.5421282022 103.182022377
3600 101 39.0898736753 117.579456696
3600 102 67.2707793591 138.604913842
3600 103 18.7507409574 52.0807093231
3600 104 45.1595966997 18.3737614678
3600 105 118.530745461 137.24539265
3600 106 67.9290747677 79.8494734938
3600 107 53.7871706556 122.349542222
3600 108 32.6786394986 36.8927237363
3600 109 21.5431880502 87.1327091238
3600 110 17.8621034979 93.7324876892
3600 111 131.420034141 33.1288666686
3600 112 11.0325247132 14.9350564728
3600 113 55.1124539527 100.337240706
3600 114 37.6522635784 46.3675495287
3600 115 32.56167435 3.99746047115
3600 116 67.2977481527 123.809012652
3600 117 94.3912831617 16.6547125416
3600 118 124.922038087 97.2014429022
3600 119 33.9046008627 29.7423066118
3600 120 145.168448036 83.0135458314
3600 121 23.6117925595 37.6299191837
3600 122 146.919129624 43.737347786
3600 123 11.5201364807 111.342357576
3600 124 63.4689719774 139.685038496
3600 125 121.660887394 78.4191662536
3600 126 53.6168836588 12.2638610735
3600 127 92.8153523073 123.663669825
3600 128 26.9079849862 52.7102603774
3600 129 135.359565699 92.5606345984
3600 130 22.2851619128 144.218225041
3600 131 9.02327091034 14.2094767542
3600 132 73.5504442377 19.6198570392
3600 133 52.5331236485 102.834765254
3600 134 88.2242064934 144.446230379
3600 135 107.850162815 111.888785288
3600 136 89.1543395253 11.0797233858
3600 137 33.7299254586 131.044058677
3600 138 50.7426965591 36.1409563235
3600 139 65.0009625116 133.612281605
3600 140 0.182401906993 95.2180997436
3600 141 76.2440068998 145.848134503
3600 142 123.546849641 61.9669273684
3600 143 3.00055797762 142.720310883
3600 144 51.1802196068 72.6560885614
3600 145 43.6849427964 38.9831892913
3600 146 131.064584523 78.1422251861
3600 147 132.077625954 16.9373820053
3600 148 26.0182597723 57.1275309618
3600 149 18.0918018746 82.6025258542
3600 150 19.5644653393 104.170095239
3600 151 116.937221903 27.3878881257
3600 152 77.0614810867 67.7098489076
3600 153 129.414909218 128.044715763
3600 154 114.295832139 109.683453353
3600 155 78.0455864753 82.7846684784
3600 156 109.817669637 82.375633657
3600 157 12.8909492605 58.1294304887
3600 158 41.5648456624 121.882676588
3600 159 121.721370359 82.4902396698
3600 160 117.126627992 11.6768990738
3600 161 115.034435244 90.5692784427
3600 162 102.186706659 131.085210628
3600 163 83.1634157483 68.5651932146
3600 164 66.0035893655 18.1429205087
3600 165 6.3534743169 78.3803435737
3600 166 81.964677199 116.283631008
3600 167 42.2713400105 1.24984038675
3600 168 44.2187781323 116.388992829
3600 169 129.488194679 108.842571284
3600 170 47.8991215185 119.772880072
3600 171 11.8645529963 92.2535493764
3600 172 47.9924699955 21.1385125609
3600 173 131.280241035 18.646282179
3600 174 148.75330942 77.8990936472
3600 175 95.5872767297 111.224887932
3600 176 105.484289361 75.8364183792
3600 177 13.9350658955 38.7838776985
3600 178 143.157098849 26.2162495176
3600 179 29.5951022494 77.3951917504
3600 180 25.8895510717 147.223044045
3600 181 129.073152756 135.494645894
3600 182 106.052951018 12.4149998167
3600 183 76.4846673379 59.3199160803
3600 184 99.7390391597 16.0540443205
3600 185 132.875661409 126.047850508
3600 186 84.3233007516 10.8467854903
3600 187 124.175361839 111.774918585
3600 188 101.653216247 82.1068022292
3600 189 112.880695009 128.248842655
3600 190 49.9413526769 54.833854898
3600 191 64.3559322164 5.33698735192
3600 192 33.1084376816 34.8035326579
3600 193 71.7612035476 68.4419196378
3600 194 90.4401961857 138.324241975
3600 195 89.4894392158 94.7664925945
3600 196 90.8018546342 134.241214344
3600 197 55.0569424545 90.2633805392
3600 198 111.14989324 54.5163571782
3600 199 60.8686497291 111.036456507
4200 0 12.9122471608 88.2710046754
4200 1 23.7638459271 41.7481128167
4200 2 63.3944894769 70.8065859644
4200 3 79.6768878932 20.275403303
4200 4 16.5011337157 103.909192967
4200 5 101.206538186 25.2422598752
4200 6 82.6668784151 55.9516500773
4200 7 89.7683497196 94.7707114962
4200 8 5.05238071849 97.3560577347
4200 9 84.0049480288 126.410795953
4200 10 40.272205239 139.510170681
4200 11 101.543645301 62.2737959004
4200 12 59.6757591101 88.2272817222
4200 13 58.9497690558 139.774182262
4200 14 94.2901505066 121.64941796
4200 15 113.414721565 40.5309567713
4200 16 14.8646013604 45.6485549714
4200 17 117.874132535 71.7005505917
4200 18 50.9285234497 74.0026731537
4200 19 136.198933308 1.41822994232
4200 20 32.3916847118 117.694202426
4200 21 116.639496768 91.992915156
4200 22 136.502674445 111.533555749
4200 23 147.623415652 59.0892609055
4200 24 40.0215617734 132.330586148
4200 25 75.8887520756 100.756301819
4200 26 60.4587294085 129.440365356
4200 27 77.0778428078 149.833370397
4200 28 98.1527620474 132.209092882
4200 29 106.229686766 144.907676329
4200 30 97.5152433161 101.187327911
4200 31 75.4109643076 46.4283892669
4200 32 51.6553205124 127.469281459
4200 33 98.669526429 59.7976118184
4200 34 57.7563666792 48.1204772898
4200 35 80.2841243019 97.0324776043
4200 36 113.163384895 148.034658069
4200 37 37.5805046562 86.6518211918
4200 38 112.618847652 15.9198158728
4200 39 76.8871084906 69.6034715638
4200 40 44.5287138193 10.2566408623
4200 41 19.5272136733 19.1044603959
4200 42 149.305292049 134.528191224
4200 43 88.2753352932 39.4722238856
4200 44 68.9649023284 37.6701199058
4200 45 4.34027743596 3.71356134098
4200 46 97.9467918172 97.6372877136
4200 47 102.380941315 11.3321187745
4200 48 128.223796431 72.121526327
4200 49 132.895650583 55.3501462319
4200 50 6.19749920919 127.755363767
4200 51 68.5323394989 31.8108256083
4200 52 58.1268054944 28.5489433621
4200 53 78.2672589381 48.4770087572
4200 54 117.643827601 50.1382794779
4200 55 83.0466222524 42.3271047953
4200 56 139.901167311 57.5784131274
4200 57 97.6176711178 87.8781442309
4200 58 62.4001493938 95.1485465926
4200 59 75.3322286974 98.4728102959
4200 60 109.116147182 86.2051593226
4200 61 126.804911549 40.2936564886
4200 62 96.2589577881 26.6355838593
4200 63 30.2051731323 41.99491702
4200 64 31.6424494838 116.692776896
4200 65 57.2434720752 139.551798138
4200 66 143.104464325 100.362520042
4200 67 98.2341958768 149.261335571
4200 68 30.8399496907 147.800412466
4200 69 31.8483813548 53.8375773171
4200 70 56.789104569 41.9080803833
4200 71 84.0091690873 56.818004666
4200 72 54.6225284359 9.63082133637
4200 73 137.559198234 83.6749433518
4200 74 126.845577658 130.715099976
4200 75 45.2818734323 60.0271135819
4200 76 84.8738651064 148.436913282
4200 77 69.4413140816 109.008793526
4200 78 20.9969124365 107.528701193
4200 79 109.444208694 88.8688272096
4200 80 76.3602142795 61.4435948324
4200 81 49.8952113828 90.5036945602
4200 82 121.905747941 54.0499342482
4200 83 135.540715926 20.3460847291
4200 84 61.2434610902 27.0599890446
4200 85 90.8308265749 106.192260431
4200 86 21.6979193755 139.15444222
4200 87 72.8507168339 106.31233991
4200 88 7.36543791183 41.2094232618
4200 89 138.787642893 146.540922506
4200 90 116.988949163 129.336498557
4200 91 8.36490339926 77.04050858
4200 92 68.8981664635 53.6586240559
4200 93 27.2226614387 95.2614017782
4200 94 79.8553525529 114.914968761
4200 95 143.66631346 104.268519122
4200 96 14.6238409264 130.752967791
4200 97 74.4321849628 27.4197913587
4200 98 120.169476 14.4110686167
4200 99 130.909334888 149.440228182
4200 100 82.5421282022 103.182022377
4200 101 32.0394249547 68.2700584854
4200 102 67.2707793591 138.604913842
4200 103 18.7507409574 52.0807093231
4200 104 45.1595966997 18.3737614678
4200 105 118.530745461 137.24539265
4200 106 67.9290747677 79.8494734938
4200 107 67.5297811826 89.1648935966
4200 108 32.6786394986 36.8927237363
4200 109 21.5431880502 87.1327091238
4200 110 17.8621034979 93.7324876892
4200 111 131.420034141 33.1288666686
4200 112 11.0325247132 14.9350564728
4200 113 55.1124539527 100.337240706
4200 114 37.6522635784 46.3675495287
4200 115 32.56167435 3.99746047115
4200 116 67.2977481527 123.809012652
4200 117 94.3912831617 16.6547125416
4200 118 124.922038087 97.2014429022
4200 119 33.9046008627 29.7423066118
4200 120 145.168448036 83.0135458314
4200 121 23.6117925595 37.6299191837
4200 122 146.919129624 43.737347786
4200 123 11.5201364807 111.342357576
4200 124 63.4689719774 139.685038496
4200 125 121.660887394 78.4191662536
4200 126 53.6168836588 12.2638610735
4200 127 92.8153523073 123.663669825
4200 128 26.9079849862 52.7102603774
4200 129 135.359565699 92.5606345984
4200 130 115.502004463 68.5424181553
4200 131 9.02327091034 14.2094767542
4200 132 73.5504442377 19.6198570392
4200 133 52.5331236485 102.834765254
4200 134 88.2242064934 144.446230379
4200 135 107.850162815 111.888785288
4200 136 89.1543395253 11.0797233858
4200 137 33.7299254586 131.044058677
4200 138 50.7426965591 36.1409563235
4200 139 65.0009625116 133.612281605
4200 140 0.182401906993 95.2180997436
4200 141 76.2440068998 145.848134503
4200 142 123.546849641 61.9669273684
4200 143 3.00055797762 142.720310883
4200 144 51.1802196068 72.6560885614
4200 145 43.6849427964 38.9831892913
4200 146 131.064584523 78.1422251861
4200 147 132.077625954 16.9373820053
4200 148 26.0182597723 57.1275309618
4200 149 18.0918018746 82.6025258542
4200 150 19.5644653393 104.170095239
4200 151 116.937221903 27.3878881257
4200 152 43.2434700807 149.571042558
4200 153 129.414909218 128.044715763
4200 154 72.4289727921 142.545746321
4200 155 78.0455864753 82.7846684784
4200 156 109.817669637 82.375633657
4200 157 12.8909492605 58.1294304887
4200 158 41.5648456624 121.882676588
4200 159 121.721370359 82.4902396698
4200 160 117.126627992 11.6768990738
4200 161 115.034435244 90.5692784427
4200 162 102.186706659 131.085210628
4200 163 83.1634157483 68.5651932146
4200 164 66.0035893655 18.1429205087
4200 165 6.3534743169 78.3803435737
4200 166 81.964677199 116.283631008
4200 167 81.3037978573 33.7218396837
4200 168 44.2187781323 116.388992829
4200 169 66.0670300471 47.0424801684
4200 170 47.8991215185 119.772880072
4200 171 11.8645529963 92.2535493764
4200 172 47.9924699955 21.1385125609
4200 173 131.280241035 18.646282179
4200 174 148.75330942 77.8990936472
4200 175 95.5872767297 111.224887932
4200 176 105.484289361 75.8364183792
4200 177 13.9350658955 38.7838776985
4200 178 143.157098849 26.2162495176
4200 179 29.5951022494 77.3951917504
4200 180 25.8895510717 147.223044045
4200 181 129.073152756 135.494645894
4200 182 106.052951018 12.4149998167
4200 183 76.4846673379 59.3199160803
4200 184 99.7390391597 16.0540443205
4200 185 132.875661409 126.047850508
4200 186 83.6813642148 141.947455117
4200 187 124.175361839 111.774918585
4200 188 101.653216247 82.1068022292
4200 189 112.880695009 128.248842655
4200 190 49.9413526769 54.833854898
4200 191 64.3559322164 5.33698735192
4200 192 33.1084376816 34.8035326579
4200 193 71.7612035476 68.4419196378
4200 194 90.4401961857 138.324241975
4200 195 89.4894392158 94.7664925945
4200 196 90.8018546342 134.241214344
4200 197 106.752505528 36.1719031095
4200 198 111.14989324 54.5163571782
4200 199 60.8686497291 111.036456507
4800 0 12.9122471608 88.2710046754
4800 1 23.7638459271 41.7481128167
4800 2 63.3944894769 70.8065859644
4800 3 79.6768878932 20.275403303
4800 4 16.5011337157 103.909192967
4800 5 101.206538186 25.2422598752
4800 6 82.6668784151 55.9516500773
4800 7 89.7683497196 94.7707114962
4800 8 5.05238071849 97.3560577347
4800 9 84.0049480288 126.410795953
4800 10 40.272205239 139.510170681
4800 11 101.543645301 62.2737959004
4800 12 59.6757591101 88.2272817222
4800 13 58.9497690558 139.774182262
4800 14 94.2901505066 121.64941796
4800 15 113.414721565 40.5309567713
4800 16 14.8646013604 45.6485549714
4800 17 117.874132535 71.7005505917
4800 18 50.9285234497 74.0026731537
4800 19 136.198933308 1.41822994232
4800 20 32.3916847118 117.694202426
4800 21 116.639496768 91.992915156
4800 22 136.502674445 111.533555749
4800 23 147.623415652 59.0892609055
4800 24 40.0215617734 132.330586148
4800 25 75.8887520756 100.756301819
4800 26 60.4587294085 129.440365356
4800 27 77.0778428078 149.833370397
4800 28 98.1527620474 132.209092882
4800 29 106.229686766 144.907676329
4800 30 97.5152433161 101.187327911
4800 31 75.4109643076 46.4283892669
4800 32 51.6553205124 127.469281459
4800 33 98.669526429 59.7976118184
4800 34 57.7563666792 48.1204772898
4800 35 80.2841243019 97.0324776043
4800 36 113.163384895 148.034658069
4800 37 37.5805046562 86.6518211918
4800 38 112.618847652 15.9198158728
4800 39 76.8871084906 69.6034715638
4800 40 44.5287138193 10.2566408623
4800 41 19.5272136733 19.1044603959
4800 42 149.305292049 134.528191224
4800 43 88.2753352932 39.4722238856
4800 44 68.9649023284 37.6701199058
4800 45 4.34027743596 3.71356134098
4800 46 97.9467918172 97.6372877136
4800 47 102.380941315 11.3321187745
4800 48 128.223796431 72.121526327
4800 49 132.895650583 55.3501462319
4800 50 6.19749920919 127.755363767
4800 51 68.5323394989 31.8108256083
4800 52 58.1268054944 28.5489433621
4800 53 78.2672589381 48.4770087572
4800 54 117.643827601 50.1382794779
4800 55 83.0466222524 42.3271047953
4800 56 139.901167311 57.5784131274
4800 57 97.6176711178 87.8781442309
4800 58 62.4001493938 95.1485465926
4800 59 75.3322286974 98.4728102959
4800 60 109.116147182 86.2051593226
4800 61 126.804911549 40.2936564886
4800 62 96.2589577881 26.6355838593
4800 63 30.2051731323 41.99491702
4800 64 31.6424494838 116.692776896
4800 65 57.2434720752 139.551798138
4800 66 143.104464325 100.362520042
4800 67 98.2341958768 149.261335571
4800 68 30.8399496907 147.800412466
4800 69 31.8483813548 53.8375773171
4800 70 56.789104569 41.9080803833
4800 71 84.0091690873 56.818004666
4800 72 54.6225284359 9.63082133637
4800 73 137.559198234 83.6749433518
4800 74 126.845577658 130.715099976
4800 75 45.2818734323 60.0271135819
4800 76 84.8738651064 148.436913282
4800 77 69.4413140816 109.008793526
4800 78 20.9969124365 107.528701193
4800 79 109.444208694 88.8688272096
4800 80 76.3602142795 61.4435948324
4800 81 49.8952113828 90.5036945602
4800 82 121.905747941 54.0499342482
4800 83 135.540715926 20.3460847291
4800 84 61.2434610902 27.0599890446
4800 85 90.8308265749 106.192260431
4800 86 21.6979193755 139.15444222
4800 87 72.8507168339 106.31233991
4800 88 7.36543791183 41.2094232618
4800 89 138.787642893 146.540922506
4800 90 116.988949163 129.336498557
4800 91 8.36490339926 77.04050858
4800 92 68.8981664635 53.6586240559
4800 93 27.2226614387 95.2614017782
4800 94 79.8553525529 114.914968761
4800 95 143.66631346 104.268519122
4800 96 14.6238409264 130.752967791
4800 97 74.4321849628 27.4197913587
4800 98 120.169476 14.4110686167
4800 99 130.909334888 149.440228182
4800 100 82.5421282022 103.182022377
4800 101 32.0394249547 68.2700584854
4800 102 67.2707793591 138.604913842
4800 103 18.7507409574 52.0807093231
4800 104 45.1595966997 18.3737614678
4800 105 118.530745461 137.24539265
4800 106 67.9290747677 79.8494734938
4800 107 67.5297811826 89.1648935966
4800 108 32.6786394986 36.8927237363
4800 109 21.5431880502 87.1327091238
4800 110 17.8621034979 93.7324876892
4800 111 131.420034141 33.1288666686
4800 112 11.0325247132 14.9350564728
4800 113 55.1124539527 100.337240706
4800 114 37.6522635784 46.3675495287
4800 115 32.56167435 3.99746047115
4800 116 67.2977481527 123.809012652
4800 117 94.3912831617 16.6547125416
4800 118 124.922038087 97.2014429022
4800 119 33.9046008627 29.7423066118
4800 120 145.168448036 83.0135458314
4800 121 23.6117925595 37.6299191837
4800 122 146.919129624 43.737347786
4800 123 11.5201364807 111.342357576
4800 124 63.4689719774 139.685038496
4800 125 121.660887394 78.4191662536
4800 126 88.4091620673 117.026823301
4800 127 92.8153523073 123.663669825
4800 128 26.9079849862 52.7102603774
4800 129 135.359565699 92.5606345984
4800 130 115.502004463 68.5424181553
4800 131 9.02327091034 14.2094767542
4800 132 73.5504442377 19.6198570392
4800 133 52.5331236485 102.834765254
4800 134 88.2242064934 144.446230379
4800 135 107.850162815 111.888785288
4800 136 89.1543395253 11.0797233858
4800 137 33.7299254586 131.044058677
4800 138 50.7426965591 36.1409563235
4800 139 65.0009625116 133.612281605
4800 140 0.182401906993 95.2180997436
4800 141 99.3022881715 51.5028793552
4800 142 123.546849641 61.9669273684
4800 143 3.00055797762 142.720310883
4800 144 51.1802196068 72.6560885614
4800 145 43.6849427964 38.9831892913
4800 146 131.064584523 78.1422251861
4800 147 132.077625954 16.9373820053
4800 148 26.0182597723 57.1275309618
4800 149 18.0918018746 82.6025258542
4800 150 19.5644653393 104.170095239
4800 151 116.937221903 27.3878881257
4800 152 43.2434700807 149.571042558
4800 153 33.8198622358 6.0845454304
4800 154 72.4289727921 142.545746321
4800 155 78.0455864753 82.7846684784
4800 156 109.817669637 82.375633657
4800 157 135.238463989 108.627879941
4800 158 41.5648456624 121.882676588
4800 159 121.721370359 82.4902396698
4800 160 117.126627992 11.6768990738
4800 161 115.034435244 90.5692784427
4800 162 102.186706659 131.085210628
4800 163 83.1634157483 68.5651932146
4800 164 66.0035893655 18.1429205087
4800 165 6.3534743169 78.3803435737
4800 166 81.964677199 116.283631008
4800 167 81.3037978573 33.7218396837
4800 168 44.2187781323 116.388992829
4800 169 66.0670300471 47.0424801684
4800 170 0.400579922249 147.50949124
4800 171 11.8645529963 92.2535493764
4800 172 47.9924699955 21.1385125609
4800 173 131.280241035 18.646282179
4800 174 148.75330942 77.8990936472
4800 175 95.5872767297 111.224887932
4800 176 105.484289361 75.8364183792
4800 177 13.9350658955 38.7838776985
4800 178 143.157098849 26.2162495176
4800 179 29.5951022494 77.3951917504
4800 180 25.8895510717 147.223044045
4800 181 129.073152756 135.494645894
4800 182 106.052951018 12.4149998167
4800 183 76.4846673379 59.3199160803
4800 184 99.7390391597 16.0540443205
4800 185 132.875661409 126.047850508
4800 186 83.6813642148 141.947455117
4800 187 124.175361839 111.774918585
4800 188 101.653216247 82.1068022292
4800 189 112.880695009 128.248842655
4800 190 49.9413526769 54.833854898
4800 191 64.3559322164 5.33698735192
4800 192 33.1084376816 34.8035326579
4800 193 141.74498043 130.048958898
4800 194 90.4401961857 138.324241975
4800 195 132.87700247 128.315781805
4800 196 90.8018546342 134.241214344
4800 197 96.9600438314 31.34560388
4800 198 111.14989324 54.5163571782
4800 199 60.8686497291 111.036456507
5400 0 12.9122471608 88.2710046754
5400 1 23.7638459271 41.7481128167
5400 2 63.3944894769 70.8065859644
5400 3 79.6768878932 20.275403303
5400 4 16.5011337157 103.909192967
5400 5 101.206538186 25.2422598752
5400 6 82.6668784151 55.9516500773
5400 7 89.7683497196 94.7707114962
5400 8 5.05238071849 97.3560577347
5400 9 84.0049480288 126.410795953
5400 10 40.272205239 139.510170681
5400 11 101.543645301 62.2737959004
5400 12 59.6757591101 88.2272817222
5400 13 58.9497690558 139.774182262
5400 14 94.2901505066 121.64941796
5400 15 113.414721565 40.5309567713
5400 16 14.8646013604 45.6485549714
5400 17 117.874132535 71.7005505917
5400 18 50.9285234497 74.0026731537
5400 19 136.198933308 1.41822994232
5400 20 32.3916847118 117.694202426
5400 21 116.639496768 91.992915156
5400 22 136.502674445 111.533555749
5400 23 147.623415652 59.0892609055
5400 24 40.0215617734 132.330586148
5400 25 75.8887520756 100.756301819
5400 26 60.4587294085 129.440365356
5400 27 77.0778428078 149.833370397
5400 28 98.1527620474 132.209092882
5400 29 106.229686766 144.907676329
5400 30 97.5152433161 101.187327911
5400 31 75.4109643076 46.4283892669
5400 32 51.6553205124 127.469281459
5400 33 98.669526429 59.7976118184
5400 34 57.7563666792 48.1204772898
5400 35 80.2841243019 97.0324776043
5400 36 113.163384895 148.034658069
5400 37 37.5805046562 86.6518211918
5400 38 112.618847652 15.9198158728
5400 39 76.8871084906 69.6034715638
5400 40 44.5287138193 10.2566408623
5400 41 19.5272136733 19.1044603959
5400 42 149.305292049 134.528191224
5400 43 88.2753352932 39.4722238856
5400 44 68.9649023284 37.6701199058
5400 45 4.34027743596 3.71356134098
5400 46 97.9467918172 97.6372877136
5400 47 102.380941315 11.3321187745
5400 48 128.223796431 72.121526327
5400 49 132.895650583 55.3501462319
5400 50 6.19749920919 127.755363767
5400 51 68.5323394989 31.8108256083
5400 52 58.1268054944 28.5489433621
5400 53 78.2672589381 48.4770087572
5400 54 117.643827601 50.1382794779
5400 55 83.0466222524 42.3271047953
5400 56 139.901167311 57.5784131274
5400 57 97.6176711178 87.8781442309
5400 58 62.4001493938 95.1485465926
5400 59 75.3322286974 98.4728102959
5400 60 109.116147182 86.2051593226
5400 61 126.804911549 40.2936564886
5400 62 96.2589577881 26.6355838593
5400 63 30.2051731323 41.99491702
5400 64 31.6424494838 116.692776896
5400 65 57.2434720752 139.551798138
5400 66 143.104464325 100.362520042
5400 67 98.2341958768 149.261335571
5400 68 30.8399496907 147.800412466
5400 69 31.8483813548 53.8375773171
5400 70 56.789104569 41.9080803833
5400 71 84.0091690873 56.818004666
5400 72 54.6225284359 9.63082133637
5400 73 30.9754502467 114.88008363
5400 74 126.845577658 130.715099976
5400 75 45.2818734323 60.0271135819
5400 76 84.8738651064 148.436913282
5400 77 69.4413140816 109.008793526
5400 78 20.9969124365 107.528701193
5400 79 109.444208694 88.8688272096
5400 80 76.3602142795 61.4435948324
5400 81 49.8952113828 90.5036945602
5400 82 121.905747941 54.0499342482
5400 83 135.540715926 20.3460847291
5400 84 61.2434610902 27.0599890446
5400 85 90.8308265749 106.192260431
5400 86 21.6979193755 139.15444222
5400 87 72.8507168339 106.31233991
5400 88 99.920289525 69.5333356865
5400 89 138.787642893 146.540922506
5400 90 116.988949163 129.336498557
5400 91 8.36490339926 77.04050858
5400 92 68.8981664635 53.6586240559
5400 93 27.2226614387 95.2614017782
5400 94 79.8553525529 114.914968761
5400 95 143.66631346 104.268519122
5400 96 14.6238409264 130.752967791
5400 97 74.4321849628 27.4197913587
5400 98 120.169476 14.4110686167
5400 99 130.909334888 149.440228182
5400 100 82.5421282022 103.182022377
5400 101 32.0394249547 68.2700584854
5400 102 67.2707793591 138.604913842
5400 103 18.7507409574 52.0807093231
5400 104 45.1595966997 18.3737614678
5400 105 118.530745461 137.24539265
5400 106 67.9290747677 79.8494734938
5400 107 67.5297811826 89.1648935966
5400 108 32.6786394986 36.8927237363
5400 109 21.5431880502 87.1327091238
5400 110 17.8621034979 93.7324876892
5400 111 131.420034141 33.1288666686
5400 112 11.0325247132 14.9350564728
5400 113 55.1124539527 100.337240706
5400 114 37.6522635784 46.3675495287
5400 115 32.56167435 3.99746047115
5400 116 67.2977481527 123.809012652
5400 117 94.3912831617 16.6547125416
5400 118 124.922038087 97.2014429022
5400 119 33.9046008627 29.7423066118
5400 120 76.9856018125 38.6257799468
5400 121 23.6117925595 37.6299191837
5400 122 146.919129624 43.737347786
5400 123 11.5201364807 111.342357576
5400 124 63.4689719774 139.685038496
5400 125 121.660887394 78.4191662536
5400 126 88.4091620673 117.026823301
5400 127 92.8153523073 123.663669825
5400 128 51.4401012812 138.352162349
5400 129 135.359565699 92.5606345984
5400 130 115.502004463 68.5424181553
5400 131 9.02327091034 14.2094767542
5400 132 73.5504442377 19.6198570392
5400 133 52.5331236485 102.834765254
5400 134 88.2242064934 144.446230379
5400 135 107.850162815 111.888785288
5400 136 89.1543395253 11.0797233858
5400 137 33.7299254586 131.044058677
5400 138 50.7426965591 36.1409563235
5400 139 65.0009625116 133.612281605
5400 140 0.182401906993 95.2180997436
5400 141 99.3022881715 51.5028793552
5400 142 123.546849641 61.9669273684
5400 143 3.00055797762 142.720310883
5400 144 51.1802196068 72.6560885614
5400 145 43.6849427964 38.9831892913
5400 146 131.064584523 78.1422251861
5400 147 132.077625954 16.9373820053
5400 148 26.0182597723 57.1275309618
5400 149 18.0918018746 82.6025258542
5400 150 19.5644653393 104.170095239
5400 151 116.937221903 27.3878881257
5400 152 43.2434700807 149.571042558
5400 153 33.8198622358 6.0845454304
5400 154 72.4289727921 142.545746321
5400 155 59.9372354033 106.721029502
5400 156 109.817669637 82.375633657
5400 157 135.238463989 108.627879941
5400 158 41.5648456624 121.882676588
5400 159 121.721370359 82.4902396698
5400 160 117.126627992 11.6768990738
5400 161 115.034435244 90.5692784427
5400 162 102.186706659 131.085210628
5400 163 83.1634157483 68.5651932146
5400 164 103.330810219 18.846234584
5400 165 6.3534743169 78.3803435737
5400 166 81.964677199 116.283631008
5400 167 81.3037978573 33.7218396837
5400 168 44.2187781323 116.388992829
5400 169 66.0670300471 47.0424801684
5400 170 0.400579922249 147.50949124
5400 171 11.8645529963 92.2535493764
5400 172 47.9924699955 21.1385125609
5400 173 131.280241035 18.646282179
5400 174 148.75330942 77.8990936472
5400 175 95.5872767297 111.224887932
5400 176 105.484289361 75.8364183792
5400 177 13.9350658955 38.7838776985
5400 178 143.157098849 26.2162495176
5400 179 29.5951022494 77.3951917504
5400 180 25.8895510717 147.223044045
5400 181 129.073152756 135.494645894
5400 182 106.052951018 12.4149998167
5400 183 76.4846673379 59.3199160803
5400 184 12.2181552908 38.8538905968
5400 185 132.875661409 126.047850508
5400 186 83.6813642148 141.947455117
5400 187 124.175361839 111.774918585
5400 188 101.653216247 82.1068022292
5400 189 62.1138793709 56.1430446417
5400 190 49.9413526769 54.833854898
5400 191 64.3559322164 5.33698735192
5400 192 33.1084376816 34.8035326579
5400 193 141.74498043 130.048958898
5400 194 90.4401961857 138.324241975
5400 195 132.87700247 128.315781805
5400 196 90.8018546342 134.241214344
5400 197 14.1557954018 3.76341918144
5400 198 57.7469200031 65.4590031875
5400 199 60.8686497291 111.036456507
6000 0 12.9122471608 88.2710046754
6000 1 23.7638459271 41.7481128167
6000 2 63.3944894769 70.8065859644
6000 3 79.6768878932 20.275403303
6000 4 16.5011337157 103.909192967
6000 5 101.206538186 25.2422598752
6000 6 82.6668784151 55.9516500773
6000 7 89.7683497196 94.7707114962
6000 8 5.05238071849 97.3560577347
6000 9 84.0049480288 126.410795953
6000 10 40.272205239 139.510170681
6000 11 101.543645301 62.2737959004
6000 12 59.6757591101 88.2272817222
6000 13 58.9497690558 139.774182262
6000 14 94.2901505066 121.64941796
6000 15 113.414721565 40.5309567713
6000 16 14.8646013604 45.6485549714
6000 17 117.874132535 71.7005505917
6000 18 50.9285234497 74.0026731537
6000 19 136.198933308 1.41822994232
6000 20 32.3916847118 117.694202426
6000 21 116.639496768 91.992915156
6000 22 136.502674445 111.533555749
6000 23 147.623415652 59.0892609055
6000 24 40.0215617734 132.330586148
6000 25 75.8887520756 100.756301819
6000 26 60.4587294085 129.440365356
6000 27 77.0778428078 149.833370397
6000 28 98.1527620474 132.209092882
6000 29 106.229686766 144.907676329
6000 30 97.5152433161 101.187327911
6000 31 75.4109643076 46.4283892669
6000 32 51.6553205124 127.469281459
6000 33 98.669526429 59.7976118184
6000 34 57.7563666792 48.1204772898
6000 35 80.2841243019 97.0324776043
6000 36 113.163384895 148.034658069
6000 37 37.5805046562 86.6518211918
6000 38 112.618847652 15.9198158728
6000 39 76.8871084906 69.6034715638
6000 40 44.5287138193 10.2566408623
6000 41 19.5272136733 19.1044603959
6000 42 149.305292049 134.528191224
6000 43 88.2753352932 39.4722238856
6000 44 68.9649023284 37.6701199058
6000 45 4.34027743596 3.71356134098
6000 46 97.9467918172 97.6372877136
6000 47 102.380941315 11.3321187745
6000 48 128.223796431 72.121526327
6000 49 132.895650583 55.3501462319
6000 50 6.19749920919 127.755363767
6000 51 68.5323394989 31.8108256083
6000 52 58.1268054944 28.5489433621
6000 53 78.2672589381 48.4770087572
6000 54 117.643827601 50.1382794779
6000 55 83.0466222524 42.3271047953
6000 56 139.901167311 57.5784131274
6000 57 97.6176711178 87.8781442309
6000 58 62.4001493938 95.1485465926
6000 59 75.3322286974 98.4728102959
6000 60 109.116147182 86.2051593226
6000 61 126.804911549 40.2936564886
6000 62 96.2589577881 26.6355838593
6000 63 30.2051731323 41.99491702
6000 64 31.6424494838 116.692776896
6000 65 57.2434720752 139.551798138
6000 66 143.104464325 100.362520042
6000 67 98.2341958768 149.261335571
6000 68 30.8399496907 147.800412466
6000 69 31.8483813548 53.8375773171
6000 70 56.789104569 41.9080803833
6000 71 84.0091690873 56.818004666
6000 72 54.6225284359 9.63082133637
6000 73 102.69203858 13.3072100464
6000 74 126.845577658 130.715099976
6000 75 45.2818734323 60.0271135819
6000 76 84.8738651064 148.436913282
6000 77 69.4413140816 109.008793526
6000 78 20.9969124365 107.528701193
6000 79 109.444208694 88.8688272096
6000 80 76.3602142795 61.4435948324
6000 81 49.8952113828 90.5036945602
6000 82 53.5226482212 120.228332215
6000 83 135.540715926 20.3460847291
6000 84 61.2434610902 27.0599890446
6000 85 90.8308265749 106.192260431
6000 86 21.6979193755 139.15444222
6000 87 72.8507168339 106.31233991
6000 88 99.920289525 69.5333356865
6000 89 138.787642893 146.540922506
6000 90 116.988949163 129.336498557
6000 91 8.36490339926 77.04050858
6000 92 68.8981664635 53.6586240559
6000 93 27.2226614387 95.2614017782
6000 94 79.8553525529 114.914968761
6000 95 143.66631346 104.268519122
6000 96 14.6238409264 130.752967791
6000 97 74.4321849628 27.4197913587
6000 98 120.169476 14.4110686167
6000 99 129.814653254 139.282769876
6000 100 82.5421282022 103.182022377
6000 101 32.0394249547 68.2700584854
6000 102 67.2707793591 138.604913842
6000 103 129.906879246 92.3512594549
6000 104 45.1595966997 18.3737614678
6000 105 118.530745461 137.24539265
6000 106 67.9290747677 79.8494734938
6000 107 67.5297811826 89.1648935966
6000 108 32.6786394986 36.8927237363
6000 109 21.5431880502 87.1327091238
6000 110 17.8621034979 93.7324876892
6000 111 131.420034141 33.1288666686
6000 112 11.0325247132 14.9350564728
6000 113 55.1124539527 100.337240706
6000 114 37.6522635784 46.3675495287
6000 115 32.56167435 3.99746047115
6000 116 67.2977481527 123.809012652
6000 117 94.3912831617 16.6547125416
6000 118 124.922038087 97.2014429022
6000 119 33.9046008627 29.7423066118
6000 120 76.9856018125 38.6257799468
6000 121 23.6117925595 37.6299191837
6000 122 146.919129624 43.737347786
6000 123 11.5201364807 111.342357576
6000 124 63.4689719774 139.685038496
6000 125 121.660887394 78.4191662536
6000 126 88.4091620673 117.026823301
6000 127 14.5601183764 11.2474698395
6000 128 51.4401012812 138.352162349
6000 129 135.359565699 92.5606345984
6000 130 115.502004463 68.5424181553
6000 131 9.02327091034 14.2094767542
6000 132 73.5504442377 19.6198570392
6000 133 52.5331236485 102.834765254
6000 134 88.2242064934 144.446230379
6000 135 107.850162815 111.888785288
6000 136 89.1543395253 11.0797233858
6000 137 33.7299254586 131.044058677
6000 138 54.752340402 46.9077644414
6000 139 65.0009625116 133.612281605
6000 140 115.399029931 103.609087812
6000 141 99.3022881715 51.5028793552
6000 142 16.3986869202 118.272996618
6000 143 3.00055797762 142.720310883
6000 144 51.1802196068 72.6560885614
6000 145 43.6849427964 38.9831892913
6000 146 131.064584523 78.1422251861
6000 147 132.077625954 16.9373820053
6000 148 26.0182597723 57.1275309618
6000 149 18.0918018746 82.6025258542
6000 150 19.5644653393 104.170095239
6000 151 116.937221903 27.3878881257
6000 152 43.2434700807 149.571042558
6000 153 33.8198622358 6.0845454304
6000 154 72.4289727921 142.545746321
6000 155 59.9372354033 106.721029502
6000 156 109.817669637 82.375633657
6000 157 135.238463989 108.627879941
6000 158 41.5648456624 121.882676588
6000 159 121.721370359 82.4902396698
6000 160 54.7779090042 95.0730162007
6000 161 115.034435244 90.5692784427
6000 162 102.186706659 131.085210628
6000 163 83.1634157483 68.5651932146
6000 164 103.330810219 18.846234584
6000 165 6.3534743169 78.3803435737
6000 166 81.964677199 116.283631008
6000 167 61.5784886423 120.994560025
6000 168 44.2187781323 116.388992829
6000 169 66.0670300471 47.0424801684
6000 170 0.400579922249 147.50949124
6000 171 11.8645529963 92.2535493764
6000 172 47.9924699955 21.1385125609
6000 173 131.280241035 18.646282179
6000 174 148.75330942 77.8990936472
6000 175 95.5872767297 111.224887932
6000 176 105.484289361 75.8364183792
6000 177 13.9350658955 38.7838776985
6000 178 143.157098849 26.2162495176
6000 179 29.5951022494 77.3951917504
6000 180 25.8895510717 147.223044045
6000 181 129.073152756 135.494645894
6000 182 106.052951018 12.4149998167
6000 183 76.4846673379 59.3199160803
6000 184 12.2181552908 38.8538905968
6000 185 132.875661409 126.047850508
6000 186 83.6813642148 141.947455117
6000 187 124.175361839 111.774918585
6000 188 101.653216247 82.1068022292
6000 189 62.1138793709 56.1430446417
6000 190 49.9413526769 54.833854898
6000 191 64.3559322164 5.33698735192
6000 192 33.1084376816 34.8035326579
6000 193 141.74498043 130.048958898
6000 194 90.4401961857 138.324241975
6000 195 132.87700247 128.315781805
6000 196 90.8018546342 134.241214344
6000 197 14.1557954018 3.76341918144
6000 198 57.7469200031 65.4590031875
6000 199 60.8686497291 111.036456507
