0 7200 0 500 0 500
0 0 371 400
0 1 338 166
0 2 187 220
0 3 201 449
0 4 44 103
0 5 159 132
0 6 341 301
0 7 377 250
0 8 441 361
0 9 337 164
0 10 187 239
0 11 173 269
0 12 382 220
0 13 126 249
0 14 12 295
0 15 167 214
0 16 250 323
0 17 410 159
0 18 333 218
0 19 200 106
0 20 259 379
0 21 395 428
0 22 271 139
0 23 325 269
0 24 343 118
0 25 239 167
0 26 26 311
0 27 235 233
0 28 332 148
0 29 77 42
0 30 409 159
0 31 441 354
0 32 79 405
0 33 100 182
0 34 378 64
0 35 112 359
0 36 373 231
0 37 12 19
0 38 444 281
0 39 307 131
0 40 429 398
0 41 122 326
0 42 61 16
0 43 430 111
0 44 200 398
0 45 390 280
0 46 148 364
0 47 415 203
0 48 8 69
0 49 269 80
0 50 191 154
0 51 357 232
0 52 43 44
0 53 104 422
0 54 186 335
0 55 310 283
0 56 353 445
0 57 161 164
0 58 229 5
0 59 198 264
0 60 40 267
0 61 178 26
0 62 171 170
0 63 305 43
0 64 420 246
0 65 149 35
0 66 63 92
0 67 182 392
0 68 312 189
0 69 175 157
0 70 363 23
0 71 125 325
0 72 24 219
0 73 220 211
0 74 183 79
0 75 49 262
0 76 245 289
0 77 388 179
0 78 41 397
0 79 106 447
0 80 195 371
0 81 256 344
0 82 277 296
0 83 394 131
0 84 235 55
0 85 328 390
0 86 36 301
0 87 398 400
0 88 1 302
0 89 435 197
0 90 386 299
0 91 70 158
0 92 118 330
0 93 293 386
0 94 3 277
0 95 137 337
0 96 168 207
0 97 309 237
0 98 201 326
0 99 297 338
0 100 412 278
0 101 174 402
0 102 202 194
0 103 37 30
0 104 173 384
0 105 109 313
0 106 237 239
0 107 446 422
0 108 385 3
0 109 48 318
0 110 151 301
0 111 283 128
0 112 311 73
0 113 405 342
0 114 220 222
0 115 3 109
0 116 396 394
0 117 421 166
0 118 218 108
0 119 429 110
0 120 184 307
0 121 140 176
0 122 138 253
0 123 4 407
0 124 123 198
0 125 250 74
0 126 109 199
0 127 146 211
0 128 65 265
0 129 261 107
0 130 189 393
0 131 432 2
0 132 208 90
0 133 411 307
0 134 103 102
0 135 154 316
0 136 439 383
0 137 263 23
0 138 280 341
0 139 280 240
0 140 156 98
0 141 180 219
0 142 245 162
0 143 430 244
0 144 220 184
0 145 300 405
0 146 361 382
0 147 196 7
0 148 99 24
0 149 196 232
0 150 360 90
0 151 343 47
0 152 82 315
0 153 212 33
0 154 82 408
0 155 185 258
0 156 434 70
0 157 300 385
0 158 213 213
0 159 412 355
0 160 36 49
0 161 245 384
0 162 245 434
0 163 104 232
0 164 173 12
0 165 153 392
0 166 70 389
0 167 104 219
0 168 84 162
0 169 362 52
0 170 437 202
0 171 387 373
0 172 417 433
0 173 179 417
0 174 325 423
0 175 312 388
0 176 2 236
0 177 36 185
0 178 37 222
0 179 319 138
0 180 368 136
0 181 337 223
0 182 130 332
0 183 380 282
0 184 252 438
0 185 383 404
0 186 32 51
0 187 39 431
0 188 369 9
0 189 1 53
0 190 299 265
0 191 185 368
0 192 263 57
0 193 448 172
0 194 390 323
0 195 8 324
0 196 95 39
0 197 295 181
0 198 385 164
0 199 384 341
600 0 371 400
600 1 338 166
600 2 187 220
600 3 201 449
600 4 44 103
600 5 159 132
600 6 341 301
600 7 161 307
600 8 441 361
600 9 337 164
600 10 187 239
600 11 173 269
600 12 382 220
600 13 126 249
600 14 12 295
600 15 167 214
600 16 250 323
600 17 410 159
600 18 333 218
600 19 200 106
600 20 259 379
600 21 395 428
600 22 271 139
600 23 325 269
600 24 343 118
600 25 239 167
600 26 26 311
600 27 235 233
600 28 332 148
600 29 77 42
600 30 409 159
600 31 46 347
600 32 79 405
600 33 100 182
600 34 378 64
600 35 112 359
600 36 373 231
600 37 12 19
600 38 444 281
600 39 307 131
600 40 429 398
600 41 122 326
600 42 61 16
600 43 430 111
600 44 200 398
600 45 390 280
600 46 148 364
600 47 415 203
600 48 8 69
600 49 269 80
600 50 191 154
600 51 357 232
600 52 43 44
600 53 104 422
600 54 186 335
600 55 310 283
600 56 353 445
600 57 161 164
600 58 229 5
600 59 198 264
600 60 63 44
600 61 178 26
600 62 171 170
600 63 305 43
600 64 420 246
600 65 149 35
600 66 419 379
600 67 71 140
600 68 312 189
600 69 175 157
600 70 363 23
600 71 125 325
600 72 24 219
600 73 220 211
600 74 183 79
600 75 49 262
600 76 245 289
600 77 388 179
600 78 41 397
600 79 106 447
600 80 195 371
600 81 256 344
600 82 277 296
600 83 394 131
600 84 235 55
600 85 328 390
600 86 36 301
600 87 398 400
600 88 1 302
600 89 435 197
600 90 386 299
600 91 70 158
600 92 118 330
600 93 293 386
600 94 3 277
600 95 137 337
600 96 168 207
600 97 309 237
600 98 201 326
600 99 297 338
600 100 412 278
600 101 337 376
600 102 202 194
600 103 37 30
600 104 173 384
600 105 66 9
600 106 237 239
600 107 446 422
600 108 181 172
600 109 48 318
600 110 370 5
600 111 283 128
600 112 311 73
600 113 405 342
600 114 220 222
600 115 3 109
600 116 396 394
600 117 421 166
600 118 108 334
600 119 429 110
600 120 184 307
600 121 140 176
600 122 138 253
600 123 4 407
600 124 123 198
600 125 250 74
600 126 302 221
600 127 146 211
600 128 65 265
600 129 261 107
600 130 189 393
600 131 432 2
600 132 208 90
600 133 411 307
600 134 103 102
600 135 154 316
600 136 439 383
600 137 263 23
600 138 280 341
600 139 280 240
600 140 156 98
600 141 180 219
600 142 245 162
600 143 430 244
600 144 220 184
600 145 300 405
600 146 361 382
600 147 196 7
600 148 99 24
600 149 196 232
600 150 174 430
600 151 115 227
600 152 358 356
600 153 212 33
600 154 82 408
600 155 185 258
600 156 434 70
600 157 300 385
600 158 213 213
600 159 412 355
600 160 36 49
600 161 245 384
600 162 245 434
600 163 104 232
600 164 173 12
600 165 153 392
600 166 70 389
600 167 104 219
600 168 84 162
600 169 362 52
600 170 437 202
600 171 387 373
600 172 417 433
600 173 179 417
600 174 325 423
600 175 312 388
600 176 2 236
600 177 32 185
600 178 37 222
600 179 319 138
600 180 368 136
600 181 337 223
600 182 130 332
600 183 414 299
600 184 252 438
600 185 383 404
600 186 32 51
600 187 39 431
600 188 369 9
600 189 1 53
600 190 299 265
600 191 86 247
600 192 263 57
600 193 448 172
600 194 389 166
600 195 8 324
600 196 95 39
600 197 295 181
600 198 385 164
600 199 384 341
1200 0 371 400
1200 1 338 166
1200 2 187 220
1200 3 201 449
1200 4 329 211
1200 5 159 132
1200 6 341 301
1200 7 161 307
1200 8 441 361
1200 9 337 164
1200 10 187 239
1200 11 173 269
1200 12 382 220
1200 13 126 249
1200 14 12 295
1200 15 97 272
1200 16 250 323
1200 17 410 159
1200 18 333 218
1200 19 200 106
1200 20 259 379
1200 21 395 428
1200 22 271 139
1200 23 325 269
1200 24 343 118
1200 25 239 167
1200 26 26 311
1200 27 235 233
1200 28 332 148
1200 29 77 42
1200 30 409 159
1200 31 46 347
1200 32 79 405
1200 33 100 182
1200 34 378 64
1200 35 112 359
1200 36 338 259
1200 37 12 19
1200 38 444 281
1200 39 307 131
1200 40 110 341
1200 41 122 326
1200 42 61 16
1200 43 430 111
1200 44 200 398
1200 45 441 431
1200 46 148 364
1200 47 415 203
1200 48 8 69
1200 49 269 80
1200 50 191 154
1200 51 357 232
1200 52 43 44
1200 53 104 422
1200 54 186 335
1200 55 310 283
1200 56 220 140
1200 57 161 164
1200 58 229 5
1200 59 198 264
1200 60 63 44
1200 61 178 26
1200 62 171 170
1200 63 305 43
1200 64 420 246
1200 65 149 35
1200 66 66 125
1200 67 71 140
1200 68 312 189
1200 69 175 157
1200 70 363 23
1200 71 125 325
1200 72 24 219
1200 73 220 211
1200 74 183 79
1200 75 49 262
1200 76 245 289
1200 77 150 167
1200 78 41 397
1200 79 106 447
1200 80 195 371
1200 81 256 344
1200 82 277 296
1200 83 394 131
1200 84 235 55
1200 85 328 390
1200 86 300 429
1200 87 398 400
1200 88 1 302
1200 89 435 197
1200 90 130 419
1200 91 70 158
1200 92 118 330
1200 93 293 386
1200 94 3 277
1200 95 137 337
1200 96 168 207
1200 97 309 237
1200 98 201 326
1200 99 297 338
1200 100 412 278
1200 101 337 376
1200 102 202 194
1200 103 37 30
1200 104 173 384
1200 105 66 9
1200 106 237 239
1200 107 446 422
1200 108 181 172
1200 109 48 318
1200 110 370 5
1200 111 283 128
1200 112 311 73
1200 113 181 247
1200 114 220 222
1200 115 3 109
1200 116 396 394
1200 117 421 166
1200 118 108 334
1200 119 429 110
1200 120 184 307
1200 121 140 176
1200 122 16 288
1200 123 316 217
1200 124 123 198
1200 125 250 74
1200 126 302 221
1200 127 146 211
1200 128 65 265
1200 129 261 107
1200 130 189 393
1200 131 432 2
1200 132 384 404
1200 133 411 307
1200 134 103 102
1200 135 154 316
1200 136 439 383
1200 137 263 23
1200 138 280 341
1200 139 280 240
1200 140 156 98
1200 141 180 219
1200 142 245 162
1200 143 430 244
1200 144 220 184
1200 145 300 405
1200 146 361 382
1200 147 196 7
1200 148 99 24
1200 149 206 445
1200 150 174 430
1200 151 115 227
1200 152 358 356
1200 153 72 328
1200 154 82 408
1200 155 185 258
1200 156 434 70
1200 157 300 385
1200 158 213 213
1200 159 412 355
1200 160 36 49
1200 161 167 365
1200 162 245 434
1200 163 104 232
1200 164 173 12
1200 165 153 392
1200 166 70 389
1200 167 104 219
1200 168 84 162
1200 169 362 52
1200 170 437 202
1200 171 387 373
1200 172 206 274
1200 173 179 417
1200 174 325 423
1200 175 312 388
1200 176 2 236
1200 177 32 185
1200 178 37 222
1200 179 319 138
1200 180 368 136
1200 181 337 223
1200 182 130 332
1200 183 414 299
1200 184 252 438
1200 185 383 404
1200 186 32 51
1200 187 39 431
1200 188 369 9
1200 189 1 53
1200 190 91 231
1200 191 86 247
1200 192 263 57
1200 193 448 172
1200 194 389 166
1200 195 8 324
1200 196 95 39
1200 197 295 181
1200 198 385 164
1200 199 384 341
1800 0 371 400
1800 1 338 166
1800 2 187 220
1800 3 201 449
1800 4 329 211
1800 5 159 132
1800 6 341 301
1800 7 161 307
1800 8 441 361
1800 9 337 164
1800 10 187 239
1800 11 173 269
1800 12 382 220
1800 13 126 249
1800 14 12 295
1800 15 97 272
1800 16 250 323
1800 17 410 159
1800 18 333 218
1800 19 200 106
1800 20 259 379
1800 21 395 428
1800 22 271 139
1800 23 112 67
1800 24 343 118
1800 25 239 167
1800 26 26 311
1800 27 235 233
1800 28 444 242
1800 29 77 42
1800 30 409 159
1800 31 46 347
1800 32 79 405
1800 33 100 182
1800 34 378 64
1800 35 112 359
1800 36 338 259
1800 37 12 19
1800 38 444 281
1800 39 25 172
1800 40 110 341
1800 41 122 326
1800 42 61 16
1800 43 430 111
1800 44 200 398
1800 45 438 114
1800 46 148 364
1800 47 415 203
1800 48 8 69
1800 49 269 80
1800 50 191 154
1800 51 357 232
1800 52 43 44
1800 53 104 422
1800 54 186 335
1800 55 310 283
1800 56 220 140
1800 57 161 164
1800 58 229 5
1800 59 198 264
1800 60 63 44
1800 61 178 26
1800 62 171 170
1800 63 305 43
1800 64 420 246
1800 65 149 35
1800 66 66 125
1800 67 71 140
1800 68 312 189
1800 69 175 157
1800 70 363 23
1800 71 125 325
1800 72 24 219
1800 73 220 211
1800 74 183 79
1800 75 414 223
1800 76 245 289
1800 77 150 167
1800 78 41 397
1800 79 106 447
1800 80 195 371
1800 81 256 344
1800 82 277 296
1800 83 366 95
1800 84 235 55
1800 85 328 390
1800 86 300 429
1800 87 398 400
1800 88 1 302
1800 89 186 98
1800 90 130 419
1800 91 70 158
1800 92 118 330
1800 93 293 386
1800 94 3 277
1800 95 137 337
1800 96 168 207
1800 97 309 237
1800 98 52 305
1800 99 297 338
1800 100 412 278
1800 101 337 376
1800 102 202 194
1800 103 37 30
1800 104 190 225
1800 105 66 9
1800 106 237 239
1800 107 446 422
1800 108 181 172
1800 109 48 318
1800 110 370 5
1800 111 283 128
1800 112 311 73
1800 113 181 247
1800 114 220 222
1800 115 3 109
1800 116 396 195
1800 117 421 166
1800 118 108 334
1800 119 429 110
1800 120 184 307
1800 121 140 176
1800 122 196 102
1800 123 316 217
1800 124 123 198
1800 125 250 74
1800 126 302 221
1800 127 146 211
1800 128 65 265
1800 129 261 107
1800 130 93 70
1800 131 432 2
1800 132 384 404
1800 133 411 307
1800 134 103 102
1800 135 154 316
1800 136 439 383
1800 137 263 23
1800 138 285 314
1800 139 280 240
1800 140 156 98
1800 141 364 302
1800 142 245 162
1800 143 172 295
1800 144 220 184
1800 145 300 405
1800 146 361 382
1800 147 196 7
1800 148 99 24
1800 149 206 445
1800 150 174 430
1800 151 115 227
1800 152 358 356
1800 153 365 299
1800 154 82 408
1800 155 185 258
1800 156 434 70
1800 157 300 385
1800 158 213 213
1800 159 412 355
1800 160 36 49
1800 161 167 365
1800 162 245 434
1800 163 104 232
1800 164 173 12
1800 165 153 392
1800 166 70 389
1800 167 104 219
1800 168 84 162
1800 169 419 360
1800 170 437 202
1800 171 387 373
1800 172 206 274
1800 173 179 417
1800 174 325 423
1800 175 312 388
1800 176 2 236
1800 177 32 185
1800 178 37 222
1800 179 319 138
1800 180 368 136
1800 181 337 223
1800 182 130 332
1800 183 414 299
1800 184 252 438
1800 185 383 404
1800 186 32 51
1800 187 39 431
1800 188 369 9
1800 189 350 120
1800 190 91 231
1800 191 86 247
1800 192 263 57
1800 193 448 172
1800 194 389 166
1800 195 8 324
1800 196 203 50
1800 197 295 181
1800 198 12 19
1800 199 384 341
2400 0 444 171
2400 1 338 166
2400 2 187 220
2400 3 201 449
2400 4 329 211
2400 5 159 132
2400 6 341 301
2400 7 161 307
2400 8 441 361
2400 9 337 164
2400 10 187 239
2400 11 173 269
2400 12 382 220
2400 13 85 443
2400 14 12 295
2400 15 97 272
2400 16 399 12
2400 17 410 159
2400 18 333 218
2400 19 200 106
2400 20 259 379
2400 21 395 428
2400 22 130 65
2400 23 112 67
2400 24 343 118
2400 25 239 167
2400 26 26 311
2400 27 235 233
2400 28 444 242
2400 29 77 42
2400 30 409 159
2400 31 46 347
2400 32 79 405
2400 33 217 449
2400 34 378 64
2400 35 112 359
2400 36 338 259
2400 37 65 160
2400 38 444 281
2400 39 25 172
2400 40 110 341
2400 41 122 326
2400 42 61 16
2400 43 430 111
2400 44 200 398
2400 45 438 114
2400 46 378 279
2400 47 6 195
2400 48 8 69
2400 49 269 80
2400 50 191 154
2400 51 357 232
2400 52 169 156
2400 53 104 422
2400 54 186 335
2400 55 310 283
2400 56 220 140
2400 57 161 164
2400 58 229 5
2400 59 198 264
2400 60 63 44
2400 61 178 26
2400 62 171 170
2400 63 305 43
2400 64 420 246
2400 65 149 35
2400 66 66 125
2400 67 239 425
2400 68 312 189
2400 69 175 157
2400 70 363 23
2400 71 125 325
2400 72 24 219
2400 73 220 211
2400 74 183 79
2400 75 414 223
2400 76 245 289
2400 77 150 167
2400 78 41 397
2400 79 106 447
2400 80 195 371
2400 81 256 344
2400 82 277 296
2400 83 366 95
2400 84 235 55
2400 85 384 390
2400 86 300 429
2400 87 398 400
2400 88 1 302
2400 89 186 98
2400 90 130 419
2400 91 70 158
2400 92 118 330
2400 93 293 386
2400 94 37 438
2400 95 137 337
2400 96 168 207
2400 97 432 326
2400 98 52 305
2400 99 297 338
2400 100 412 278
2400 101 337 376
2400 102 202 194
2400 103 37 30
2400 104 190 225
2400 105 66 9
2400 106 237 239
2400 107 446 422
2400 108 181 172
2400 109 48 318
2400 110 370 5
2400 111 283 128
2400 112 123 90
2400 113 181 247
2400 114 220 222
2400 115 3 109
2400 116 396 195
2400 117 421 166
2400 118 108 334
2400 119 48 287
2400 120 184 307
2400 121 140 176
2400 122 196 102
2400 123 316 217
2400 124 123 198
2400 125 250 74
2400 126 302 221
2400 127 390 242
2400 128 65 265
2400 129 261 107
2400 130 93 70
2400 131 432 2
2400 132 384 404
2400 133 411 307
2400 134 103 102
2400 135 154 316
2400 136 439 383
2400 137 263 23
2400 138 285 314
2400 139 280 240
2400 140 156 98
2400 141 364 302
2400 142 245 162
2400 143 172 295
2400 144 220 184
2400 145 300 405
2400 146 361 382
2400 147 196 7
2400 148 99 24
2400 149 206 445
2400 150 174 430
2400 151 115 227
2400 152 358 356
2400 153 365 299
2400 154 82 408
2400 155 185 258
2400 156 434 70
2400 157 300 385
2400 158 213 213
2400 159 412 355
2400 160 36 49
2400 161 167 365
2400 162 245 434
2400 163 104 232
2400 164 173 12
2400 165 153 392
2400 166 70 389
2400 167 104 219
2400 168 84 162
2400 169 419 360
2400 170 437 202
2400 171 387 373
2400 172 206 274
2400 173 179 417
2400 174 325 423
2400 175 94 54
2400 176 2 236
2400 177 32 185
2400 178 37 222
2400 179 319 138
2400 180 368 136
2400 181 337 223
2400 182 130 332
2400 183 414 299
2400 184 252 438
2400 185 383 404
2400 186 32 51
2400 187 39 431
2400 188 369 9
2400 189 350 120
2400 190 91 231
2400 191 86 247
2400 192 263 57
2400 193 448 172
2400 194 389 166
2400 195 308 143
2400 196 203 50
2400 197 216 337
2400 198 12 19
2400 199 85 64
3000 0 137 146
3000 1 338 166
3000 2 187 220
3000 3 201 449
3000 4 329 211
3000 5 159 132
3000 6 341 301
3000 7 161 307
3000 8 441 361
3000 9 337 164
3000 10 253 391
3000 11 173 269
3000 12 382 220
3000 13 85 443
3000 14 12 295
3000 15 97 272
3000 16 399 12
3000 17 410 159
3000 18 333 218
3000 19 163 232
3000 20 259 379
3000 21 34 152
3000 22 130 65
3000 23 383 269
3000 24 343 118
3000 25 239 167
3000 26 26 311
3000 27 235 233
3000 28 444 242
3000 29 77 42
3000 30 409 159
3000 31 46 347
3000 32 315 59
3000 33 217 449
3000 34 378 64
3000 35 112 359
3000 36 338 259
3000 37 65 160
3000 38 444 281
3000 39 25 172
3000 40 110 341
3000 41 122 326
3000 42 61 16
3000 43 430 111
3000 44 200 398
3000 45 191 319
3000 46 378 279
3000 47 6 195
3000 48 8 69
3000 49 269 80
3000 50 191 154
3000 51 357 232
3000 52 74 404
3000 53 104 422
3000 54 186 335
3000 55 310 283
3000 56 220 140
3000 57 161 164
3000 58 229 5
3000 59 198 264
3000 60 63 44
3000 61 178 26
3000 62 171 170
3000 63 305 43
3000 64 420 246
3000 65 149 35
3000 66 66 125
3000 67 239 425
3000 68 312 189
3000 69 175 157
3000 70 363 23
3000 71 125 325
3000 72 24 219
3000 73 220 211
3000 74 183 79
3000 75 414 223
3000 76 329 16
3000 77 150 167
3000 78 41 397
3000 79 106 447
3000 80 195 371
3000 81 256 344
3000 82 277 296
3000 83 366 95
3000 84 235 55
3000 85 66 56
3000 86 300 429
3000 87 398 400
3000 88 1 302
3000 89 186 98
3000 90 202 99
3000 91 70 158
3000 92 118 330
3000 93 293 386
3000 94 37 438
3000 95 137 337
3000 96 168 207
3000 97 432 326
3000 98 52 305
3000 99 297 338
3000 100 412 278
3000 101 337 376
3000 102 79 252
3000 103 37 30
3000 104 190 225
3000 105 66 9
3000 106 237 239
3000 107 446 422
3000 108 181 172
3000 109 48 318
3000 110 370 5
3000 111 283 128
3000 112 123 90
3000 113 181 247
3000 114 444 394
3000 115 3 109
3000 116 396 195
3000 117 421 166
3000 118 108 334
3000 119 151 64
3000 120 184 307
3000 121 140 176
3000 122 196 102
3000 123 316 217
3000 124 123 198
3000 125 250 74
3000 126 302 221
3000 127 390 242
3000 128 65 265
3000 129 261 107
3000 130 93 70
3000 131 432 2
3000 132 384 404
3000 133 411 307
3000 134 103 102
3000 135 154 316
3000 136 439 383
3000 137 263 23
3000 138 285 314
3000 139 280 240
3000 140 156 98
3000 141 312 413
3000 142 245 162
3000 143 172 295
3000 144 220 184
3000 145 300 405
3000 146 361 382
3000 147 196 7
3000 148 99 24
3000 149 206 445
3000 150 174 430
3000 151 115 227
3000 152 358 356
3000 153 365 299
3000 154 82 408
3000 155 185 258
3000 156 434 70
3000 157 300 385
3000 158 213 213
3000 159 180 308
3000 160 36 49
3000 161 167 365
3000 162 245 434
3000 163 104 232
3000 164 173 12
3000 165 153 392
3000 166 70 389
3000 167 104 219
3000 168 84 162
3000 169 419 360
3000 170 437 202
3000 171 387 373
3000 172 206 274
3000 173 179 417
3000 174 325 423
3000 175 94 54
3000 176 2 236
3000 177 32 185
3000 178 230 278
3000 179 319 138
3000 180 368 136
3000 181 337 223
3000 182 241 2
3000 183 127 42
3000 184 252 438
3000 185 383 404
3000 186 200 216
3000 187 39 431
3000 188 369 9
3000 189 350 120
3000 190 91 231
3000 191 86 247
3000 192 263 57
3000 193 448 172
3000 194 389 166
3000 195 308 143
3000 196 203 50
3000 197 216 337
3000 198 12 19
3000 199 85 64
3600 0 137 146
3600 1 338 166
3600 2 187 220
3600 3 201 449
3600 4 329 211
3600 5 159 132
3600 6 313 274
3600 7 161 307
3600 8 441 361
3600 9 337 164
3600 10 253 391
3600 11 173 269
3600 12 382 220
3600 13 85 443
3600 14 12 295
3600 15 97 272
3600 16 399 12
3600 17 410 159
3600 18 333 218
3600 19 163 232
3600 20 259 379
3600 21 34 152
3600 22 286 219
3600 23 383 269
3600 24 343 118
3600 25 239 167
3600 26 26 311
3600 27 235 233
3600 28 444 242
3600 29 77 42
3600 30 409 159
3600 31 46 347
3600 32 315 59
3600 33 217 449
3600 34 378 64
3600 35 112 359
3600 36 338 259
3600 37 65 160
3600 38 444 281
3600 39 25 172
3600 40 110 341
3600 41 122 326
3600 42 301 45
3600 43 430 111
3600 44 200 398
3600 45 191 319
3600 46 378 279
3600 47 6 195
3600 48 8 69
3600 49 269 80
3600 50 176 184
3600 51 357 232
3600 52 74 404
3600 53 43 261
3600 54 186 335
3600 55 310 283
3600 56 220 140
3600 57 161 164
3600 58 229 5
3600 59 198 264
3600 60 63 44
3600 61 178 26
3600 62 171 170
3600 63 305 43
3600 64 420 246
3600 65 149 35
3600 66 66 125
3600 67 239 425
3600 68 312 189
3600 69 211 392
3600 70 363 23
3600 71 276 309
3600 72 24 219
3600 73 220 211
3600 74 183 79
3600 75 414 223
3600 76 329 16
3600 77 150 167
3600 78 41 397
3600 79 106 447
3600 80 195 371
3600 81 338 176
3600 82 277 296
3600 83 366 95
3600 84 325 16
3600 85 66 56
3600 86 300 429
3600 87 398 400
3600 88 1 302
3600 89 186 98
3600 90 202 99
3600 91 70 158
3600 92 118 330
3600 93 293 386
3600 94 37 438
3600 95 137 337
3600 96 168 207
3600 97 432 326
3600 98 52 305
3600 99 409 222
3600 100 412 278
3600 101 230 27
3600 102 98 432
3600 103 37 30
3600 104 190 225
3600 105 66 9
3600 106 145 153
3600 107 446 422
3600 108 181 172
3600 109 48 318
3600 110 370 5
3600 111 283 128
3600 112 123 90
3600 113 181 247
3600 114 444 394
3600 115 3 109
3600 116 396 195
3600 117 421 166
3600 118 108 334
3600 119 151 64
3600 120 184 307
3600 121 140 176
3600 122 196 102
3600 123 316 217
3600 124 123 198
3600 125 250 74
3600 126 302 221
3600 127 390 242
3600 128 65 265
3600 129 261 107
3600 130 93 70
3600 131 229 233
3600 132 384 404
3600 133 411 307
3600 134 103 102
3600 135 154 316
3600 136 439 383
3600 137 263 23
3600 138 285 314
3600 139 280 240
3600 140 156 98
3600 141 312 413
3600 142 245 162
3600 143 172 295
3600 144 220 184
3600 145 300 405
3600 146 382 320
3600 147 196 7
3600 148 99 24
3600 149 206 445
3600 150 174 430
3600 151 115 227
3600 152 358 356
3600 153 365 299
3600 154 82 408
3600 155 185 258
3600 156 434 70
3600 157 300 385
3600 158 20 292
3600 159 180 308
3600 160 36 49
3600 161 167 365
3600 162 245 434
3600 163 104 232
3600 164 173 12
3600 165 153 392
3600 166 70 389
3600 167 104 219
3600 168 84 162
3600 169 419 360
3600 170 437 202
3600 171 50 247
3600 172 206 274
3600 173 179 417
3600 174 325 423
3600 175 94 54
3600 176 2 236
3600 177 32 185
3600 178 230 278
3600 179 319 138
3600 180 368 136
3600 181 337 223
3600 182 241 2
3600 183 127 42
3600 184 252 438
3600 185 383 404
3600 186 200 216
3600 187 271 77
3600 188 369 9
3600 189 350 120
3600 190 91 231
3600 191 86 247
3600 192 263 57
3600 193 448 172
3600 194 389 166
3600 195 308 143
3600 196 203 50
3600 197 216 337
3600 198 12 19
3600 199 85 64
4200 0 137 146
4200 1 92 115
4200 2 187 220
4200 3 201 449
4200 4 329 211
4200 5 159 132
4200 6 313 274
4200 7 161 307
4200 8 441 361
4200 9 104 27
4200 10 253 391
4200 11 173 269
4200 12 382 220
4200 13 85 443
4200 14 286 136
4200 15 97 272
4200 16 399 12
4200 17 410 159
4200 18 333 218
4200 19 163 232
4200 20 259 379
4200 21 34 152
4200 22 286 219
4200 23 383 269
4200 24 343 118
4200 25 239 167
4200 26 26 311
4200 27 235 233
4200 28 444 242
4200 29 77 42
4200 30 193 443
4200 31 46 347
4200 32 315 59
4200 33 217 449
4200 34 378 64
4200 35 112 359
4200 36 111 387
4200 37 65 160
4200 38 444 281
4200 39 25 172
4200 40 110 341
4200 41 122 326
4200 42 301 45
4200 43 430 111
4200 44 200 398
4200 45 191 319
4200 46 378 279
4200 47 6 195
4200 48 8 69
4200 49 269 80
4200 50 176 184
4200 51 357 232
4200 52 74 404
4200 53 43 261
4200 54 186 335
4200 55 310 283
4200 56 220 140
4200 57 161 164
4200 58 229 5
4200 59 198 264
4200 60 63 44
4200 61 178 26
4200 62 171 170
4200 63 305 43
4200 64 420 246
4200 65 149 35
4200 66 66 125
4200 67 239 425
4200 68 312 189
4200 69 211 392
4200 70 363 23
4200 71 276 309
4200 72 24 219
4200 73 220 211
4200 74 183 79
4200 75 414 223
4200 76 329 16
4200 77 150 167
4200 78 41 397
4200 79 106 447
4200 80 195 371
4200 81 338 176
4200 82 277 296
4200 83 366 95
4200 84 325 16
4200 85 66 56
4200 86 300 429
4200 87 398 400
4200 88 1 302
4200 89 186 98
4200 90 202 99
4200 91 70 158
4200 92 118 330
4200 93 293 386
4200 94 37 438
4200 95 137 337
4200 96 168 207
4200 97 432 326
4200 98 52 305
4200 99 409 222
4200 100 412 278
4200 101 433 101
4200 102 98 432
4200 103 144 165
4200 104 190 225
4200 105 66 9
4200 106 145 153
4200 107 446 422
4200 108 181 172
4200 109 48 318
4200 110 370 5
4200 111 283 128
4200 112 123 90
4200 113 181 247
4200 114 69 202
4200 115 3 109
4200 116 396 195
4200 117 421 166
4200 118 108 334
4200 119 151 64
4200 120 184 307
4200 121 145 411
4200 122 248 329
4200 123 316 217
4200 124 123 198
4200 125 51 60
4200 126 445 327
4200 127 390 242
4200 128 65 265
4200 129 261 107
4200 130 93 70
4200 131 229 233
4200 132 384 404
4200 133 411 307
4200 134 103 102
4200 135 154 316
4200 136 439 383
4200 137 263 23
4200 138 285 314
4200 139 280 240
4200 140 358 367
4200 141 312 413
4200 142 245 162
4200 143 172 295
4200 144 220 184
4200 145 300 405
4200 146 382 320
4200 147 196 7
4200 148 99 24
4200 149 206 445
4200 150 174 430
4200 151 112 20
4200 152 373 396
4200 153 365 299
4200 154 82 408
4200 155 185 258
4200 156 434 70
4200 157 300 385
4200 158 7 202
4200 159 180 308
4200 160 178 378
4200 161 167 365
4200 162 245 434
4200 163 104 232
4200 164 173 12
4200 165 153 392
4200 166 70 389
4200 167 104 219
4200 168 84 162
4200 169 419 360
4200 170 437 202
4200 171 50 247
4200 172 206 274
4200 173 179 417
4200 174 325 423
4200 175 94 54
4200 176 2 236
4200 177 60 300
4200 178 230 278
4200 179 319 138
4200 180 368 136
4200 181 337 223
4200 182 241 2
4200 183 127 42
4200 184 252 438
4200 185 383 404
4200 186 200 216
4200 187 271 77
4200 188 91 423
4200 189 350 120
4200 190 91 231
4200 191 86 247
4200 192 263 57
4200 193 448 172
4200 194 193 363
4200 195 308 143
4200 196 203 50
4200 197 216 337
4200 198 12 19
4200 199 85 64
4800 0 137 146
4800 1 92 115
4800 2 441 244
4800 3 201 449
4800 4 329 211
4800 5 159 132
4800 6 313 274
4800 7 161 307
4800 8 441 361
4800 9 104 27
4800 10 253 391
4800 11 173 269
4800 12 382 220
4800 13 319 212
4800 14 286 136
4800 15 97 272
4800 16 399 12
4800 17 410 159
4800 18 333 218
4800 19 163 232
4800 20 259 379
4800 21 34 152
4800 22 286 219
4800 23 383 269
4800 24 343 118
4800 25 239 167
4800 26 26 311
4800 27 235 233
4800 28 444 242
4800 29 77 42
4800 30 193 443
4800 31 46 347
4800 32 315 59
4800 33 217 449
4800 34 378 64
4800 35 112 359
4800 36 111 387
4800 37 65 160
4800 38 26 352
4800 39 25 172
4800 40 110 341
4800 41 122 326
4800 42 301 45
4800 43 430 111
4800 44 200 398
4800 45 191 319
4800 46 378 279
4800 47 6 195
4800 48 8 69
4800 49 269 80
4800 50 176 184
4800 51 357 232
4800 52 74 404
4800 53 115 23
4800 54 186 335
4800 55 310 283
4800 56 220 140
4800 57 161 164
4800 58 229 5
4800 59 198 264
4800 60 63 44
4800 61 178 26
4800 62 171 170
4800 63 305 43
4800 64 420 246
4800 65 149 35
4800 66 66 125
4800 67 239 425
4800 68 312 189
4800 69 211 392
4800 70 363 23
4800 71 276 309
4800 72 24 219
4800 73 220 211
4800 74 183 79
4800 75 298 281
4800 76 329 16
4800 77 150 167
4800 78 41 397
4800 79 106 447
4800 80 195 371
4800 81 338 176
4800 82 277 296
4800 83 366 95
4800 84 325 16
4800 85 66 56
4800 86 252 61
4800 87 398 400
4800 88 1 302
4800 89 186 98
4800 90 202 99
4800 91 339 90
4800 92 118 330
4800 93 293 386
4800 94 37 438
4800 95 137 337
4800 96 27 414
4800 97 432 326
4800 98 52 305
4800 99 409 222
4800 100 308 16
4800 101 433 101
4800 102 98 432
4800 103 144 165
4800 104 85 58
4800 105 66 9
4800 106 145 153
4800 107 202 416
4800 108 181 172
4800 109 48 318
4800 110 370 5
4800 111 283 128
4800 112 123 90
4800 113 410 424
4800 114 69 202
4800 115 3 109
4800 116 396 195
4800 117 106 377
4800 118 108 334
4800 119 151 64
4800 120 184 307
4800 121 145 411
4800 122 248 329
4800 123 316 217
4800 124 123 198
4800 125 51 60
4800 126 445 327
4800 127 390 242
4800 128 65 265
4800 129 261 107
4800 130 93 70
4800 131 229 233
4800 132 384 404
4800 133 411 307
4800 134 103 102
4800 135 154 316
4800 136 15 143
4800 137 263 23
4800 138 285 314
4800 139 393 171
4800 140 358 367
4800 141 312 413
4800 142 245 162
4800 143 172 295
4800 144 220 184
4800 145 300 405
4800 146 447 148
4800 147 196 7
4800 148 99 24
4800 149 206 445
4800 150 174 430
4800 151 112 20
4800 152 373 396
4800 153 365 299
4800 154 82 408
4800 155 185 258
4800 156 26 411
4800 157 300 385
4800 158 7 202
4800 159 180 308
4800 160 178 378
4800 161 167 365
4800 162 245 434
4800 163 104 232
4800 164 173 12
4800 165 153 392
4800 166 70 389
4800 167 104 219
4800 168 84 162
4800 169 419 360
4800 170 437 202
4800 171 50 247
4800 172 206 274
4800 173 179 417
4800 174 325 423
4800 175 424 205
4800 176 2 236
4800 177 60 300
4800 178 230 278
4800 179 319 138
4800 180 368 136
4800 181 337 223
4800 182 241 2
4800 183 127 42
4800 184 252 438
4800 185 383 404
4800 186 200 216
4800 187 271 77
4800 188 265 367
4800 189 350 120
4800 190 91 231
4800 191 86 247
4800 192 263 57
4800 193 448 172
4800 194 193 363
4800 195 308 143
4800 196 203 50
4800 197 216 337
4800 198 12 19
4800 199 85 64
5400 0 137 146
5400 1 92 115
5400 2 441 244
5400 3 201 449
5400 4 108 106
5400 5 159 132
5400 6 313 274
5400 7 161 307
5400 8 441 361
5400 9 104 27
5400 10 253 391
5400 11 173 269
5400 12 382 220
5400 13 319 212
5400 14 286 136
5400 15 97 272
5400 16 399 12
5400 17 23 214
5400 18 333 218
5400 19 163 232
5400 20 259 379
5400 21 34 152
5400 22 286 219
5400 23 383 269
5400 24 343 118
5400 25 239 167
5400 26 26 311
5400 27 235 233
5400 28 444 242
5400 29 77 42
5400 30 193 443
5400 31 46 347
5400 32 315 59
5400 33 217 449
5400 34 378 64
5400 35 112 359
5400 36 111 387
5400 37 248 438
5400 38 26 352
5400 39 372 202
5400 40 110 341
5400 41 122 326
5400 42 301 45
5400 43 430 111
5400 44 200 398
5400 45 191 319
5400 46 378 279
5400 47 6 195
5400 48 8 69
5400 49 442 113
5400 50 176 184
5400 51 262 9
5400 52 74 404
5400 53 115 23
5400 54 186 335
5400 55 310 283
5400 56 220 140
5400 57 161 164
5400 58 229 5
5400 59 198 264
5400 60 63 44
5400 61 178 26
5400 62 171 170
5400 63 305 43
5400 64 420 246
5400 65 149 35
5400 66 66 125
5400 67 239 425
5400 68 222 229
5400 69 211 392
5400 70 363 23
5400 71 276 309
5400 72 306 349
5400 73 220 211
5400 74 183 79
5400 75 298 281
5400 76 329 16
5400 77 353 152
5400 78 41 397
5400 79 106 447
5400 80 11 376
5400 81 338 176
5400 82 277 296
5400 83 366 95
5400 84 325 16
5400 85 66 56
5400 86 252 61
5400 87 47 291
5400 88 1 302
5400 89 186 98
5400 90 202 99
5400 91 339 90
5400 92 118 330
5400 93 293 386
5400 94 37 438
5400 95 137 337
5400 96 27 414
5400 97 432 326
5400 98 52 305
5400 99 409 222
5400 100 308 16
5400 101 433 101
5400 102 207 109
5400 103 144 165
5400 104 85 58
5400 105 66 9
5400 106 145 153
5400 107 202 416
5400 108 181 172
5400 109 48 318
5400 110 45 41
5400 111 283 128
5400 112 123 90
5400 113 410 424
5400 114 69 202
5400 115 3 109
5400 116 396 195
5400 117 106 377
5400 118 108 334
5400 119 151 64
5400 120 280 17
5400 121 145 411
5400 122 248 329
5400 123 316 217
5400 124 123 198
5400 125 51 60
5400 126 445 327
5400 127 390 242
5400 128 65 265
5400 129 261 107
5400 130 93 70
5400 131 229 233
5400 132 384 404
5400 133 411 307
5400 134 103 102
5400 135 154 316
5400 136 15 143
5400 137 263 23
5400 138 285 314
5400 139 393 171
5400 140 358 367
5400 141 312 413
5400 142 245 162
5400 143 172 295
5400 144 220 184
5400 145 300 405
5400 146 447 148
5400 147 196 7
5400 148 30 281
5400 149 206 445
5400 150 174 430
5400 151 112 20
5400 152 373 396
5400 153 365 299
5400 154 82 408
5400 155 185 258
5400 156 26 411
5400 157 230 119
5400 158 7 202
5400 159 180 308
5400 160 46 121
5400 161 167 365
5400 162 245 434
5400 163 104 232
5400 164 173 12
5400 165 153 392
5400 166 70 389
5400 167 104 219
5400 168 84 162
5400 169 419 360
5400 170 437 202
5400 171 50 247
5400 172 206 274
5400 173 179 417
5400 174 325 423
5400 175 424 205
5400 176 193 82
5400 177 60 300
5400 178 230 278
5400 179 319 138
5400 180 368 136
5400 181 337 223
5400 182 241 2
5400 183 127 42
5400 184 252 438
5400 185 383 404
5400 186 200 216
5400 187 271 77
5400 188 265 367
5400 189 350 120
5400 190 170 14
5400 191 86 247
5400 192 263 57
5400 193 448 172
5400 194 26 158
5400 195 308 143
5400 196 203 50
5400 197 216 337
5400 198 12 19
5400 199 85 64
6000 0 137 146
6000 1 92 115
6000 2 441 244
6000 3 201 449
6000 4 108 106
6000 5 159 132
6000 6 313 274
6000 7 161 307
6000 8 441 361
6000 9 104 27
6000 10 288 253
6000 11 173 269
6000 12 76 431
6000 13 319 212
6000 14 286 136
6000 15 97 272
6000 16 399 12
6000 17 23 214
6000 18 333 218
6000 19 163 232
6000 20 259 379
6000 21 34 152
6000 22 286 219
6000 23 383 269
6000 24 343 118
6000 25 276 298
6000 26 26 311
6000 27 235 233
6000 28 444 242
6000 29 77 42
6000 30 193 443
6000 31 46 347
6000 32 315 59
6000 33 217 449
6000 34 378 64
6000 35 112 359
6000 36 111 387
6000 37 248 438
6000 38 26 352
6000 39 372 202
6000 40 110 341
6000 41 122 326
6000 42 301 45
6000 43 430 111
6000 44 200 398
6000 45 191 319
6000 46 378 279
6000 47 6 195
6000 48 8 69
6000 49 442 113
6000 50 176 184
6000 51 262 9
6000 52 74 404
6000 53 115 23
6000 54 186 335
6000 55 310 283
6000 56 220 140
6000 57 161 164
6000 58 229 5
6000 59 198 264
6000 60 63 44
6000 61 178 26
6000 62 171 170
6000 63 305 43
6000 64 160 339
6000 65 149 35
6000 66 66 125
6000 67 239 425
6000 68 222 229
6000 69 211 392
6000 70 363 23
6000 71 276 309
6000 72 306 349
6000 73 220 211
6000 74 183 79
6000 75 298 281
6000 76 329 16
6000 77 123 212
6000 78 41 397
6000 79 106 447
6000 80 11 376
6000 81 338 176
6000 82 277 296
6000 83 366 95
6000 84 309 205
6000 85 66 56
6000 86 252 61
6000 87 47 291
6000 88 1 302
6000 89 186 98
6000 90 202 99
6000 91 190 419
6000 92 118 330
6000 93 293 386
6000 94 37 438
6000 95 137 337
6000 96 27 414
6000 97 432 326
6000 98 52 305
6000 99 409 222
6000 100 308 16
6000 101 433 101
6000 102 207 109
6000 103 144 165
6000 104 85 58
6000 105 163 123
6000 106 145 153
6000 107 138 382
6000 108 181 172
6000 109 261 186
6000 110 45 41
6000 111 283 128
6000 112 123 90
6000 113 410 424
6000 114 69 202
6000 115 3 109
6000 116 396 195
6000 117 106 377
6000 118 108 334
6000 119 151 64
6000 120 280 17
6000 121 145 411
6000 122 248 329
6000 123 316 217
6000 124 158 65
6000 125 51 60
6000 126 445 327
6000 127 390 242
6000 128 65 265
6000 129 261 107
6000 130 93 70
6000 131 229 233
6000 132 384 404
6000 133 411 307
6000 134 103 102
6000 135 154 316
6000 136 15 143
6000 137 263 23
6000 138 78 8
6000 139 393 171
6000 140 358 367
6000 141 312 413
6000 142 245 162
6000 143 172 295
6000 144 220 184
6000 145 300 405
6000 146 447 148
6000 147 196 7
6000 148 113 326
6000 149 206 445
6000 150 174 430
6000 151 112 20
6000 152 373 396
6000 153 365 299
6000 154 82 408
6000 155 185 258
6000 156 401 126
6000 157 230 119
6000 158 7 202
6000 159 106 364
6000 160 46 121
6000 161 167 365
6000 162 245 434
6000 163 104 232
6000 164 298 6
6000 165 153 392
6000 166 70 389
6000 167 104 219
6000 168 84 162
6000 169 419 360
6000 170 437 202
6000 171 50 247
6000 172 206 274
6000 173 179 417
6000 174 325 423
6000 175 424 205
6000 176 193 82
6000 177 60 300
6000 178 230 278
6000 179 220 357
6000 180 368 136
6000 181 394 39
6000 182 241 2
6000 183 127 42
6000 184 252 438
6000 185 383 404
6000 186 200 216
6000 187 271 77
6000 188 333 19
6000 189 350 120
6000 190 0 145
6000 191 86 247
6000 192 263 57
6000 193 448 172
6000 194 26 158
6000 195 308 143
6000 196 203 50
6000 197 216 337
6000 198 12 19
6000 199 85 64
6600 0 137 146
6600 1 92 115
6600 2 441 244
6600 3 366 166
6600 4 108 106
6600 5 449 223
6600 6 313 274
6600 7 161 307
6600 8 441 361
6600 9 104 27
6600 10 352 7
6600 11 173 269
6600 12 76 431
6600 13 319 212
6600 14 286 136
6600 15 86 320
6600 16 399 12
6600 17 23 214
6600 18 333 218
6600 19 163 232
6600 20 331 228
6600 21 34 152
6600 22 286 219
6600 23 383 269
6600 24 343 118
6600 25 276 298
6600 26 316 403
6600 27 235 233
6600 28 444 242
6600 29 77 42
6600 30 193 443
6600 31 57 24
6600 32 315 59
6600 33 217 449
6600 34 236 307
6600 35 112 359
6600 36 111 387
6600 37 248 438
6600 38 182 37
6600 39 372 202
6600 40 110 341
6600 41 122 326
6600 42 301 45
6600 43 430 111
6600 44 200 398
6600 45 191 319
6600 46 378 279
6600 47 6 195
6600 48 8 69
6600 49 442 113
6600 50 176 184
6600 51 262 9
6600 52 74 404
6600 53 115 23
6600 54 186 335
6600 55 310 283
6600 56 220 140
6600 57 161 164
6600 58 229 5
6600 59 198 264
6600 60 63 44
6600 61 178 26
6600 62 171 40
6600 63 305 43
6600 64 160 339
6600 65 149 35
6600 66 66 125
6600 67 239 425
6600 68 222 229
6600 69 211 392
6600 70 363 23
6600 71 276 309
6600 72 306 349
6600 73 220 211
6600 74 183 79
6600 75 298 281
6600 76 329 16
6600 77 123 212
6600 78 41 397
6600 79 106 447
6600 80 11 376
6600 81 323 215
6600 82 277 296
6600 83 366 95
6600 84 309 205
6600 85 66 56
6600 86 252 61
6600 87 47 291
6600 88 93 296
6600 89 186 98
6600 90 202 99
6600 91 190 419
6600 92 118 330
6600 93 293 386
6600 94 37 438
6600 95 137 337
6600 96 27 414
6600 97 432 326
6600 98 52 305
6600 99 409 222
6600 100 308 16
6600 101 433 101
6600 102 207 109
6600 103 144 165
6600 104 85 58
6600 105 23 255
6600 106 145 153
6600 107 138 382
6600 108 181 172
6600 109 261 186
6600 110 45 41
6600 111 283 128
6600 112 123 90
6600 113 410 424
6600 114 69 202
6600 115 3 109
6600 116 396 195
6600 117 106 377
6600 118 108 334
6600 119 2 18
6600 120 280 17
6600 121 145 411
6600 122 343 333
6600 123 316 217
6600 124 158 65
6600 125 51 60
6600 126 445 327
6600 127 390 242
6600 128 65 265
6600 129 261 107
6600 130 93 70
6600 131 229 233
6600 132 384 404
6600 133 411 307
6600 134 145 381
6600 135 154 316
6600 136 15 143
6600 137 263 23
6600 138 78 8
6600 139 393 171
6600 140 358 367
6600 141 312 413
6600 142 245 162
6600 143 172 295
6600 144 220 184
6600 145 300 405
6600 146 447 148
6600 147 117 34
6600 148 113 326
6600 149 206 445
6600 150 174 430
6600 151 112 20
6600 152 373 396
6600 153 365 299
6600 154 82 408
6600 155 185 258
6600 156 401 126
6600 157 230 119
6600 158 7 202
6600 159 106 364
6600 160 46 121
6600 161 167 365
6600 162 245 434
6600 163 104 232
6600 164 298 6
6600 165 35 400
6600 166 70 389
6600 167 104 219
6600 168 84 162
6600 169 419 360
6600 170 437 202
6600 171 50 247
6600 172 206 274
6600 173 179 417
6600 174 325 423
6600 175 424 205
6600 176 391 369
6600 177 60 300
6600 178 230 278
6600 179 220 357
6600 180 368 136
6600 181 394 39
6600 182 241 2
6600 183 127 42
6600 184 252 438
6600 185 383 404
6600 186 200 216
6600 187 271 77
6600 188 333 19
6600 189 350 120
6600 190 0 145
6600 191 86 247
6600 192 263 57
6600 193 448 172
6600 194 26 158
6600 195 308 143
6600 196 203 50
6600 197 216 337
6600 198 12 19
6600 199 85 64
7200 0 137 146
7200 1 92 115
7200 2 441 244
7200 3 366 166
7200 4 108 106
7200 5 323 148
7200 6 313 274
7200 7 161 307
7200 8 364 368
7200 9 104 27
7200 10 352 7
7200 11 173 269
7200 12 76 431
7200 13 319 212
7200 14 286 136
7200 15 86 320
7200 16 399 12
7200 17 23 214
7200 18 333 218
7200 19 163 232
7200 20 331 228
7200 21 34 152
7200 22 286 219
7200 23 383 269
7200 24 343 118
7200 25 276 298
7200 26 316 403
7200 27 235 233
7200 28 444 242
7200 29 77 42
7200 30 193 443
7200 31 57 24
7200 32 315 59
7200 33 381 272
7200 34 236 307
7200 35 112 359
7200 36 111 387
7200 37 248 438
7200 38 182 37
7200 39 372 202
7200 40 110 341
7200 41 41 353
7200 42 89 233
7200 43 430 111
7200 44 200 398
7200 45 191 319
7200 46 378 279
7200 47 152 366
7200 48 8 69
7200 49 442 113
7200 50 176 184
7200 51 262 9
7200 52 74 404
7200 53 115 23
7200 54 186 335
7200 55 310 283
7200 56 220 140
7200 57 161 164
7200 58 229 5
7200 59 198 264
7200 60 63 44
7200 61 178 26
7200 62 171 40
7200 63 305 43
7200 64 160 339
7200 65 149 35
7200 66 66 125
7200 67 135 5
7200 68 222 229
7200 69 211 392
7200 70 363 23
7200 71 276 309
7200 72 306 349
7200 73 89 87
7200 74 183 79
7200 75 298 281
7200 76 329 16
7200 77 123 212
7200 78 406 309
7200 79 106 447
7200 80 11 376
7200 81 323 215
7200 82 277 296
7200 83 366 95
7200 84 309 205
7200 85 66 56
7200 86 252 61
7200 87 47 291
7200 88 93 296
7200 89 186 98
7200 90 202 99
7200 91 190 419
7200 92 118 330
7200 93 293 386
7200 94 37 438
7200 95 219 411
7200 96 27 414
7200 97 432 326
7200 98 52 305
7200 99 409 222
7200 100 386 11
7200 101 433 101
7200 102 207 109
7200 103 144 165
7200 104 85 58
7200 105 23 255
7200 106 145 153
7200 107 138 382
7200 108 297 114
7200 109 261 186
7200 110 45 41
7200 111 283 128
7200 112 123 90
7200 113 410 424
7200 114 211 6
7200 115 3 109
7200 116 396 195
7200 117 106 377
7200 118 108 334
7200 119 236 395
7200 120 280 17
7200 121 145 411
7200 122 343 333
7200 123 316 217
7200 124 158 65
7200 125 51 60
7200 126 445 327
7200 127 390 242
7200 128 65 265
7200 129 261 107
7200 130 93 70
7200 131 229 233
7200 132 384 404
7200 133 411 307
7200 134 145 381
7200 135 154 316
7200 136 402 153
7200 137 263 23
7200 138 78 8
7200 139 393 171
7200 140 358 367
7200 141 312 413
7200 142 32 89
7200 143 172 295
7200 144 220 184
7200 145 300 405
7200 146 445 230
7200 147 117 34
7200 148 113 326
7200 149 206 445
7200 150 174 430
7200 151 112 20
7200 152 373 396
7200 153 365 299
7200 154 82 408
7200 155 185 258
7200 156 401 126
7200 157 230 119
7200 158 7 202
7200 159 106 364
7200 160 46 121
7200 161 167 365
7200 162 245 434
7200 163 166 201
7200 164 298 6
7200 165 35 400
7200 166 70 389
7200 167 104 219
7200 168 84 162
7200 169 419 360
7200 170 437 202
7200 171 50 247
7200 172 206 274
7200 173 179 417
7200 174 325 423
7200 175 424 205
7200 176 391 369
7200 177 60 300
7200 178 230 278
7200 179 220 357
7200 180 368 136
7200 181 394 39
7200 182 241 2
7200 183 127 42
7200 184 252 438
7200 185 155 421
7200 186 200 216
7200 187 271 77
7200 188 333 19
7200 189 350 120
7200 190 0 145
7200 191 86 247
7200 192 263 57
7200 193 448 172
7200 194 26 158
7200 195 308 143
7200 196 203 50
7200 197 283 391
7200 198 12 19
7200 199 85 64
