0 7800 0 3000 0 3000
0 0 151 1559
0 1 33 2213
0 2 2025 557
0 3 29.6187000908 2222.41099415
0 4 42.9287392311 2211.80830487
0 5 35.2704421534 2203.26115549
0 6 2015.06971792 558.178769624
0 7 2017.35227174 563.443000265
0 8 2033.48539091 551.708673024
0 9 2034.99990938 556.957428826
600 0 151 1559
600 1 33 2213
600 2 2025 557
600 3 29.6187000908 2222.41099415
600 4 42.9287392311 2211.80830487
600 5 35.2704421534 2203.26115549
600 6 2015.06971792 558.178769624
600 7 2017.35227174 563.443000265
600 8 2033.48539091 551.708673024
600 9 2034.99990938 556.957428826
1200 0 151 1559
1200 1 33 2213
1200 2 2025 557
1200 3 29.6187000908 2222.41099415
1200 4 42.9287392311 2211.80830487
1200 5 35.2704421534 2203.26115549
1200 6 2015.06971792 558.178769624
1200 7 2017.35227174 563.443000265
1200 8 2033.48539091 551.708673024
1200 9 2034.99990938 556.957428826
1800 0 151 1559
1800 1 33 2213
1800 2 2025 557
1800 3 29.6187000908 2222.41099415
1800 4 42.9287392311 2211.80830487
1800 5 35.2704421534 2203.26115549
1800 6 2015.06971792 558.178769624
1800 7 2017.35227174 563.443000265
1800 8 2033.48539091 551.708673024
1800 9 2034.99990938 556.957428826
2400 0 151 1559
2400 1 33 2213
2400 2 2025 557
2400 3 29.6187000908 2222.41099415
2400 4 42.9287392311 2211.80830487
2400 5 35.2704421534 2203.26115549
2400 6 2015.06971792 558.178769624
2400 7 2017.35227174 563.443000265
2400 8 2033.48539091 551.708673024
2400 9 2034.99990938 556.957428826
3000 0 151 1559
3000 1 33 2213
3000 2 2025 557
3000 3 29.6187000908 2222.41099415
3000 4 42.9287392311 2211.80830487
3000 5 35.2704421534 2203.26115549
3000 6 2015.06971792 558.178769624
3000 7 2017.35227174 563.443000265
3000 8 2033.48539091 551.708673024
3000 9 2034.99990938 556.957428826
3600 0 151 1559
3600 1 33 2213
3600 2 2025 557
3600 3 29.6187000908 2222.41099415
3600 4 42.9287392311 2211.80830487
3600 5 35.2704421534 2203.26115549
3600 6 2015.06971792 558.178769624
3600 7 2017.35227174 563.443000265
3600 8 2033.48539091 551.708673024
3600 9 2034.99990938 556.957428826
4200 0 151 1559
4200 1 33 2213
4200 2 2025 557
4200 3 29.6187000908 2222.41099415
4200 4 42.9287392311 2211.80830487
4200 5 35.2704421534 2203.26115549
4200 6 2015.06971792 558.178769624
4200 7 2017.35227174 563.443000265
4200 8 2033.48539091 551.708673024
4200 9 2034.99990938 556.957428826
4800 0 151 1559
4800 1 33 2213
4800 2 2025 557
4800 3 29.6187000908 2222.41099415
4800 4 42.9287392311 2211.80830487
4800 5 35.2704421534 2203.26115549
4800 6 2015.06971792 558.178769624
4800 7 2017.35227174 563.443000265
4800 8 2033.48539091 551.708673024
4800 9 2034.99990938 556.957428826
5400 0 151 1559
5400 1 33 2213
5400 2 2025 557
5400 3 29.6187000908 2222.41099415
5400 4 42.9287392311 2211.80830487
5400 5 35.2704421534 2203.26115549
5400 6 2015.06971792 558.178769624
5400 7 2017.35227174 563.443000265
5400 8 2033.48539091 551.708673024
5400 9 2034.99990938 556.957428826
6000 0 151 1559
6000 1 33 2213
6000 2 2025 557
6000 3 29.6187000908 2222.41099415
6000 4 42.9287392311 2211.80830487
6000 5 35.2704421534 2203.26115549
6000 6 2015.06971792 558.178769624
6000 7 2017.35227174 563.443000265
6000 8 2033.48539091 551.708673024
6000 9 2034.99990938 556.957428826
6600 0 151 1559
6600 1 33 2213
6600 2 2025 557
6600 3 29.6187000908 2222.41099415
6600 4 42.9287392311 2211.80830487
6600 5 35.2704421534 2203.26115549
6600 6 2015.06971792 558.178769624
6600 7 2017.35227174 563.443000265
6600 8 2033.48539091 551.708673024
6600 9 2034.99990938 556.957428826
7200 0 151 1559
7200 1 33 2213
7200 2 2025 557
7200 3 29.6187000908 2222.41099415
7200 4 42.9287392311 2211.80830487
7200 5 35.2704421534 2203.26115549
7200 6 2015.06971792 558.178769624
7200 7 2017.35227174 563.443000265
7200 8 2033.48539091 551.708673024
7200 9 2034.99990938 556.957428826
