0 7800 0 3000 0 3000
0 0 2495 369
0 1 932 2672
0 2 298 611
0 3 79 2410
0 4 566 18
0 5 507 537
0 6 403 2571
0 7 1967 153
0 8 1849 381
0 9 2328 955
0 10 1752 2862
0 11 980 2844
0 12 179.938077423 742.746488827
0 13 292.434542593 782.586774027
0 14 244.939288939 629.902845731
0 15 220.923119002 631.886995701
0 16 163.77154697 530.437705584
0 17 344.016016249 692.337735921
0 18 454.571849608 686.244520157
0 19 339.542273855 486.164967515
0 20 299.634236221 786.786194883
0 21 377.043104581 432.247497501
0 22 444.703061027 694.539590513
0 23 216.26501652 625.220930809
0 24 369.882488043 442.201256545
0 25 62.6235411248 2274.60448526
0 26 168.416199666 2507.97752366
0 27 171.286341168 2498.54804363
0 28 184.279050779 2504.33077886
0 29 195.24922496 2479.54954521
0 30 205.961213577 2453.26325851
0 31 78.4433935144 2431.72694736
0 32 19.4325673621 2247.30208154
0 33 112.005093322 2553.21353329
0 34 177.688186653 2363.00614371
0 35 -63.3745196904 2409.18660961
0 36 -39.0658386254 2420.87118873
0 37 178.896123805 2346.77199516
0 38 156.168427178 2279.77363774
0 39 718.525355533 -107.999152658
0 40 720.061962939 6.44323401351
0 41 564.541977293 126.500934979
0 42 624.556765562 -79.4649868785
0 43 563.634040941 -67.6684177053
0 44 572.971639274 187.640036244
0 45 520.740674506 -39.5724600028
0 46 684.792376397 34.3304948546
0 47 751.746235885 31.3919120045
0 48 738.58471099 -9.23198792786
0 49 521.904555383 126.380024261
0 50 516.378898516 201.893705627
0 51 587.772777546 81.8240308504
0 52 476.465823281 -108.770589314
0 53 569.719853316 134.021802547
0 54 709.551328514 -118.411626162
0 55 565.143212341 -132.464008099
0 56 487.012223062 72.8249105077
0 57 653.90715726 -91.9952525976
0 58 620.482335548 16.2581174938
0 59 715.937517581 124.471720095
0 60 403.622728901 696.971997724
0 61 356.414581049 666.373490609
0 62 514.400680442 382.224852709
0 63 683.799546329 466.963147415
0 64 640.508016149 571.685289812
0 65 510.167793946 475.372444299
0 66 478.651622996 410.543210328
0 67 501.434327808 358.552299084
0 68 406.511001612 521.015340608
0 69 517.776154737 616.140684284
0 70 384.98027166 526.537848277
0 71 353.552464271 2406.56226218
0 72 369.579657971 2632.97033414
0 73 230.445675628 2546.01925885
0 74 446.602564899 2624.17817673
0 75 387.016098883 2612.25160308
0 76 309.571293042 2717.7106228
0 77 510.447872821 2686.21087757
0 78 510.330307009 2592.90866608
0 79 434.946400202 2535.55691745
0 80 388.399585184 2453.10349483
0 81 236.864237124 2585.8847054
0 82 442.286998498 2723.50640894
0 83 569.933944941 2512.75068026
0 84 354.750837039 2631.14610115
0 85 357.817271378 2746.50316638
0 86 409.598382783 2687.37047655
0 87 408.801716994 2461.42614252
0 88 490.485975279 2473.67877612
0 89 479.851777341 2636.05426291
0 90 2158.76947838 193.076512096
0 91 1946.22101548 59.0299884753
0 92 2098.91199985 119.543107099
0 93 1785.87321726 215.828961389
0 94 2019.96600732 -18.0159497184
0 95 1903.62024915 43.8226624455
0 96 1827.82894413 54.5310037526
0 97 1898.69492576 215.065570682
0 98 2068.52925097 297.343878997
0 99 1878.75209678 284.965847151
0 100 1992.89805517 -24.327812209
0 101 2026.18140887 4.03719330709
0 102 1855.2471076 22.6169143885
0 103 2139.29943001 129.735867285
0 104 1820.49841462 333.163549218
0 105 1829.38160999 504.912607705
0 106 1666.6733033 414.902336863
0 107 1755.8848992 228.466145
0 108 1976.69815117 396.419061483
0 109 1924.1080106 460.784851609
0 110 1849.66465295 218.277376371
0 111 1670.47068688 322.487943364
0 112 1769.64912707 466.293825907
0 113 1723.15759587 477.297516605
0 114 1830.64192512 471.278672378
0 115 1867.56500701 215.170145218
0 116 1765.7588161 465.686118829
0 117 1841.62890673 380.877014144
0 118 1935.95741435 539.044052552
0 119 1857.61482383 375.361941118
0 120 1808.2825759 541.4033451
0 121 1919.27157879 377.094492594
0 122 1979.90038431 472.22034967
0 123 1821.45315723 384.297078856
0 124 1912.13691763 344.886552956
0 125 1833.0694766 202.682654769
0 126 1913.55779388 376.94070188
0 127 1773.69266189 307.770162347
0 128 2002.3040584 364.642313986
0 129 2278.90742597 953.456682457
0 130 2395.62216696 870.416168944
0 131 2354.45532629 804.735144741
0 132 2416.22159714 1077.56022115
0 133 2462.31160714 956.728154779
0 134 2356.76706536 922.846749791
0 135 2382.17548401 933.117143325
0 136 2169.07367827 890.254212684
0 137 2500.18120123 914.83818068
0 138 2417.49495254 860.542769934
0 139 2484.39591551 1017.67454005
0 140 2229.30252264 834.203517824
0 141 2297.65305396 974.801612348
0 142 2332.87138784 845.999320485
0 143 2232.15259582 887.581959906
0 144 2384.05383802 837.043239875
0 145 2435.07250065 853.115795566
0 146 1745.29955957 2891.33741328
0 147 1619.55595114 2760.17147672
0 148 1756.02059533 2991.45584536
0 149 1835.48384686 3037.42110915
0 150 1822.04165398 3001.10414595
0 151 1820.65479509 3030.66898906
0 152 1720.9705385 2763.52567812
0 153 1803.40689728 2906.00161299
0 154 1742.65431336 2893.23088514
0 155 1723.17325729 3020.28922224
0 156 1642.9851479 2837.27948229
0 157 1744.96630059 2879.93071424
0 158 1680.00311481 2854.3572092
0 159 1575.06944761 2904.02330205
0 160 1015.88878785 3025.55232986
0 161 826.776224703 2953.649283
0 162 972.704747106 2935.42180015
0 163 798.047070034 2786.80639078
0 164 1124.21562319 2846.65659698
0 165 1068.26818872 2881.09954622
0 166 876.87858116 2833.9380446
0 167 997.357726852 2663.38992435
0 168 1013.77828666 2977.89071747
0 169 1032.87611296 2896.51176263
0 170 936.183026014 2802.7206736
0 171 867.088874253 2826.17394525
0 172 868.419447825 2739.12228146
0 173 946.380550941 2850.92422291
0 174 1107.59820968 2754.03307594
0 175 904.776866554 2913.96232353
0 176 1039.89719036 2813.278661
0 177 793.210135833 2914.92005356
0 178 948.158414924 3008.43636922
0 179 932.954101467 2906.46784938
0 180 1142.53250403 2759.4317563
0 181 1074.46919388 2920.57484506
0 182 861.107345684 2978.2711307
0 183 836.519680647 2826.29409684
0 184 942.085051274 2709.0147423
0 185 1004.87770331 2856.89123968
0 186 921.403191944 3028.66134687
0 187 891.974643739 2939.34031299
0 188 864.46029965 2712.92893916
0 189 831.991050048 2809.30790415
0 190 1030.6003922 2689.8762619
0 191 991.837450152 2733.12709457
0 192 785.782613888 2834.113402
0 193 1082.57782403 2943.05365551
0 194 878.037645446 2883.28919478
0 195 1016.98407948 2807.04240556
0 196 962.208184206 2946.7413503
0 197 1047.59842627 2762.4101057
0 198 887.546042989 2768.42031076
0 199 1079.96532878 2889.94476594
600 0 2495 369
600 1 932 2672
600 2 298 611
600 3 79 2410
600 4 566 18
600 5 507 537
600 6 403 2571
600 7 1967 153
600 8 1849 381
600 9 2328 955
600 10 1752 2862
600 11 980 2844
600 12 179.938077423 742.746488827
600 13 292.434542593 782.586774027
600 14 244.939288939 629.902845731
600 15 220.923119002 631.886995701
600 16 163.77154697 530.437705584
600 17 344.016016249 692.337735921
600 18 454.571849608 686.244520157
600 19 339.542273855 486.164967515
600 20 299.634236221 786.786194883
600 21 377.043104581 432.247497501
600 22 444.703061027 694.539590513
600 23 216.26501652 625.220930809
600 24 369.882488043 442.201256545
600 25 62.6235411248 2274.60448526
600 26 168.416199666 2507.97752366
600 27 171.286341168 2498.54804363
600 28 184.279050779 2504.33077886
600 29 195.24922496 2479.54954521
600 30 205.961213577 2453.26325851
600 31 78.4433935144 2431.72694736
600 32 19.4325673621 2247.30208154
600 33 112.005093322 2553.21353329
600 34 177.688186653 2363.00614371
600 35 -63.3745196904 2409.18660961
600 36 -39.0658386254 2420.87118873
600 37 178.896123805 2346.77199516
600 38 156.168427178 2279.77363774
600 39 718.525355533 -107.999152658
600 40 720.061962939 6.44323401351
600 41 564.541977293 126.500934979
600 42 624.556765562 -79.4649868785
600 43 563.634040941 -67.6684177053
600 44 572.971639274 187.640036244
600 45 520.740674506 -39.5724600028
600 46 684.792376397 34.3304948546
600 47 751.746235885 31.3919120045
600 48 738.58471099 -9.23198792786
600 49 521.904555383 126.380024261
600 50 516.378898516 201.893705627
600 51 587.772777546 81.8240308504
600 52 476.465823281 -108.770589314
600 53 569.719853316 134.021802547
600 54 709.551328514 -118.411626162
600 55 565.143212341 -132.464008099
600 56 487.012223062 72.8249105077
600 57 653.90715726 -91.9952525976
600 58 620.482335548 16.2581174938
600 59 715.937517581 124.471720095
600 60 403.622728901 696.971997724
600 61 356.414581049 666.373490609
600 62 514.400680442 382.224852709
600 63 683.799546329 466.963147415
600 64 640.508016149 571.685289812
600 65 510.167793946 475.372444299
600 66 478.651622996 410.543210328
600 67 501.434327808 358.552299084
600 68 406.511001612 521.015340608
600 69 517.776154737 616.140684284
600 70 384.98027166 526.537848277
600 71 353.552464271 2406.56226218
600 72 369.579657971 2632.97033414
600 73 230.445675628 2546.01925885
600 74 446.602564899 2624.17817673
600 75 387.016098883 2612.25160308
600 76 309.571293042 2717.7106228
600 77 510.447872821 2686.21087757
600 78 510.330307009 2592.90866608
600 79 434.946400202 2535.55691745
600 80 388.399585184 2453.10349483
600 81 236.864237124 2585.8847054
600 82 442.286998498 2723.50640894
600 83 569.933944941 2512.75068026
600 84 354.750837039 2631.14610115
600 85 357.817271378 2746.50316638
600 86 409.598382783 2687.37047655
600 87 408.801716994 2461.42614252
600 88 490.485975279 2473.67877612
600 89 479.851777341 2636.05426291
600 90 2158.76947838 193.076512096
600 91 1946.22101548 59.0299884753
600 92 2098.91199985 119.543107099
600 93 1785.87321726 215.828961389
600 94 2019.96600732 -18.0159497184
600 95 1903.62024915 43.8226624455
600 96 1827.82894413 54.5310037526
600 97 1898.69492576 215.065570682
600 98 2068.52925097 297.343878997
600 99 1878.75209678 284.965847151
600 100 1992.89805517 -24.327812209
600 101 2026.18140887 4.03719330709
600 102 1855.2471076 22.6169143885
600 103 2139.29943001 129.735867285
600 104 1820.49841462 333.163549218
600 105 1829.38160999 504.912607705
600 106 1666.6733033 414.902336863
600 107 1755.8848992 228.466145
600 108 1976.69815117 396.419061483
600 109 1924.1080106 460.784851609
600 110 1849.66465295 218.277376371
600 111 1670.47068688 322.487943364
600 112 1769.64912707 466.293825907
600 113 1723.15759587 477.297516605
600 114 1830.64192512 471.278672378
600 115 1867.56500701 215.170145218
600 116 1765.7588161 465.686118829
600 117 1841.62890673 380.877014144
600 118 1935.95741435 539.044052552
600 119 1857.61482383 375.361941118
600 120 1808.2825759 541.4033451
600 121 1919.27157879 377.094492594
600 122 1979.90038431 472.22034967
600 123 1821.45315723 384.297078856
600 124 1912.13691763 344.886552956
600 125 1833.0694766 202.682654769
600 126 1913.55779388 376.94070188
600 127 1773.69266189 307.770162347
600 128 2002.3040584 364.642313986
600 129 2278.90742597 953.456682457
600 130 2395.62216696 870.416168944
600 131 2354.45532629 804.735144741
600 132 2416.22159714 1077.56022115
600 133 2462.31160714 956.728154779
600 134 2356.76706536 922.846749791
600 135 2382.17548401 933.117143325
600 136 2169.07367827 890.254212684
600 137 2500.18120123 914.83818068
600 138 2417.49495254 860.542769934
600 139 2484.39591551 1017.67454005
600 140 2229.30252264 834.203517824
600 141 2297.65305396 974.801612348
600 142 2332.87138784 845.999320485
600 143 2232.15259582 887.581959906
600 144 2384.05383802 837.043239875
600 145 2435.07250065 853.115795566
600 146 1745.29955957 2891.33741328
600 147 1619.55595114 2760.17147672
600 148 1756.02059533 2991.45584536
600 149 1835.48384686 3037.42110915
600 150 1822.04165398 3001.10414595
600 151 1820.65479509 3030.66898906
600 152 1720.9705385 2763.52567812
600 153 1803.40689728 2906.00161299
600 154 1742.65431336 2893.23088514
600 155 1723.17325729 3020.28922224
600 156 1642.9851479 2837.27948229
600 157 1744.96630059 2879.93071424
600 158 1680.00311481 2854.3572092
600 159 1575.06944761 2904.02330205
600 160 1015.88878785 3025.55232986
600 161 826.776224703 2953.649283
600 162 972.704747106 2935.42180015
600 163 798.047070034 2786.80639078
600 164 1124.21562319 2846.65659698
600 165 1068.26818872 2881.09954622
600 166 876.87858116 2833.9380446
600 167 997.357726852 2663.38992435
600 168 1013.77828666 2977.89071747
600 169 1032.87611296 2896.51176263
600 170 936.183026014 2802.7206736
600 171 867.088874253 2826.17394525
600 172 868.419447825 2739.12228146
600 173 946.380550941 2850.92422291
600 174 1107.59820968 2754.03307594
600 175 904.776866554 2913.96232353
600 176 1039.89719036 2813.278661
600 177 793.210135833 2914.92005356
600 178 948.158414924 3008.43636922
600 179 932.954101467 2906.46784938
600 180 1142.53250403 2759.4317563
600 181 1074.46919388 2920.57484506
600 182 861.107345684 2978.2711307
600 183 836.519680647 2826.29409684
600 184 942.085051274 2709.0147423
600 185 1004.87770331 2856.89123968
600 186 921.403191944 3028.66134687
600 187 891.974643739 2939.34031299
600 188 864.46029965 2712.92893916
600 189 831.991050048 2809.30790415
600 190 1030.6003922 2689.8762619
600 191 991.837450152 2733.12709457
600 192 785.782613888 2834.113402
600 193 1082.57782403 2943.05365551
600 194 878.037645446 2883.28919478
600 195 1016.98407948 2807.04240556
600 196 962.208184206 2946.7413503
600 197 1047.59842627 2762.4101057
600 198 887.546042989 2768.42031076
600 199 1079.96532878 2889.94476594
1200 0 2495 369
1200 1 932 2672
1200 2 298 611
1200 3 79 2410
1200 4 566 18
1200 5 507 537
1200 6 403 2571
1200 7 1967 153
1200 8 1849 381
1200 9 2328 955
1200 10 1752 2862
1200 11 980 2844
1200 12 179.938077423 742.746488827
1200 13 292.434542593 782.586774027
1200 14 244.939288939 629.902845731
1200 15 220.923119002 631.886995701
1200 16 163.77154697 530.437705584
1200 17 344.016016249 692.337735921
1200 18 454.571849608 686.244520157
1200 19 339.542273855 486.164967515
1200 20 299.634236221 786.786194883
1200 21 377.043104581 432.247497501
1200 22 444.703061027 694.539590513
1200 23 216.26501652 625.220930809
1200 24 369.882488043 442.201256545
1200 25 62.6235411248 2274.60448526
1200 26 168.416199666 2507.97752366
1200 27 171.286341168 2498.54804363
1200 28 184.279050779 2504.33077886
1200 29 195.24922496 2479.54954521
1200 30 205.961213577 2453.26325851
1200 31 78.4433935144 2431.72694736
1200 32 19.4325673621 2247.30208154
1200 33 112.005093322 2553.21353329
1200 34 177.688186653 2363.00614371
1200 35 -63.3745196904 2409.18660961
1200 36 -39.0658386254 2420.87118873
1200 37 178.896123805 2346.77199516
1200 38 156.168427178 2279.77363774
1200 39 718.525355533 -107.999152658
1200 40 720.061962939 6.44323401351
1200 41 564.541977293 126.500934979
1200 42 624.556765562 -79.4649868785
1200 43 563.634040941 -67.6684177053
1200 44 572.971639274 187.640036244
1200 45 520.740674506 -39.5724600028
1200 46 684.792376397 34.3304948546
1200 47 751.746235885 31.3919120045
1200 48 738.58471099 -9.23198792786
1200 49 521.904555383 126.380024261
1200 50 516.378898516 201.893705627
1200 51 587.772777546 81.8240308504
1200 52 476.465823281 -108.770589314
1200 53 569.719853316 134.021802547
1200 54 709.551328514 -118.411626162
1200 55 565.143212341 -132.464008099
1200 56 487.012223062 72.8249105077
1200 57 653.90715726 -91.9952525976
1200 58 620.482335548 16.2581174938
1200 59 715.937517581 124.471720095
1200 60 403.622728901 696.971997724
1200 61 356.414581049 666.373490609
1200 62 514.400680442 382.224852709
1200 63 683.799546329 466.963147415
1200 64 640.508016149 571.685289812
1200 65 510.167793946 475.372444299
1200 66 478.651622996 410.543210328
1200 67 501.434327808 358.552299084
1200 68 406.511001612 521.015340608
1200 69 517.776154737 616.140684284
1200 70 384.98027166 526.537848277
1200 71 353.552464271 2406.56226218
1200 72 369.579657971 2632.97033414
1200 73 230.445675628 2546.01925885
1200 74 446.602564899 2624.17817673
1200 75 387.016098883 2612.25160308
1200 76 309.571293042 2717.7106228
1200 77 510.447872821 2686.21087757
1200 78 510.330307009 2592.90866608
1200 79 434.946400202 2535.55691745
1200 80 388.399585184 2453.10349483
1200 81 236.864237124 2585.8847054
1200 82 442.286998498 2723.50640894
1200 83 569.933944941 2512.75068026
1200 84 354.750837039 2631.14610115
1200 85 357.817271378 2746.50316638
1200 86 409.598382783 2687.37047655
1200 87 408.801716994 2461.42614252
1200 88 490.485975279 2473.67877612
1200 89 479.851777341 2636.05426291
1200 90 2158.76947838 193.076512096
1200 91 1946.22101548 59.0299884753
1200 92 2098.91199985 119.543107099
1200 93 1785.87321726 215.828961389
1200 94 2019.96600732 -18.0159497184
1200 95 1903.62024915 43.8226624455
1200 96 1827.82894413 54.5310037526
1200 97 1898.69492576 215.065570682
1200 98 2068.52925097 297.343878997
1200 99 1878.75209678 284.965847151
1200 100 1992.89805517 -24.327812209
1200 101 2026.18140887 4.03719330709
1200 102 1855.2471076 22.6169143885
1200 103 2139.29943001 129.735867285
1200 104 1820.49841462 333.163549218
1200 105 1829.38160999 504.912607705
1200 106 1666.6733033 414.902336863
1200 107 1755.8848992 228.466145
1200 108 1976.69815117 396.419061483
1200 109 1924.1080106 460.784851609
1200 110 1849.66465295 218.277376371
1200 111 1670.47068688 322.487943364
1200 112 1769.64912707 466.293825907
1200 113 1723.15759587 477.297516605
1200 114 1830.64192512 471.278672378
1200 115 1867.56500701 215.170145218
1200 116 1765.7588161 465.686118829
1200 117 1841.62890673 380.877014144
1200 118 1935.95741435 539.044052552
1200 119 1857.61482383 375.361941118
1200 120 1808.2825759 541.4033451
1200 121 1919.27157879 377.094492594
1200 122 1979.90038431 472.22034967
1200 123 1821.45315723 384.297078856
1200 124 1912.13691763 344.886552956
1200 125 1833.0694766 202.682654769
1200 126 1913.55779388 376.94070188
1200 127 1773.69266189 307.770162347
1200 128 2002.3040584 364.642313986
1200 129 2278.90742597 953.456682457
1200 130 2395.62216696 870.416168944
1200 131 2354.45532629 804.735144741
1200 132 2416.22159714 1077.56022115
1200 133 2462.31160714 956.728154779
1200 134 2356.76706536 922.846749791
1200 135 2382.17548401 933.117143325
1200 136 2169.07367827 890.254212684
1200 137 2500.18120123 914.83818068
1200 138 2417.49495254 860.542769934
1200 139 2484.39591551 1017.67454005
1200 140 2229.30252264 834.203517824
1200 141 2297.65305396 974.801612348
1200 142 2332.87138784 845.999320485
1200 143 2232.15259582 887.581959906
1200 144 2384.05383802 837.043239875
1200 145 2435.07250065 853.115795566
1200 146 1745.29955957 2891.33741328
1200 147 1619.55595114 2760.17147672
1200 148 1756.02059533 2991.45584536
1200 149 1835.48384686 3037.42110915
1200 150 1822.04165398 3001.10414595
1200 151 1820.65479509 3030.66898906
1200 152 1720.9705385 2763.52567812
1200 153 1803.40689728 2906.00161299
1200 154 1742.65431336 2893.23088514
1200 155 1723.17325729 3020.28922224
1200 156 1642.9851479 2837.27948229
1200 157 1744.96630059 2879.93071424
1200 158 1680.00311481 2854.3572092
1200 159 1575.06944761 2904.02330205
1200 160 1015.88878785 3025.55232986
1200 161 826.776224703 2953.649283
1200 162 972.704747106 2935.42180015
1200 163 798.047070034 2786.80639078
1200 164 1124.21562319 2846.65659698
1200 165 1068.26818872 2881.09954622
1200 166 876.87858116 2833.9380446
1200 167 997.357726852 2663.38992435
1200 168 1013.77828666 2977.89071747
1200 169 1032.87611296 2896.51176263
1200 170 936.183026014 2802.7206736
1200 171 867.088874253 2826.17394525
1200 172 868.419447825 2739.12228146
1200 173 946.380550941 2850.92422291
1200 174 1107.59820968 2754.03307594
1200 175 904.776866554 2913.96232353
1200 176 1039.89719036 2813.278661
1200 177 793.210135833 2914.92005356
1200 178 948.158414924 3008.43636922
1200 179 932.954101467 2906.46784938
1200 180 1142.53250403 2759.4317563
1200 181 1074.46919388 2920.57484506
1200 182 861.107345684 2978.2711307
1200 183 836.519680647 2826.29409684
1200 184 942.085051274 2709.0147423
1200 185 1004.87770331 2856.89123968
1200 186 921.403191944 3028.66134687
1200 187 891.974643739 2939.34031299
1200 188 864.46029965 2712.92893916
1200 189 831.991050048 2809.30790415
1200 190 1030.6003922 2689.8762619
1200 191 991.837450152 2733.12709457
1200 192 785.782613888 2834.113402
1200 193 1082.57782403 2943.05365551
1200 194 878.037645446 2883.28919478
1200 195 1016.98407948 2807.04240556
1200 196 962.208184206 2946.7413503
1200 197 1047.59842627 2762.4101057
1200 198 887.546042989 2768.42031076
1200 199 1079.96532878 2889.94476594
1800 0 2495 369
1800 1 932 2672
1800 2 298 611
1800 3 79 2410
1800 4 566 18
1800 5 507 537
1800 6 403 2571
1800 7 1967 153
1800 8 1849 381
1800 9 2328 955
1800 10 1752 2862
1800 11 980 2844
1800 12 179.938077423 742.746488827
1800 13 292.434542593 782.586774027
1800 14 244.939288939 629.902845731
1800 15 220.923119002 631.886995701
1800 16 163.77154697 530.437705584
1800 17 344.016016249 692.337735921
1800 18 454.571849608 686.244520157
1800 19 339.542273855 486.164967515
1800 20 299.634236221 786.786194883
1800 21 377.043104581 432.247497501
1800 22 444.703061027 694.539590513
1800 23 216.26501652 625.220930809
1800 24 369.882488043 442.201256545
1800 25 62.6235411248 2274.60448526
1800 26 168.416199666 2507.97752366
1800 27 171.286341168 2498.54804363
1800 28 184.279050779 2504.33077886
1800 29 195.24922496 2479.54954521
1800 30 205.961213577 2453.26325851
1800 31 78.4433935144 2431.72694736
1800 32 19.4325673621 2247.30208154
1800 33 112.005093322 2553.21353329
1800 34 177.688186653 2363.00614371
1800 35 -63.3745196904 2409.18660961
1800 36 -39.0658386254 2420.87118873
1800 37 178.896123805 2346.77199516
1800 38 156.168427178 2279.77363774
1800 39 718.525355533 -107.999152658
1800 40 720.061962939 6.44323401351
1800 41 564.541977293 126.500934979
1800 42 624.556765562 -79.4649868785
1800 43 563.634040941 -67.6684177053
1800 44 572.971639274 187.640036244
1800 45 520.740674506 -39.5724600028
1800 46 684.792376397 34.3304948546
1800 47 751.746235885 31.3919120045
1800 48 738.58471099 -9.23198792786
1800 49 521.904555383 126.380024261
1800 50 516.378898516 201.893705627
1800 51 587.772777546 81.8240308504
1800 52 476.465823281 -108.770589314
1800 53 569.719853316 134.021802547
1800 54 709.551328514 -118.411626162
1800 55 565.143212341 -132.464008099
1800 56 487.012223062 72.8249105077
1800 57 653.90715726 -91.9952525976
1800 58 620.482335548 16.2581174938
1800 59 715.937517581 124.471720095
1800 60 403.622728901 696.971997724
1800 61 356.414581049 666.373490609
1800 62 514.400680442 382.224852709
1800 63 683.799546329 466.963147415
1800 64 640.508016149 571.685289812
1800 65 510.167793946 475.372444299
1800 66 478.651622996 410.543210328
1800 67 501.434327808 358.552299084
1800 68 406.511001612 521.015340608
1800 69 517.776154737 616.140684284
1800 70 384.98027166 526.537848277
1800 71 353.552464271 2406.56226218
1800 72 369.579657971 2632.97033414
1800 73 230.445675628 2546.01925885
1800 74 446.602564899 2624.17817673
1800 75 387.016098883 2612.25160308
1800 76 309.571293042 2717.7106228
1800 77 510.447872821 2686.21087757
1800 78 510.330307009 2592.90866608
1800 79 434.946400202 2535.55691745
1800 80 388.399585184 2453.10349483
1800 81 236.864237124 2585.8847054
1800 82 442.286998498 2723.50640894
1800 83 569.933944941 2512.75068026
1800 84 354.750837039 2631.14610115
1800 85 357.817271378 2746.50316638
1800 86 409.598382783 2687.37047655
1800 87 408.801716994 2461.42614252
1800 88 490.485975279 2473.67877612
1800 89 479.851777341 2636.05426291
1800 90 2158.76947838 193.076512096
1800 91 1946.22101548 59.0299884753
1800 92 2098.91199985 119.543107099
1800 93 1785.87321726 215.828961389
1800 94 2019.96600732 -18.0159497184
1800 95 1903.62024915 43.8226624455
1800 96 1827.82894413 54.5310037526
1800 97 1898.69492576 215.065570682
1800 98 2068.52925097 297.343878997
1800 99 1878.75209678 284.965847151
1800 100 1992.89805517 -24.327812209
1800 101 2026.18140887 4.03719330709
1800 102 1855.2471076 22.6169143885
1800 103 2139.29943001 129.735867285
1800 104 1820.49841462 333.163549218
1800 105 1829.38160999 504.912607705
1800 106 1666.6733033 414.902336863
1800 107 1755.8848992 228.466145
1800 108 1976.69815117 396.419061483
1800 109 1924.1080106 460.784851609
1800 110 1849.66465295 218.277376371
1800 111 1670.47068688 322.487943364
1800 112 1769.64912707 466.293825907
1800 113 1723.15759587 477.297516605
1800 114 1830.64192512 471.278672378
1800 115 1867.56500701 215.170145218
1800 116 1765.7588161 465.686118829
1800 117 1841.62890673 380.877014144
1800 118 1935.95741435 539.044052552
1800 119 1857.61482383 375.361941118
1800 120 1808.2825759 541.4033451
1800 121 1919.27157879 377.094492594
1800 122 1979.90038431 472.22034967
1800 123 1821.45315723 384.297078856
1800 124 1912.13691763 344.886552956
1800 125 1833.0694766 202.682654769
1800 126 1913.55779388 376.94070188
1800 127 1773.69266189 307.770162347
1800 128 2002.3040584 364.642313986
1800 129 2278.90742597 953.456682457
1800 130 2395.62216696 870.416168944
1800 131 2354.45532629 804.735144741
1800 132 2416.22159714 1077.56022115
1800 133 2462.31160714 956.728154779
1800 134 2356.76706536 922.846749791
1800 135 2382.17548401 933.117143325
1800 136 2169.07367827 890.254212684
1800 137 2500.18120123 914.83818068
1800 138 2417.49495254 860.542769934
1800 139 2484.39591551 1017.67454005
1800 140 2229.30252264 834.203517824
1800 141 2297.65305396 974.801612348
1800 142 2332.87138784 845.999320485
1800 143 2232.15259582 887.581959906
1800 144 2384.05383802 837.043239875
1800 145 2435.07250065 853.115795566
1800 146 1745.29955957 2891.33741328
1800 147 1619.55595114 2760.17147672
1800 148 1756.02059533 2991.45584536
1800 149 1835.48384686 3037.42110915
1800 150 1822.04165398 3001.10414595
1800 151 1820.65479509 3030.66898906
1800 152 1720.9705385 2763.52567812
1800 153 1803.40689728 2906.00161299
1800 154 1742.65431336 2893.23088514
1800 155 1723.17325729 3020.28922224
1800 156 1642.9851479 2837.27948229
1800 157 1744.96630059 2879.93071424
1800 158 1680.00311481 2854.3572092
1800 159 1575.06944761 2904.02330205
1800 160 1015.88878785 3025.55232986
1800 161 826.776224703 2953.649283
1800 162 972.704747106 2935.42180015
1800 163 798.047070034 2786.80639078
1800 164 1124.21562319 2846.65659698
1800 165 1068.26818872 2881.09954622
1800 166 876.87858116 2833.9380446
1800 167 997.357726852 2663.38992435
1800 168 1013.77828666 2977.89071747
1800 169 1032.87611296 2896.51176263
1800 170 936.183026014 2802.7206736
1800 171 867.088874253 2826.17394525
1800 172 868.419447825 2739.12228146
1800 173 946.380550941 2850.92422291
1800 174 1107.59820968 2754.03307594
1800 175 904.776866554 2913.96232353
1800 176 1039.89719036 2813.278661
1800 177 793.210135833 2914.92005356
1800 178 948.158414924 3008.43636922
1800 179 932.954101467 2906.46784938
1800 180 1142.53250403 2759.4317563
1800 181 1074.46919388 2920.57484506
1800 182 861.107345684 2978.2711307
1800 183 836.519680647 2826.29409684
1800 184 942.085051274 2709.0147423
1800 185 1004.87770331 2856.89123968
1800 186 921.403191944 3028.66134687
1800 187 891.974643739 2939.34031299
1800 188 864.46029965 2712.92893916
1800 189 831.991050048 2809.30790415
1800 190 1030.6003922 2689.8762619
1800 191 991.837450152 2733.12709457
1800 192 785.782613888 2834.113402
1800 193 1082.57782403 2943.05365551
1800 194 878.037645446 2883.28919478
1800 195 1016.98407948 2807.04240556
1800 196 962.208184206 2946.7413503
1800 197 1047.59842627 2762.4101057
1800 198 887.546042989 2768.42031076
1800 199 1079.96532878 2889.94476594
2400 0 2495 369
2400 1 932 2672
2400 2 298 611
2400 3 79 2410
2400 4 566 18
2400 5 507 537
2400 6 403 2571
2400 7 1967 153
2400 8 1849 381
2400 9 2328 955
2400 10 1752 2862
2400 11 980 2844
2400 12 179.938077423 742.746488827
2400 13 292.434542593 782.586774027
2400 14 244.939288939 629.902845731
2400 15 220.923119002 631.886995701
2400 16 163.77154697 530.437705584
2400 17 344.016016249 692.337735921
2400 18 454.571849608 686.244520157
2400 19 339.542273855 486.164967515
2400 20 299.634236221 786.786194883
2400 21 377.043104581 432.247497501
2400 22 444.703061027 694.539590513
2400 23 216.26501652 625.220930809
2400 24 369.882488043 442.201256545
2400 25 62.6235411248 2274.60448526
2400 26 168.416199666 2507.97752366
2400 27 171.286341168 2498.54804363
2400 28 184.279050779 2504.33077886
2400 29 195.24922496 2479.54954521
2400 30 205.961213577 2453.26325851
2400 31 78.4433935144 2431.72694736
2400 32 19.4325673621 2247.30208154
2400 33 112.005093322 2553.21353329
2400 34 177.688186653 2363.00614371
2400 35 -63.3745196904 2409.18660961
2400 36 -39.0658386254 2420.87118873
2400 37 178.896123805 2346.77199516
2400 38 156.168427178 2279.77363774
2400 39 718.525355533 -107.999152658
2400 40 720.061962939 6.44323401351
2400 41 564.541977293 126.500934979
2400 42 624.556765562 -79.4649868785
2400 43 563.634040941 -67.6684177053
2400 44 572.971639274 187.640036244
2400 45 520.740674506 -39.5724600028
2400 46 684.792376397 34.3304948546
2400 47 751.746235885 31.3919120045
2400 48 738.58471099 -9.23198792786
2400 49 521.904555383 126.380024261
2400 50 516.378898516 201.893705627
2400 51 587.772777546 81.8240308504
2400 52 476.465823281 -108.770589314
2400 53 569.719853316 134.021802547
2400 54 709.551328514 -118.411626162
2400 55 565.143212341 -132.464008099
2400 56 487.012223062 72.8249105077
2400 57 653.90715726 -91.9952525976
2400 58 620.482335548 16.2581174938
2400 59 715.937517581 124.471720095
2400 60 403.622728901 696.971997724
2400 61 356.414581049 666.373490609
2400 62 514.400680442 382.224852709
2400 63 683.799546329 466.963147415
2400 64 640.508016149 571.685289812
2400 65 510.167793946 475.372444299
2400 66 478.651622996 410.543210328
2400 67 501.434327808 358.552299084
2400 68 406.511001612 521.015340608
2400 69 517.776154737 616.140684284
2400 70 384.98027166 526.537848277
2400 71 353.552464271 2406.56226218
2400 72 369.579657971 2632.97033414
2400 73 230.445675628 2546.01925885
2400 74 446.602564899 2624.17817673
2400 75 387.016098883 2612.25160308
2400 76 309.571293042 2717.7106228
2400 77 510.447872821 2686.21087757
2400 78 510.330307009 2592.90866608
2400 79 434.946400202 2535.55691745
2400 80 388.399585184 2453.10349483
2400 81 236.864237124 2585.8847054
2400 82 442.286998498 2723.50640894
2400 83 569.933944941 2512.75068026
2400 84 354.750837039 2631.14610115
2400 85 357.817271378 2746.50316638
2400 86 409.598382783 2687.37047655
2400 87 408.801716994 2461.42614252
2400 88 490.485975279 2473.67877612
2400 89 479.851777341 2636.05426291
2400 90 2158.76947838 193.076512096
2400 91 1946.22101548 59.0299884753
2400 92 2098.91199985 119.543107099
2400 93 1785.87321726 215.828961389
2400 94 2019.96600732 -18.0159497184
2400 95 1903.62024915 43.8226624455
2400 96 1827.82894413 54.5310037526
2400 97 1898.69492576 215.065570682
2400 98 2068.52925097 297.343878997
2400 99 1878.75209678 284.965847151
2400 100 1992.89805517 -24.327812209
2400 101 2026.18140887 4.03719330709
2400 102 1855.2471076 22.6169143885
2400 103 2139.29943001 129.735867285
2400 104 1820.49841462 333.163549218
2400 105 1829.38160999 504.912607705
2400 106 1666.6733033 414.902336863
2400 107 1755.8848992 228.466145
2400 108 1976.69815117 396.419061483
2400 109 1924.1080106 460.784851609
2400 110 1849.66465295 218.277376371
2400 111 1670.47068688 322.487943364
2400 112 1769.64912707 466.293825907
2400 113 1723.15759587 477.297516605
2400 114 1830.64192512 471.278672378
2400 115 1867.56500701 215.170145218
2400 116 1765.7588161 465.686118829
2400 117 1841.62890673 380.877014144
2400 118 1935.95741435 539.044052552
2400 119 1857.61482383 375.361941118
2400 120 1808.2825759 541.4033451
2400 121 1919.27157879 377.094492594
2400 122 1979.90038431 472.22034967
2400 123 1821.45315723 384.297078856
2400 124 1912.13691763 344.886552956
2400 125 1833.0694766 202.682654769
2400 126 1913.55779388 376.94070188
2400 127 1773.69266189 307.770162347
2400 128 2002.3040584 364.642313986
2400 129 2278.90742597 953.456682457
2400 130 2395.62216696 870.416168944
2400 131 2354.45532629 804.735144741
2400 132 2416.22159714 1077.56022115
2400 133 2462.31160714 956.728154779
2400 134 2356.76706536 922.846749791
2400 135 2382.17548401 933.117143325
2400 136 2169.07367827 890.254212684
2400 137 2500.18120123 914.83818068
2400 138 2417.49495254 860.542769934
2400 139 2484.39591551 1017.67454005
2400 140 2229.30252264 834.203517824
2400 141 2297.65305396 974.801612348
2400 142 2332.87138784 845.999320485
2400 143 2232.15259582 887.581959906
2400 144 2384.05383802 837.043239875
2400 145 2435.07250065 853.115795566
2400 146 1745.29955957 2891.33741328
2400 147 1619.55595114 2760.17147672
2400 148 1756.02059533 2991.45584536
2400 149 1835.48384686 3037.42110915
2400 150 1822.04165398 3001.10414595
2400 151 1820.65479509 3030.66898906
2400 152 1720.9705385 2763.52567812
2400 153 1803.40689728 2906.00161299
2400 154 1742.65431336 2893.23088514
2400 155 1723.17325729 3020.28922224
2400 156 1642.9851479 2837.27948229
2400 157 1744.96630059 2879.93071424
2400 158 1680.00311481 2854.3572092
2400 159 1575.06944761 2904.02330205
2400 160 1015.88878785 3025.55232986
2400 161 826.776224703 2953.649283
2400 162 972.704747106 2935.42180015
2400 163 798.047070034 2786.80639078
2400 164 1124.21562319 2846.65659698
2400 165 1068.26818872 2881.09954622
2400 166 876.87858116 2833.9380446
2400 167 997.357726852 2663.38992435
2400 168 1013.77828666 2977.89071747
2400 169 1032.87611296 2896.51176263
2400 170 936.183026014 2802.7206736
2400 171 867.088874253 2826.17394525
2400 172 868.419447825 2739.12228146
2400 173 946.380550941 2850.92422291
2400 174 1107.59820968 2754.03307594
2400 175 904.776866554 2913.96232353
2400 176 1039.89719036 2813.278661
2400 177 793.210135833 2914.92005356
2400 178 948.158414924 3008.43636922
2400 179 932.954101467 2906.46784938
2400 180 1142.53250403 2759.4317563
2400 181 1074.46919388 2920.57484506
2400 182 861.107345684 2978.2711307
2400 183 836.519680647 2826.29409684
2400 184 942.085051274 2709.0147423
2400 185 1004.87770331 2856.89123968
2400 186 921.403191944 3028.66134687
2400 187 891.974643739 2939.34031299
2400 188 864.46029965 2712.92893916
2400 189 831.991050048 2809.30790415
2400 190 1030.6003922 2689.8762619
2400 191 991.837450152 2733.12709457
2400 192 785.782613888 2834.113402
2400 193 1082.57782403 2943.05365551
2400 194 878.037645446 2883.28919478
2400 195 1016.98407948 2807.04240556
2400 196 962.208184206 2946.7413503
2400 197 1047.59842627 2762.4101057
2400 198 887.546042989 2768.42031076
2400 199 1079.96532878 2889.94476594
3000 0 2495 369
3000 1 932 2672
3000 2 298 611
3000 3 79 2410
3000 4 566 18
3000 5 507 537
3000 6 403 2571
3000 7 1967 153
3000 8 1849 381
3000 9 2328 955
3000 10 1752 2862
3000 11 980 2844
3000 12 179.938077423 742.746488827
3000 13 292.434542593 782.586774027
3000 14 244.939288939 629.902845731
3000 15 220.923119002 631.886995701
3000 16 163.77154697 530.437705584
3000 17 344.016016249 692.337735921
3000 18 454.571849608 686.244520157
3000 19 339.542273855 486.164967515
3000 20 299.634236221 786.786194883
3000 21 377.043104581 432.247497501
3000 22 444.703061027 694.539590513
3000 23 216.26501652 625.220930809
3000 24 369.882488043 442.201256545
3000 25 62.6235411248 2274.60448526
3000 26 168.416199666 2507.97752366
3000 27 171.286341168 2498.54804363
3000 28 184.279050779 2504.33077886
3000 29 195.24922496 2479.54954521
3000 30 205.961213577 2453.26325851
3000 31 78.4433935144 2431.72694736
3000 32 19.4325673621 2247.30208154
3000 33 112.005093322 2553.21353329
3000 34 177.688186653 2363.00614371
3000 35 -63.3745196904 2409.18660961
3000 36 -39.0658386254 2420.87118873
3000 37 178.896123805 2346.77199516
3000 38 156.168427178 2279.77363774
3000 39 718.525355533 -107.999152658
3000 40 720.061962939 6.44323401351
3000 41 564.541977293 126.500934979
3000 42 624.556765562 -79.4649868785
3000 43 563.634040941 -67.6684177053
3000 44 572.971639274 187.640036244
3000 45 520.740674506 -39.5724600028
3000 46 684.792376397 34.3304948546
3000 47 751.746235885 31.3919120045
3000 48 738.58471099 -9.23198792786
3000 49 521.904555383 126.380024261
3000 50 516.378898516 201.893705627
3000 51 587.772777546 81.8240308504
3000 52 476.465823281 -108.770589314
3000 53 569.719853316 134.021802547
3000 54 709.551328514 -118.411626162
3000 55 565.143212341 -132.464008099
3000 56 487.012223062 72.8249105077
3000 57 653.90715726 -91.9952525976
3000 58 620.482335548 16.2581174938
3000 59 715.937517581 124.471720095
3000 60 403.622728901 696.971997724
3000 61 356.414581049 666.373490609
3000 62 514.400680442 382.224852709
3000 63 683.799546329 466.963147415
3000 64 640.508016149 571.685289812
3000 65 510.167793946 475.372444299
3000 66 478.651622996 410.543210328
3000 67 501.434327808 358.552299084
3000 68 406.511001612 521.015340608
3000 69 517.776154737 616.140684284
3000 70 384.98027166 526.537848277
3000 71 353.552464271 2406.56226218
3000 72 369.579657971 2632.97033414
3000 73 230.445675628 2546.01925885
3000 74 446.602564899 2624.17817673
3000 75 387.016098883 2612.25160308
3000 76 309.571293042 2717.7106228
3000 77 510.447872821 2686.21087757
3000 78 510.330307009 2592.90866608
3000 79 434.946400202 2535.55691745
3000 80 388.399585184 2453.10349483
3000 81 236.864237124 2585.8847054
3000 82 442.286998498 2723.50640894
3000 83 569.933944941 2512.75068026
3000 84 354.750837039 2631.14610115
3000 85 357.817271378 2746.50316638
3000 86 409.598382783 2687.37047655
3000 87 408.801716994 2461.42614252
3000 88 490.485975279 2473.67877612
3000 89 479.851777341 2636.05426291
3000 90 2158.76947838 193.076512096
3000 91 1946.22101548 59.0299884753
3000 92 2098.91199985 119.543107099
3000 93 1785.87321726 215.828961389
3000 94 2019.96600732 -18.0159497184
3000 95 1903.62024915 43.8226624455
3000 96 1827.82894413 54.5310037526
3000 97 1898.69492576 215.065570682
3000 98 2068.52925097 297.343878997
3000 99 1878.75209678 284.965847151
3000 100 1992.89805517 -24.327812209
3000 101 2026.18140887 4.03719330709
3000 102 1855.2471076 22.6169143885
3000 103 2139.29943001 129.735867285
3000 104 1820.49841462 333.163549218
3000 105 1829.38160999 504.912607705
3000 106 1666.6733033 414.902336863
3000 107 1755.8848992 228.466145
3000 108 1976.69815117 396.419061483
3000 109 1924.1080106 460.784851609
3000 110 1849.66465295 218.277376371
3000 111 1670.47068688 322.487943364
3000 112 1769.64912707 466.293825907
3000 113 1723.15759587 477.297516605
3000 114 1830.64192512 471.278672378
3000 115 1867.56500701 215.170145218
3000 116 1765.7588161 465.686118829
3000 117 1841.62890673 380.877014144
3000 118 1935.95741435 539.044052552
3000 119 1857.61482383 375.361941118
3000 120 1808.2825759 541.4033451
3000 121 1919.27157879 377.094492594
3000 122 1979.90038431 472.22034967
3000 123 1821.45315723 384.297078856
3000 124 1912.13691763 344.886552956
3000 125 1833.0694766 202.682654769
3000 126 1913.55779388 376.94070188
3000 127 1773.69266189 307.770162347
3000 128 2002.3040584 364.642313986
3000 129 2278.90742597 953.456682457
3000 130 2395.62216696 870.416168944
3000 131 2354.45532629 804.735144741
3000 132 2416.22159714 1077.56022115
3000 133 2462.31160714 956.728154779
3000 134 2356.76706536 922.846749791
3000 135 2382.17548401 933.117143325
3000 136 2169.07367827 890.254212684
3000 137 2500.18120123 914.83818068
3000 138 2417.49495254 860.542769934
3000 139 2484.39591551 1017.67454005
3000 140 2229.30252264 834.203517824
3000 141 2297.65305396 974.801612348
3000 142 2332.87138784 845.999320485
3000 143 2232.15259582 887.581959906
3000 144 2384.05383802 837.043239875
3000 145 2435.07250065 853.115795566
3000 146 1745.29955957 2891.33741328
3000 147 1619.55595114 2760.17147672
3000 148 1756.02059533 2991.45584536
3000 149 1835.48384686 3037.42110915
3000 150 1822.04165398 3001.10414595
3000 151 1820.65479509 3030.66898906
3000 152 1720.9705385 2763.52567812
3000 153 1803.40689728 2906.00161299
3000 154 1742.65431336 2893.23088514
3000 155 1723.17325729 3020.28922224
3000 156 1642.9851479 2837.27948229
3000 157 1744.96630059 2879.93071424
3000 158 1680.00311481 2854.3572092
3000 159 1575.06944761 2904.02330205
3000 160 1015.88878785 3025.55232986
3000 161 826.776224703 2953.649283
3000 162 972.704747106 2935.42180015
3000 163 798.047070034 2786.80639078
3000 164 1124.21562319 2846.65659698
3000 165 1068.26818872 2881.09954622
3000 166 876.87858116 2833.9380446
3000 167 997.357726852 2663.38992435
3000 168 1013.77828666 2977.89071747
3000 169 1032.87611296 2896.51176263
3000 170 936.183026014 2802.7206736
3000 171 867.088874253 2826.17394525
3000 172 868.419447825 2739.12228146
3000 173 946.380550941 2850.92422291
3000 174 1107.59820968 2754.03307594
3000 175 904.776866554 2913.96232353
3000 176 1039.89719036 2813.278661
3000 177 793.210135833 2914.92005356
3000 178 948.158414924 3008.43636922
3000 179 932.954101467 2906.46784938
3000 180 1142.53250403 2759.4317563
3000 181 1074.46919388 2920.57484506
3000 182 861.107345684 2978.2711307
3000 183 836.519680647 2826.29409684
3000 184 942.085051274 2709.0147423
3000 185 1004.87770331 2856.89123968
3000 186 921.403191944 3028.66134687
3000 187 891.974643739 2939.34031299
3000 188 864.46029965 2712.92893916
3000 189 831.991050048 2809.30790415
3000 190 1030.6003922 2689.8762619
3000 191 991.837450152 2733.12709457
3000 192 785.782613888 2834.113402
3000 193 1082.57782403 2943.05365551
3000 194 878.037645446 2883.28919478
3000 195 1016.98407948 2807.04240556
3000 196 962.208184206 2946.7413503
3000 197 1047.59842627 2762.4101057
3000 198 887.546042989 2768.42031076
3000 199 1079.96532878 2889.94476594
3600 0 2495 369
3600 1 932 2672
3600 2 298 611
3600 3 79 2410
3600 4 566 18
3600 5 507 537
3600 6 403 2571
3600 7 1967 153
3600 8 1849 381
3600 9 2328 955
3600 10 1752 2862
3600 11 980 2844
3600 12 179.938077423 742.746488827
3600 13 292.434542593 782.586774027
3600 14 244.939288939 629.902845731
3600 15 220.923119002 631.886995701
3600 16 163.77154697 530.437705584
3600 17 344.016016249 692.337735921
3600 18 454.571849608 686.244520157
3600 19 339.542273855 486.164967515
3600 20 299.634236221 786.786194883
3600 21 377.043104581 432.247497501
3600 22 444.703061027 694.539590513
3600 23 216.26501652 625.220930809
3600 24 369.882488043 442.201256545
3600 25 62.6235411248 2274.60448526
3600 26 168.416199666 2507.97752366
3600 27 171.286341168 2498.54804363
3600 28 184.279050779 2504.33077886
3600 29 195.24922496 2479.54954521
3600 30 205.961213577 2453.26325851
3600 31 78.4433935144 2431.72694736
3600 32 19.4325673621 2247.30208154
3600 33 112.005093322 2553.21353329
3600 34 177.688186653 2363.00614371
3600 35 -63.3745196904 2409.18660961
3600 36 -39.0658386254 2420.87118873
3600 37 178.896123805 2346.77199516
3600 38 156.168427178 2279.77363774
3600 39 718.525355533 -107.999152658
3600 40 720.061962939 6.44323401351
3600 41 564.541977293 126.500934979
3600 42 624.556765562 -79.4649868785
3600 43 563.634040941 -67.6684177053
3600 44 572.971639274 187.640036244
3600 45 520.740674506 -39.5724600028
3600 46 684.792376397 34.3304948546
3600 47 751.746235885 31.3919120045
3600 48 738.58471099 -9.23198792786
3600 49 521.904555383 126.380024261
3600 50 516.378898516 201.893705627
3600 51 587.772777546 81.8240308504
3600 52 476.465823281 -108.770589314
3600 53 569.719853316 134.021802547
3600 54 709.551328514 -118.411626162
3600 55 565.143212341 -132.464008099
3600 56 487.012223062 72.8249105077
3600 57 653.90715726 -91.9952525976
3600 58 620.482335548 16.2581174938
3600 59 715.937517581 124.471720095
3600 60 403.622728901 696.971997724
3600 61 356.414581049 666.373490609
3600 62 514.400680442 382.224852709
3600 63 683.799546329 466.963147415
3600 64 640.508016149 571.685289812
3600 65 510.167793946 475.372444299
3600 66 478.651622996 410.543210328
3600 67 501.434327808 358.552299084
3600 68 406.511001612 521.015340608
3600 69 517.776154737 616.140684284
3600 70 384.98027166 526.537848277
3600 71 353.552464271 2406.56226218
3600 72 369.579657971 2632.97033414
3600 73 230.445675628 2546.01925885
3600 74 446.602564899 2624.17817673
3600 75 387.016098883 2612.25160308
3600 76 309.571293042 2717.7106228
3600 77 510.447872821 2686.21087757
3600 78 510.330307009 2592.90866608
3600 79 434.946400202 2535.55691745
3600 80 388.399585184 2453.10349483
3600 81 236.864237124 2585.8847054
3600 82 442.286998498 2723.50640894
3600 83 569.933944941 2512.75068026
3600 84 354.750837039 2631.14610115
3600 85 357.817271378 2746.50316638
3600 86 409.598382783 2687.37047655
3600 87 408.801716994 2461.42614252
3600 88 490.485975279 2473.67877612
3600 89 479.851777341 2636.05426291
3600 90 2158.76947838 193.076512096
3600 91 1946.22101548 59.0299884753
3600 92 2098.91199985 119.543107099
3600 93 1785.87321726 215.828961389
3600 94 2019.96600732 -18.0159497184
3600 95 1903.62024915 43.8226624455
3600 96 1827.82894413 54.5310037526
3600 97 1898.69492576 215.065570682
3600 98 2068.52925097 297.343878997
3600 99 1878.75209678 284.965847151
3600 100 1992.89805517 -24.327812209
3600 101 2026.18140887 4.03719330709
3600 102 1855.2471076 22.6169143885
3600 103 2139.29943001 129.735867285
3600 104 1820.49841462 333.163549218
3600 105 1829.38160999 504.912607705
3600 106 1666.6733033 414.902336863
3600 107 1755.8848992 228.466145
3600 108 1976.69815117 396.419061483
3600 109 1924.1080106 460.784851609
3600 110 1849.66465295 218.277376371
3600 111 1670.47068688 322.487943364
3600 112 1769.64912707 466.293825907
3600 113 1723.15759587 477.297516605
3600 114 1830.64192512 471.278672378
3600 115 1867.56500701 215.170145218
3600 116 1765.7588161 465.686118829
3600 117 1841.62890673 380.877014144
3600 118 1935.95741435 539.044052552
3600 119 1857.61482383 375.361941118
3600 120 1808.2825759 541.4033451
3600 121 1919.27157879 377.094492594
3600 122 1979.90038431 472.22034967
3600 123 1821.45315723 384.297078856
3600 124 1912.13691763 344.886552956
3600 125 1833.0694766 202.682654769
3600 126 1913.55779388 376.94070188
3600 127 1773.69266189 307.770162347
3600 128 2002.3040584 364.642313986
3600 129 2278.90742597 953.456682457
3600 130 2395.62216696 870.416168944
3600 131 2354.45532629 804.735144741
3600 132 2416.22159714 1077.56022115
3600 133 2462.31160714 956.728154779
3600 134 2356.76706536 922.846749791
3600 135 2382.17548401 933.117143325
3600 136 2169.07367827 890.254212684
3600 137 2500.18120123 914.83818068
3600 138 2417.49495254 860.542769934
3600 139 2484.39591551 1017.67454005
3600 140 2229.30252264 834.203517824
3600 141 2297.65305396 974.801612348
3600 142 2332.87138784 845.999320485
3600 143 2232.15259582 887.581959906
3600 144 2384.05383802 837.043239875
3600 145 2435.07250065 853.115795566
3600 146 1745.29955957 2891.33741328
3600 147 1619.55595114 2760.17147672
3600 148 1756.02059533 2991.45584536
3600 149 1835.48384686 3037.42110915
3600 150 1822.04165398 3001.10414595
3600 151 1820.65479509 3030.66898906
3600 152 1720.9705385 2763.52567812
3600 153 1803.40689728 2906.00161299
3600 154 1742.65431336 2893.23088514
3600 155 1723.17325729 3020.28922224
3600 156 1642.9851479 2837.27948229
3600 157 1744.96630059 2879.93071424
3600 158 1680.00311481 2854.3572092
3600 159 1575.06944761 2904.02330205
3600 160 1015.88878785 3025.55232986
3600 161 826.776224703 2953.649283
3600 162 972.704747106 2935.42180015
3600 163 798.047070034 2786.80639078
3600 164 1124.21562319 2846.65659698
3600 165 1068.26818872 2881.09954622
3600 166 876.87858116 2833.9380446
3600 167 997.357726852 2663.38992435
3600 168 1013.77828666 2977.89071747
3600 169 1032.87611296 2896.51176263
3600 170 936.183026014 2802.7206736
3600 171 867.088874253 2826.17394525
3600 172 868.419447825 2739.12228146
3600 173 946.380550941 2850.92422291
3600 174 1107.59820968 2754.03307594
3600 175 904.776866554 2913.96232353
3600 176 1039.89719036 2813.278661
3600 177 793.210135833 2914.92005356
3600 178 948.158414924 3008.43636922
3600 179 932.954101467 2906.46784938
3600 180 1142.53250403 2759.4317563
3600 181 1074.46919388 2920.57484506
3600 182 861.107345684 2978.2711307
3600 183 836.519680647 2826.29409684
3600 184 942.085051274 2709.0147423
3600 185 1004.87770331 2856.89123968
3600 186 921.403191944 3028.66134687
3600 187 891.974643739 2939.34031299
3600 188 864.46029965 2712.92893916
3600 189 831.991050048 2809.30790415
3600 190 1030.6003922 2689.8762619
3600 191 991.837450152 2733.12709457
3600 192 785.782613888 2834.113402
3600 193 1082.57782403 2943.05365551
3600 194 878.037645446 2883.28919478
3600 195 1016.98407948 2807.04240556
3600 196 962.208184206 2946.7413503
3600 197 1047.59842627 2762.4101057
3600 198 887.546042989 2768.42031076
3600 199 1079.96532878 2889.94476594
4200 0 2495 369
4200 1 932 2672
4200 2 298 611
4200 3 79 2410
4200 4 566 18
4200 5 507 537
4200 6 403 2571
4200 7 1967 153
4200 8 1849 381
4200 9 2328 955
4200 10 1752 2862
4200 11 980 2844
4200 12 179.938077423 742.746488827
4200 13 292.434542593 782.586774027
4200 14 244.939288939 629.902845731
4200 15 220.923119002 631.886995701
4200 16 163.77154697 530.437705584
4200 17 344.016016249 692.337735921
4200 18 454.571849608 686.244520157
4200 19 339.542273855 486.164967515
4200 20 299.634236221 786.786194883
4200 21 377.043104581 432.247497501
4200 22 444.703061027 694.539590513
4200 23 216.26501652 625.220930809
4200 24 369.882488043 442.201256545
4200 25 62.6235411248 2274.60448526
4200 26 168.416199666 2507.97752366
4200 27 171.286341168 2498.54804363
4200 28 184.279050779 2504.33077886
4200 29 195.24922496 2479.54954521
4200 30 205.961213577 2453.26325851
4200 31 78.4433935144 2431.72694736
4200 32 19.4325673621 2247.30208154
4200 33 112.005093322 2553.21353329
4200 34 177.688186653 2363.00614371
4200 35 -63.3745196904 2409.18660961
4200 36 -39.0658386254 2420.87118873
4200 37 178.896123805 2346.77199516
4200 38 156.168427178 2279.77363774
4200 39 718.525355533 -107.999152658
4200 40 720.061962939 6.44323401351
4200 41 564.541977293 126.500934979
4200 42 624.556765562 -79.4649868785
4200 43 563.634040941 -67.6684177053
4200 44 572.971639274 187.640036244
4200 45 520.740674506 -39.5724600028
4200 46 684.792376397 34.3304948546
4200 47 751.746235885 31.3919120045
4200 48 738.58471099 -9.23198792786
4200 49 521.904555383 126.380024261
4200 50 516.378898516 201.893705627
4200 51 587.772777546 81.8240308504
4200 52 476.465823281 -108.770589314
4200 53 569.719853316 134.021802547
4200 54 709.551328514 -118.411626162
4200 55 565.143212341 -132.464008099
4200 56 487.012223062 72.8249105077
4200 57 653.90715726 -91.9952525976
4200 58 620.482335548 16.2581174938
4200 59 715.937517581 124.471720095
4200 60 403.622728901 696.971997724
4200 61 356.414581049 666.373490609
4200 62 514.400680442 382.224852709
4200 63 683.799546329 466.963147415
4200 64 640.508016149 571.685289812
4200 65 510.167793946 475.372444299
4200 66 478.651622996 410.543210328
4200 67 501.434327808 358.552299084
4200 68 406.511001612 521.015340608
4200 69 517.776154737 616.140684284
4200 70 384.98027166 526.537848277
4200 71 353.552464271 2406.56226218
4200 72 369.579657971 2632.97033414
4200 73 230.445675628 2546.01925885
4200 74 446.602564899 2624.17817673
4200 75 387.016098883 2612.25160308
4200 76 309.571293042 2717.7106228
4200 77 510.447872821 2686.21087757
4200 78 510.330307009 2592.90866608
4200 79 434.946400202 2535.55691745
4200 80 388.399585184 2453.10349483
4200 81 236.864237124 2585.8847054
4200 82 442.286998498 2723.50640894
4200 83 569.933944941 2512.75068026
4200 84 354.750837039 2631.14610115
4200 85 357.817271378 2746.50316638
4200 86 409.598382783 2687.37047655
4200 87 408.801716994 2461.42614252
4200 88 490.485975279 2473.67877612
4200 89 479.851777341 2636.05426291
4200 90 2158.76947838 193.076512096
4200 91 1946.22101548 59.0299884753
4200 92 2098.91199985 119.543107099
4200 93 1785.87321726 215.828961389
4200 94 2019.96600732 -18.0159497184
4200 95 1903.62024915 43.8226624455
4200 96 1827.82894413 54.5310037526
4200 97 1898.69492576 215.065570682
4200 98 2068.52925097 297.343878997
4200 99 1878.75209678 284.965847151
4200 100 1992.89805517 -24.327812209
4200 101 2026.18140887 4.03719330709
4200 102 1855.2471076 22.6169143885
4200 103 2139.29943001 129.735867285
4200 104 1820.49841462 333.163549218
4200 105 1829.38160999 504.912607705
4200 106 1666.6733033 414.902336863
4200 107 1755.8848992 228.466145
4200 108 1976.69815117 396.419061483
4200 109 1924.1080106 460.784851609
4200 110 1849.66465295 218.277376371
4200 111 1670.47068688 322.487943364
4200 112 1769.64912707 466.293825907
4200 113 1723.15759587 477.297516605
4200 114 1830.64192512 471.278672378
4200 115 1867.56500701 215.170145218
4200 116 1765.7588161 465.686118829
4200 117 1841.62890673 380.877014144
4200 118 1935.95741435 539.044052552
4200 119 1857.61482383 375.361941118
4200 120 1808.2825759 541.4033451
4200 121 1919.27157879 377.094492594
4200 122 1979.90038431 472.22034967
4200 123 1821.45315723 384.297078856
4200 124 1912.13691763 344.886552956
4200 125 1833.0694766 202.682654769
4200 126 1913.55779388 376.94070188
4200 127 1773.69266189 307.770162347
4200 128 2002.3040584 364.642313986
4200 129 2278.90742597 953.456682457
4200 130 2395.62216696 870.416168944
4200 131 2354.45532629 804.735144741
4200 132 2416.22159714 1077.56022115
4200 133 2462.31160714 956.728154779
4200 134 2356.76706536 922.846749791
4200 135 2382.17548401 933.117143325
4200 136 2169.07367827 890.254212684
4200 137 2500.18120123 914.83818068
4200 138 2417.49495254 860.542769934
4200 139 2484.39591551 1017.67454005
4200 140 2229.30252264 834.203517824
4200 141 2297.65305396 974.801612348
4200 142 2332.87138784 845.999320485
4200 143 2232.15259582 887.581959906
4200 144 2384.05383802 837.043239875
4200 145 2435.07250065 853.115795566
4200 146 1745.29955957 2891.33741328
4200 147 1619.55595114 2760.17147672
4200 148 1756.02059533 2991.45584536
4200 149 1835.48384686 3037.42110915
4200 150 1822.04165398 3001.10414595
4200 151 1820.65479509 3030.66898906
4200 152 1720.9705385 2763.52567812
4200 153 1803.40689728 2906.00161299
4200 154 1742.65431336 2893.23088514
4200 155 1723.17325729 3020.28922224
4200 156 1642.9851479 2837.27948229
4200 157 1744.96630059 2879.93071424
4200 158 1680.00311481 2854.3572092
4200 159 1575.06944761 2904.02330205
4200 160 1015.88878785 3025.55232986
4200 161 826.776224703 2953.649283
4200 162 972.704747106 2935.42180015
4200 163 798.047070034 2786.80639078
4200 164 1124.21562319 2846.65659698
4200 165 1068.26818872 2881.09954622
4200 166 876.87858116 2833.9380446
4200 167 997.357726852 2663.38992435
4200 168 1013.77828666 2977.89071747
4200 169 1032.87611296 2896.51176263
4200 170 936.183026014 2802.7206736
4200 171 867.088874253 2826.17394525
4200 172 868.419447825 2739.12228146
4200 173 946.380550941 2850.92422291
4200 174 1107.59820968 2754.03307594
4200 175 904.776866554 2913.96232353
4200 176 1039.89719036 2813.278661
4200 177 793.210135833 2914.92005356
4200 178 948.158414924 3008.43636922
4200 179 932.954101467 2906.46784938
4200 180 1142.53250403 2759.4317563
4200 181 1074.46919388 2920.57484506
4200 182 861.107345684 2978.2711307
4200 183 836.519680647 2826.29409684
4200 184 942.085051274 2709.0147423
4200 185 1004.87770331 2856.89123968
4200 186 921.403191944 3028.66134687
4200 187 891.974643739 2939.34031299
4200 188 864.46029965 2712.92893916
4200 189 831.991050048 2809.30790415
4200 190 1030.6003922 2689.8762619
4200 191 991.837450152 2733.12709457
4200 192 785.782613888 2834.113402
4200 193 1082.57782403 2943.05365551
4200 194 878.037645446 2883.28919478
4200 195 1016.98407948 2807.04240556
4200 196 962.208184206 2946.7413503
4200 197 1047.59842627 2762.4101057
4200 198 887.546042989 2768.42031076
4200 199 1079.96532878 2889.94476594
4800 0 2495 369
4800 1 932 2672
4800 2 298 611
4800 3 79 2410
4800 4 566 18
4800 5 507 537
4800 6 403 2571
4800 7 1967 153
4800 8 1849 381
4800 9 2328 955
4800 10 1752 2862
4800 11 980 2844
4800 12 179.938077423 742.746488827
4800 13 292.434542593 782.586774027
4800 14 244.939288939 629.902845731
4800 15 220.923119002 631.886995701
4800 16 163.77154697 530.437705584
4800 17 344.016016249 692.337735921
4800 18 454.571849608 686.244520157
4800 19 339.542273855 486.164967515
4800 20 299.634236221 786.786194883
4800 21 377.043104581 432.247497501
4800 22 444.703061027 694.539590513
4800 23 216.26501652 625.220930809
4800 24 369.882488043 442.201256545
4800 25 62.6235411248 2274.60448526
4800 26 168.416199666 2507.97752366
4800 27 171.286341168 2498.54804363
4800 28 184.279050779 2504.33077886
4800 29 195.24922496 2479.54954521
4800 30 205.961213577 2453.26325851
4800 31 78.4433935144 2431.72694736
4800 32 19.4325673621 2247.30208154
4800 33 112.005093322 2553.21353329
4800 34 177.688186653 2363.00614371
4800 35 -63.3745196904 2409.18660961
4800 36 -39.0658386254 2420.87118873
4800 37 178.896123805 2346.77199516
4800 38 156.168427178 2279.77363774
4800 39 718.525355533 -107.999152658
4800 40 720.061962939 6.44323401351
4800 41 564.541977293 126.500934979
4800 42 624.556765562 -79.4649868785
4800 43 563.634040941 -67.6684177053
4800 44 572.971639274 187.640036244
4800 45 520.740674506 -39.5724600028
4800 46 684.792376397 34.3304948546
4800 47 751.746235885 31.3919120045
4800 48 738.58471099 -9.23198792786
4800 49 521.904555383 126.380024261
4800 50 516.378898516 201.893705627
4800 51 587.772777546 81.8240308504
4800 52 476.465823281 -108.770589314
4800 53 569.719853316 134.021802547
4800 54 709.551328514 -118.411626162
4800 55 565.143212341 -132.464008099
4800 56 487.012223062 72.8249105077
4800 57 653.90715726 -91.9952525976
4800 58 620.482335548 16.2581174938
4800 59 715.937517581 124.471720095
4800 60 403.622728901 696.971997724
4800 61 356.414581049 666.373490609
4800 62 514.400680442 382.224852709
4800 63 683.799546329 466.963147415
4800 64 640.508016149 571.685289812
4800 65 510.167793946 475.372444299
4800 66 478.651622996 410.543210328
4800 67 501.434327808 358.552299084
4800 68 406.511001612 521.015340608
4800 69 517.776154737 616.140684284
4800 70 384.98027166 526.537848277
4800 71 353.552464271 2406.56226218
4800 72 369.579657971 2632.97033414
4800 73 230.445675628 2546.01925885
4800 74 446.602564899 2624.17817673
4800 75 387.016098883 2612.25160308
4800 76 309.571293042 2717.7106228
4800 77 510.447872821 2686.21087757
4800 78 510.330307009 2592.90866608
4800 79 434.946400202 2535.55691745
4800 80 388.399585184 2453.10349483
4800 81 236.864237124 2585.8847054
4800 82 442.286998498 2723.50640894
4800 83 569.933944941 2512.75068026
4800 84 354.750837039 2631.14610115
4800 85 357.817271378 2746.50316638
4800 86 409.598382783 2687.37047655
4800 87 408.801716994 2461.42614252
4800 88 490.485975279 2473.67877612
4800 89 479.851777341 2636.05426291
4800 90 2158.76947838 193.076512096
4800 91 1946.22101548 59.0299884753
4800 92 2098.91199985 119.543107099
4800 93 1785.87321726 215.828961389
4800 94 2019.96600732 -18.0159497184
4800 95 1903.62024915 43.8226624455
4800 96 1827.82894413 54.5310037526
4800 97 1898.69492576 215.065570682
4800 98 2068.52925097 297.343878997
4800 99 1878.75209678 284.965847151
4800 100 1992.89805517 -24.327812209
4800 101 2026.18140887 4.03719330709
4800 102 1855.2471076 22.6169143885
4800 103 2139.29943001 129.735867285
4800 104 1820.49841462 333.163549218
4800 105 1829.38160999 504.912607705
4800 106 1666.6733033 414.902336863
4800 107 1755.8848992 228.466145
4800 108 1976.69815117 396.419061483
4800 109 1924.1080106 460.784851609
4800 110 1849.66465295 218.277376371
4800 111 1670.47068688 322.487943364
4800 112 1769.64912707 466.293825907
4800 113 1723.15759587 477.297516605
4800 114 1830.64192512 471.278672378
4800 115 1867.56500701 215.170145218
4800 116 1765.7588161 465.686118829
4800 117 1841.62890673 380.877014144
4800 118 1935.95741435 539.044052552
4800 119 1857.61482383 375.361941118
4800 120 1808.2825759 541.4033451
4800 121 1919.27157879 377.094492594
4800 122 1979.90038431 472.22034967
4800 123 1821.45315723 384.297078856
4800 124 1912.13691763 344.886552956
4800 125 1833.0694766 202.682654769
4800 126 1913.55779388 376.94070188
4800 127 1773.69266189 307.770162347
4800 128 2002.3040584 364.642313986
4800 129 2278.90742597 953.456682457
4800 130 2395.62216696 870.416168944
4800 131 2354.45532629 804.735144741
4800 132 2416.22159714 1077.56022115
4800 133 2462.31160714 956.728154779
4800 134 2356.76706536 922.846749791
4800 135 2382.17548401 933.117143325
4800 136 2169.07367827 890.254212684
4800 137 2500.18120123 914.83818068
4800 138 2417.49495254 860.542769934
4800 139 2484.39591551 1017.67454005
4800 140 2229.30252264 834.203517824
4800 141 2297.65305396 974.801612348
4800 142 2332.87138784 845.999320485
4800 143 2232.15259582 887.581959906
4800 144 2384.05383802 837.043239875
4800 145 2435.07250065 853.115795566
4800 146 1745.29955957 2891.33741328
4800 147 1619.55595114 2760.17147672
4800 148 1756.02059533 2991.45584536
4800 149 1835.48384686 3037.42110915
4800 150 1822.04165398 3001.10414595
4800 151 1820.65479509 3030.66898906
4800 152 1720.9705385 2763.52567812
4800 153 1803.40689728 2906.00161299
4800 154 1742.65431336 2893.23088514
4800 155 1723.17325729 3020.28922224
4800 156 1642.9851479 2837.27948229
4800 157 1744.96630059 2879.93071424
4800 158 1680.00311481 2854.3572092
4800 159 1575.06944761 2904.02330205
4800 160 1015.88878785 3025.55232986
4800 161 826.776224703 2953.649283
4800 162 972.704747106 2935.42180015
4800 163 798.047070034 2786.80639078
4800 164 1124.21562319 2846.65659698
4800 165 1068.26818872 2881.09954622
4800 166 876.87858116 2833.9380446
4800 167 997.357726852 2663.38992435
4800 168 1013.77828666 2977.89071747
4800 169 1032.87611296 2896.51176263
4800 170 936.183026014 2802.7206736
4800 171 867.088874253 2826.17394525
4800 172 868.419447825 2739.12228146
4800 173 946.380550941 2850.92422291
4800 174 1107.59820968 2754.03307594
4800 175 904.776866554 2913.96232353
4800 176 1039.89719036 2813.278661
4800 177 793.210135833 2914.92005356
4800 178 948.158414924 3008.43636922
4800 179 932.954101467 2906.46784938
4800 180 1142.53250403 2759.4317563
4800 181 1074.46919388 2920.57484506
4800 182 861.107345684 2978.2711307
4800 183 836.519680647 2826.29409684
4800 184 942.085051274 2709.0147423
4800 185 1004.87770331 2856.89123968
4800 186 921.403191944 3028.66134687
4800 187 891.974643739 2939.34031299
4800 188 864.46029965 2712.92893916
4800 189 831.991050048 2809.30790415
4800 190 1030.6003922 2689.8762619
4800 191 991.837450152 2733.12709457
4800 192 785.782613888 2834.113402
4800 193 1082.57782403 2943.05365551
4800 194 878.037645446 2883.28919478
4800 195 1016.98407948 2807.04240556
4800 196 962.208184206 2946.7413503
4800 197 1047.59842627 2762.4101057
4800 198 887.546042989 2768.42031076
4800 199 1079.96532878 2889.94476594
5400 0 2495 369
5400 1 932 2672
5400 2 298 611
5400 3 79 2410
5400 4 566 18
5400 5 507 537
5400 6 403 2571
5400 7 1967 153
5400 8 1849 381
5400 9 2328 955
5400 10 1752 2862
5400 11 980 2844
5400 12 179.938077423 742.746488827
5400 13 292.434542593 782.586774027
5400 14 244.939288939 629.902845731
5400 15 220.923119002 631.886995701
5400 16 163.77154697 530.437705584
5400 17 344.016016249 692.337735921
5400 18 454.571849608 686.244520157
5400 19 339.542273855 486.164967515
5400 20 299.634236221 786.786194883
5400 21 377.043104581 432.247497501
5400 22 444.703061027 694.539590513
5400 23 216.26501652 625.220930809
5400 24 369.882488043 442.201256545
5400 25 62.6235411248 2274.60448526
5400 26 168.416199666 2507.97752366
5400 27 171.286341168 2498.54804363
5400 28 184.279050779 2504.33077886
5400 29 195.24922496 2479.54954521
5400 30 205.961213577 2453.26325851
5400 31 78.4433935144 2431.72694736
5400 32 19.4325673621 2247.30208154
5400 33 112.005093322 2553.21353329
5400 34 177.688186653 2363.00614371
5400 35 -63.3745196904 2409.18660961
5400 36 -39.0658386254 2420.87118873
5400 37 178.896123805 2346.77199516
5400 38 156.168427178 2279.77363774
5400 39 718.525355533 -107.999152658
5400 40 720.061962939 6.44323401351
5400 41 564.541977293 126.500934979
5400 42 624.556765562 -79.4649868785
5400 43 563.634040941 -67.6684177053
5400 44 572.971639274 187.640036244
5400 45 520.740674506 -39.5724600028
5400 46 684.792376397 34.3304948546
5400 47 751.746235885 31.3919120045
5400 48 738.58471099 -9.23198792786
5400 49 521.904555383 126.380024261
5400 50 516.378898516 201.893705627
5400 51 587.772777546 81.8240308504
5400 52 476.465823281 -108.770589314
5400 53 569.719853316 134.021802547
5400 54 709.551328514 -118.411626162
5400 55 565.143212341 -132.464008099
5400 56 487.012223062 72.8249105077
5400 57 653.90715726 -91.9952525976
5400 58 620.482335548 16.2581174938
5400 59 715.937517581 124.471720095
5400 60 403.622728901 696.971997724
5400 61 356.414581049 666.373490609
5400 62 514.400680442 382.224852709
5400 63 683.799546329 466.963147415
5400 64 640.508016149 571.685289812
5400 65 510.167793946 475.372444299
5400 66 478.651622996 410.543210328
5400 67 501.434327808 358.552299084
5400 68 406.511001612 521.015340608
5400 69 517.776154737 616.140684284
5400 70 384.98027166 526.537848277
5400 71 353.552464271 2406.56226218
5400 72 369.579657971 2632.97033414
5400 73 230.445675628 2546.01925885
5400 74 446.602564899 2624.17817673
5400 75 387.016098883 2612.25160308
5400 76 309.571293042 2717.7106228
5400 77 510.447872821 2686.21087757
5400 78 510.330307009 2592.90866608
5400 79 434.946400202 2535.55691745
5400 80 388.399585184 2453.10349483
5400 81 236.864237124 2585.8847054
5400 82 442.286998498 2723.50640894
5400 83 569.933944941 2512.75068026
5400 84 354.750837039 2631.14610115
5400 85 357.817271378 2746.50316638
5400 86 409.598382783 2687.37047655
5400 87 408.801716994 2461.42614252
5400 88 490.485975279 2473.67877612
5400 89 479.851777341 2636.05426291
5400 90 2158.76947838 193.076512096
5400 91 1946.22101548 59.0299884753
5400 92 2098.91199985 119.543107099
5400 93 1785.87321726 215.828961389
5400 94 2019.96600732 -18.0159497184
5400 95 1903.62024915 43.8226624455
5400 96 1827.82894413 54.5310037526
5400 97 1898.69492576 215.065570682
5400 98 2068.52925097 297.343878997
5400 99 1878.75209678 284.965847151
5400 100 1992.89805517 -24.327812209
5400 101 2026.18140887 4.03719330709
5400 102 1855.2471076 22.6169143885
5400 103 2139.29943001 129.735867285
5400 104 1820.49841462 333.163549218
5400 105 1829.38160999 504.912607705
5400 106 1666.6733033 414.902336863
5400 107 1755.8848992 228.466145
5400 108 1976.69815117 396.419061483
5400 109 1924.1080106 460.784851609
5400 110 1849.66465295 218.277376371
5400 111 1670.47068688 322.487943364
5400 112 1769.64912707 466.293825907
5400 113 1723.15759587 477.297516605
5400 114 1830.64192512 471.278672378
5400 115 1867.56500701 215.170145218
5400 116 1765.7588161 465.686118829
5400 117 1841.62890673 380.877014144
5400 118 1935.95741435 539.044052552
5400 119 1857.61482383 375.361941118
5400 120 1808.2825759 541.4033451
5400 121 1919.27157879 377.094492594
5400 122 1979.90038431 472.22034967
5400 123 1821.45315723 384.297078856
5400 124 1912.13691763 344.886552956
5400 125 1833.0694766 202.682654769
5400 126 1913.55779388 376.94070188
5400 127 1773.69266189 307.770162347
5400 128 2002.3040584 364.642313986
5400 129 2278.90742597 953.456682457
5400 130 2395.62216696 870.416168944
5400 131 2354.45532629 804.735144741
5400 132 2416.22159714 1077.56022115
5400 133 2462.31160714 956.728154779
5400 134 2356.76706536 922.846749791
5400 135 2382.17548401 933.117143325
5400 136 2169.07367827 890.254212684
5400 137 2500.18120123 914.83818068
5400 138 2417.49495254 860.542769934
5400 139 2484.39591551 1017.67454005
5400 140 2229.30252264 834.203517824
5400 141 2297.65305396 974.801612348
5400 142 2332.87138784 845.999320485
5400 143 2232.15259582 887.581959906
5400 144 2384.05383802 837.043239875
5400 145 2435.07250065 853.115795566
5400 146 1745.29955957 2891.33741328
5400 147 1619.55595114 2760.17147672
5400 148 1756.02059533 2991.45584536
5400 149 1835.48384686 3037.42110915
5400 150 1822.04165398 3001.10414595
5400 151 1820.65479509 3030.66898906
5400 152 1720.9705385 2763.52567812
5400 153 1803.40689728 2906.00161299
5400 154 1742.65431336 2893.23088514
5400 155 1723.17325729 3020.28922224
5400 156 1642.9851479 2837.27948229
5400 157 1744.96630059 2879.93071424
5400 158 1680.00311481 2854.3572092
5400 159 1575.06944761 2904.02330205
5400 160 1015.88878785 3025.55232986
5400 161 826.776224703 2953.649283
5400 162 972.704747106 2935.42180015
5400 163 798.047070034 2786.80639078
5400 164 1124.21562319 2846.65659698
5400 165 1068.26818872 2881.09954622
5400 166 876.87858116 2833.9380446
5400 167 997.357726852 2663.38992435
5400 168 1013.77828666 2977.89071747
5400 169 1032.87611296 2896.51176263
5400 170 936.183026014 2802.7206736
5400 171 867.088874253 2826.17394525
5400 172 868.419447825 2739.12228146
5400 173 946.380550941 2850.92422291
5400 174 1107.59820968 2754.03307594
5400 175 904.776866554 2913.96232353
5400 176 1039.89719036 2813.278661
5400 177 793.210135833 2914.92005356
5400 178 948.158414924 3008.43636922
5400 179 932.954101467 2906.46784938
5400 180 1142.53250403 2759.4317563
5400 181 1074.46919388 2920.57484506
5400 182 861.107345684 2978.2711307
5400 183 836.519680647 2826.29409684
5400 184 942.085051274 2709.0147423
5400 185 1004.87770331 2856.89123968
5400 186 921.403191944 3028.66134687
5400 187 891.974643739 2939.34031299
5400 188 864.46029965 2712.92893916
5400 189 831.991050048 2809.30790415
5400 190 1030.6003922 2689.8762619
5400 191 991.837450152 2733.12709457
5400 192 785.782613888 2834.113402
5400 193 1082.57782403 2943.05365551
5400 194 878.037645446 2883.28919478
5400 195 1016.98407948 2807.04240556
5400 196 962.208184206 2946.7413503
5400 197 1047.59842627 2762.4101057
5400 198 887.546042989 2768.42031076
5400 199 1079.96532878 2889.94476594
6000 0 2495 369
6000 1 932 2672
6000 2 298 611
6000 3 79 2410
6000 4 566 18
6000 5 507 537
6000 6 403 2571
6000 7 1967 153
6000 8 1849 381
6000 9 2328 955
6000 10 1752 2862
6000 11 980 2844
6000 12 179.938077423 742.746488827
6000 13 292.434542593 782.586774027
6000 14 244.939288939 629.902845731
6000 15 220.923119002 631.886995701
6000 16 163.77154697 530.437705584
6000 17 344.016016249 692.337735921
6000 18 454.571849608 686.244520157
6000 19 339.542273855 486.164967515
6000 20 299.634236221 786.786194883
6000 21 377.043104581 432.247497501
6000 22 444.703061027 694.539590513
6000 23 216.26501652 625.220930809
6000 24 369.882488043 442.201256545
6000 25 62.6235411248 2274.60448526
6000 26 168.416199666 2507.97752366
6000 27 171.286341168 2498.54804363
6000 28 184.279050779 2504.33077886
6000 29 195.24922496 2479.54954521
6000 30 205.961213577 2453.26325851
6000 31 78.4433935144 2431.72694736
6000 32 19.4325673621 2247.30208154
6000 33 112.005093322 2553.21353329
6000 34 177.688186653 2363.00614371
6000 35 -63.3745196904 2409.18660961
6000 36 -39.0658386254 2420.87118873
6000 37 178.896123805 2346.77199516
6000 38 156.168427178 2279.77363774
6000 39 718.525355533 -107.999152658
6000 40 720.061962939 6.44323401351
6000 41 564.541977293 126.500934979
6000 42 624.556765562 -79.4649868785
6000 43 563.634040941 -67.6684177053
6000 44 572.971639274 187.640036244
6000 45 520.740674506 -39.5724600028
6000 46 684.792376397 34.3304948546
6000 47 751.746235885 31.3919120045
6000 48 738.58471099 -9.23198792786
6000 49 521.904555383 126.380024261
6000 50 516.378898516 201.893705627
6000 51 587.772777546 81.8240308504
6000 52 476.465823281 -108.770589314
6000 53 569.719853316 134.021802547
6000 54 709.551328514 -118.411626162
6000 55 565.143212341 -132.464008099
6000 56 487.012223062 72.8249105077
6000 57 653.90715726 -91.9952525976
6000 58 620.482335548 16.2581174938
6000 59 715.937517581 124.471720095
6000 60 403.622728901 696.971997724
6000 61 356.414581049 666.373490609
6000 62 514.400680442 382.224852709
6000 63 683.799546329 466.963147415
6000 64 640.508016149 571.685289812
6000 65 510.167793946 475.372444299
6000 66 478.651622996 410.543210328
6000 67 501.434327808 358.552299084
6000 68 406.511001612 521.015340608
6000 69 517.776154737 616.140684284
6000 70 384.98027166 526.537848277
6000 71 353.552464271 2406.56226218
6000 72 369.579657971 2632.97033414
6000 73 230.445675628 2546.01925885
6000 74 446.602564899 2624.17817673
6000 75 387.016098883 2612.25160308
6000 76 309.571293042 2717.7106228
6000 77 510.447872821 2686.21087757
6000 78 510.330307009 2592.90866608
6000 79 434.946400202 2535.55691745
6000 80 388.399585184 2453.10349483
6000 81 236.864237124 2585.8847054
6000 82 442.286998498 2723.50640894
6000 83 569.933944941 2512.75068026
6000 84 354.750837039 2631.14610115
6000 85 357.817271378 2746.50316638
6000 86 409.598382783 2687.37047655
6000 87 408.801716994 2461.42614252
6000 88 490.485975279 2473.67877612
6000 89 479.851777341 2636.05426291
6000 90 2158.76947838 193.076512096
6000 91 1946.22101548 59.0299884753
6000 92 2098.91199985 119.543107099
6000 93 1785.87321726 215.828961389
6000 94 2019.96600732 -18.0159497184
6000 95 1903.62024915 43.8226624455
6000 96 1827.82894413 54.5310037526
6000 97 1898.69492576 215.065570682
6000 98 2068.52925097 297.343878997
6000 99 1878.75209678 284.965847151
6000 100 1992.89805517 -24.327812209
6000 101 2026.18140887 4.03719330709
6000 102 1855.2471076 22.6169143885
6000 103 2139.29943001 129.735867285
6000 104 1820.49841462 333.163549218
6000 105 1829.38160999 504.912607705
6000 106 1666.6733033 414.902336863
6000 107 1755.8848992 228.466145
6000 108 1976.69815117 396.419061483
6000 109 1924.1080106 460.784851609
6000 110 1849.66465295 218.277376371
6000 111 1670.47068688 322.487943364
6000 112 1769.64912707 466.293825907
6000 113 1723.15759587 477.297516605
6000 114 1830.64192512 471.278672378
6000 115 1867.56500701 215.170145218
6000 116 1765.7588161 465.686118829
6000 117 1841.62890673 380.877014144
6000 118 1935.95741435 539.044052552
6000 119 1857.61482383 375.361941118
6000 120 1808.2825759 541.4033451
6000 121 1919.27157879 377.094492594
6000 122 1979.90038431 472.22034967
6000 123 1821.45315723 384.297078856
6000 124 1912.13691763 344.886552956
6000 125 1833.0694766 202.682654769
6000 126 1913.55779388 376.94070188
6000 127 1773.69266189 307.770162347
6000 128 2002.3040584 364.642313986
6000 129 2278.90742597 953.456682457
6000 130 2395.62216696 870.416168944
6000 131 2354.45532629 804.735144741
6000 132 2416.22159714 1077.56022115
6000 133 2462.31160714 956.728154779
6000 134 2356.76706536 922.846749791
6000 135 2382.17548401 933.117143325
6000 136 2169.07367827 890.254212684
6000 137 2500.18120123 914.83818068
6000 138 2417.49495254 860.542769934
6000 139 2484.39591551 1017.67454005
6000 140 2229.30252264 834.203517824
6000 141 2297.65305396 974.801612348
6000 142 2332.87138784 845.999320485
6000 143 2232.15259582 887.581959906
6000 144 2384.05383802 837.043239875
6000 145 2435.07250065 853.115795566
6000 146 1745.29955957 2891.33741328
6000 147 1619.55595114 2760.17147672
6000 148 1756.02059533 2991.45584536
6000 149 1835.48384686 3037.42110915
6000 150 1822.04165398 3001.10414595
6000 151 1820.65479509 3030.66898906
6000 152 1720.9705385 2763.52567812
6000 153 1803.40689728 2906.00161299
6000 154 1742.65431336 2893.23088514
6000 155 1723.17325729 3020.28922224
6000 156 1642.9851479 2837.27948229
6000 157 1744.96630059 2879.93071424
6000 158 1680.00311481 2854.3572092
6000 159 1575.06944761 2904.02330205
6000 160 1015.88878785 3025.55232986
6000 161 826.776224703 2953.649283
6000 162 972.704747106 2935.42180015
6000 163 798.047070034 2786.80639078
6000 164 1124.21562319 2846.65659698
6000 165 1068.26818872 2881.09954622
6000 166 876.87858116 2833.9380446
6000 167 997.357726852 2663.38992435
6000 168 1013.77828666 2977.89071747
6000 169 1032.87611296 2896.51176263
6000 170 936.183026014 2802.7206736
6000 171 867.088874253 2826.17394525
6000 172 868.419447825 2739.12228146
6000 173 946.380550941 2850.92422291
6000 174 1107.59820968 2754.03307594
6000 175 904.776866554 2913.96232353
6000 176 1039.89719036 2813.278661
6000 177 793.210135833 2914.92005356
6000 178 948.158414924 3008.43636922
6000 179 932.954101467 2906.46784938
6000 180 1142.53250403 2759.4317563
6000 181 1074.46919388 2920.57484506
6000 182 861.107345684 2978.2711307
6000 183 836.519680647 2826.29409684
6000 184 942.085051274 2709.0147423
6000 185 1004.87770331 2856.89123968
6000 186 921.403191944 3028.66134687
6000 187 891.974643739 2939.34031299
6000 188 864.46029965 2712.92893916
6000 189 831.991050048 2809.30790415
6000 190 1030.6003922 2689.8762619
6000 191 991.837450152 2733.12709457
6000 192 785.782613888 2834.113402
6000 193 1082.57782403 2943.05365551
6000 194 878.037645446 2883.28919478
6000 195 1016.98407948 2807.04240556
6000 196 962.208184206 2946.7413503
6000 197 1047.59842627 2762.4101057
6000 198 887.546042989 2768.42031076
6000 199 1079.96532878 2889.94476594
6600 0 2495 369
6600 1 932 2672
6600 2 298 611
6600 3 79 2410
6600 4 566 18
6600 5 507 537
6600 6 403 2571
6600 7 1967 153
6600 8 1849 381
6600 9 2328 955
6600 10 1752 2862
6600 11 980 2844
6600 12 179.938077423 742.746488827
6600 13 292.434542593 782.586774027
6600 14 244.939288939 629.902845731
6600 15 220.923119002 631.886995701
6600 16 163.77154697 530.437705584
6600 17 344.016016249 692.337735921
6600 18 454.571849608 686.244520157
6600 19 339.542273855 486.164967515
6600 20 299.634236221 786.786194883
6600 21 377.043104581 432.247497501
6600 22 444.703061027 694.539590513
6600 23 216.26501652 625.220930809
6600 24 369.882488043 442.201256545
6600 25 62.6235411248 2274.60448526
6600 26 168.416199666 2507.97752366
6600 27 171.286341168 2498.54804363
6600 28 184.279050779 2504.33077886
6600 29 195.24922496 2479.54954521
6600 30 205.961213577 2453.26325851
6600 31 78.4433935144 2431.72694736
6600 32 19.4325673621 2247.30208154
6600 33 112.005093322 2553.21353329
6600 34 177.688186653 2363.00614371
6600 35 -63.3745196904 2409.18660961
6600 36 -39.0658386254 2420.87118873
6600 37 178.896123805 2346.77199516
6600 38 156.168427178 2279.77363774
6600 39 718.525355533 -107.999152658
6600 40 720.061962939 6.44323401351
6600 41 564.541977293 126.500934979
6600 42 624.556765562 -79.4649868785
6600 43 563.634040941 -67.6684177053
6600 44 572.971639274 187.640036244
6600 45 520.740674506 -39.5724600028
6600 46 684.792376397 34.3304948546
6600 47 751.746235885 31.3919120045
6600 48 738.58471099 -9.23198792786
6600 49 521.904555383 126.380024261
6600 50 516.378898516 201.893705627
6600 51 587.772777546 81.8240308504
6600 52 476.465823281 -108.770589314
6600 53 569.719853316 134.021802547
6600 54 709.551328514 -118.411626162
6600 55 565.143212341 -132.464008099
6600 56 487.012223062 72.8249105077
6600 57 653.90715726 -91.9952525976
6600 58 620.482335548 16.2581174938
6600 59 715.937517581 124.471720095
6600 60 403.622728901 696.971997724
6600 61 356.414581049 666.373490609
6600 62 514.400680442 382.224852709
6600 63 683.799546329 466.963147415
6600 64 640.508016149 571.685289812
6600 65 510.167793946 475.372444299
6600 66 478.651622996 410.543210328
6600 67 501.434327808 358.552299084
6600 68 406.511001612 521.015340608
6600 69 517.776154737 616.140684284
6600 70 384.98027166 526.537848277
6600 71 353.552464271 2406.56226218
6600 72 369.579657971 2632.97033414
6600 73 230.445675628 2546.01925885
6600 74 446.602564899 2624.17817673
6600 75 387.016098883 2612.25160308
6600 76 309.571293042 2717.7106228
6600 77 510.447872821 2686.21087757
6600 78 510.330307009 2592.90866608
6600 79 434.946400202 2535.55691745
6600 80 388.399585184 2453.10349483
6600 81 236.864237124 2585.8847054
6600 82 442.286998498 2723.50640894
6600 83 569.933944941 2512.75068026
6600 84 354.750837039 2631.14610115
6600 85 357.817271378 2746.50316638
6600 86 409.598382783 2687.37047655
6600 87 408.801716994 2461.42614252
6600 88 490.485975279 2473.67877612
6600 89 479.851777341 2636.05426291
6600 90 2158.76947838 193.076512096
6600 91 1946.22101548 59.0299884753
6600 92 2098.91199985 119.543107099
6600 93 1785.87321726 215.828961389
6600 94 2019.96600732 -18.0159497184
6600 95 1903.62024915 43.8226624455
6600 96 1827.82894413 54.5310037526
6600 97 1898.69492576 215.065570682
6600 98 2068.52925097 297.343878997
6600 99 1878.75209678 284.965847151
6600 100 1992.89805517 -24.327812209
6600 101 2026.18140887 4.03719330709
6600 102 1855.2471076 22.6169143885
6600 103 2139.29943001 129.735867285
6600 104 1820.49841462 333.163549218
6600 105 1829.38160999 504.912607705
6600 106 1666.6733033 414.902336863
6600 107 1755.8848992 228.466145
6600 108 1976.69815117 396.419061483
6600 109 1924.1080106 460.784851609
6600 110 1849.66465295 218.277376371
6600 111 1670.47068688 322.487943364
6600 112 1769.64912707 466.293825907
6600 113 1723.15759587 477.297516605
6600 114 1830.64192512 471.278672378
6600 115 1867.56500701 215.170145218
6600 116 1765.7588161 465.686118829
6600 117 1841.62890673 380.877014144
6600 118 1935.95741435 539.044052552
6600 119 1857.61482383 375.361941118
6600 120 1808.2825759 541.4033451
6600 121 1919.27157879 377.094492594
6600 122 1979.90038431 472.22034967
6600 123 1821.45315723 384.297078856
6600 124 1912.13691763 344.886552956
6600 125 1833.0694766 202.682654769
6600 126 1913.55779388 376.94070188
6600 127 1773.69266189 307.770162347
6600 128 2002.3040584 364.642313986
6600 129 2278.90742597 953.456682457
6600 130 2395.62216696 870.416168944
6600 131 2354.45532629 804.735144741
6600 132 2416.22159714 1077.56022115
6600 133 2462.31160714 956.728154779
6600 134 2356.76706536 922.846749791
6600 135 2382.17548401 933.117143325
6600 136 2169.07367827 890.254212684
6600 137 2500.18120123 914.83818068
6600 138 2417.49495254 860.542769934
6600 139 2484.39591551 1017.67454005
6600 140 2229.30252264 834.203517824
6600 141 2297.65305396 974.801612348
6600 142 2332.87138784 845.999320485
6600 143 2232.15259582 887.581959906
6600 144 2384.05383802 837.043239875
6600 145 2435.07250065 853.115795566
6600 146 1745.29955957 2891.33741328
6600 147 1619.55595114 2760.17147672
6600 148 1756.02059533 2991.45584536
6600 149 1835.48384686 3037.42110915
6600 150 1822.04165398 3001.10414595
6600 151 1820.65479509 3030.66898906
6600 152 1720.9705385 2763.52567812
6600 153 1803.40689728 2906.00161299
6600 154 1742.65431336 2893.23088514
6600 155 1723.17325729 3020.28922224
6600 156 1642.9851479 2837.27948229
6600 157 1744.96630059 2879.93071424
6600 158 1680.00311481 2854.3572092
6600 159 1575.06944761 2904.02330205
6600 160 1015.88878785 3025.55232986
6600 161 826.776224703 2953.649283
6600 162 972.704747106 2935.42180015
6600 163 798.047070034 2786.80639078
6600 164 1124.21562319 2846.65659698
6600 165 1068.26818872 2881.09954622
6600 166 876.87858116 2833.9380446
6600 167 997.357726852 2663.38992435
6600 168 1013.77828666 2977.89071747
6600 169 1032.87611296 2896.51176263
6600 170 936.183026014 2802.7206736
6600 171 867.088874253 2826.17394525
6600 172 868.419447825 2739.12228146
6600 173 946.380550941 2850.92422291
6600 174 1107.59820968 2754.03307594
6600 175 904.776866554 2913.96232353
6600 176 1039.89719036 2813.278661
6600 177 793.210135833 2914.92005356
6600 178 948.158414924 3008.43636922
6600 179 932.954101467 2906.46784938
6600 180 1142.53250403 2759.4317563
6600 181 1074.46919388 2920.57484506
6600 182 861.107345684 2978.2711307
6600 183 836.519680647 2826.29409684
6600 184 942.085051274 2709.0147423
6600 185 1004.87770331 2856.89123968
6600 186 921.403191944 3028.66134687
6600 187 891.974643739 2939.34031299
6600 188 864.46029965 2712.92893916
6600 189 831.991050048 2809.30790415
6600 190 1030.6003922 2689.8762619
6600 191 991.837450152 2733.12709457
6600 192 785.782613888 2834.113402
6600 193 1082.57782403 2943.05365551
6600 194 878.037645446 2883.28919478
6600 195 1016.98407948 2807.04240556
6600 196 962.208184206 2946.7413503
6600 197 1047.59842627 2762.4101057
6600 198 887.546042989 2768.42031076
6600 199 1079.96532878 2889.94476594
7200 0 2495 369
7200 1 932 2672
7200 2 298 611
7200 3 79 2410
7200 4 566 18
7200 5 507 537
7200 6 403 2571
7200 7 1967 153
7200 8 1849 381
7200 9 2328 955
7200 10 1752 2862
7200 11 980 2844
7200 12 179.938077423 742.746488827
7200 13 292.434542593 782.586774027
7200 14 244.939288939 629.902845731
7200 15 220.923119002 631.886995701
7200 16 163.77154697 530.437705584
7200 17 344.016016249 692.337735921
7200 18 454.571849608 686.244520157
7200 19 339.542273855 486.164967515
7200 20 299.634236221 786.786194883
7200 21 377.043104581 432.247497501
7200 22 444.703061027 694.539590513
7200 23 216.26501652 625.220930809
7200 24 369.882488043 442.201256545
7200 25 62.6235411248 2274.60448526
7200 26 168.416199666 2507.97752366
7200 27 171.286341168 2498.54804363
7200 28 184.279050779 2504.33077886
7200 29 195.24922496 2479.54954521
7200 30 205.961213577 2453.26325851
7200 31 78.4433935144 2431.72694736
7200 32 19.4325673621 2247.30208154
7200 33 112.005093322 2553.21353329
7200 34 177.688186653 2363.00614371
7200 35 -63.3745196904 2409.18660961
7200 36 -39.0658386254 2420.87118873
7200 37 178.896123805 2346.77199516
7200 38 156.168427178 2279.77363774
7200 39 718.525355533 -107.999152658
7200 40 720.061962939 6.44323401351
7200 41 564.541977293 126.500934979
7200 42 624.556765562 -79.4649868785
7200 43 563.634040941 -67.6684177053
7200 44 572.971639274 187.640036244
7200 45 520.740674506 -39.5724600028
7200 46 684.792376397 34.3304948546
7200 47 751.746235885 31.3919120045
7200 48 738.58471099 -9.23198792786
7200 49 521.904555383 126.380024261
7200 50 516.378898516 201.893705627
7200 51 587.772777546 81.8240308504
7200 52 476.465823281 -108.770589314
7200 53 569.719853316 134.021802547
7200 54 709.551328514 -118.411626162
7200 55 565.143212341 -132.464008099
7200 56 487.012223062 72.8249105077
7200 57 653.90715726 -91.9952525976
7200 58 620.482335548 16.2581174938
7200 59 715.937517581 124.471720095
7200 60 403.622728901 696.971997724
7200 61 356.414581049 666.373490609
7200 62 514.400680442 382.224852709
7200 63 683.799546329 466.963147415
7200 64 640.508016149 571.685289812
7200 65 510.167793946 475.372444299
7200 66 478.651622996 410.543210328
7200 67 501.434327808 358.552299084
7200 68 406.511001612 521.015340608
7200 69 517.776154737 616.140684284
7200 70 384.98027166 526.537848277
7200 71 353.552464271 2406.56226218
7200 72 369.579657971 2632.97033414
7200 73 230.445675628 2546.01925885
7200 74 446.602564899 2624.17817673
7200 75 387.016098883 2612.25160308
7200 76 309.571293042 2717.7106228
7200 77 510.447872821 2686.21087757
7200 78 510.330307009 2592.90866608
7200 79 434.946400202 2535.55691745
7200 80 388.399585184 2453.10349483
7200 81 236.864237124 2585.8847054
7200 82 442.286998498 2723.50640894
7200 83 569.933944941 2512.75068026
7200 84 354.750837039 2631.14610115
7200 85 357.817271378 2746.50316638
7200 86 409.598382783 2687.37047655
7200 87 408.801716994 2461.42614252
7200 88 490.485975279 2473.67877612
7200 89 479.851777341 2636.05426291
7200 90 2158.76947838 193.076512096
7200 91 1946.22101548 59.0299884753
7200 92 2098.91199985 119.543107099
7200 93 1785.87321726 215.828961389
7200 94 2019.96600732 -18.0159497184
7200 95 1903.62024915 43.8226624455
7200 96 1827.82894413 54.5310037526
7200 97 1898.69492576 215.065570682
7200 98 2068.52925097 297.343878997
7200 99 1878.75209678 284.965847151
7200 100 1992.89805517 -24.327812209
7200 101 2026.18140887 4.03719330709
7200 102 1855.2471076 22.6169143885
7200 103 2139.29943001 129.735867285
7200 104 1820.49841462 333.163549218
7200 105 1829.38160999 504.912607705
7200 106 1666.6733033 414.902336863
7200 107 1755.8848992 228.466145
7200 108 1976.69815117 396.419061483
7200 109 1924.1080106 460.784851609
7200 110 1849.66465295 218.277376371
7200 111 1670.47068688 322.487943364
7200 112 1769.64912707 466.293825907
7200 113 1723.15759587 477.297516605
7200 114 1830.64192512 471.278672378
7200 115 1867.56500701 215.170145218
7200 116 1765.7588161 465.686118829
7200 117 1841.62890673 380.877014144
7200 118 1935.95741435 539.044052552
7200 119 1857.61482383 375.361941118
7200 120 1808.2825759 541.4033451
7200 121 1919.27157879 377.094492594
7200 122 1979.90038431 472.22034967
7200 123 1821.45315723 384.297078856
7200 124 1912.13691763 344.886552956
7200 125 1833.0694766 202.682654769
7200 126 1913.55779388 376.94070188
7200 127 1773.69266189 307.770162347
7200 128 2002.3040584 364.642313986
7200 129 2278.90742597 953.456682457
7200 130 2395.62216696 870.416168944
7200 131 2354.45532629 804.735144741
7200 132 2416.22159714 1077.56022115
7200 133 2462.31160714 956.728154779
7200 134 2356.76706536 922.846749791
7200 135 2382.17548401 933.117143325
7200 136 2169.07367827 890.254212684
7200 137 2500.18120123 914.83818068
7200 138 2417.49495254 860.542769934
7200 139 2484.39591551 1017.67454005
7200 140 2229.30252264 834.203517824
7200 141 2297.65305396 974.801612348
7200 142 2332.87138784 845.999320485
7200 143 2232.15259582 887.581959906
7200 144 2384.05383802 837.043239875
7200 145 2435.07250065 853.115795566
7200 146 1745.29955957 2891.33741328
7200 147 1619.55595114 2760.17147672
7200 148 1756.02059533 2991.45584536
7200 149 1835.48384686 3037.42110915
7200 150 1822.04165398 3001.10414595
7200 151 1820.65479509 3030.66898906
7200 152 1720.9705385 2763.52567812
7200 153 1803.40689728 2906.00161299
7200 154 1742.65431336 2893.23088514
7200 155 1723.17325729 3020.28922224
7200 156 1642.9851479 2837.27948229
7200 157 1744.96630059 2879.93071424
7200 158 1680.00311481 2854.3572092
7200 159 1575.06944761 2904.02330205
7200 160 1015.88878785 3025.55232986
7200 161 826.776224703 2953.649283
7200 162 972.704747106 2935.42180015
7200 163 798.047070034 2786.80639078
7200 164 1124.21562319 2846.65659698
7200 165 1068.26818872 2881.09954622
7200 166 876.87858116 2833.9380446
7200 167 997.357726852 2663.38992435
7200 168 1013.77828666 2977.89071747
7200 169 1032.87611296 2896.51176263
7200 170 936.183026014 2802.7206736
7200 171 867.088874253 2826.17394525
7200 172 868.419447825 2739.12228146
7200 173 946.380550941 2850.92422291
7200 174 1107.59820968 2754.03307594
7200 175 904.776866554 2913.96232353
7200 176 1039.89719036 2813.278661
7200 177 793.210135833 2914.92005356
7200 178 948.158414924 3008.43636922
7200 179 932.954101467 2906.46784938
7200 180 1142.53250403 2759.4317563
7200 181 1074.46919388 2920.57484506
7200 182 861.107345684 2978.2711307
7200 183 836.519680647 2826.29409684
7200 184 942.085051274 2709.0147423
7200 185 1004.87770331 2856.89123968
7200 186 921.403191944 3028.66134687
7200 187 891.974643739 2939.34031299
7200 188 864.46029965 2712.92893916
7200 189 831.991050048 2809.30790415
7200 190 1030.6003922 2689.8762619
7200 191 991.837450152 2733.12709457
7200 192 785.782613888 2834.113402
7200 193 1082.57782403 2943.05365551
7200 194 878.037645446 2883.28919478
7200 195 1016.98407948 2807.04240556
7200 196 962.208184206 2946.7413503
7200 197 1047.59842627 2762.4101057
7200 198 887.546042989 2768.42031076
7200 199 1079.96532878 2889.94476594
