0 0 171 169 243 96 68 36 38 45 50 51 52 53 54 56 60 61 62 66 67 69 74 173 118 119 106 107 127 162 104 110 121 124 128 163 167 168 237 266 247 252 268 270 255 271 272 239 165 273 274 254 256 16 240 275 276 277 278 232 248 279 182 187 190 206 209 219 227 231 242 263 
0 1 2 13 3 4 12 15 8 18 19 
0 2 1 13 103 120 246 251 284 
0 3 1 13 103 246 251 264 284 
0 4 1 246 251 282 284 
0 5 27 21 54 
0 6 95 174 244 27 68 36 38 44 45 21 48 52 53 54 55 56 58 59 60 61 62 63 64 65 66 67 69 77 78 162 124 152 157 160 163 167 168 237 239 240 238 229 
0 7 261 
0 8 1 20 57 120 169 
0 9 171 177 
0 10 103 251 
0 11 120 150 259 
0 12 1 13 57 171 103 120 246 251 
0 13 2 1 259 3 12 79 19 80 24 29 30 22 90 37 14 41 43 243 100 178 198 201 
0 14 13 57 171 103 150 169 246 258 260 264 
0 15 1 79 20 120 259 
0 16 169 251 284 0 
0 17 79 20 103 246 284 
0 18 1 79 20 120 259 
0 19 1 13 79 57 171 103 150 169 174 246 258 260 261 262 264 280 281 
0 20 15 8 18 24 29 30 22 41 17 23 25 26 27 28 31 32 34 35 36 38 39 40 42 44 45 46 192 207 
0 21 47 57 129 150 151 6 177 251 282 283 5 
0 22 13 79 20 57 171 174 177 246 261 262 281 
0 23 20 120 169 282 284 
0 24 13 79 20 57 174 246 261 262 
0 25 20 57 103 177 246 262 
0 26 20 57 171 103 246 261 
0 27 20 47 57 129 150 6 177 251 282 283 5 
0 28 20 57 171 161 246 261 262 264 280 284 
0 29 13 79 20 57 171 103 169 174 246 261 262 281 
0 30 13 79 20 57 171 103 169 174 246 261 262 
0 31 20 57 68 171 161 170 246 261 262 264 280 284 175 172 245 176 
0 32 20 57 171 103 246 261 
0 33 79 57 171 103 169 246 261 262 281 
0 34 20 57 171 
0 35 20 47 129 251 
0 36 20 47 57 171 120 129 164 169 174 6 251 282 0 
0 37 13 79 57 171 103 164 169 174 177 246 261 262 280 281 
0 38 20 47 171 169 6 282 0 
0 39 20 177 246 
0 40 20 57 68 171 161 170 246 261 262 264 280 284 
0 41 13 79 20 57 169 174 246 261 262 
0 42 20 57 171 103 261 
0 43 13 79 57 171 103 169 174 246 261 262 280 281 
0 44 20 47 57 129 151 164 174 6 262 
0 45 20 47 171 169 6 282 0 
0 46 20 47 171 177 251 
0 47 57 27 171 246 35 36 38 44 45 46 21 48 49 50 51 52 53 54 55 56 58 59 60 61 62 63 64 65 66 67 69 70 71 72 73 74 75 76 77 78 218 223 230 
0 48 47 171 120 151 6 262 
0 49 47 57 129 251 
0 50 47 169 251 282 0 
0 51 47 129 169 251 282 0 
0 52 47 129 151 164 169 174 6 251 282 0 
0 53 47 169 6 251 282 0 
0 54 47 171 164 169 6 244 251 282 5 0 
0 55 47 6 282 
0 56 47 120 169 6 251 282 0 
0 57 12 47 171 8 19 24 29 30 22 90 37 14 41 43 33 25 26 27 28 31 68 32 34 36 40 42 44 114 115 21 49 75 105 211 220 173 193 221 
0 58 47 164 169 6 251 282 
0 59 47 6 177 
0 60 47 164 169 6 251 282 0 116 117 118 119 
0 61 47 151 164 169 174 6 251 282 0 
0 62 47 171 120 169 6 251 258 0 
0 63 47 164 169 6 251 
0 64 47 6 282 
0 65 47 169 6 
0 66 47 171 120 169 6 251 258 0 
0 67 47 169 6 282 0 
0 68 31 57 129 169 174 6 251 282 284 0 40 149 
0 69 47 6 251 0 
0 70 47 251 
0 71 47 129 169 251 282 
0 72 47 244 251 284 
0 73 47 164 169 282 
0 74 47 251 0 
0 75 47 57 169 251 282 
0 76 47 177 
0 77 47 151 164 169 174 6 251 282 
0 78 47 6 282 
0 79 15 13 177 18 19 80 24 29 30 22 90 37 41 43 100 81 82 83 84 85 86 87 88 89 91 92 93 33 94 95 96 97 17 98 99 102 186 195 204 225 
0 80 13 79 171 103 246 
0 81 79 169 
0 82 79 
0 83 79 
0 84 79 
0 85 79 169 246 261 262 281 
0 86 79 262 280 
0 87 79 246 
0 88 79 262 280 
0 89 79 103 164 169 246 261 262 280 281 
0 90 13 79 57 171 174 246 260 261 262 281 
0 91 79 169 246 261 262 281 
0 92 79 
0 93 79 246 
0 94 79 177 246 261 
0 95 79 151 169 6 
0 96 79 169 0 
0 97 79 164 169 251 282 
0 98 79 169 246 261 262 280 281 
0 99 79 169 
0 100 13 79 
0 101 177 246 261 
0 102 79 151 262 
0 103 2 3 12 19 80 29 30 37 14 43 89 33 17 25 26 32 42 114 115 105 106 107 112 104 108 109 110 111 113 10 185 
0 104 103 169 0 
0 105 57 103 169 174 246 261 262 
0 106 171 103 169 284 0 
0 107 171 103 169 284 0 
0 108 103 177 246 262 
0 109 103 177 
0 110 103 0 
0 111 103 246 261 262 264 280 
0 112 171 103 251 
0 113 103 246 
0 114 175 57 115 103 170 246 261 262 264 280 245 176 
0 115 175 114 57 103 246 261 262 264 280 176 149 162 
0 116 60 283 
0 117 60 283 
0 118 60 169 0 
0 119 60 169 0 
0 120 2 12 15 8 18 23 129 36 48 56 62 66 127 121 11 122 123 124 125 126 128 233 
0 121 120 169 0 
0 122 120 246 261 
0 123 120 169 259 
0 124 120 169 6 251 0 
0 125 120 246 261 
0 126 120 246 
0 127 171 120 169 0 
0 128 120 169 0 
0 129 27 120 246 68 35 36 44 21 49 51 52 71 130 131 
0 130 129 177 
0 131 129 177 283 
0 132 169 246 261 
0 133 169 174 177 246 261 262 
0 134 169 246 261 
0 135 246 261 
0 136 246 261 
0 137 246 261 
0 138 177 246 261 262 
0 139 169 246 280 
0 140 246 
0 141 169 246 
0 142 171 246 
0 143 169 246 
0 144 161 284 
0 145 169 246 261 
0 146 169 
0 147 169 246 261 
0 148 246 
0 149 68 115 
0 150 19 14 27 21 11 215 
0 151 95 102 44 21 48 52 61 77 152 153 154 155 156 157 158 159 160 210 
0 152 151 161 6 
0 153 151 169 
0 154 151 169 
0 155 151 177 
0 156 151 177 
0 157 151 6 251 
0 158 151 177 
0 159 151 177 
0 160 151 6 251 
0 161 28 31 40 162 144 152 163 191 
0 162 115 161 169 170 6 0 
0 163 161 169 6 0 
0 164 169 37 89 97 170 36 44 52 54 58 60 61 63 73 77 166 167 168 
0 165 169 177 251 0 
0 166 164 177 246 
0 167 164 6 0 
0 168 164 169 6 0 
0 169 8 164 0 19 29 30 37 14 41 43 243 81 85 89 91 33 95 96 97 98 99 23 68 36 38 45 50 51 52 53 54 56 58 60 61 62 63 65 66 67 71 73 75 77 105 173 118 119 106 107 127 162 104 121 123 124 128 133 134 139 143 145 146 147 153 154 163 168 237 266 247 252 250 267 268 249 269 270 255 271 272 239 165 199 273 274 141 254 256 16 240 275 276 277 278 132 265 232 248 279 181 213 214 234 
0 170 31 164 251 40 114 245 162 
0 171 12 57 0 19 80 29 30 22 90 37 14 43 33 26 47 28 31 32 34 36 38 40 42 45 46 172 48 54 62 66 173 106 107 142 112 127 180 184 9 
0 172 31 171 
0 173 57 171 169 0 
0 174 19 24 29 30 22 90 37 41 43 6 68 36 44 52 61 77 105 133 
0 175 31 114 115 
0 176 31 114 115 
0 177 79 22 37 178 198 201 94 186 195 204 225 25 27 39 46 192 207 21 59 76 218 223 230 211 220 193 221 180 184 9 108 109 185 233 130 131 133 138 101 188 202 224 236 215 155 156 158 159 210 191 166 165 199 232 181 213 214 234 229 179 182 183 187 189 190 194 196 197 200 203 205 206 208 209 212 216 217 219 222 226 227 228 231 235 
0 178 13 177 
0 179 177 258 
0 180 171 177 
0 181 169 177 
0 182 177 0 
0 183 177 261 
0 184 171 177 
0 185 103 177 
0 186 79 177 
0 187 177 0 
0 188 177 
0 189 177 282 
0 190 177 0 
0 191 161 177 
0 192 20 177 
0 193 57 177 
0 194 177 261 
0 195 79 177 
0 196 177 262 
0 197 177 246 
0 198 13 177 
0 199 169 177 261 
0 200 177 261 
0 201 13 177 
0 202 177 
0 203 177 246 
0 204 79 177 
0 205 177 262 
0 206 177 0 
0 207 20 177 
0 208 177 261 
0 209 177 0 
0 210 151 177 
0 211 57 177 262 
0 212 177 283 
0 213 169 177 
0 214 169 177 
0 215 150 177 
0 216 177 246 
0 217 177 251 
0 218 47 177 
0 219 177 0 
0 220 57 177 
0 221 57 177 
0 222 177 251 
0 223 47 177 
0 224 177 
0 225 79 177 
0 226 177 261 
0 227 177 0 
0 228 177 246 
0 229 6 177 
0 230 47 177 
0 231 177 0 
0 232 169 177 0 
0 233 120 177 
0 234 169 177 
0 235 177 261 
0 236 177 
0 237 169 6 258 259 282 0 
0 238 6 251 
0 239 169 6 251 0 
0 240 169 6 258 259 282 0 
0 241 246 251 
0 242 251 0 
0 243 13 169 251 0 
0 244 6 54 72 
0 245 31 114 170 
0 246 2 3 4 12 19 80 24 29 30 22 90 37 14 41 43 85 87 89 91 93 33 94 17 98 25 26 47 129 28 31 32 39 40 114 115 105 142 108 111 113 122 125 126 133 134 136 137 138 139 140 143 145 147 148 101 166 247 250 249 141 132 248 197 203 216 228 241 135 
0 247 169 246 0 
0 248 169 246 0 
0 249 169 246 261 
0 250 169 246 
0 251 2 3 4 12 243 97 27 68 170 35 36 46 21 49 50 51 52 53 54 56 58 60 61 62 63 66 69 70 71 72 74 75 77 112 10 124 157 160 239 165 254 256 16 238 217 222 241 253 257 242 
0 252 169 282 0 
0 253 251 283 
0 254 169 251 282 0 
0 255 169 0 
0 256 169 251 262 282 0 
0 257 251 262 282 
0 258 19 14 62 66 237 240 179 
0 259 13 15 18 11 123 237 240 
0 260 19 90 14 
0 261 19 24 29 30 22 90 37 41 43 85 89 91 33 94 98 26 28 31 32 40 42 114 115 105 111 122 125 133 134 136 137 138 145 7 147 101 249 199 132 183 194 200 208 226 235 135 
0 262 19 24 29 30 22 90 37 41 43 85 86 88 89 91 33 98 102 25 28 31 40 44 114 115 48 105 211 108 111 133 138 256 196 205 257 263 
0 263 262 0 
0 264 3 19 14 28 31 40 114 115 111 265 
0 265 169 264 
0 266 169 0 
0 267 169 282 
0 268 169 0 
0 269 169 282 
0 270 169 0 
0 271 169 0 
0 272 169 0 
0 273 169 0 
0 274 169 0 
0 275 169 0 
0 276 169 0 
0 277 169 0 
0 278 169 0 
0 279 169 0 
0 280 19 37 43 86 88 89 98 28 31 40 114 115 111 139 
0 281 19 29 22 90 37 43 85 89 91 33 98 
0 282 4 97 23 27 68 36 38 45 21 50 51 52 53 54 55 56 58 60 61 64 67 71 73 75 77 78 237 252 267 269 254 256 240 189 257 
0 283 27 21 116 117 131 212 253 
0 284 2 3 4 17 23 28 31 68 40 72 106 107 144 16 
900 0 164 92 66 35 37 44 49 50 51 52 53 55 59 60 61 65 67 72 114 115 102 103 123 156 100 106 117 120 124 157 161 162 227 253 236 241 255 257 244 258 259 229 159 260 261 243 245 16 230 262 263 264 222 237 265 174 178 181 197 200 210 221 232 251 
900 1 2 13 3 4 12 15 8 18 19 
900 2 1 13 99 116 235 240 270 
900 3 1 13 99 235 240 252 270 
900 4 1 235 240 268 270 
900 5 26 53 
900 6 26 166 233 66 35 37 43 44 47 51 52 53 54 55 57 58 59 60 61 62 63 64 65 67 75 76 156 120 146 151 154 157 161 162 227 229 230 228 219 
900 7 249 
900 8 1 20 56 116 
900 9 164 169 
900 10 99 240 
900 11 116 144 248 
900 12 1 13 56 164 99 116 235 240 
900 13 2 1 248 3 12 77 19 78 23 28 29 21 87 36 14 40 42 96 170 189 192 
900 14 13 56 164 99 144 235 247 252 
900 15 1 77 20 116 248 
900 16 240 270 0 
900 17 77 20 99 235 270 
900 18 1 77 20 116 248 
900 19 1 13 77 56 164 99 144 166 235 247 249 250 252 266 267 
900 20 15 8 18 23 28 29 21 40 17 22 24 25 26 27 30 31 33 34 35 37 38 39 41 43 44 45 183 198 
900 21 13 77 20 56 164 166 169 235 249 250 267 
900 22 20 116 268 270 
900 23 13 77 20 56 166 235 249 250 
900 24 20 56 99 169 235 250 
900 25 20 56 164 99 235 249 
900 26 20 46 56 144 6 169 240 268 269 5 
900 27 20 56 164 155 235 249 250 252 266 270 
900 28 13 77 20 56 164 99 166 235 249 250 267 
900 29 13 77 20 56 164 99 166 235 249 250 
900 30 20 56 66 164 155 163 235 249 250 252 266 270 167 165 234 168 
900 31 20 56 164 99 235 249 
900 32 77 56 164 99 235 249 250 267 
900 33 20 56 164 
900 34 20 46 240 
900 35 20 46 56 164 116 158 166 6 240 268 0 
900 36 13 77 56 164 99 158 166 169 235 249 250 266 267 
900 37 20 46 164 6 268 0 
900 38 20 169 235 
900 39 20 56 66 164 155 163 235 249 250 252 266 270 
900 40 13 77 20 56 166 235 249 250 
900 41 20 56 164 99 249 
900 42 13 77 56 164 99 166 235 249 250 266 267 
900 43 20 46 56 145 158 166 6 250 
900 44 20 46 164 6 268 0 
900 45 20 46 164 169 240 
900 46 56 26 164 235 34 35 37 43 44 45 47 48 49 50 51 52 53 54 55 57 58 59 60 61 62 63 64 65 67 68 69 70 71 72 73 74 75 76 209 214 220 
900 47 46 164 116 145 6 250 
900 48 46 56 240 
900 49 46 240 268 0 
900 50 46 240 268 0 
900 51 46 145 158 166 6 240 268 0 
900 52 46 6 240 268 0 
900 53 46 164 158 6 233 240 268 5 0 
900 54 46 6 268 
900 55 46 116 6 240 268 0 
900 56 12 46 164 8 19 23 28 29 21 87 36 14 40 42 32 24 25 26 27 30 66 31 33 35 39 41 43 110 111 48 73 101 202 211 184 212 
900 57 46 158 6 240 268 
900 58 46 6 169 
900 59 46 158 6 240 268 0 112 113 114 115 
900 60 46 145 158 166 6 240 268 0 
900 61 46 164 116 6 240 247 0 
900 62 46 158 6 240 
900 63 46 6 268 
900 64 46 6 
900 65 46 164 116 6 240 247 0 
900 66 30 56 166 6 240 268 270 0 39 143 
900 67 46 6 240 0 
900 68 46 240 
900 69 46 240 268 
900 70 46 233 240 270 
900 71 46 158 268 
900 72 46 240 0 
900 73 46 56 240 268 
900 74 46 169 
900 75 46 145 158 166 6 240 268 
900 76 46 6 268 
900 77 15 13 169 18 19 78 23 28 29 21 87 36 40 42 96 79 80 81 82 83 84 85 86 88 89 90 32 91 92 93 17 94 95 98 177 186 195 216 
900 78 13 77 164 99 235 
900 79 77 
900 80 77 
900 81 77 
900 82 77 235 249 250 267 
900 83 77 250 266 
900 84 77 235 
900 85 77 250 266 
900 86 77 99 158 235 249 250 266 267 
900 87 13 77 56 164 166 235 249 250 267 
900 88 77 235 249 250 267 
900 89 77 
900 90 77 235 
900 91 77 169 235 249 
900 92 77 0 
900 93 77 158 240 268 
900 94 77 235 249 250 266 267 
900 95 77 
900 96 13 77 
900 97 169 235 249 
900 98 77 145 250 
900 99 2 3 12 19 78 28 29 36 14 42 86 32 17 24 25 31 41 110 111 101 102 103 108 100 104 105 106 107 109 10 176 
900 100 99 0 
900 101 56 99 166 235 249 250 
900 102 164 99 270 0 
900 103 164 99 270 0 
900 104 99 169 235 250 
900 105 99 169 
900 106 99 0 
900 107 99 235 249 250 252 266 
900 108 164 99 240 
900 109 99 235 
900 110 167 56 111 99 163 235 249 250 252 266 234 168 
900 111 167 110 56 99 235 249 250 252 266 168 143 156 
900 112 59 269 
900 113 59 269 
900 114 59 0 
900 115 59 0 
900 116 2 12 15 8 18 22 35 47 55 61 65 123 117 11 118 119 120 121 122 124 223 
900 117 116 0 
900 118 116 235 249 
900 119 116 248 
900 120 116 6 240 0 
900 121 116 235 249 
900 122 116 235 
900 123 164 116 0 
900 124 116 0 
900 125 169 
900 126 169 269 
900 127 235 249 
900 128 166 169 235 249 250 
900 129 235 249 
900 130 235 249 
900 131 235 249 
900 132 235 249 
900 133 169 235 249 250 
900 134 235 266 
900 135 235 
900 136 164 235 
900 137 235 
900 138 155 270 
900 139 235 249 
900 140 
900 141 235 249 
900 142 235 
900 143 66 111 
900 144 19 14 26 11 206 
900 145 98 43 47 51 60 75 146 147 148 149 150 151 152 153 154 201 
900 146 145 155 6 
900 147 145 
900 148 145 
900 149 145 169 
900 150 145 169 
900 151 145 6 240 
900 152 145 169 
900 153 145 169 
900 154 145 6 240 
900 155 27 30 39 156 138 146 157 182 
900 156 111 155 163 6 0 
900 157 155 6 0 
900 158 36 86 93 163 35 43 51 53 57 59 60 62 71 75 160 161 162 
900 159 169 240 0 
900 160 158 169 235 
900 161 158 6 0 
900 162 158 6 0 
900 163 30 158 240 39 110 234 156 
900 164 12 56 0 19 78 28 29 21 87 36 14 42 32 25 46 27 30 31 33 35 37 39 41 44 45 165 47 53 61 65 102 103 136 108 123 172 175 9 
900 165 30 164 
900 166 19 23 28 29 21 87 36 40 42 6 66 35 43 51 60 75 101 128 
900 167 30 110 111 
900 168 30 110 111 
900 169 77 21 36 170 189 192 91 177 186 195 216 24 26 38 45 183 198 58 74 209 214 220 202 211 184 212 172 175 9 104 105 176 223 125 126 128 133 97 179 193 215 226 206 149 150 152 153 201 182 160 159 190 222 173 204 205 224 219 171 174 178 180 181 185 187 188 191 194 196 197 199 200 203 207 208 210 213 217 218 221 225 
900 170 13 169 
900 171 169 247 
900 172 164 169 
900 173 169 
900 174 169 0 
900 175 164 169 
900 176 99 169 
900 177 77 169 
900 178 169 0 
900 179 169 
900 180 169 268 
900 181 169 0 
900 182 155 169 
900 183 20 169 
900 184 56 169 
900 185 169 249 
900 186 77 169 
900 187 169 250 
900 188 169 235 
900 189 13 169 
900 190 169 249 
900 191 169 249 
900 192 13 169 
900 193 169 
900 194 169 235 
900 195 77 169 
900 196 169 250 
900 197 169 0 
900 198 20 169 
900 199 169 249 
900 200 169 0 
900 201 145 169 
900 202 56 169 250 
900 203 169 269 
900 204 169 
900 205 169 
900 206 144 169 
900 207 169 235 
900 208 169 240 
900 209 46 169 
900 210 169 0 
900 211 56 169 
900 212 56 169 
900 213 169 240 
900 214 46 169 
900 215 169 
900 216 77 169 
900 217 169 249 
900 218 169 235 
900 219 6 169 
900 220 46 169 
900 221 169 0 
900 222 169 0 
900 223 116 169 
900 224 169 
900 225 169 249 
900 226 169 
900 227 6 247 248 268 0 
900 228 6 240 
900 229 6 240 0 
900 230 6 247 248 268 0 
900 231 235 240 
900 232 240 0 
900 233 6 53 70 
900 234 30 110 163 
900 235 2 3 4 12 19 78 23 28 29 21 87 36 14 40 42 82 84 86 88 90 32 91 17 94 24 25 46 27 30 31 38 39 110 111 101 136 104 107 109 118 121 122 128 129 131 132 133 134 137 139 141 142 97 160 236 239 238 135 127 237 188 194 207 218 231 130 
900 236 235 0 
900 237 235 0 
900 238 235 249 
900 239 235 
900 240 2 3 4 12 93 26 66 163 34 35 45 48 49 50 51 52 53 55 57 59 60 61 62 65 67 68 69 70 72 73 75 108 10 120 151 154 229 159 243 245 16 228 208 213 231 242 246 232 
900 241 268 0 
900 242 240 269 
900 243 240 268 0 
900 244 0 
900 245 240 250 268 0 
900 246 240 250 268 
900 247 19 14 61 65 227 230 171 
900 248 13 15 18 11 119 227 230 
900 249 19 23 28 29 21 87 36 40 42 82 86 88 32 91 94 25 27 30 31 39 41 110 111 101 107 118 121 128 129 131 132 133 139 7 141 97 238 190 127 185 191 199 217 225 130 
900 250 19 23 28 29 21 87 36 40 42 82 83 85 86 88 32 94 98 24 27 30 39 43 110 111 47 101 202 104 107 128 133 245 187 196 246 251 
900 251 250 0 
900 252 3 19 14 27 30 39 110 111 107 
900 253 0 
900 254 268 
900 255 0 
900 256 268 
900 257 0 
900 258 0 
900 259 0 
900 260 0 
900 261 0 
900 262 0 
900 263 0 
900 264 0 
900 265 0 
900 266 19 36 42 83 85 86 94 27 30 39 110 111 107 134 
900 267 19 28 21 87 36 42 82 86 88 32 94 
900 268 4 93 22 26 66 35 37 44 49 50 51 52 53 54 55 57 59 60 63 69 71 73 75 76 227 241 254 256 243 245 230 180 246 
900 269 26 112 113 126 203 242 
900 270 2 3 4 17 22 27 30 66 39 70 102 103 138 16 
1800 0 159 89 63 35 37 43 47 48 49 50 51 53 56 57 58 62 64 69 111 112 99 100 120 151 97 103 114 117 121 152 156 157 219 243 227 231 245 247 234 248 221 154 249 250 233 235 16 222 251 252 253 214 228 254 168 172 175 189 192 202 213 224 241 
1800 1 2 13 3 4 12 15 8 18 19 
1800 2 1 13 96 113 226 258 
1800 3 1 13 96 226 242 258 
1800 4 1 226 258 
1800 5 26 51 
1800 6 26 161 63 35 37 42 43 46 49 50 51 52 53 54 55 56 57 58 59 60 61 62 64 72 73 151 117 141 146 149 152 156 157 219 221 222 220 211 
1800 7 239 
1800 8 1 20 113 
1800 9 159 164 
1800 10 96 
1800 11 113 139 238 
1800 12 1 13 159 96 113 226 
1800 13 2 1 238 3 12 74 19 75 23 28 29 21 84 36 14 41 93 165 183 186 
1800 14 13 159 96 139 226 237 242 
1800 15 1 74 20 113 238 
1800 16 258 0 
1800 17 74 20 96 226 258 
1800 18 1 74 20 113 238 
1800 19 1 13 74 159 96 139 161 226 237 239 240 242 255 256 
1800 20 15 8 18 23 28 29 21 17 22 24 25 26 27 30 31 33 34 35 37 38 39 40 42 43 44 177 190 
1800 21 13 74 20 159 161 164 226 239 240 256 
1800 22 20 113 258 
1800 23 13 74 20 161 226 239 240 
1800 24 20 96 164 226 240 
1800 25 20 159 96 226 239 
1800 26 20 45 139 6 164 257 5 
1800 27 20 159 150 226 239 240 242 255 258 
1800 28 13 74 20 159 96 161 226 239 240 256 
1800 29 13 74 20 159 96 161 226 239 240 
1800 30 20 63 159 150 158 226 239 240 242 255 258 162 160 225 163 
1800 31 20 159 96 226 239 
1800 32 74 159 96 226 239 240 256 
1800 33 20 159 
1800 34 20 45 
1800 35 20 45 159 113 153 161 6 0 
1800 36 13 74 159 96 153 161 164 226 239 240 255 256 
1800 37 20 45 159 6 0 
1800 38 20 164 226 
1800 39 20 63 159 150 158 226 239 240 242 255 258 
1800 40 20 159 96 239 
1800 41 13 74 159 96 161 226 239 240 255 256 
1800 42 20 45 140 153 161 6 240 
1800 43 20 45 159 6 0 
1800 44 20 45 159 164 
1800 45 26 159 226 34 35 37 42 43 44 46 47 48 49 50 51 52 53 54 55 56 57 58 59 60 61 62 64 65 66 67 68 69 70 71 72 73 201 206 212 
1800 46 45 159 113 140 6 240 
1800 47 45 0 
1800 48 45 0 
1800 49 45 140 153 161 6 0 
1800 50 45 6 0 
1800 51 45 159 153 6 5 0 
1800 52 45 6 
1800 53 45 113 6 0 
1800 54 45 153 6 
1800 55 45 6 164 
1800 56 45 153 6 0 109 110 111 112 
1800 57 45 140 153 161 6 0 
1800 58 45 159 113 6 237 0 
1800 59 45 153 6 
1800 60 45 6 
1800 61 45 6 
1800 62 45 159 113 6 237 0 
1800 63 30 161 6 258 0 39 138 
1800 64 45 6 0 
1800 65 45 
1800 66 45 
1800 67 45 258 
1800 68 45 153 
1800 69 45 0 
1800 70 45 
1800 71 45 164 
1800 72 45 140 153 161 6 
1800 73 45 6 
1800 74 15 13 164 18 19 75 23 28 29 21 84 36 41 93 76 77 78 79 80 81 82 83 85 86 87 32 88 89 90 17 91 92 95 171 180 187 208 
1800 75 13 74 159 96 226 
1800 76 74 
1800 77 74 
1800 78 74 
1800 79 74 226 239 240 256 
1800 80 74 240 255 
1800 81 74 226 
1800 82 74 240 255 
1800 83 74 96 153 226 239 240 255 256 
1800 84 13 74 159 161 226 239 240 256 
1800 85 74 226 239 240 256 
1800 86 74 
1800 87 74 226 
1800 88 74 164 226 239 
1800 89 74 0 
1800 90 74 153 
1800 91 74 226 239 240 255 256 
1800 92 74 
1800 93 13 74 
1800 94 164 226 239 
1800 95 74 140 240 
1800 96 2 3 12 19 75 28 29 36 14 41 83 32 17 24 25 31 40 107 108 98 99 100 105 97 101 102 103 104 106 10 170 
1800 97 96 0 
1800 98 96 161 226 239 240 
1800 99 159 96 258 0 
1800 100 159 96 258 0 
1800 101 96 164 226 240 
1800 102 96 164 
1800 103 96 0 
1800 104 96 226 239 240 242 255 
1800 105 159 96 
1800 106 96 226 
1800 107 162 108 96 158 226 239 240 242 255 225 163 
1800 108 162 107 96 226 239 240 242 255 163 138 151 
1800 109 56 257 
1800 110 56 257 
1800 111 56 0 
1800 112 56 0 
1800 113 2 12 15 8 18 22 35 46 53 58 62 120 114 11 115 116 117 118 119 121 215 
1800 114 113 0 
1800 115 113 226 239 
1800 116 113 238 
1800 117 113 6 0 
1800 118 113 226 239 
1800 119 113 226 
1800 120 159 113 0 
1800 121 113 0 
1800 122 164 
1800 123 164 257 
1800 124 226 239 
1800 125 161 164 226 239 240 
1800 126 226 239 
1800 127 226 239 
1800 128 226 239 
1800 129 226 239 
1800 130 164 226 239 240 
1800 131 226 255 
1800 132 226 
1800 133 226 
1800 134 150 258 
1800 135 226 239 
1800 136 226 239 
1800 137 226 
1800 138 63 108 
1800 139 19 14 26 11 198 
1800 140 95 42 46 49 57 72 141 142 143 144 145 146 147 148 149 193 
1800 141 140 150 6 
1800 142 140 
1800 143 140 
1800 144 140 164 
1800 145 140 164 
1800 146 140 6 
1800 147 140 164 
1800 148 140 164 
1800 149 140 6 
1800 150 27 30 39 151 134 141 152 176 
1800 151 108 150 158 6 0 
1800 152 150 6 0 
1800 153 36 83 90 158 35 42 49 51 54 56 57 59 68 72 155 156 157 
1800 154 164 0 
1800 155 153 164 226 
1800 156 153 6 0 
1800 157 153 6 0 
1800 158 30 153 39 107 225 151 
1800 159 12 0 19 75 28 29 21 84 36 14 41 32 25 45 27 30 31 33 35 37 39 40 43 44 160 46 51 58 62 99 100 105 120 169 9 
1800 160 30 159 
1800 161 19 23 28 29 21 84 36 41 6 63 35 42 49 57 72 98 125 
1800 162 30 107 108 
1800 163 30 107 108 
1800 164 74 21 36 165 183 186 88 171 180 187 208 24 26 38 44 177 190 55 71 201 206 212 194 203 178 204 169 9 101 102 170 215 122 123 125 130 94 173 207 218 198 144 145 147 148 193 176 155 154 184 214 167 196 197 216 211 166 168 172 174 175 179 181 182 185 188 189 191 192 195 199 200 202 205 209 210 213 217 
1800 165 13 164 
1800 166 164 237 
1800 167 164 
1800 168 164 0 
1800 169 159 164 
1800 170 96 164 
1800 171 74 164 
1800 172 164 0 
1800 173 164 
1800 174 164 
1800 175 164 0 
1800 176 150 164 
1800 177 20 164 
1800 178 164 
1800 179 164 239 
1800 180 74 164 
1800 181 164 240 
1800 182 164 226 
1800 183 13 164 
1800 184 164 239 
1800 185 164 239 
1800 186 13 164 
1800 187 74 164 
1800 188 164 240 
1800 189 164 0 
1800 190 20 164 
1800 191 164 239 
1800 192 164 0 
1800 193 140 164 
1800 194 164 240 
1800 195 164 257 
1800 196 164 
1800 197 164 
1800 198 139 164 
1800 199 164 226 
1800 200 164 
1800 201 45 164 
1800 202 164 0 
1800 203 164 
1800 204 164 
1800 205 164 
1800 206 45 164 
1800 207 164 
1800 208 74 164 
1800 209 164 239 
1800 210 164 226 
1800 211 6 164 
1800 212 45 164 
1800 213 164 0 
1800 214 164 0 
1800 215 113 164 
1800 216 164 
1800 217 164 239 
1800 218 164 
1800 219 6 237 238 0 
1800 220 6 
1800 221 6 0 
1800 222 6 237 238 0 
1800 223 226 
1800 224 0 
1800 225 30 107 158 
1800 226 2 3 4 12 19 75 23 28 29 21 84 36 14 41 79 81 83 85 87 32 88 17 91 24 25 45 27 30 31 38 39 107 108 98 101 104 106 115 118 119 125 126 128 129 130 131 133 135 136 137 94 155 227 230 229 132 124 228 182 199 210 223 127 
1800 227 226 0 
1800 228 226 0 
1800 229 226 239 
1800 230 226 
1800 231 0 
1800 232 257 
1800 233 0 
1800 234 0 
1800 235 240 0 
1800 236 240 
1800 237 19 14 58 62 219 222 166 
1800 238 13 15 18 11 116 219 222 
1800 239 19 23 28 29 21 84 36 41 79 83 85 32 88 91 25 27 30 31 39 40 107 108 98 104 115 118 125 126 128 129 130 135 7 136 94 229 184 124 179 185 191 209 217 127 
1800 240 19 23 28 29 21 84 36 41 79 80 82 83 85 32 91 95 24 27 30 39 42 107 108 46 98 194 101 104 125 130 235 181 188 236 241 
1800 241 240 0 
1800 242 3 19 14 27 30 39 107 108 104 
1800 243 0 
1800 244 
1800 245 0 
1800 246 
1800 247 0 
1800 248 0 
1800 249 0 
1800 250 0 
1800 251 0 
1800 252 0 
1800 253 0 
1800 254 0 
1800 255 19 36 41 80 82 83 91 27 30 39 107 108 104 131 
1800 256 19 28 21 84 36 41 79 83 85 32 91 
1800 257 26 109 110 123 195 232 
1800 258 2 3 4 17 22 27 30 63 39 67 99 100 134 16 
2700 0 151 83 58 33 34 39 43 44 45 46 47 49 52 53 57 59 64 104 105 93 113 143 91 96 107 110 114 144 148 149 209 230 216 220 232 234 222 235 211 146 236 237 223 15 212 238 239 240 204 217 241 160 164 167 183 193 203 214 228 
2700 1 2 13 3 4 12 14 8 17 
2700 2 1 13 90 106 215 245 
2700 3 1 13 90 215 229 245 
2700 4 1 215 245 
2700 5 24 47 
2700 6 24 153 58 33 34 38 39 42 45 46 47 48 49 50 51 52 53 54 55 56 57 59 67 68 143 110 134 139 141 144 148 149 209 211 212 210 201 
2700 7 
2700 8 1 18 106 
2700 9 151 156 
2700 10 90 
2700 11 106 132 226 
2700 12 1 13 151 90 106 215 
2700 13 2 1 226 3 12 69 17 70 21 26 27 19 78 37 87 157 175 178 
2700 14 1 69 18 106 226 
2700 15 245 0 
2700 16 69 18 90 215 245 
2700 17 1 13 69 151 90 132 153 215 225 227 229 242 243 
2700 18 14 8 21 26 27 19 16 20 22 23 24 25 28 29 31 32 33 34 35 36 38 39 40 169 181 
2700 19 13 69 18 151 153 156 215 227 243 
2700 20 18 106 245 
2700 21 13 69 18 153 215 227 
2700 22 18 90 156 215 227 
2700 23 18 151 90 215 
2700 24 18 41 132 6 156 244 5 
2700 25 18 151 142 215 227 229 242 245 
2700 26 13 69 18 151 90 153 215 227 243 
2700 27 13 69 18 151 90 153 215 227 
2700 28 18 58 151 142 150 215 227 229 242 245 154 152 155 
2700 29 18 151 90 215 
2700 30 69 151 90 215 227 243 
2700 31 18 151 
2700 32 18 41 
2700 33 18 41 151 106 145 153 6 0 
2700 34 18 41 151 6 0 
2700 35 18 58 151 142 150 215 227 229 242 245 
2700 36 18 151 90 
2700 37 13 69 151 90 153 215 227 242 243 
2700 38 18 41 133 145 153 6 227 
2700 39 18 41 151 6 0 
2700 40 18 41 151 156 
2700 41 24 151 215 32 33 34 38 39 40 42 43 44 45 46 47 48 49 50 51 52 53 54 55 56 57 59 60 61 62 63 64 65 66 67 68 192 196 202 
2700 42 41 151 106 133 6 227 
2700 43 41 0 
2700 44 41 0 
2700 45 41 133 145 153 6 0 
2700 46 41 6 0 
2700 47 41 151 145 6 5 0 
2700 48 41 6 
2700 49 41 106 6 0 
2700 50 41 145 6 
2700 51 41 6 156 
2700 52 41 145 6 0 102 103 104 105 
2700 53 41 151 106 6 225 0 
2700 54 41 145 6 
2700 55 41 6 
2700 56 41 6 
2700 57 41 151 106 6 225 0 
2700 58 28 153 6 245 0 35 131 
2700 59 41 6 0 
2700 60 41 
2700 61 41 
2700 62 41 245 
2700 63 41 145 
2700 64 41 0 
2700 65 41 
2700 66 41 156 
2700 67 41 133 145 153 6 
2700 68 41 6 
2700 69 14 13 156 17 70 21 26 27 19 78 37 87 71 72 73 74 75 76 77 79 80 81 30 82 83 84 16 85 86 89 163 172 179 198 
2700 70 13 69 151 90 215 
2700 71 69 
2700 72 69 
2700 73 69 215 227 243 
2700 74 69 227 242 
2700 75 69 215 
2700 76 69 227 242 
2700 77 69 90 145 215 227 242 243 
2700 78 13 69 151 153 215 227 243 
2700 79 69 215 227 243 
2700 80 69 
2700 81 69 215 
2700 82 69 156 215 
2700 83 69 0 
2700 84 69 145 
2700 85 69 215 227 242 243 
2700 86 69 
2700 87 13 69 
2700 88 156 215 
2700 89 69 133 227 
2700 90 2 3 12 17 70 26 27 37 77 30 16 22 23 29 36 100 101 92 93 98 91 94 95 96 97 99 10 162 
2700 91 90 0 
2700 92 90 153 215 227 
2700 93 151 90 245 0 
2700 94 90 156 215 227 
2700 95 90 156 
2700 96 90 0 
2700 97 90 215 227 229 242 
2700 98 151 90 
2700 99 90 215 
2700 100 154 101 90 150 215 227 229 242 155 
2700 101 154 100 90 215 227 229 242 155 131 143 
2700 102 52 244 
2700 103 52 244 
2700 104 52 0 
2700 105 52 0 
2700 106 2 12 14 8 20 33 42 49 53 57 113 107 11 108 109 110 111 112 114 205 
2700 107 106 0 
2700 108 106 215 
2700 109 106 226 
2700 110 106 6 0 
2700 111 106 215 
2700 112 106 215 
2700 113 151 106 0 
2700 114 106 0 
2700 115 156 
2700 116 156 244 
2700 117 215 
2700 118 153 156 215 227 
2700 119 215 
2700 120 215 
2700 121 215 
2700 122 215 
2700 123 156 215 227 
2700 124 215 242 
2700 125 215 
2700 126 215 
2700 127 142 245 
2700 128 215 
2700 129 215 
2700 130 215 
2700 131 58 101 
2700 132 17 24 11 189 
2700 133 89 38 42 45 67 134 135 136 137 138 139 140 141 184 
2700 134 133 142 6 
2700 135 133 
2700 136 133 
2700 137 133 156 
2700 138 133 156 
2700 139 133 6 
2700 140 133 156 
2700 141 133 6 
2700 142 25 28 35 143 127 134 144 168 
2700 143 101 142 150 6 0 
2700 144 142 6 0 
2700 145 77 84 150 33 38 45 47 50 52 54 63 67 147 148 149 
2700 146 156 0 
2700 147 145 156 215 
2700 148 145 6 0 
2700 149 145 6 0 
2700 150 28 145 35 100 143 
2700 151 12 0 17 70 26 27 19 78 37 30 23 41 25 28 29 31 33 34 35 36 39 40 152 42 47 53 57 93 98 113 161 9 
2700 152 28 151 
2700 153 17 21 26 27 19 78 37 6 58 33 38 45 67 92 118 
2700 154 28 100 101 
2700 155 28 100 101 
2700 156 69 19 157 175 178 82 163 172 179 198 22 24 40 169 181 51 66 192 196 202 185 170 194 161 9 94 95 162 205 115 116 118 123 88 165 197 208 189 137 138 140 184 168 147 146 176 204 159 187 188 206 201 158 160 164 166 167 171 173 174 177 180 182 183 186 190 191 193 195 199 200 203 207 
2700 157 13 156 
2700 158 156 225 
2700 159 156 
2700 160 156 0 
2700 161 151 156 
2700 162 90 156 
2700 163 69 156 
2700 164 156 0 
2700 165 156 
2700 166 156 
2700 167 156 0 
2700 168 142 156 
2700 169 18 156 
2700 170 156 
2700 171 156 
2700 172 69 156 
2700 173 156 227 
2700 174 156 215 
2700 175 13 156 
2700 176 156 
2700 177 156 
2700 178 13 156 
2700 179 69 156 
2700 180 156 227 
2700 181 18 156 
2700 182 156 
2700 183 156 0 
2700 184 133 156 
2700 185 156 227 
2700 186 156 244 
2700 187 156 
2700 188 156 
2700 189 132 156 
2700 190 156 215 
2700 191 156 
2700 192 41 156 
2700 193 156 0 
2700 194 156 
2700 195 156 
2700 196 41 156 
2700 197 156 
2700 198 69 156 
2700 199 156 
2700 200 156 215 
2700 201 6 156 
2700 202 41 156 
2700 203 156 0 
2700 204 156 0 
2700 205 106 156 
2700 206 156 
2700 207 156 
2700 208 156 
2700 209 6 225 226 0 
2700 210 6 
2700 211 6 0 
2700 212 6 225 226 0 
2700 213 215 
2700 214 0 
2700 215 2 3 4 12 17 70 21 26 27 19 78 37 73 75 77 79 81 30 82 16 85 22 23 41 25 28 29 35 100 101 92 94 97 99 108 111 112 118 119 121 122 123 124 126 128 129 130 88 147 216 219 218 125 117 217 174 190 200 213 120 
2700 216 215 0 
2700 217 215 0 
2700 218 215 
2700 219 215 
2700 220 0 
2700 221 244 
2700 222 0 
2700 223 227 0 
2700 224 227 
2700 225 17 53 57 209 212 158 
2700 226 13 14 11 109 209 212 
2700 227 17 21 26 27 19 78 37 73 74 76 77 79 30 85 89 22 25 28 35 38 100 101 42 92 185 94 97 118 123 223 173 180 224 228 
2700 228 227 0 
2700 229 3 17 25 28 35 100 101 97 
2700 230 0 
2700 231 
2700 232 0 
2700 233 
2700 234 0 
2700 235 0 
2700 236 0 
2700 237 0 
2700 238 0 
2700 239 0 
2700 240 0 
2700 241 0 
2700 242 17 37 74 76 77 85 25 28 35 100 101 97 124 
2700 243 17 26 19 78 37 73 77 79 30 85 
2700 244 24 102 103 116 186 221 
2700 245 2 3 4 16 20 25 28 58 35 62 93 127 15 
3600 0 142 29 30 53 35 39 40 41 42 43 45 48 49 52 54 97 98 86 105 134 84 89 100 103 106 135 139 140 199 218 208 220 210 222 201 137 223 224 211 13 202 225 226 227 194 205 228 151 155 158 174 183 193 203 216 
3600 1 2 12 3 4 8 15 
3600 2 1 12 83 99 204 232 
3600 3 1 12 83 204 217 232 
3600 4 1 204 232 
3600 5 21 43 
3600 6 21 144 29 30 53 34 35 38 41 42 43 44 45 46 47 48 49 50 51 52 54 61 62 134 103 130 132 135 139 140 199 201 202 200 191 
3600 7 
3600 8 1 16 99 
3600 9 142 147 
3600 10 83 
3600 11 99 124 214 
3600 12 2 1 214 3 15 63 64 19 23 24 17 72 33 80 148 166 169 
3600 13 232 0 
3600 14 63 16 83 204 232 
3600 15 1 12 63 142 83 124 144 204 213 215 217 229 230 
3600 16 8 19 23 24 17 14 18 20 21 22 25 27 28 29 30 31 32 34 35 36 160 172 
3600 17 12 63 16 142 144 147 204 215 230 
3600 18 16 99 232 
3600 19 12 63 16 144 204 215 
3600 20 16 83 147 204 215 
3600 21 16 37 124 6 147 231 5 
3600 22 16 142 133 204 215 217 229 232 
3600 23 12 63 16 142 83 144 204 215 230 
3600 24 12 63 16 142 83 144 204 215 
3600 25 16 142 83 204 
3600 26 63 142 83 204 215 230 
3600 27 16 142 
3600 28 16 37 
3600 29 16 37 142 99 136 144 6 0 
3600 30 16 37 142 6 0 
3600 31 16 53 142 133 141 204 215 217 229 232 
3600 32 16 142 83 
3600 33 12 63 142 83 144 204 215 229 230 
3600 34 16 37 125 136 144 6 215 
3600 35 16 37 142 6 0 
3600 36 16 37 142 147 
3600 37 21 142 204 28 29 30 34 35 36 38 39 40 41 42 43 44 45 46 47 48 49 50 51 52 54 55 56 57 58 59 60 61 62 182 186 192 
3600 38 37 142 99 125 6 215 
3600 39 37 0 
3600 40 37 0 
3600 41 37 125 136 144 6 0 
3600 42 37 6 0 
3600 43 37 142 136 6 5 0 
3600 44 37 6 
3600 45 37 99 6 0 
3600 46 37 136 6 
3600 47 37 6 147 
3600 48 37 136 6 0 95 96 97 98 
3600 49 37 142 99 6 213 0 
3600 50 37 6 
3600 51 37 6 
3600 52 37 142 99 6 213 0 
3600 53 31 144 6 232 0 123 
3600 54 37 6 0 
3600 55 37 
3600 56 37 
3600 57 37 232 
3600 58 37 136 
3600 59 37 
3600 60 37 147 
3600 61 37 125 136 144 6 
3600 62 37 6 
3600 63 15 12 147 64 19 23 24 17 72 33 80 65 66 67 68 69 70 71 73 74 75 26 76 77 14 78 79 82 154 163 170 188 
3600 64 12 63 142 83 204 
3600 65 63 
3600 66 63 
3600 67 63 204 215 230 
3600 68 63 215 229 
3600 69 63 204 
3600 70 63 215 229 
3600 71 63 83 136 204 215 229 230 
3600 72 12 63 142 144 204 215 230 
3600 73 63 204 215 230 
3600 74 63 
3600 75 63 204 
3600 76 63 147 204 
3600 77 63 136 
3600 78 63 204 215 229 230 
3600 79 63 
3600 80 12 63 
3600 81 147 204 
3600 82 63 125 215 
3600 83 2 3 15 64 23 24 33 71 26 14 20 25 32 93 94 85 86 91 84 87 88 89 90 92 10 153 
3600 84 83 0 
3600 85 83 144 204 215 
3600 86 142 83 232 0 
3600 87 83 147 204 215 
3600 88 83 147 
3600 89 83 0 
3600 90 83 204 215 217 229 
3600 91 142 83 
3600 92 83 204 
3600 93 145 94 83 141 204 215 217 229 146 
3600 94 145 93 83 204 215 217 229 146 123 134 
3600 95 48 231 
3600 96 48 231 
3600 97 48 0 
3600 98 48 0 
3600 99 2 8 18 29 38 45 49 52 105 100 11 101 102 103 104 106 195 
3600 100 99 0 
3600 101 99 204 
3600 102 99 214 
3600 103 99 6 0 
3600 104 99 204 
3600 105 142 99 0 
3600 106 99 0 
3600 107 147 
3600 108 147 231 
3600 109 204 
3600 110 144 147 204 215 
3600 111 204 
3600 112 204 
3600 113 204 
3600 114 204 
3600 115 147 204 215 
3600 116 204 229 
3600 117 204 
3600 118 204 
3600 119 133 232 
3600 120 204 
3600 121 204 
3600 122 204 
3600 123 53 94 
3600 124 15 21 11 179 
3600 125 82 34 38 41 61 126 127 128 129 130 131 132 
3600 126 125 
3600 127 125 
3600 128 125 147 
3600 129 125 147 
3600 130 125 6 
3600 131 125 147 
3600 132 125 6 
3600 133 22 31 134 119 135 159 
3600 134 94 133 141 6 0 
3600 135 133 6 0 
3600 136 71 77 29 141 34 41 43 46 48 58 61 138 139 140 
3600 137 147 0 
3600 138 136 147 204 
3600 139 136 6 0 
3600 140 136 6 0 
3600 141 31 136 93 134 
3600 142 15 0 64 23 24 17 72 33 26 37 22 25 27 29 30 31 32 35 36 143 38 43 49 52 86 91 105 152 9 
3600 143 142 
3600 144 15 19 23 24 17 72 33 6 29 53 34 41 61 85 110 
3600 145 93 94 
3600 146 93 94 
3600 147 63 17 148 166 169 76 154 163 170 188 20 21 36 160 172 47 60 182 186 192 175 161 184 152 9 87 88 153 195 107 108 110 115 81 156 187 198 179 128 129 131 159 138 137 167 194 150 177 178 196 191 149 151 155 157 158 162 164 165 168 171 173 174 176 180 181 183 185 189 190 193 197 
3600 148 12 147 
3600 149 147 213 
3600 150 147 
3600 151 147 0 
3600 152 142 147 
3600 153 83 147 
3600 154 63 147 
3600 155 147 0 
3600 156 147 
3600 157 147 
3600 158 147 0 
3600 159 133 147 
3600 160 16 147 
3600 161 147 
3600 162 147 
3600 163 63 147 
3600 164 147 215 
3600 165 147 204 
3600 166 12 147 
3600 167 147 
3600 168 147 
3600 169 12 147 
3600 170 63 147 
3600 171 147 215 
3600 172 16 147 
3600 173 147 
3600 174 147 0 
3600 175 147 215 
3600 176 147 231 
3600 177 147 
3600 178 147 
3600 179 124 147 
3600 180 147 204 
3600 181 147 
3600 182 37 147 
3600 183 147 0 
3600 184 147 
3600 185 147 
3600 186 37 147 
3600 187 147 
3600 188 63 147 
3600 189 147 
3600 190 147 204 
3600 191 6 147 
3600 192 37 147 
3600 193 147 0 
3600 194 147 0 
3600 195 99 147 
3600 196 147 
3600 197 147 
3600 198 147 
3600 199 6 213 214 0 
3600 200 6 
3600 201 6 0 
3600 202 6 213 214 0 
3600 203 0 
3600 204 2 3 4 15 64 19 23 24 17 72 33 67 69 71 73 75 26 76 14 78 20 37 22 25 31 93 94 85 87 90 92 101 104 110 111 113 114 115 116 118 120 121 122 81 138 207 206 117 109 205 165 180 190 112 
3600 205 204 0 
3600 206 204 
3600 207 204 
3600 208 0 
3600 209 231 
3600 210 0 
3600 211 215 0 
3600 212 215 
3600 213 15 49 52 199 202 149 
3600 214 12 11 102 199 202 
3600 215 15 19 23 24 17 72 33 67 68 70 71 73 26 78 82 20 22 31 34 93 94 38 85 175 87 90 110 115 211 164 171 212 216 
3600 216 215 0 
3600 217 3 15 22 31 93 94 90 
3600 218 0 
3600 219 
3600 220 0 
3600 221 
3600 222 0 
3600 223 0 
3600 224 0 
3600 225 0 
3600 226 0 
3600 227 0 
3600 228 0 
3600 229 15 33 68 70 71 78 22 31 93 94 90 116 
3600 230 15 23 17 72 33 67 71 73 26 78 
3600 231 21 95 96 108 176 209 
3600 232 2 3 4 14 18 22 31 53 57 86 119 13 
4500 0 136 27 50 32 36 37 38 39 40 42 45 46 49 51 93 94 82 101 129 80 85 96 99 102 130 133 134 188 205 196 207 197 209 190 132 210 211 198 13 212 213 214 184 193 215 145 149 152 166 174 191 203 
4500 1 2 12 3 4 8 
4500 2 1 12 79 95 192 219 
4500 3 1 12 79 192 204 219 
4500 4 1 192 219 
4500 5 20 40 
4500 6 20 138 27 50 31 32 35 38 39 40 41 42 43 44 45 46 47 48 49 51 58 59 129 99 125 127 130 133 134 188 190 189 182 
4500 7 
4500 8 1 15 95 
4500 9 136 141 
4500 10 79 
4500 11 95 119 201 
4500 12 2 1 201 3 61 60 18 22 23 16 68 30 76 142 159 161 
4500 13 219 0 
4500 14 60 15 79 192 219 
4500 15 8 18 22 23 16 14 17 19 20 21 25 26 27 28 29 31 32 33 154 164 
4500 16 12 60 15 136 138 141 192 202 217 
4500 17 15 95 219 
4500 18 12 60 15 138 192 202 
4500 19 15 79 141 192 202 
4500 20 15 34 119 6 141 218 5 
4500 21 15 136 128 192 202 204 216 219 
4500 22 12 60 15 136 79 138 192 202 217 
4500 23 12 60 15 136 79 138 192 202 
4500 24 60 136 79 192 202 217 
4500 25 15 136 
4500 26 15 34 
4500 27 15 34 136 95 131 138 6 0 
4500 28 15 50 136 128 135 192 202 204 216 219 
4500 29 15 136 79 
4500 30 12 60 136 79 138 192 202 216 217 
4500 31 15 34 120 131 138 6 202 
4500 32 15 34 136 6 0 
4500 33 15 34 136 141 
4500 34 20 136 192 26 27 31 32 33 35 36 37 38 39 40 41 42 43 44 45 46 47 48 49 51 52 53 54 55 56 57 58 59 173 177 183 
4500 35 34 136 95 120 6 202 
4500 36 34 0 
4500 37 34 0 
4500 38 34 120 131 138 6 0 
4500 39 34 6 0 
4500 40 34 136 131 6 5 0 
4500 41 34 6 
4500 42 34 95 6 0 
4500 43 34 131 6 
4500 44 34 6 141 
4500 45 34 131 6 0 91 92 93 94 
4500 46 34 136 95 6 200 0 
4500 47 34 6 
4500 48 34 6 
4500 49 34 136 95 6 200 0 
4500 50 28 138 6 219 0 118 
4500 51 34 6 0 
4500 52 34 
4500 53 34 
4500 54 34 219 
4500 55 34 131 
4500 56 34 
4500 57 34 141 
4500 58 34 120 131 138 6 
4500 59 34 6 
4500 60 61 12 141 18 22 23 16 68 30 76 62 63 64 65 66 67 69 70 71 24 72 73 14 74 75 78 148 162 179 
4500 61 12 60 136 79 192 
4500 62 60 
4500 63 60 
4500 64 60 202 216 
4500 65 60 192 
4500 66 60 202 216 
4500 67 60 79 131 192 202 216 217 
4500 68 12 60 136 138 192 202 217 
4500 69 60 192 202 217 
4500 70 60 
4500 71 60 192 
4500 72 60 141 192 
4500 73 60 131 
4500 74 60 192 202 216 217 
4500 75 60 
4500 76 12 60 
4500 77 141 192 
4500 78 60 120 202 
4500 79 2 3 61 22 23 30 67 24 14 19 29 89 90 81 82 87 80 83 84 85 86 88 10 147 
4500 80 79 0 
4500 81 79 138 192 202 
4500 82 136 79 219 0 
4500 83 79 141 192 202 
4500 84 79 141 
4500 85 79 0 
4500 86 79 192 202 204 216 
4500 87 136 79 
4500 88 79 192 
4500 89 139 90 79 135 192 202 204 216 140 
4500 90 139 89 79 192 202 204 216 140 118 129 
4500 91 45 218 
4500 92 45 218 
4500 93 45 0 
4500 94 45 0 
4500 95 2 8 17 27 35 42 46 49 101 96 11 97 98 99 100 102 185 
4500 96 95 0 
4500 97 95 192 
4500 98 95 201 
4500 99 95 6 0 
4500 100 95 192 
4500 101 136 95 0 
4500 102 95 0 
4500 103 141 
4500 104 141 218 
4500 105 192 
4500 106 138 141 192 202 
4500 107 192 
4500 108 192 
4500 109 192 
4500 110 192 
4500 111 141 192 202 
4500 112 192 216 
4500 113 192 
4500 114 128 219 
4500 115 192 
4500 116 192 
4500 117 192 
4500 118 50 90 
4500 119 20 11 170 
4500 120 78 31 35 38 58 121 122 123 124 125 126 127 
4500 121 120 
4500 122 120 
4500 123 120 141 
4500 124 120 141 
4500 125 120 6 
4500 126 120 141 
4500 127 120 6 
4500 128 21 28 129 114 130 153 
4500 129 90 128 135 6 0 
4500 130 128 6 0 
4500 131 67 73 27 135 31 38 40 43 45 55 58 133 134 
4500 132 141 0 
4500 133 131 6 0 
4500 134 131 6 0 
4500 135 28 131 89 129 
4500 136 61 0 22 23 16 68 30 24 34 21 25 27 28 29 32 33 137 35 40 46 49 82 87 101 146 9 
4500 137 136 
4500 138 18 22 23 16 68 30 6 27 50 31 38 58 81 106 
4500 139 89 90 
4500 140 89 90 
4500 141 60 16 142 159 161 72 148 162 179 19 20 33 154 164 44 57 173 177 183 167 155 175 146 9 83 84 147 185 103 104 106 111 77 150 178 187 170 123 124 126 153 132 160 184 144 169 182 143 145 149 151 152 156 157 158 163 165 166 168 171 172 174 176 180 181 186 
4500 142 12 141 
4500 143 141 200 
4500 144 141 
4500 145 141 0 
4500 146 136 141 
4500 147 79 141 
4500 148 60 141 
4500 149 141 0 
4500 150 141 
4500 151 141 
4500 152 141 0 
4500 153 128 141 
4500 154 15 141 
4500 155 141 
4500 156 141 
4500 157 141 202 
4500 158 141 192 
4500 159 12 141 
4500 160 141 
4500 161 12 141 
4500 162 60 141 
4500 163 141 202 
4500 164 15 141 
4500 165 141 
4500 166 141 0 
4500 167 141 202 
4500 168 141 218 
4500 169 141 
4500 170 119 141 
4500 171 141 192 
4500 172 141 
4500 173 34 141 
4500 174 141 0 
4500 175 141 
4500 176 141 
4500 177 34 141 
4500 178 141 
4500 179 60 141 
4500 180 141 
4500 181 141 192 
4500 182 6 141 
4500 183 34 141 
4500 184 141 0 
4500 185 95 141 
4500 186 141 
4500 187 141 
4500 188 6 200 201 0 
4500 189 6 
4500 190 6 0 
4500 191 0 
4500 192 2 3 4 61 18 22 23 16 68 30 65 67 69 71 24 72 14 74 19 34 21 28 89 90 81 83 86 88 97 100 106 107 109 110 111 112 113 115 116 117 77 195 194 105 193 158 171 181 108 
4500 193 192 0 
4500 194 192 
4500 195 192 
4500 196 0 
4500 197 0 
4500 198 202 0 
4500 199 202 
4500 200 46 49 188 143 
4500 201 12 11 98 188 
4500 202 18 22 23 16 68 30 64 66 67 69 24 74 78 19 21 28 31 89 90 35 81 167 83 86 106 111 198 157 163 199 203 
4500 203 202 0 
4500 204 3 21 28 89 90 86 
4500 205 0 
4500 206 
4500 207 0 
4500 208 
4500 209 0 
4500 210 0 
4500 211 0 
4500 212 0 
4500 213 0 
4500 214 0 
4500 215 0 
4500 216 30 64 66 67 74 21 28 89 90 86 112 
4500 217 22 16 68 30 67 69 24 74 
4500 218 20 91 92 104 168 
4500 219 2 3 4 14 17 21 28 50 54 82 114 13 
5400 0 128 27 32 36 37 38 39 40 42 45 46 49 50 86 87 78 94 121 81 89 92 95 122 125 126 176 192 183 194 184 196 124 197 198 185 13 199 200 201 180 202 136 140 143 156 164 178 190 
5400 1 2 12 3 4 8 
5400 2 1 12 76 88 179 206 
5400 3 1 12 76 179 191 206 
5400 4 1 179 206 
5400 5 20 40 
5400 6 20 130 27 31 32 35 38 39 40 41 42 43 44 45 46 47 48 49 50 57 121 92 117 119 122 125 126 176 177 171 
5400 7 
5400 8 1 15 88 
5400 9 128 
5400 10 76 
5400 11 88 111 188 
5400 12 2 1 188 3 18 58 22 23 16 65 30 73 133 150 151 
5400 13 206 0 
5400 14 58 15 76 179 206 
5400 15 8 18 22 23 16 14 17 19 20 21 25 26 27 28 29 31 32 33 145 154 
5400 16 12 58 15 128 130 179 189 204 
5400 17 15 88 206 
5400 18 12 58 15 130 179 189 
5400 19 15 76 179 189 
5400 20 15 34 111 6 205 5 
5400 21 15 128 120 179 189 191 203 206 
5400 22 12 58 15 128 76 130 179 189 204 
5400 23 12 58 15 128 76 130 179 189 
5400 24 58 128 76 179 189 204 
5400 25 15 128 
5400 26 15 34 
5400 27 15 34 128 88 123 130 6 0 
5400 28 15 128 120 127 179 189 191 203 206 
5400 29 15 128 76 
5400 30 12 58 128 76 130 179 189 203 204 
5400 31 15 34 112 123 130 6 189 
5400 32 15 34 128 6 0 
5400 33 15 34 128 
5400 34 20 128 179 26 27 31 32 33 35 36 37 38 39 40 41 42 43 44 45 46 47 48 49 50 51 52 53 54 55 56 57 163 166 172 
5400 35 34 128 88 112 6 189 
5400 36 34 0 
5400 37 34 0 
5400 38 34 112 123 130 6 0 
5400 39 34 6 0 
5400 40 34 128 123 6 5 0 
5400 41 34 6 
5400 42 34 88 6 0 
5400 43 34 123 6 
5400 44 34 6 
5400 45 34 123 6 0 85 86 87 
5400 46 34 128 88 6 187 0 
5400 47 34 6 
5400 48 34 6 
5400 49 34 128 88 6 187 0 
5400 50 34 6 0 
5400 51 34 
5400 52 34 
5400 53 34 206 
5400 54 34 123 
5400 55 34 
5400 56 34 
5400 57 34 112 123 130 6 
5400 58 18 12 22 23 16 65 30 73 59 60 61 62 63 64 66 67 68 24 69 70 14 71 72 75 139 152 168 
5400 59 58 
5400 60 58 
5400 61 58 189 203 
5400 62 58 179 
5400 63 58 189 203 
5400 64 58 76 123 179 189 203 204 
5400 65 12 58 128 130 179 189 204 
5400 66 58 179 189 204 
5400 67 58 
5400 68 58 179 
5400 69 58 179 
5400 70 58 123 
5400 71 58 179 189 203 204 
5400 72 58 
5400 73 12 58 
5400 74 179 
5400 75 58 112 189 
5400 76 2 3 22 23 30 64 24 14 19 29 84 77 78 79 80 81 82 83 10 138 
5400 77 76 130 179 189 
5400 78 128 76 206 0 
5400 79 76 179 189 
5400 80 76 
5400 81 76 0 
5400 82 76 179 189 191 203 
5400 83 76 179 
5400 84 131 76 127 179 189 191 203 132 
5400 85 45 205 
5400 86 45 0 
5400 87 45 0 
5400 88 2 8 17 27 35 42 46 49 94 89 11 90 91 92 93 95 173 
5400 89 88 0 
5400 90 88 179 
5400 91 88 188 
5400 92 88 6 0 
5400 93 88 179 
5400 94 128 88 0 
5400 95 88 0 
5400 96 
5400 97 205 
5400 98 179 
5400 99 130 179 189 
5400 100 179 
5400 101 179 
5400 102 179 
5400 103 179 
5400 104 179 189 
5400 105 179 203 
5400 106 179 
5400 107 120 206 
5400 108 179 
5400 109 179 
5400 110 
5400 111 20 11 160 
5400 112 75 31 35 38 57 113 114 115 116 117 118 119 
5400 113 112 
5400 114 112 
5400 115 112 
5400 116 112 
5400 117 112 6 
5400 118 112 
5400 119 112 6 
5400 120 21 28 121 107 122 144 
5400 121 120 127 6 0 
5400 122 120 6 0 
5400 123 64 70 27 127 31 38 40 43 45 54 57 125 126 
5400 124 0 
5400 125 123 6 0 
5400 126 123 6 0 
5400 127 28 123 84 121 
5400 128 22 0 23 16 65 30 24 34 21 25 27 28 29 32 33 129 35 40 46 49 78 94 137 9 
5400 129 128 
5400 130 18 22 23 16 65 30 6 27 31 38 57 77 99 
5400 131 84 
5400 132 84 
5400 133 12 
5400 134 187 
5400 135 
5400 136 0 
5400 137 128 
5400 138 76 
5400 139 58 
5400 140 0 
5400 141 
5400 142 
5400 143 0 
5400 144 120 
5400 145 15 
5400 146 
5400 147 
5400 148 189 
5400 149 179 
5400 150 12 
5400 151 12 
5400 152 58 
5400 153 189 
5400 154 15 
5400 155 
5400 156 0 
5400 157 189 
5400 158 205 
5400 159 
5400 160 111 
5400 161 179 
5400 162 
5400 163 34 
5400 164 0 
5400 165 
5400 166 34 
5400 167 
5400 168 58 
5400 169 
5400 170 179 
5400 171 6 
5400 172 34 
5400 173 88 
5400 174 
5400 175 
5400 176 6 187 188 0 
5400 177 6 
5400 178 0 
5400 179 2 3 4 18 22 23 16 65 30 62 64 66 68 24 69 14 71 19 34 21 28 84 77 79 82 83 90 93 99 100 102 103 104 105 106 108 109 74 182 181 98 180 149 161 170 101 
5400 180 179 0 
5400 181 179 
5400 182 179 
5400 183 0 
5400 184 0 
5400 185 189 0 
5400 186 189 
5400 187 46 49 176 134 
5400 188 12 11 91 176 
5400 189 18 22 23 16 65 30 61 63 64 66 24 71 75 19 21 28 31 84 35 77 157 79 82 99 104 185 148 153 186 190 
5400 190 189 0 
5400 191 3 21 28 84 82 
5400 192 0 
5400 193 
5400 194 0 
5400 195 
5400 196 0 
5400 197 0 
5400 198 0 
5400 199 0 
5400 200 0 
5400 201 0 
5400 202 0 
5400 203 30 61 63 64 71 21 28 84 82 105 
5400 204 22 16 65 30 64 66 24 71 
5400 205 20 85 97 158 
5400 206 2 3 4 14 17 21 28 53 78 107 13 
6300 0 121 27 31 35 36 37 38 39 41 44 45 47 48 81 73 87 114 76 83 85 88 115 118 119 166 182 173 184 174 185 117 186 187 175 13 188 189 170 190 129 135 146 154 168 180 
6300 1 2 12 3 4 8 
6300 2 1 12 82 169 194 
6300 3 1 12 169 181 194 
6300 4 1 169 194 
6300 5 20 39 
6300 6 20 123 27 30 31 34 37 38 39 40 41 42 43 44 45 46 47 48 55 114 85 110 112 115 118 119 166 167 161 
6300 7 
6300 8 1 15 82 
6300 9 121 
6300 10 
6300 11 82 104 178 
6300 12 2 1 178 3 18 56 22 23 16 29 69 126 142 
6300 13 194 0 
6300 14 56 15 169 194 
6300 15 8 18 22 23 16 14 17 19 20 21 25 26 27 28 30 31 32 137 
6300 16 12 56 15 121 123 169 179 192 
6300 17 15 82 194 
6300 18 12 56 15 123 169 179 
6300 19 15 169 179 
6300 20 15 33 104 6 193 5 
6300 21 15 121 113 169 179 181 191 194 
6300 22 12 56 15 121 123 169 179 192 
6300 23 12 56 15 121 123 169 179 
6300 24 56 121 169 179 192 
6300 25 15 121 
6300 26 15 33 
6300 27 15 33 121 82 116 123 6 0 
6300 28 15 121 
6300 29 12 56 121 123 169 179 191 192 
6300 30 15 33 105 116 123 6 179 
6300 31 15 33 121 6 0 
6300 32 15 33 121 
6300 33 20 121 169 26 27 30 31 32 34 35 36 37 38 39 40 41 42 43 44 45 46 47 48 49 50 51 52 53 54 55 153 156 162 
6300 34 33 121 82 105 6 179 
6300 35 33 0 
6300 36 33 0 
6300 37 33 105 116 123 6 0 
6300 38 33 6 0 
6300 39 33 121 116 6 5 0 
6300 40 33 6 
6300 41 33 82 6 0 
6300 42 33 116 6 
6300 43 33 6 
6300 44 33 116 6 0 80 81 
6300 45 33 121 82 6 177 0 
6300 46 33 6 
6300 47 33 121 82 6 177 0 
6300 48 33 6 0 
6300 49 33 
6300 50 33 
6300 51 33 194 
6300 52 33 116 
6300 53 33 
6300 54 33 
6300 55 33 105 116 123 6 
6300 56 18 12 22 23 16 29 69 57 58 59 60 61 62 63 64 24 65 66 14 67 68 71 132 143 158 
6300 57 56 
6300 58 56 
6300 59 56 179 191 
6300 60 56 169 
6300 61 56 116 169 179 191 192 
6300 62 56 169 179 192 
6300 63 56 
6300 64 56 169 
6300 65 56 169 
6300 66 56 116 
6300 67 56 169 179 191 192 
6300 68 56 
6300 69 12 56 
6300 70 169 
6300 71 56 105 179 
6300 72 123 169 179 
6300 73 121 194 0 
6300 74 169 179 
6300 75 
6300 76 0 
6300 77 169 179 181 191 
6300 78 169 
6300 79 124 120 169 179 181 191 125 
6300 80 44 193 
6300 81 44 0 
6300 82 2 8 17 27 34 41 45 47 87 83 11 84 85 86 88 163 
6300 83 82 0 
6300 84 82 169 
6300 85 82 6 0 
6300 86 82 169 
6300 87 121 82 0 
6300 88 82 0 
6300 89 
6300 90 193 
6300 91 169 
6300 92 123 169 179 
6300 93 169 
6300 94 169 
6300 95 169 
6300 96 169 
6300 97 169 179 
6300 98 169 191 
6300 99 169 
6300 100 113 194 
6300 101 169 
6300 102 169 
6300 103 
6300 104 20 11 150 
6300 105 71 30 34 37 55 106 107 108 109 110 111 112 
6300 106 105 
6300 107 105 
6300 108 105 
6300 109 105 
6300 110 105 6 
6300 111 105 
6300 112 105 6 
6300 113 21 114 100 115 136 
6300 114 113 120 6 0 
6300 115 113 6 0 
6300 116 61 66 27 30 37 39 42 44 52 55 120 118 119 
6300 117 0 
6300 118 116 6 0 
6300 119 116 6 0 
6300 120 79 116 114 
6300 121 22 0 23 16 29 24 33 21 25 27 28 31 32 122 34 39 45 47 73 87 130 9 
6300 122 121 
6300 123 18 22 23 16 29 6 27 30 37 55 72 92 
6300 124 79 
6300 125 79 
6300 126 12 
6300 127 177 
6300 128 
6300 129 0 
6300 130 121 
6300 131 
6300 132 56 
6300 133 
6300 134 
6300 135 0 
6300 136 113 
6300 137 15 
6300 138 
6300 139 
6300 140 179 
6300 141 169 
6300 142 12 
6300 143 56 
6300 144 179 
6300 145 
6300 146 0 
6300 147 179 
6300 148 193 
6300 149 
6300 150 104 
6300 151 169 
6300 152 
6300 153 33 
6300 154 0 
6300 155 
6300 156 33 
6300 157 
6300 158 56 
6300 159 
6300 160 169 
6300 161 6 
6300 162 33 
6300 163 82 
6300 164 
6300 165 
6300 166 6 177 178 0 
6300 167 6 
6300 168 0 
6300 169 2 3 4 18 22 23 16 29 60 61 62 64 24 65 14 67 19 33 21 79 72 74 77 78 84 86 92 93 95 96 97 98 99 101 102 70 172 171 91 170 141 151 160 94 
6300 170 169 0 
6300 171 169 
6300 172 169 
6300 173 0 
6300 174 0 
6300 175 179 0 
6300 176 179 
6300 177 45 47 166 127 
6300 178 12 11 166 
6300 179 18 22 23 16 29 59 61 62 24 67 71 19 21 30 79 34 72 147 74 77 92 97 175 140 144 176 180 
6300 180 179 0 
6300 181 3 21 79 77 
6300 182 0 
6300 183 
6300 184 0 
6300 185 0 
6300 186 0 
6300 187 0 
6300 188 0 
6300 189 0 
6300 190 0 
6300 191 29 59 61 67 21 79 77 98 
6300 192 22 16 29 61 62 24 67 
6300 193 20 80 90 148 
6300 194 2 3 4 14 17 21 51 73 100 13 
