0 0 56 119 
0 1 21 30 280 70 95 102 119 125 167 241 266 
0 2 127 36 110 56 88 161 
0 3 30 280 70 167 
0 4 203 125 169 170 241 282 
0 5 203 282 
0 6 203 282 
0 7 110 56 203 277 282 
0 8 21 280 56 88 119 161 
0 9 119 
0 10 197 185 15 135 271 276 281 284 176 184 81 86 212 215 181 210 24 234 124 129 
0 11 119 
0 12 36 88 203 119 
0 13 119 169 
0 14 20 127 21 280 110 56 62 88 161 167 
0 15 127 280 56 88 203 10 161 178 
0 16 107 203 125 282 
0 17 203 282 
0 18 119 
0 19 119 
0 20 141 159 127 191 14 197 226 23 100 146 185 
0 21 14 197 226 23 100 146 185 135 271 276 281 176 184 81 86 212 1 253 8 263 148 270 162 164 51 54 179 181 69 76 201 83 210 219 121 
0 22 203 161 282 
0 23 20 36 21 56 88 161 277 
0 24 30 70 102 108 203 10 125 167 241 282 
0 25 56 88 
0 26 119 
0 27 30 203 125 167 241 282 
0 28 119 
0 29 119 
0 30 280 265 110 161 1 253 148 215 179 181 69 210 219 121 128 3 130 131 24 27 267 31 152 154 174 57 234 63 65 68 192 78 96 216 105 228 115 118 238 124 244 
0 31 30 125 241 
0 32 203 167 241 282 
0 33 62 161 178 
0 34 88 203 161 178 
0 35 88 161 178 
0 36 226 127 23 146 185 2 135 271 276 281 284 176 184 81 86 212 122 51 248 12 136 140 261 262 145 273 157 278 166 168 49 188 190 71 91 104 112 264 123 46 
0 37 119 
0 38 110 88 161 
0 39 119 
0 40 102 107 125 
0 41 119 
0 42 57 203 282 
0 43 62 203 125 167 241 282 
0 44 108 119 161 
0 45 203 161 
0 46 36 102 
0 47 203 241 
0 48 62 161 178 
0 49 36 88 161 
0 50 162 215 218 153 
0 51 36 21 280 110 56 88 203 161 178 224 
0 52 119 
0 53 119 
0 54 21 280 110 
0 55 203 282 
0 56 159 191 14 197 23 185 2 15 271 276 184 86 212 8 263 164 51 83 218 116 193 278 104 249 260 25 7 163 0 256 196 202 211 
0 57 30 108 203 125 167 241 282 150 64 206 42 
0 58 102 119 
0 59 203 161 178 
0 60 88 203 161 213 
0 61 119 
0 62 141 14 226 100 146 253 181 128 152 63 78 196 134 33 156 43 48 66 79 214 220 
0 63 30 110 62 203 125 167 169 282 
0 64 57 266 
0 65 30 108 203 125 167 
0 66 62 161 
0 67 119 
0 68 30 125 241 
0 69 21 30 110 203 125 241 282 
0 70 1 161 253 148 215 179 181 210 3 131 24 105 189 250 
0 71 36 203 282 
0 72 119 
0 73 119 
0 74 203 241 282 
0 75 203 282 
0 76 21 119 161 
0 77 203 167 282 
0 78 30 110 62 203 125 167 169 282 
0 79 62 203 282 
0 80 119 
0 81 127 36 21 280 88 203 10 161 178 
0 82 203 282 
0 83 21 280 110 56 88 161 178 
0 84 88 107 277 
0 85 88 203 161 178 
0 86 127 36 21 280 110 56 88 203 10 161 178 213 224 
0 87 119 
0 88 141 14 226 23 146 185 2 15 135 271 276 281 284 176 184 81 86 212 8 263 164 51 83 240 248 12 136 140 261 262 145 157 278 166 168 49 188 104 264 123 249 25 163 245 129 34 35 275 177 60 182 186 38 158 84 85 205 209 120 
0 89 119 
0 90 162 218 116 
0 91 36 108 203 167 241 282 
0 92 203 282 
0 93 119 
0 94 119 
0 95 141 197 185 1 148 
0 96 30 203 125 167 241 282 
0 97 102 125 167 
0 98 167 266 
0 99 108 203 119 167 282 
0 100 20 21 280 62 203 
0 101 203 119 161 178 
0 102 1 148 210 128 24 234 124 190 46 211 40 194 258 114 144 204 58 97 
0 103 119 
0 104 36 56 88 203 161 178 213 224 
0 105 30 70 203 167 241 282 
0 106 119 
0 107 270 162 201 247 84 40 16 
0 108 203 184 212 215 153 181 210 24 267 57 234 65 228 124 278 91 99 44 222 223 
0 109 162 110 
0 110 14 280 197 185 2 30 271 276 281 284 184 86 212 263 270 162 164 51 54 181 69 201 83 219 121 109 128 267 63 78 232 260 7 196 214 38 120 
0 111 127 203 167 282 
0 112 36 125 
0 113 119 
0 114 102 119 
0 115 30 203 167 282 
0 116 90 218 280 56 161 178 198 213 126 240 247 
0 117 203 282 
0 118 30 280 203 167 241 
0 119 281 184 212 1 8 148 76 121 174 238 160 221 12 188 123 163 0 189 250 129 177 114 144 58 99 44 101 259 11 13 18 19 26 28 29 37 39 41 52 53 61 67 72 73 80 87 89 93 94 103 106 113 133 137 138 139 143 147 149 151 155 165 171 172 173 180 187 199 208 9 227 229 230 231 237 239 242 246 252 254 257 268 269 272 279 
0 120 110 88 161 
0 121 21 30 110 119 167 
0 122 127 36 
0 123 36 88 119 161 178 
0 124 30 102 108 203 10 125 167 241 282 
0 125 1 132 148 215 181 69 210 219 128 24 27 267 31 152 154 174 57 234 63 65 68 192 78 96 216 238 124 244 248 273 190 112 247 43 40 204 97 16 222 223 4 225 251 
0 126 162 218 116 
0 127 159 20 14 197 36 185 2 15 135 265 271 276 281 284 176 184 81 86 212 217 111 122 
0 128 30 110 62 102 125 
0 129 88 203 10 119 161 178 224 
0 130 30 203 167 241 282 
0 131 30 70 203 167 241 282 
0 132 265 125 267 
0 133 119 
0 134 62 203 282 
0 135 127 36 21 280 88 203 10 161 178 
0 136 36 88 
0 137 119 
0 138 119 
0 139 119 
0 140 36 88 
0 141 20 62 88 95 167 170 
0 142 203 282 
0 143 119 
0 144 102 119 
0 145 36 88 213 
0 146 20 36 21 62 88 170 
0 147 119 
0 148 21 30 280 70 95 102 119 125 167 241 266 
0 149 119 
0 150 57 266 
0 151 119 
0 152 30 62 203 125 167 241 282 
0 153 162 108 167 201 218 50 247 
0 154 30 125 167 282 
0 155 119 
0 156 62 203 170 
0 157 36 88 213 
0 158 88 203 161 
0 159 20 127 56 161 167 198 277 
0 160 280 119 
0 161 159 191 14 197 23 185 2 15 135 30 271 276 281 284 176 184 81 86 212 70 8 263 270 162 164 51 76 201 83 218 116 193 262 273 278 166 49 188 104 264 123 163 202 33 48 66 220 245 129 34 35 275 177 60 182 186 38 158 85 209 120 44 22 45 59 101 274 246 
0 162 21 280 215 110 107 153 161 178 198 213 277 90 109 50 126 
0 163 56 88 119 161 
0 164 21 280 110 56 88 161 178 
0 165 119 
0 166 36 88 203 161 178 224 
0 167 141 159 191 14 265 217 111 1 253 148 215 153 179 181 121 3 130 131 24 27 267 152 154 57 234 63 65 78 96 216 105 115 118 124 91 196 211 43 204 97 99 32 77 195 200 251 98 207 
0 168 36 88 
0 169 197 185 63 78 205 4 225 13 
0 170 141 226 146 156 4 225 
0 171 119 
0 172 119 
0 173 119 
0 174 30 119 125 
0 175 197 185 284 212 
0 176 127 36 21 280 88 203 10 161 178 
0 177 88 119 161 178 
0 178 185 15 135 271 276 281 284 176 184 81 86 212 263 270 162 164 51 201 83 218 116 193 262 278 166 188 104 123 33 48 245 129 34 35 275 177 85 209 59 101 246 
0 179 21 30 280 70 167 
0 180 119 
0 181 21 30 280 110 62 70 108 203 10 125 167 241 282 
0 182 88 161 
0 183 203 282 
0 184 127 36 21 280 110 56 88 108 203 10 119 161 178 213 224 
0 185 20 127 36 21 280 110 56 88 95 203 10 161 169 175 178 198 213 224 
0 186 88 203 161 
0 187 119 
0 188 36 88 119 161 178 
0 189 70 119 
0 190 36 102 203 125 
0 191 20 56 161 167 241 277 
0 192 30 203 125 
0 193 280 56 161 178 198 213 
0 194 102 203 
0 195 203 167 241 282 
0 196 110 56 62 167 277 
0 197 20 127 21 280 110 56 95 203 10 161 169 175 198 
0 198 159 197 185 270 162 201 218 116 193 248 255 
0 199 119 
0 200 203 167 241 282 
0 201 21 280 215 110 107 153 161 178 198 213 277 
0 202 56 161 
0 203 197 108 282 100 185 15 135 271 276 176 184 81 86 212 217 111 253 215 51 181 69 219 130 131 24 27 267 152 57 234 63 65 192 78 96 105 228 115 118 124 232 206 42 12 262 278 166 190 71 91 104 264 249 260 7 256 247 134 156 43 79 214 220 245 129 34 60 186 158 85 205 194 258 16 99 222 223 4 17 22 32 45 47 55 59 74 75 77 82 92 101 117 142 183 195 200 225 233 235 236 6 243 255 259 274 5 
0 204 102 125 167 
0 205 88 203 169 
0 206 57 203 282 
0 207 167 241 
0 208 119 
0 209 88 161 178 
0 210 21 30 280 70 102 108 10 125 
0 211 56 102 167 
0 212 127 36 21 280 110 56 88 108 203 10 119 161 175 178 213 224 
0 213 185 184 86 212 270 162 201 218 116 193 145 157 278 104 60 283 
0 214 110 62 203 282 
0 215 162 30 280 70 108 203 10 125 167 241 277 282 201 50 240 
0 216 30 125 167 282 
0 217 127 203 167 282 
0 218 90 280 116 56 153 161 178 198 213 50 126 
0 219 21 30 110 203 125 241 282 
0 220 62 203 161 282 
0 221 280 119 
0 222 108 203 125 282 
0 223 108 203 125 282 
0 224 185 271 281 284 184 86 212 51 262 278 166 104 129 
0 225 203 125 169 170 241 282 
0 226 20 36 21 62 88 170 
0 227 119 
0 228 30 108 203 241 
0 229 119 
0 230 119 
0 231 119 
0 232 280 110 203 282 
0 233 203 282 
0 234 30 102 108 203 10 125 167 241 282 
0 235 203 282 
0 236 203 282 
0 237 119 
0 238 30 119 125 
0 239 119 
0 240 215 116 88 
0 241 191 1 253 148 215 181 69 219 130 131 24 27 267 31 152 57 234 68 96 105 228 118 124 244 91 43 4 32 47 74 195 200 225 243 207 
0 242 119 
0 243 203 241 282 
0 244 30 125 241 
0 245 88 203 161 178 
0 246 119 161 178 
0 247 116 107 203 153 125 282 
0 248 36 88 125 198 
0 249 56 88 203 282 
0 250 70 119 266 
0 251 125 167 
0 252 119 
0 253 21 30 62 70 203 167 241 277 282 
0 254 119 
0 255 203 198 
0 256 56 203 282 
0 257 119 
0 258 102 203 
0 259 203 119 282 
0 260 110 56 203 277 282 
0 261 36 88 
0 262 36 88 203 161 178 224 
0 263 21 280 110 56 88 161 178 
0 264 36 88 203 161 
0 265 127 30 132 167 277 
0 266 1 148 150 64 250 98 
0 267 30 110 108 203 125 132 167 241 282 
0 268 119 
0 269 119 
0 270 21 280 110 107 161 178 198 213 277 
0 271 127 36 21 280 110 56 88 203 10 161 178 224 
0 272 119 
0 273 36 125 161 
0 274 203 161 282 
0 275 88 161 178 
0 276 127 36 21 280 110 56 88 203 10 161 178 
0 277 159 191 23 265 253 270 162 215 201 260 7 196 84 
0 278 36 56 88 108 203 161 178 213 224 
0 279 119 
0 280 14 30 110 197 100 185 15 135 271 276 281 284 176 184 81 86 212 1 8 263 148 270 162 215 164 51 54 179 181 201 83 210 218 116 3 118 160 193 221 232 
0 281 127 36 21 280 110 88 10 119 161 178 224 
0 282 203 217 111 253 215 181 69 219 130 131 24 27 267 152 154 57 234 63 78 96 216 105 115 124 232 206 42 71 91 249 260 7 256 247 134 43 79 214 220 16 99 222 223 4 17 22 32 55 74 75 77 82 92 117 142 183 195 200 225 233 235 236 6 243 259 274 5 
0 283 213 
0 284 127 36 280 110 88 10 161 175 178 224 
900 0 55 115 
900 1 29 266 68 98 115 121 161 231 253 
900 2 123 35 106 55 85 155 
900 3 29 266 68 161 
900 4 194 121 163 231 268 
900 5 194 268 
900 6 194 268 
900 7 106 55 194 263 268 
900 8 266 55 85 115 155 
900 9 115 
900 10 188 176 15 130 258 262 267 270 168 175 83 203 206 173 201 23 224 120 
900 11 115 
900 12 35 85 194 115 
900 13 115 
900 14 20 123 266 106 55 61 85 155 161 
900 15 123 266 55 85 194 10 155 170 
900 16 103 194 121 268 
900 17 194 268 
900 18 115 
900 19 115 
900 20 135 153 123 182 14 188 217 22 96 140 176 
900 21 194 155 268 
900 22 20 35 55 85 155 263 
900 23 29 68 98 104 194 10 121 161 231 268 
900 24 55 85 
900 25 115 
900 26 29 194 121 161 231 268 
900 27 115 
900 28 115 
900 29 266 1 106 155 242 142 206 171 173 67 201 210 117 124 3 125 126 23 26 254 30 146 148 166 56 224 62 64 66 183 76 92 207 101 218 111 114 228 120 233 
900 30 29 121 231 
900 31 194 161 231 268 
900 32 61 155 170 
900 33 85 194 155 170 
900 34 85 155 170 
900 35 217 123 22 140 176 2 130 258 262 267 270 168 175 83 203 118 50 237 12 131 249 250 139 260 151 264 160 162 48 179 181 69 88 100 108 252 119 45 
900 36 115 
900 37 106 85 155 
900 38 115 
900 39 98 103 121 
900 40 115 
900 41 56 194 268 
900 42 61 194 121 161 231 268 
900 43 104 115 155 
900 44 194 155 
900 45 35 98 
900 46 194 231 
900 47 61 155 170 
900 48 35 85 155 
900 49 156 206 209 147 
900 50 35 266 106 55 85 194 155 170 215 
900 51 115 
900 52 115 
900 53 266 106 
900 54 194 268 
900 55 153 182 14 188 22 176 2 15 258 262 175 83 203 8 251 158 50 80 209 112 184 264 100 238 24 7 157 0 245 187 193 202 
900 56 29 104 194 121 161 231 268 144 63 197 41 
900 57 98 115 
900 58 194 155 170 
900 59 85 194 155 204 
900 60 115 
900 61 135 14 217 96 140 242 173 124 146 62 76 187 129 32 150 42 47 65 77 205 211 
900 62 29 106 61 194 121 161 268 
900 63 56 253 
900 64 29 104 194 121 161 
900 65 61 155 
900 66 29 121 231 
900 67 29 106 194 121 231 268 
900 68 1 155 242 142 206 171 173 201 3 126 23 101 180 239 
900 69 35 194 268 
900 70 115 
900 71 115 
900 72 194 231 268 
900 73 194 268 
900 74 115 155 
900 75 194 161 268 
900 76 29 106 61 194 121 161 268 
900 77 61 194 268 
900 78 115 
900 79 194 268 
900 80 266 106 55 85 155 170 
900 81 85 103 263 
900 82 85 194 155 170 
900 83 123 35 266 106 55 85 194 10 155 170 204 215 
900 84 115 
900 85 135 14 217 22 140 176 2 15 130 258 262 267 270 168 175 83 203 8 251 158 50 80 230 237 12 131 249 250 139 151 264 160 162 48 179 100 252 119 238 24 157 234 33 34 169 59 174 177 37 152 81 82 196 200 116 
900 86 115 
900 87 156 209 112 
900 88 35 104 194 161 231 268 
900 89 194 268 
900 90 115 
900 91 115 
900 92 29 194 121 161 231 268 
900 93 98 121 161 
900 94 161 253 
900 95 104 194 115 161 268 
900 96 20 266 61 194 
900 97 194 115 155 170 
900 98 1 142 201 124 23 224 120 181 45 202 39 185 247 110 138 195 57 93 
900 99 115 
900 100 35 55 85 194 155 170 204 215 
900 101 29 68 194 161 231 268 
900 102 115 
900 103 257 156 192 236 81 39 16 
900 104 194 175 203 206 147 173 201 23 254 56 224 64 218 120 264 88 95 43 213 214 
900 105 156 106 
900 106 14 266 188 176 2 258 262 267 270 175 83 203 29 251 257 156 158 50 53 173 67 192 80 210 117 105 124 254 62 76 222 7 187 205 37 116 
900 107 123 194 161 268 
900 108 35 121 
900 109 115 
900 110 98 115 
900 111 29 194 161 268 
900 112 87 209 266 55 155 170 189 204 122 230 236 
900 113 194 268 
900 114 29 266 194 161 231 
900 115 267 175 203 1 8 142 74 117 166 228 154 212 12 179 119 157 0 180 239 169 110 138 57 95 43 97 248 11 13 18 19 25 27 28 36 38 40 51 52 60 70 71 78 84 86 90 91 99 102 109 128 132 133 134 137 141 143 145 149 159 164 165 172 178 190 199 9 219 220 221 227 229 232 235 241 243 246 255 256 259 265 
900 116 106 85 155 
900 117 29 106 115 161 
900 118 123 35 
900 119 35 85 115 155 170 
900 120 29 98 104 194 10 121 161 231 268 
900 121 1 127 142 206 173 67 201 210 124 23 26 254 30 146 148 166 56 224 62 64 66 183 76 92 207 228 120 233 237 260 181 108 236 42 39 195 93 16 213 214 4 216 240 
900 122 156 209 112 
900 123 153 20 14 188 35 176 2 15 130 258 262 267 270 168 175 83 203 208 107 118 
900 124 29 106 61 98 121 
900 125 29 194 161 231 268 
900 126 29 68 194 161 231 268 
900 127 121 254 
900 128 115 
900 129 61 194 268 
900 130 123 35 266 85 194 10 155 170 
900 131 35 85 
900 132 115 
900 133 115 
900 134 115 
900 135 20 61 85 161 163 
900 136 194 268 
900 137 115 
900 138 98 115 
900 139 35 85 204 
900 140 20 35 61 85 163 
900 141 115 
900 142 29 266 68 98 115 121 161 231 253 
900 143 115 
900 144 56 253 
900 145 115 
900 146 29 61 194 121 161 231 268 
900 147 156 104 161 192 209 49 236 
900 148 29 121 161 268 
900 149 115 
900 150 61 194 163 
900 151 35 85 204 
900 152 85 194 155 
900 153 20 123 55 155 161 189 263 
900 154 266 115 
900 155 153 182 14 188 22 176 2 15 130 258 262 267 270 168 175 83 203 29 68 8 251 257 156 158 50 74 192 80 209 112 184 250 260 264 160 48 179 100 252 119 157 193 32 47 65 211 234 33 34 169 59 174 177 37 152 82 200 116 43 21 44 58 97 261 235 
900 156 266 206 106 103 147 155 170 189 204 263 87 105 49 122 
900 157 55 85 115 155 
900 158 266 106 55 85 155 170 
900 159 115 
900 160 35 85 194 155 170 215 
900 161 135 153 182 14 208 107 1 242 142 206 147 171 173 117 3 125 126 23 26 254 146 148 56 224 62 64 76 92 207 101 111 114 120 88 187 202 42 195 93 95 31 75 186 191 240 94 198 
900 162 35 85 
900 163 135 217 140 150 4 216 
900 164 115 
900 165 115 
900 166 29 115 121 
900 167 188 176 270 203 
900 168 123 35 266 85 194 10 155 170 
900 169 85 115 155 170 
900 170 176 15 130 258 262 267 270 168 175 83 203 251 257 156 158 50 192 80 209 112 184 250 264 160 179 100 119 32 47 234 33 34 169 82 200 58 97 235 
900 171 29 266 68 161 
900 172 115 
900 173 29 266 106 61 68 104 194 10 121 161 231 268 
900 174 85 155 
900 175 123 35 266 106 55 85 104 194 10 115 155 170 204 215 
900 176 20 123 35 266 106 55 85 194 10 155 167 170 189 204 215 
900 177 85 194 155 
900 178 115 
900 179 35 85 115 155 170 
900 180 68 115 
900 181 35 98 194 121 
900 182 20 55 155 161 231 263 
900 183 29 194 121 
900 184 266 55 155 170 189 204 
900 185 98 194 
900 186 194 161 231 268 
900 187 106 55 61 161 263 
900 188 20 123 266 106 55 194 10 155 167 189 
900 189 153 188 176 257 156 192 209 112 184 237 244 
900 190 115 
900 191 194 161 231 268 
900 192 266 206 106 103 147 155 170 189 204 263 
900 193 55 155 
900 194 188 104 268 96 176 15 130 258 262 168 175 83 203 208 107 242 206 50 173 67 210 125 126 23 26 254 146 56 224 62 64 183 76 92 101 218 111 114 120 222 197 41 12 250 264 160 181 69 88 100 252 238 7 245 236 129 150 42 77 205 211 234 33 59 177 152 82 196 185 247 16 95 213 214 4 17 21 31 44 46 54 58 72 73 75 79 89 97 113 136 186 191 216 223 225 226 6 244 248 261 5 
900 195 98 121 161 
900 196 85 194 
900 197 56 194 268 
900 198 161 231 
900 199 115 
900 200 85 155 170 
900 201 29 266 68 98 104 10 121 
900 202 55 98 161 
900 203 123 35 266 106 55 85 104 194 10 115 155 167 170 204 215 
900 204 176 175 83 203 257 156 192 209 112 184 139 151 264 100 59 269 
900 205 106 61 194 268 
900 206 156 29 266 68 104 194 10 121 161 231 263 268 192 49 230 
900 207 29 121 161 268 
900 208 123 194 161 268 
900 209 87 266 112 55 147 155 170 189 204 49 122 
900 210 29 106 194 121 231 268 
900 211 61 194 155 268 
900 212 266 115 
900 213 104 194 121 268 
900 214 104 194 121 268 
900 215 176 258 267 270 175 83 203 50 250 264 160 100 
900 216 194 121 163 231 268 
900 217 20 35 61 85 163 
900 218 29 104 194 231 
900 219 115 
900 220 115 
900 221 115 
900 222 266 106 194 268 
900 223 194 268 
900 224 29 98 104 194 10 121 161 231 268 
900 225 194 268 
900 226 194 268 
900 227 115 
900 228 29 115 121 
900 229 115 
900 230 206 112 85 
900 231 182 1 242 142 206 173 67 210 125 126 23 26 254 30 146 56 224 66 92 101 218 114 120 233 88 42 4 31 46 72 186 191 216 198 
900 232 115 
900 233 29 121 231 
900 234 85 194 155 170 
900 235 115 155 170 
900 236 112 103 194 147 121 268 
900 237 35 85 121 189 
900 238 55 85 194 268 
900 239 68 115 253 
900 240 121 161 
900 241 115 
900 242 29 61 68 194 161 231 263 268 
900 243 115 
900 244 194 189 
900 245 55 194 268 
900 246 115 
900 247 98 194 
900 248 194 115 268 
900 249 35 85 
900 250 35 85 194 155 170 215 
900 251 266 106 55 85 155 170 
900 252 35 85 194 155 
900 253 1 142 144 63 239 94 
900 254 29 106 104 194 121 127 161 231 268 
900 255 115 
900 256 115 
900 257 266 106 103 155 170 189 204 263 
900 258 123 35 266 106 55 85 194 10 155 170 215 
900 259 115 
900 260 35 121 155 
900 261 194 155 268 
900 262 123 35 266 106 55 85 194 10 155 170 
900 263 153 182 22 242 257 156 206 192 7 187 81 
900 264 35 55 85 104 194 155 170 204 215 
900 265 115 
900 266 14 29 106 188 96 176 15 130 258 262 267 270 168 175 83 203 1 8 251 142 257 156 206 158 50 53 171 173 192 80 201 209 112 3 114 154 184 212 222 
900 267 123 35 266 106 85 10 115 155 170 215 
900 268 194 208 107 242 206 173 67 210 125 126 23 26 254 146 148 56 224 62 76 92 207 101 111 120 222 197 41 69 88 238 7 245 236 129 42 77 205 211 16 95 213 214 4 17 21 31 54 72 73 75 79 89 113 136 186 191 216 223 225 226 6 248 261 5 
900 269 204 
900 270 123 35 266 106 85 10 155 167 170 215 
1800 0 53 112 
1800 1 29 255 65 95 112 118 156 223 243 
1800 2 120 35 103 53 82 150 
1800 3 29 255 65 156 
1800 4 118 158 223 
1800 5 
1800 6 
1800 7 103 53 252 
1800 8 255 53 82 112 150 
1800 9 112 
1800 10 182 170 15 127 251 256 258 163 169 80 195 198 167 193 23 216 117 
1800 11 112 
1800 12 35 82 112 
1800 13 112 
1800 14 20 120 255 103 53 58 82 150 156 
1800 15 120 255 53 82 10 150 165 
1800 16 100 118 
1800 17 
1800 18 112 
1800 19 112 
1800 20 132 148 120 176 14 182 209 22 93 170 
1800 21 150 
1800 22 20 35 53 82 150 252 
1800 23 29 65 95 101 10 118 156 223 
1800 24 53 82 
1800 25 112 
1800 26 29 118 156 223 
1800 27 112 
1800 28 112 
1800 29 255 1 103 150 232 137 198 166 167 64 193 202 114 121 3 122 123 23 26 244 30 141 143 161 216 59 61 63 177 73 89 199 98 210 108 111 220 117 
1800 30 29 118 223 
1800 31 156 223 
1800 32 58 150 165 
1800 33 82 150 165 
1800 34 82 150 165 
1800 35 209 120 22 170 2 127 251 256 258 163 169 80 195 115 48 228 12 128 239 240 135 249 146 253 155 157 173 175 66 85 97 105 242 116 44 
1800 36 112 
1800 37 103 82 150 
1800 38 112 
1800 39 95 100 118 
1800 40 
1800 41 58 118 156 223 
1800 42 101 112 150 
1800 43 150 
1800 44 35 95 
1800 45 223 
1800 46 58 150 165 
1800 47 151 198 201 142 
1800 48 35 255 103 53 82 150 165 207 
1800 49 112 
1800 50 112 
1800 51 255 103 
1800 52 
1800 53 148 176 14 182 22 170 2 15 251 169 80 195 8 241 153 48 77 201 109 178 253 97 229 24 7 152 0 235 181 194 
1800 54 95 112 
1800 55 150 165 
1800 56 82 150 196 
1800 57 112 
1800 58 132 14 209 93 232 167 121 141 59 73 181 126 32 145 41 46 62 74 197 203 
1800 59 29 103 58 118 156 
1800 60 243 
1800 61 29 101 118 156 
1800 62 58 150 
1800 63 29 118 223 
1800 64 29 103 118 223 
1800 65 1 150 232 137 198 166 167 193 3 123 23 98 174 230 
1800 66 35 
1800 67 112 
1800 68 112 
1800 69 223 
1800 70 
1800 71 112 150 
1800 72 156 
1800 73 29 103 58 118 156 
1800 74 58 
1800 75 112 
1800 76 
1800 77 255 103 53 82 150 165 
1800 78 82 100 252 
1800 79 82 150 165 
1800 80 120 35 255 103 53 82 10 150 165 196 207 
1800 81 112 
1800 82 132 14 209 22 170 2 15 127 251 256 258 163 169 80 195 8 241 153 48 77 222 228 12 128 239 240 135 146 253 155 157 173 97 242 116 229 24 152 225 33 34 164 56 168 171 37 147 78 79 188 192 113 
1800 83 112 
1800 84 151 201 109 
1800 85 35 101 156 223 
1800 86 
1800 87 112 
1800 88 112 
1800 89 29 118 156 223 
1800 90 95 118 156 
1800 91 156 243 
1800 92 101 112 156 
1800 93 20 255 58 
1800 94 112 150 165 
1800 95 1 137 193 121 23 216 117 175 44 194 39 179 237 107 134 187 54 90 
1800 96 112 
1800 97 35 53 82 150 165 196 207 
1800 98 29 65 156 223 
1800 99 112 
1800 100 247 151 186 227 78 39 16 
1800 101 169 195 198 142 167 193 23 244 216 61 210 117 253 85 92 42 205 206 
1800 102 151 103 
1800 103 14 255 182 170 2 251 256 258 169 80 195 29 241 247 151 153 48 51 167 64 186 77 202 114 102 121 244 59 73 214 7 181 197 37 113 
1800 104 120 156 
1800 105 35 118 
1800 106 112 
1800 107 95 112 
1800 108 29 156 
1800 109 84 201 255 53 150 165 183 196 119 222 227 
1800 110 
1800 111 29 255 156 223 
1800 112 256 169 195 1 8 137 71 114 161 220 149 204 12 173 116 152 0 174 230 164 107 134 54 92 42 94 238 11 13 18 19 25 27 28 36 38 49 50 57 67 68 75 81 83 87 88 96 99 106 125 129 130 131 133 136 138 140 144 154 159 160 172 184 191 9 211 212 213 219 221 224 226 231 233 236 245 246 248 254 
1800 113 103 82 150 
1800 114 29 103 112 156 
1800 115 120 35 
1800 116 35 82 112 150 165 
1800 117 29 95 101 10 118 156 223 
1800 118 1 124 137 198 167 64 193 202 121 23 26 244 30 141 143 161 216 59 61 63 177 73 89 199 220 117 228 249 175 105 227 41 39 187 90 16 205 206 4 208 
1800 119 151 201 109 
1800 120 148 20 14 182 35 170 2 15 127 251 256 258 163 169 80 195 200 104 115 
1800 121 29 103 58 95 118 
1800 122 29 156 223 
1800 123 29 65 156 223 
1800 124 118 244 
1800 125 112 
1800 126 58 
1800 127 120 35 255 82 10 150 165 
1800 128 35 82 
1800 129 112 
1800 130 112 
1800 131 112 
1800 132 20 58 82 156 158 
1800 133 112 
1800 134 95 112 
1800 135 35 82 196 
1800 136 112 
1800 137 29 255 65 95 112 118 156 223 243 
1800 138 112 
1800 139 243 
1800 140 112 
1800 141 29 58 118 156 223 
1800 142 151 101 156 186 201 47 227 
1800 143 29 118 156 
1800 144 112 
1800 145 58 158 
1800 146 35 82 196 
1800 147 82 150 
1800 148 20 120 53 150 156 183 252 
1800 149 255 112 
1800 150 148 176 14 182 22 170 2 15 127 251 256 258 163 169 80 195 29 65 8 241 247 151 153 48 71 186 77 201 109 178 240 249 253 155 173 97 242 116 152 32 46 62 203 225 33 34 164 56 168 171 37 147 79 192 113 42 21 43 55 94 250 226 
1800 151 255 198 103 100 142 150 165 183 196 252 84 102 47 119 
1800 152 53 82 112 150 
1800 153 255 103 53 82 150 165 
1800 154 112 
1800 155 35 82 150 165 207 
1800 156 132 148 176 14 200 104 1 232 137 198 142 166 167 114 3 122 123 23 26 244 141 143 216 59 61 73 89 199 98 108 111 117 85 181 194 41 187 90 92 31 72 180 185 91 190 
1800 157 35 82 
1800 158 132 209 145 4 208 
1800 159 112 
1800 160 112 
1800 161 29 112 118 
1800 162 182 170 258 195 
1800 163 120 35 255 82 10 150 165 
1800 164 82 112 150 165 
1800 165 170 15 127 251 256 258 163 169 80 195 241 247 151 153 48 186 77 201 109 178 240 253 155 173 97 116 32 46 225 33 34 164 79 192 55 94 226 
1800 166 29 255 65 156 
1800 167 29 255 103 58 65 101 10 118 156 223 
1800 168 82 150 
1800 169 120 35 255 103 53 82 101 10 112 150 165 196 207 
1800 170 20 120 35 255 103 53 82 10 150 162 165 183 196 207 
1800 171 82 150 
1800 172 112 
1800 173 35 82 112 150 165 
1800 174 65 112 
1800 175 35 95 118 
1800 176 20 53 150 156 223 252 
1800 177 29 118 
1800 178 255 53 150 165 183 196 
1800 179 95 
1800 180 156 223 
1800 181 103 53 58 156 252 
1800 182 20 120 255 103 53 10 150 162 183 
1800 183 148 182 170 247 151 186 201 109 178 228 234 
1800 184 112 
1800 185 156 223 
1800 186 255 198 103 100 142 150 165 183 196 252 
1800 187 95 118 156 
1800 188 82 
1800 189 
1800 190 156 223 
1800 191 112 
1800 192 82 150 165 
1800 193 29 255 65 95 101 10 118 
1800 194 53 95 156 
1800 195 120 35 255 103 53 82 101 10 112 150 162 165 196 207 
1800 196 170 169 80 195 247 151 186 201 109 178 135 146 253 97 56 257 
1800 197 103 58 
1800 198 151 29 255 65 101 10 118 156 223 252 186 47 222 
1800 199 29 118 156 
1800 200 120 156 
1800 201 84 255 109 53 142 150 165 183 196 47 119 
1800 202 29 103 118 223 
1800 203 58 150 
1800 204 255 112 
1800 205 101 118 
1800 206 101 118 
1800 207 170 256 258 169 80 195 48 240 253 155 97 
1800 208 118 158 223 
1800 209 20 35 58 82 158 
1800 210 29 101 223 
1800 211 112 
1800 212 112 
1800 213 112 
1800 214 255 103 
1800 215 
1800 216 29 95 101 10 118 156 223 
1800 217 
1800 218 
1800 219 112 
1800 220 29 112 118 
1800 221 112 
1800 222 198 109 82 
1800 223 176 1 232 137 198 167 64 202 122 123 23 26 244 30 141 216 63 89 98 210 111 117 85 41 4 31 45 69 180 185 208 190 
1800 224 112 
1800 225 82 150 165 
1800 226 112 150 165 
1800 227 109 100 142 118 
1800 228 35 82 118 183 
1800 229 53 82 
1800 230 65 112 243 
1800 231 112 
1800 232 29 58 65 156 223 252 
1800 233 112 
1800 234 183 
1800 235 53 
1800 236 112 
1800 237 95 
1800 238 112 
1800 239 35 82 
1800 240 35 82 150 165 207 
1800 241 255 103 53 82 150 165 
1800 242 35 82 150 
1800 243 1 137 139 60 230 91 
1800 244 29 103 101 118 124 156 223 
1800 245 112 
1800 246 112 
1800 247 255 103 100 150 165 183 196 252 
1800 248 112 
1800 249 35 118 150 
1800 250 150 
1800 251 120 35 255 103 53 82 10 150 165 
1800 252 148 176 22 232 247 151 198 186 7 181 78 
1800 253 35 53 82 101 150 165 196 207 
1800 254 112 
1800 255 14 29 103 182 93 170 15 127 251 256 258 163 169 80 195 1 8 241 137 247 151 198 153 48 51 166 167 186 77 193 201 109 3 111 149 178 204 214 
1800 256 120 35 255 103 82 10 112 150 165 207 
1800 257 196 
1800 258 120 35 255 103 82 10 150 162 165 207 
2700 0 49 105 
2700 1 27 242 60 89 105 111 148 213 230 
2700 2 113 33 96 49 76 142 
2700 3 27 242 60 148 
2700 4 111 150 213 
2700 5 
2700 6 
2700 7 96 49 239 
2700 8 242 49 76 105 142 
2700 9 105 
2700 10 174 162 14 120 238 243 245 155 161 74 186 189 159 184 21 206 110 
2700 11 105 
2700 12 33 76 105 
2700 13 105 
2700 14 113 242 49 76 10 142 157 
2700 15 111 
2700 16 
2700 17 105 
2700 18 125 140 113 168 174 199 20 87 162 
2700 19 142 
2700 20 18 33 49 76 142 239 
2700 21 27 60 89 94 10 111 148 213 
2700 22 49 76 
2700 23 105 
2700 24 27 111 148 213 
2700 25 105 
2700 26 105 
2700 27 242 1 96 142 221 130 189 158 159 59 184 193 107 114 3 115 116 21 24 231 28 134 136 153 206 54 56 58 169 68 83 190 92 200 101 104 210 110 
2700 28 27 111 213 
2700 29 148 213 
2700 30 53 142 157 
2700 31 76 142 157 
2700 32 76 142 157 
2700 33 199 113 20 162 2 120 238 243 245 155 161 74 186 108 44 217 12 121 227 128 236 139 240 147 149 165 167 61 79 91 98 229 109 40 
2700 34 96 76 142 
2700 35 89 111 
2700 36 
2700 37 53 111 148 213 
2700 38 94 105 142 
2700 39 142 
2700 40 33 89 
2700 41 213 
2700 42 53 142 157 
2700 43 143 189 192 135 
2700 44 33 242 96 49 76 142 157 197 
2700 45 105 
2700 46 105 
2700 47 242 96 
2700 48 
2700 49 140 168 174 20 162 2 14 238 161 74 186 8 228 145 44 72 192 102 170 240 91 218 22 7 144 0 223 173 185 
2700 50 89 105 
2700 51 142 157 
2700 52 76 142 187 
2700 53 125 199 87 221 159 114 134 54 68 173 119 30 138 37 42 57 69 188 
2700 54 27 96 53 111 148 
2700 55 230 
2700 56 27 94 111 148 
2700 57 53 142 
2700 58 27 111 213 
2700 59 27 96 111 213 
2700 60 1 142 221 130 189 158 159 184 3 116 21 92 166 219 
2700 61 33 
2700 62 105 
2700 63 105 
2700 64 213 
2700 65 
2700 66 105 142 
2700 67 148 
2700 68 27 96 53 111 148 
2700 69 53 
2700 70 105 
2700 71 
2700 72 242 96 49 76 142 157 
2700 73 76 142 157 
2700 74 113 33 242 96 49 76 10 142 157 187 197 
2700 75 105 
2700 76 125 199 20 162 2 14 120 238 243 245 155 161 74 186 8 228 145 44 72 212 217 12 121 227 128 139 240 147 149 165 91 229 109 218 22 144 31 32 156 52 160 163 34 73 180 183 106 
2700 77 105 
2700 78 143 192 102 
2700 79 33 94 148 213 
2700 80 
2700 81 105 
2700 82 105 
2700 83 27 111 148 213 
2700 84 89 111 148 
2700 85 148 230 
2700 86 94 105 148 
2700 87 18 242 53 
2700 88 105 142 157 
2700 89 1 130 184 114 21 206 110 167 40 185 35 171 225 100 127 179 50 84 
2700 90 105 
2700 91 33 49 76 142 157 187 197 
2700 92 27 60 148 213 
2700 93 105 
2700 94 161 186 189 135 159 184 21 231 206 56 200 110 240 79 86 38 195 196 
2700 95 143 96 
2700 96 174 242 162 2 238 243 245 161 74 186 27 228 234 143 145 44 47 159 59 178 72 193 107 95 114 231 54 68 204 7 173 188 34 106 
2700 97 113 148 
2700 98 33 111 
2700 99 105 
2700 100 89 105 
2700 101 27 148 
2700 102 78 192 242 49 142 157 175 187 112 212 216 
2700 103 
2700 104 27 242 148 213 
2700 105 243 161 186 1 8 130 66 107 153 210 141 194 12 165 109 144 0 166 219 156 100 127 50 86 38 88 226 11 13 17 23 25 26 45 46 62 63 70 75 77 81 82 90 93 99 118 122 123 124 126 129 131 133 137 146 151 152 164 176 182 9 201 202 203 209 211 214 215 220 224 232 233 235 241 
2700 106 96 76 142 
2700 107 27 96 105 148 
2700 108 113 33 
2700 109 33 76 105 142 157 
2700 110 27 89 94 10 111 148 213 
2700 111 1 117 130 189 159 59 184 193 114 21 24 231 28 134 136 153 206 54 56 58 169 68 83 190 210 110 217 236 167 98 216 37 35 179 84 15 195 196 4 198 
2700 112 143 192 102 
2700 113 140 18 174 33 162 2 14 120 238 243 245 155 161 74 186 191 97 108 
2700 114 27 96 53 89 111 
2700 115 27 148 213 
2700 116 27 60 148 213 
2700 117 111 231 
2700 118 105 
2700 119 53 
2700 120 113 33 242 76 10 142 157 
2700 121 33 76 
2700 122 105 
2700 123 105 
2700 124 105 
2700 125 18 53 76 148 150 
2700 126 105 
2700 127 89 105 
2700 128 33 76 187 
2700 129 105 
2700 130 27 242 60 89 105 111 148 213 230 
2700 131 105 
2700 132 230 
2700 133 105 
2700 134 27 53 111 148 213 
2700 135 143 94 148 178 192 43 216 
2700 136 27 111 148 
2700 137 105 
2700 138 53 150 
2700 139 33 76 187 
2700 140 18 113 49 142 148 175 239 
2700 141 242 105 
2700 142 140 168 174 20 162 2 14 120 238 243 245 155 161 74 186 27 60 8 228 234 143 145 44 66 178 72 192 102 170 227 236 240 147 165 91 229 109 144 30 42 57 31 32 156 52 160 163 34 73 183 106 38 19 39 51 88 237 215 
2700 143 242 189 96 135 142 157 175 187 239 78 95 43 112 
2700 144 49 76 105 142 
2700 145 242 96 49 76 142 157 
2700 146 105 
2700 147 33 76 142 157 197 
2700 148 125 140 168 191 97 1 221 130 189 135 158 159 107 3 115 116 21 24 231 134 136 206 54 56 68 83 190 92 101 104 110 79 173 185 37 179 84 86 29 67 172 177 85 181 
2700 149 33 76 
2700 150 125 199 138 4 198 
2700 151 105 
2700 152 105 
2700 153 27 105 111 
2700 154 174 162 245 186 
2700 155 113 33 242 76 10 142 157 
2700 156 76 105 142 157 
2700 157 162 14 120 238 243 245 155 161 74 186 228 234 143 145 44 178 72 192 102 170 227 240 147 165 91 109 30 42 31 32 156 73 183 51 88 215 
2700 158 27 242 60 148 
2700 159 27 242 96 53 60 94 10 111 148 213 
2700 160 76 142 
2700 161 113 33 242 96 49 76 94 10 105 142 157 187 197 
2700 162 18 113 33 242 96 49 76 10 142 154 157 175 187 197 
2700 163 76 142 
2700 164 105 
2700 165 33 76 105 142 157 
2700 166 60 105 
2700 167 33 89 111 
2700 168 18 49 142 148 213 239 
2700 169 27 111 
2700 170 242 49 142 157 175 187 
2700 171 89 
2700 172 148 213 
2700 173 96 49 53 148 239 
2700 174 18 113 242 96 49 10 142 154 175 
2700 175 140 174 162 234 143 178 192 102 170 217 222 
2700 176 105 
2700 177 148 213 
2700 178 242 189 96 135 142 157 175 187 239 
2700 179 89 111 148 
2700 180 76 
2700 181 148 213 
2700 182 105 
2700 183 76 142 157 
2700 184 27 242 60 89 94 10 111 
2700 185 49 89 148 
2700 186 113 33 242 96 49 76 94 10 105 142 154 157 187 197 
2700 187 162 161 74 186 234 143 178 192 102 170 128 139 240 91 52 244 
2700 188 96 53 
2700 189 143 27 242 60 94 10 111 148 213 239 178 43 212 
2700 190 27 111 148 
2700 191 113 148 
2700 192 78 242 102 49 135 142 157 175 187 43 112 
2700 193 27 96 111 213 
2700 194 242 105 
2700 195 94 111 
2700 196 94 111 
2700 197 162 243 245 161 74 186 44 227 240 147 91 
2700 198 111 150 213 
2700 199 18 33 53 76 150 
2700 200 27 94 213 
2700 201 105 
2700 202 105 
2700 203 105 
2700 204 242 96 
2700 205 
2700 206 27 89 94 10 111 148 213 
2700 207 
2700 208 
2700 209 105 
2700 210 27 105 111 
2700 211 105 
2700 212 189 102 76 
2700 213 168 1 221 130 189 159 59 193 115 116 21 24 231 28 134 206 58 83 92 200 104 110 79 37 4 29 41 64 172 177 198 181 
2700 214 105 
2700 215 105 142 157 
2700 216 102 135 111 
2700 217 33 76 111 175 
2700 218 49 76 
2700 219 60 105 230 
2700 220 105 
2700 221 27 53 60 148 213 239 
2700 222 175 
2700 223 49 
2700 224 105 
2700 225 89 
2700 226 105 
2700 227 33 76 142 157 197 
2700 228 242 96 49 76 142 157 
2700 229 33 76 142 
2700 230 1 130 132 55 219 85 
2700 231 27 96 94 111 117 148 213 
2700 232 105 
2700 233 105 
2700 234 242 96 142 157 175 187 239 
2700 235 105 
2700 236 33 111 142 
2700 237 142 
2700 238 113 33 242 96 49 76 10 142 157 
2700 239 140 168 20 221 234 143 189 178 7 173 
2700 240 33 49 76 94 142 157 187 197 
2700 241 105 
2700 242 174 27 96 87 162 14 120 238 243 245 155 161 74 186 1 8 228 130 234 143 189 145 44 47 158 159 178 72 184 192 102 3 104 141 170 194 204 
2700 243 113 33 242 96 76 10 105 142 157 197 
2700 244 187 
2700 245 113 33 242 96 76 10 142 154 157 197 
3600 0 45 98 
3600 1 24 229 55 82 98 104 139 218 
3600 2 105 29 89 45 70 133 
3600 3 24 229 55 139 
3600 4 104 141 
3600 5 
3600 6 
3600 7 89 45 226 
3600 8 229 45 70 98 133 
3600 9 98 
3600 10 165 153 112 225 230 232 146 152 68 176 179 150 19 196 103 
3600 11 98 
3600 12 98 
3600 13 104 
3600 14 
3600 15 98 
3600 16 117 131 105 159 165 189 18 80 153 
3600 17 133 
3600 18 16 29 45 70 133 226 
3600 19 24 55 82 87 10 104 139 
3600 20 45 70 
3600 21 24 104 139 
3600 22 98 
3600 23 98 
3600 24 229 1 89 133 209 122 179 149 150 54 183 100 106 3 107 108 19 21 219 127 144 196 51 53 160 62 180 85 190 94 97 200 103 
3600 25 139 
3600 26 49 133 148 
3600 27 70 133 148 
3600 28 70 133 148 
3600 29 189 105 18 153 2 112 225 230 232 146 152 68 176 101 40 205 113 215 120 223 130 227 138 140 156 158 56 73 84 91 217 102 36 
3600 30 89 70 133 
3600 31 82 104 
3600 32 
3600 33 49 104 139 
3600 34 87 98 133 
3600 35 133 
3600 36 29 82 
3600 37 
3600 38 49 133 148 
3600 39 134 179 182 126 
3600 40 29 229 89 45 70 133 148 187 
3600 41 98 
3600 42 98 
3600 43 229 89 
3600 44 
3600 45 131 159 165 18 153 2 225 152 68 176 8 216 136 40 66 182 95 161 227 84 206 20 7 135 0 211 164 175 
3600 46 82 98 
3600 47 133 148 
3600 48 70 133 177 
3600 49 117 189 80 209 150 106 62 164 111 26 129 33 38 52 63 178 
3600 50 218 
3600 51 24 87 104 139 
3600 52 49 133 
3600 53 24 104 
3600 54 24 89 104 
3600 55 1 133 209 122 179 149 150 3 108 19 85 157 207 
3600 56 29 
3600 57 98 
3600 58 98 
3600 59 
3600 60 98 133 
3600 61 139 
3600 62 24 89 49 104 139 
3600 63 49 
3600 64 98 
3600 65 
3600 66 229 89 45 70 133 148 
3600 67 70 133 148 
3600 68 105 29 229 89 45 70 10 133 148 177 187 
3600 69 98 
3600 70 117 189 18 153 2 112 225 230 232 146 152 68 176 8 216 136 40 66 202 205 113 215 120 130 227 138 140 156 84 217 102 206 20 135 27 28 147 48 151 154 30 67 171 174 99 
3600 71 98 
3600 72 134 182 95 
3600 73 29 87 139 
3600 74 
3600 75 98 
3600 76 98 
3600 77 82 104 139 
3600 78 139 218 
3600 79 87 98 139 
3600 80 16 229 49 
3600 81 98 133 148 
3600 82 1 122 106 19 196 103 158 36 175 31 162 213 93 119 170 46 77 
3600 83 98 
3600 84 29 45 70 133 148 177 187 
3600 85 24 55 139 
3600 86 98 
3600 87 152 176 179 126 150 19 219 196 51 190 103 227 73 79 34 185 186 
3600 88 134 89 
3600 89 165 229 153 2 225 230 232 152 68 176 24 216 134 136 40 43 150 54 169 66 183 100 88 106 219 62 194 7 164 178 30 99 
3600 90 105 139 
3600 91 29 104 
3600 92 98 
3600 93 82 98 
3600 94 24 139 
3600 95 72 182 229 45 133 148 166 177 202 
3600 96 
3600 97 24 229 139 
3600 98 230 152 176 1 8 122 60 100 144 200 132 184 156 102 135 0 157 207 147 93 119 46 79 34 81 214 11 12 15 22 23 41 42 57 58 64 69 71 75 76 83 86 92 110 114 115 116 118 121 123 125 128 137 142 143 155 167 173 9 191 192 193 199 201 203 204 208 212 220 221 222 228 
3600 99 89 70 133 
3600 100 24 89 98 139 
3600 101 105 29 
3600 102 29 70 98 133 148 
3600 103 24 82 87 10 104 139 
3600 104 1 109 122 179 150 54 183 106 19 21 219 127 144 196 51 53 160 62 180 200 103 205 223 158 91 33 31 170 77 13 185 186 4 188 
3600 105 131 16 165 29 153 2 112 225 230 232 146 152 68 176 181 90 101 
3600 106 24 89 49 82 104 
3600 107 24 139 
3600 108 24 55 139 
3600 109 104 219 
3600 110 98 
3600 111 49 
3600 112 105 29 229 70 10 133 148 
3600 113 29 70 
3600 114 98 
3600 115 98 
3600 116 98 
3600 117 16 49 70 139 141 
3600 118 98 
3600 119 82 98 
3600 120 29 70 177 
3600 121 98 
3600 122 24 229 55 82 98 104 139 218 
3600 123 98 
3600 124 218 
3600 125 98 
3600 126 134 87 139 169 182 39 
3600 127 24 104 139 
3600 128 98 
3600 129 49 141 
3600 130 29 70 177 
3600 131 16 105 45 133 139 166 226 
3600 132 229 98 
3600 133 131 159 165 18 153 2 112 225 230 232 146 152 68 176 24 55 8 216 134 136 40 60 169 66 182 95 161 215 223 227 138 156 84 217 102 135 26 38 52 27 28 147 48 151 154 30 67 174 99 34 17 35 47 81 224 204 
3600 134 229 179 89 126 133 148 166 177 226 72 88 39 
3600 135 45 70 98 133 
3600 136 229 89 45 70 133 148 
3600 137 98 
3600 138 29 70 133 148 187 
3600 139 117 131 159 181 90 1 209 122 179 126 149 150 100 3 107 108 19 21 219 127 196 51 62 180 85 94 97 103 73 164 175 33 170 77 79 25 61 163 168 78 172 
3600 140 29 70 
3600 141 117 189 129 4 188 
3600 142 98 
3600 143 98 
3600 144 24 98 104 
3600 145 165 153 232 176 
3600 146 105 29 229 70 10 133 148 
3600 147 70 98 133 148 
3600 148 153 112 225 230 232 146 152 68 176 216 134 136 40 169 66 182 95 161 215 227 138 156 84 102 26 38 27 28 147 67 174 47 81 204 
3600 149 24 229 55 139 
3600 150 24 229 89 49 55 87 10 104 139 
3600 151 70 133 
3600 152 105 29 229 89 45 70 87 10 98 133 148 177 187 
3600 153 16 105 29 229 89 45 70 10 133 145 148 166 177 187 
3600 154 70 133 
3600 155 98 
3600 156 29 70 98 133 148 
3600 157 55 98 
3600 158 29 82 104 
3600 159 16 45 133 139 226 
3600 160 24 104 
3600 161 229 45 133 148 166 177 
3600 162 82 
3600 163 139 
3600 164 89 45 49 139 226 
3600 165 16 105 229 89 45 10 133 145 166 
3600 166 131 165 153 134 169 182 95 161 205 210 
3600 167 98 
3600 168 139 
3600 169 229 179 89 126 133 148 166 177 226 
3600 170 82 104 139 
3600 171 70 
3600 172 139 
3600 173 98 
3600 174 70 133 148 
3600 175 45 82 139 
3600 176 105 29 229 89 45 70 87 10 98 133 145 148 177 187 
3600 177 153 152 68 176 134 169 182 95 161 120 130 227 84 48 231 
3600 178 89 49 
3600 179 134 24 229 55 87 10 104 139 226 169 39 202 
3600 180 24 104 139 
3600 181 105 139 
3600 182 72 229 95 45 126 133 148 166 177 39 
3600 183 24 89 104 
3600 184 229 98 
3600 185 87 104 
3600 186 87 104 
3600 187 153 230 232 152 68 176 40 215 227 138 84 
3600 188 104 141 
3600 189 16 29 49 70 141 
3600 190 24 87 
3600 191 98 
3600 192 98 
3600 193 98 
3600 194 229 89 
3600 195 
3600 196 24 82 87 10 104 139 
3600 197 
3600 198 
3600 199 98 
3600 200 24 98 104 
3600 201 98 
3600 202 179 95 70 
3600 203 98 
3600 204 98 133 148 
3600 205 29 70 104 166 
3600 206 45 70 
3600 207 55 98 218 
3600 208 98 
3600 209 24 49 55 139 226 
3600 210 166 
3600 211 45 
3600 212 98 
3600 213 82 
3600 214 98 
3600 215 29 70 133 148 187 
3600 216 229 89 45 70 133 148 
3600 217 29 70 133 
3600 218 1 122 124 50 207 78 
3600 219 24 89 87 104 109 139 
3600 220 98 
3600 221 98 
3600 222 98 
3600 223 29 104 133 
3600 224 133 
3600 225 105 29 229 89 45 70 10 133 148 
3600 226 131 159 18 209 134 179 169 7 164 
3600 227 29 45 70 87 133 148 177 187 
3600 228 98 
3600 229 165 24 89 80 153 112 225 230 232 146 152 68 176 1 8 216 122 134 179 136 40 43 149 150 169 66 182 95 3 97 132 161 184 194 
3600 230 105 29 229 89 70 10 98 133 148 187 
3600 231 177 
3600 232 105 29 229 89 70 10 133 145 148 187 
4500 0 42 94 
4500 1 23 216 52 78 94 100 133 205 
4500 2 101 27 85 42 66 128 
4500 3 23 216 52 133 
4500 4 100 135 
4500 5 
4500 6 
4500 7 85 42 213 
4500 8 216 42 66 94 128 
4500 9 94 
4500 10 158 147 108 212 217 219 140 146 64 168 170 144 18 99 
4500 11 94 
4500 12 94 
4500 13 100 
4500 14 
4500 15 126 101 153 158 180 17 76 147 
4500 16 128 
4500 17 15 27 42 66 128 213 
4500 18 23 52 78 83 10 100 133 
4500 19 42 66 
4500 20 23 100 133 
4500 21 94 
4500 22 94 
4500 23 216 1 85 128 117 170 143 144 51 174 96 102 3 103 104 18 20 206 122 138 48 50 154 59 171 81 181 90 93 189 99 
4500 24 46 128 142 
4500 25 66 128 142 
4500 26 66 128 142 
4500 27 180 101 17 147 2 108 212 217 219 140 146 64 168 97 37 193 109 202 115 210 125 214 134 150 152 53 69 80 87 204 98 33 
4500 28 78 100 
4500 29 
4500 30 46 100 133 
4500 31 83 94 128 
4500 32 128 
4500 33 27 78 
4500 34 
4500 35 46 128 142 
4500 36 129 170 173 121 
4500 37 27 216 85 42 66 128 142 178 
4500 38 94 
4500 39 94 
4500 40 216 85 
4500 41 
4500 42 126 153 158 17 147 2 212 146 64 168 8 203 131 37 63 173 91 155 214 80 194 19 7 130 0 198 157 167 
4500 43 78 94 
4500 44 128 142 
4500 45 66 128 169 
4500 46 180 76 144 102 59 157 107 24 124 30 35 49 60 
4500 47 205 
4500 48 23 83 100 133 
4500 49 46 128 
4500 50 23 100 
4500 51 23 85 100 
4500 52 1 128 117 170 143 144 3 104 18 81 151 195 
4500 53 27 
4500 54 94 
4500 55 94 
4500 56 
4500 57 94 128 
4500 58 133 
4500 59 23 85 46 100 133 
4500 60 46 
4500 61 94 
4500 62 
4500 63 216 85 42 66 128 142 
4500 64 101 27 216 85 42 66 10 128 142 169 178 
4500 65 94 
4500 66 180 17 147 2 108 212 217 219 140 146 64 168 8 203 131 37 63 193 109 202 115 125 214 134 150 80 204 98 194 19 130 25 26 141 45 145 148 163 166 95 
4500 67 94 
4500 68 129 173 91 
4500 69 27 83 133 
4500 70 
4500 71 94 
4500 72 94 
4500 73 78 100 133 
4500 74 133 205 
4500 75 83 94 133 
4500 76 15 216 46 
4500 77 94 128 142 
4500 78 1 117 102 18 99 152 33 167 28 156 200 89 114 162 43 73 
4500 79 94 
4500 80 27 42 66 128 142 169 178 
4500 81 23 52 133 
4500 82 94 
4500 83 146 168 170 121 144 18 206 48 181 99 214 69 75 31 176 177 
4500 84 129 85 
4500 85 158 216 147 2 212 217 219 146 64 168 23 203 129 131 37 40 144 51 161 63 174 96 84 102 206 59 184 7 157 95 
4500 86 101 133 
4500 87 27 100 
4500 88 94 
4500 89 78 94 
4500 90 23 133 
4500 91 68 173 216 42 128 142 159 169 
4500 92 
4500 93 23 216 133 
4500 94 217 146 168 1 8 117 57 96 138 189 127 175 150 98 130 0 151 195 141 89 114 43 75 31 77 201 11 12 21 22 38 39 54 55 61 65 67 71 72 79 82 88 106 110 111 112 113 116 118 120 123 132 136 137 149 160 165 9 182 183 188 190 191 192 196 199 207 208 209 215 
4500 95 85 66 128 
4500 96 23 85 94 133 
4500 97 101 27 
4500 98 27 66 94 128 142 
4500 99 23 78 83 10 100 133 
4500 100 1 105 117 170 144 51 174 102 18 20 206 122 138 48 50 154 59 171 189 99 193 210 152 87 30 28 162 73 13 176 177 4 179 
4500 101 126 15 158 27 147 2 108 212 217 219 140 146 64 168 172 86 97 
4500 102 23 85 46 78 100 
4500 103 23 133 
4500 104 23 52 133 
4500 105 100 206 
4500 106 94 
4500 107 46 
4500 108 101 27 216 66 10 128 142 
4500 109 27 66 
4500 110 94 
4500 111 94 
4500 112 94 
4500 113 94 
4500 114 78 94 
4500 115 27 66 169 
4500 116 94 
4500 117 23 216 52 78 94 100 133 205 
4500 118 94 
4500 119 205 
4500 120 94 
4500 121 129 83 133 161 173 36 
4500 122 23 100 133 
4500 123 94 
4500 124 46 135 
4500 125 27 66 169 
4500 126 15 101 42 128 133 159 213 
4500 127 216 94 
4500 128 126 153 158 17 147 2 108 212 217 219 140 146 64 168 23 52 8 203 129 131 37 57 161 63 173 91 155 202 210 214 150 80 204 98 130 24 35 49 25 26 141 45 145 148 166 95 31 16 32 44 77 211 192 
4500 129 216 170 85 121 128 142 159 169 213 68 84 36 
4500 130 42 66 94 128 
4500 131 216 85 42 66 128 142 
4500 132 94 
4500 133 126 153 172 86 1 117 170 121 143 144 96 3 103 104 18 20 206 122 48 59 171 81 90 93 99 69 157 167 30 162 73 75 58 74 164 
4500 134 27 66 
4500 135 180 124 4 179 
4500 136 94 
4500 137 94 
4500 138 23 94 100 
4500 139 158 147 219 168 
4500 140 101 27 216 66 10 128 142 
4500 141 66 94 128 142 
4500 142 147 108 212 217 219 140 146 64 168 203 129 131 37 161 63 173 91 155 202 214 150 80 98 24 35 25 26 141 166 44 77 192 
4500 143 23 216 52 133 
4500 144 23 216 85 46 52 83 10 100 133 
4500 145 66 128 
4500 146 101 27 216 85 42 66 83 10 94 128 142 169 178 
4500 147 15 101 27 216 85 42 66 10 128 139 142 159 169 178 
4500 148 66 128 
4500 149 94 
4500 150 27 66 94 128 142 
4500 151 52 94 
4500 152 27 78 100 
4500 153 15 42 128 133 213 
4500 154 23 100 
4500 155 216 42 128 142 159 169 
4500 156 78 
4500 157 85 42 46 133 213 
4500 158 15 101 216 85 42 10 128 139 159 
4500 159 126 158 147 129 161 173 91 155 193 197 
4500 160 94 
4500 161 216 170 85 121 128 142 159 169 213 
4500 162 78 100 133 
4500 163 66 
4500 164 133 
4500 165 94 
4500 166 66 128 142 
4500 167 42 78 133 
4500 168 101 27 216 85 42 66 83 10 94 128 139 142 169 178 
4500 169 147 146 64 168 129 161 173 91 155 115 125 214 80 45 218 
4500 170 129 23 216 52 83 10 100 133 213 161 36 
4500 171 23 100 133 
4500 172 101 133 
4500 173 68 216 91 42 121 128 142 159 169 36 
4500 174 23 85 100 
4500 175 216 94 
4500 176 83 100 
4500 177 83 100 
4500 178 147 217 219 146 64 168 37 202 214 80 
4500 179 100 135 
4500 180 15 27 46 66 135 
4500 181 23 83 
4500 182 94 
4500 183 94 
4500 184 216 85 
4500 185 
4500 186 
4500 187 
4500 188 94 
4500 189 23 94 100 
4500 190 94 
4500 191 94 
4500 192 94 128 142 
4500 193 27 66 100 159 
4500 194 42 66 
4500 195 52 94 205 
4500 196 94 
4500 197 159 
4500 198 42 
4500 199 94 
4500 200 78 
4500 201 94 
4500 202 27 66 128 142 178 
4500 203 216 85 42 66 128 142 
4500 204 27 66 128 
4500 205 1 117 119 47 195 74 
4500 206 23 85 83 100 105 133 
4500 207 94 
4500 208 94 
4500 209 94 
4500 210 27 100 128 
4500 211 128 
4500 212 101 27 216 85 42 66 10 128 142 
4500 213 126 153 17 129 170 161 7 157 
4500 214 27 42 66 83 128 142 169 178 
4500 215 94 
4500 216 158 23 85 76 147 108 212 217 219 140 146 64 168 1 8 203 117 129 170 131 37 40 143 144 161 63 173 91 3 93 127 155 175 184 
4500 217 101 27 216 85 66 10 94 128 142 178 
4500 218 169 
4500 219 101 27 216 85 66 10 128 139 142 178 
5400 0 42 87 
5400 1 23 203 51 75 87 93 125 192 
5400 2 94 27 81 42 63 120 
5400 3 23 203 51 125 
5400 4 93 127 
5400 5 
5400 6 
5400 7 81 42 200 
5400 8 203 42 63 87 120 
5400 9 87 
5400 10 149 138 101 199 204 206 132 137 61 158 160 135 18 92 
5400 11 87 
5400 12 87 
5400 13 93 
5400 14 
5400 15 118 94 144 149 169 17 73 138 
5400 16 120 
5400 17 15 27 42 63 120 200 
5400 18 23 51 75 79 10 93 125 
5400 19 42 63 
5400 20 23 93 125 
5400 21 87 
5400 22 87 
5400 23 203 1 81 120 109 160 134 135 50 164 89 95 3 96 97 18 20 193 114 130 48 145 161 77 170 86 177 92 
5400 24 46 120 133 
5400 25 63 120 133 
5400 26 63 120 133 
5400 27 169 94 17 138 2 101 199 204 206 132 137 61 158 90 37 180 102 189 197 117 201 126 141 143 52 66 191 91 33 
5400 28 75 93 
5400 29 
5400 30 46 93 125 
5400 31 79 87 120 
5400 32 120 
5400 33 27 75 
5400 34 
5400 35 46 120 133 
5400 36 121 160 163 113 
5400 37 27 203 81 42 63 120 133 167 
5400 38 87 
5400 39 87 
5400 40 203 81 
5400 41 
5400 42 118 144 149 17 138 2 199 137 61 158 8 190 123 37 60 163 146 201 181 19 7 122 0 185 148 157 
5400 43 75 87 
5400 44 120 133 
5400 45 63 120 159 
5400 46 169 73 135 95 148 100 24 116 30 35 49 58 
5400 47 192 
5400 48 23 79 93 125 
5400 49 46 120 
5400 50 23 81 93 
5400 51 1 120 109 160 134 135 3 97 18 77 142 182 
5400 52 27 
5400 53 87 
5400 54 87 
5400 55 
5400 56 87 120 
5400 57 125 
5400 58 46 
5400 59 
5400 60 203 81 42 63 120 133 
5400 61 94 27 203 81 42 63 10 120 133 159 167 
5400 62 87 
5400 63 169 17 138 2 101 199 204 206 132 137 61 158 8 190 123 37 60 180 102 189 117 201 126 141 191 91 181 19 122 25 26 45 136 139 153 156 88 
5400 64 87 
5400 65 121 163 
5400 66 27 79 125 
5400 67 
5400 68 87 
5400 69 87 
5400 70 75 93 125 
5400 71 125 192 
5400 72 79 87 125 
5400 73 15 203 46 
5400 74 87 120 133 
5400 75 1 109 95 18 92 143 33 157 28 147 187 84 107 152 43 70 
5400 76 87 
5400 77 23 51 125 
5400 78 87 
5400 79 137 158 160 113 135 18 193 48 170 92 201 66 72 31 166 
5400 80 121 81 
5400 81 149 203 138 2 199 204 206 137 61 158 23 190 121 123 37 40 135 50 151 60 164 89 80 95 193 7 148 88 
5400 82 94 125 
5400 83 87 
5400 84 75 87 
5400 85 
5400 86 23 203 125 
5400 87 204 137 158 1 8 109 56 89 130 177 119 165 141 91 122 0 142 182 84 107 43 72 31 74 188 11 12 21 22 38 39 53 54 62 64 68 69 76 78 83 99 103 104 105 106 108 110 112 115 124 128 129 140 155 9 171 172 176 178 179 183 186 194 195 196 202 
5400 88 81 63 120 
5400 89 23 81 87 125 
5400 90 94 27 
5400 91 27 63 87 120 133 
5400 92 23 75 79 10 93 125 
5400 93 1 98 109 160 135 50 164 95 18 20 193 114 130 48 145 161 177 92 180 197 143 30 28 152 70 13 166 4 168 
5400 94 118 15 149 27 138 2 101 199 204 206 132 137 61 158 162 82 90 
5400 95 23 81 46 75 93 
5400 96 23 125 
5400 97 23 51 125 
5400 98 93 193 
5400 99 87 
5400 100 46 
5400 101 94 27 203 63 10 120 133 
5400 102 27 63 
5400 103 87 
5400 104 87 
5400 105 87 
5400 106 87 
5400 107 75 87 
5400 108 87 
5400 109 23 203 51 75 87 93 125 192 
5400 110 87 
5400 111 192 
5400 112 87 
5400 113 121 79 125 151 163 36 
5400 114 23 93 125 
5400 115 87 
5400 116 46 127 
5400 117 27 63 159 
5400 118 15 94 42 120 125 150 200 
5400 119 203 87 
5400 120 118 144 149 17 138 2 101 199 204 206 132 137 61 158 23 51 8 190 121 123 37 56 151 60 163 146 189 197 201 141 191 91 122 24 35 49 25 26 45 136 139 156 88 31 16 32 44 74 198 179 
5400 121 203 160 81 113 120 133 150 159 200 65 80 36 
5400 122 42 63 87 120 
5400 123 203 81 42 63 120 133 
5400 124 87 
5400 125 118 144 162 82 1 109 160 113 134 135 89 3 96 97 18 20 193 114 48 161 77 86 92 66 148 157 30 152 70 72 57 71 154 
5400 126 27 63 
5400 127 169 116 4 168 
5400 128 87 
5400 129 87 
5400 130 23 87 93 
5400 131 149 138 206 158 
5400 132 94 27 203 63 10 120 133 
5400 133 138 101 199 204 206 132 137 61 158 190 121 123 37 151 60 163 146 189 201 141 91 24 35 25 26 156 44 74 179 
5400 134 23 203 51 125 
5400 135 23 203 81 46 51 79 10 93 125 
5400 136 63 120 
5400 137 94 27 203 81 42 63 79 10 87 120 133 159 167 
5400 138 15 94 27 203 81 42 63 10 120 131 133 150 159 167 
5400 139 63 120 
5400 140 87 
5400 141 27 63 87 120 133 
5400 142 51 87 
5400 143 27 75 93 
5400 144 15 42 120 125 200 
5400 145 23 93 
5400 146 203 42 120 133 150 159 
5400 147 75 
5400 148 81 42 46 125 200 
5400 149 15 94 203 81 42 10 120 131 150 
5400 150 118 149 138 121 151 163 146 180 184 
5400 151 203 160 81 113 120 133 150 159 200 
5400 152 75 93 125 
5400 153 63 
5400 154 125 
5400 155 87 
5400 156 63 120 133 
5400 157 42 75 125 
5400 158 94 27 203 81 42 63 79 10 87 120 131 133 159 167 
5400 159 138 137 61 158 121 151 163 146 117 201 45 205 
5400 160 121 23 203 51 79 10 93 125 200 151 36 
5400 161 23 93 125 
5400 162 94 125 
5400 163 65 203 42 113 120 133 150 159 36 
5400 164 23 81 93 
5400 165 203 87 
5400 166 79 93 
5400 167 138 204 206 137 61 158 37 189 201 
5400 168 93 127 
5400 169 15 27 46 63 127 
5400 170 23 79 
5400 171 87 
5400 172 87 
5400 173 
5400 174 
5400 175 
5400 176 87 
5400 177 23 87 93 
5400 178 87 
5400 179 87 120 133 
5400 180 27 63 93 150 
5400 181 42 63 
5400 182 51 87 192 
5400 183 87 
5400 184 150 
5400 185 42 
5400 186 87 
5400 187 75 
5400 188 87 
5400 189 27 63 120 133 167 
5400 190 203 81 42 63 120 133 
5400 191 27 63 120 
5400 192 1 109 111 47 182 71 
5400 193 23 81 79 93 98 125 
5400 194 87 
5400 195 87 
5400 196 87 
5400 197 27 93 120 
5400 198 120 
5400 199 94 27 203 81 42 63 10 120 133 
5400 200 118 144 17 121 160 151 7 148 
5400 201 27 42 63 79 120 133 159 167 
5400 202 87 
5400 203 149 23 81 73 138 101 199 204 206 132 137 61 158 1 8 190 109 121 160 123 37 40 134 135 151 60 163 3 86 119 146 165 
5400 204 94 27 203 81 63 10 87 120 133 167 
5400 205 159 
5400 206 94 27 203 81 63 10 120 131 133 167 
6300 0 41 
6300 1 23 191 49 71 86 118 182 
6300 2 87 27 76 41 113 
6300 3 23 191 49 118 
6300 4 86 120 
6300 5 
6300 6 
6300 7 76 41 189 
6300 8 191 41 113 
6300 9 
6300 10 141 131 94 188 192 194 125 130 59 148 150 128 18 85 
6300 11 
6300 12 
6300 13 86 
6300 14 
6300 15 111 87 136 141 159 17 69 131 
6300 16 113 
6300 17 15 27 41 113 189 
6300 18 23 49 71 74 10 86 118 
6300 19 41 
6300 20 23 86 118 
6300 21 
6300 22 
6300 23 191 1 76 113 102 150 127 128 48 154 83 88 3 89 90 18 20 183 107 123 137 151 72 160 81 167 85 
6300 24 45 113 126 
6300 25 113 126 
6300 26 113 126 
6300 27 159 87 17 131 2 94 188 192 194 125 130 59 148 84 36 170 95 179 186 110 119 133 135 50 62 181 32 
6300 28 
6300 29 45 86 118 
6300 30 74 113 
6300 31 113 
6300 32 27 71 
6300 33 
6300 34 45 113 126 
6300 35 114 150 153 106 
6300 36 27 191 76 41 113 126 157 
6300 37 
6300 38 
6300 39 191 76 
6300 40 
6300 41 111 136 141 17 131 2 188 130 59 148 8 180 116 36 58 153 138 171 19 7 115 0 175 140 147 
6300 42 71 
6300 43 113 126 
6300 44 113 149 
6300 45 159 69 128 88 140 93 24 109 29 34 47 56 
6300 46 182 
6300 47 45 113 
6300 48 23 76 86 
6300 49 1 113 102 150 127 128 3 90 18 72 134 172 
6300 50 27 
6300 51 
6300 52 
6300 53 
6300 54 113 
6300 55 118 
6300 56 45 
6300 57 
6300 58 191 76 41 113 126 
6300 59 87 27 191 76 41 10 113 126 149 157 
6300 60 
6300 61 
6300 62 27 74 118 
6300 63 
6300 64 
6300 65 
6300 66 71 86 118 
6300 67 118 182 
6300 68 74 118 
6300 69 15 191 45 
6300 70 113 126 
6300 71 1 102 88 18 85 135 32 147 139 177 79 100 143 42 66 
6300 72 23 49 118 
6300 73 
6300 74 130 148 150 106 128 18 183 160 85 62 68 30 156 
6300 75 114 76 
6300 76 141 191 131 2 188 192 194 130 59 148 23 180 114 116 36 39 128 48 58 154 83 75 88 183 7 140 82 
6300 77 87 118 
6300 78 
6300 79 71 
6300 80 
6300 81 23 191 118 
6300 82 76 113 
6300 83 23 76 118 
6300 84 87 27 
6300 85 23 71 74 10 86 118 
6300 86 1 91 102 150 128 48 154 88 18 20 183 107 123 137 151 167 85 170 186 135 29 143 66 13 156 4 158 
6300 87 111 15 141 27 131 2 94 188 192 194 125 130 59 148 152 77 84 
6300 88 23 76 45 71 86 
6300 89 23 118 
6300 90 23 49 118 
6300 91 86 183 
6300 92 
6300 93 45 
6300 94 87 27 191 10 113 126 
6300 95 27 
6300 96 
6300 97 
6300 98 
6300 99 
6300 100 71 
6300 101 
6300 102 23 191 49 71 86 118 182 
6300 103 
6300 104 182 
6300 105 
6300 106 114 74 118 35 153 
6300 107 23 86 118 
6300 108 
6300 109 45 120 
6300 110 27 149 
6300 111 15 87 41 113 118 142 189 
6300 112 191 
6300 113 111 136 141 17 131 2 94 188 192 194 125 130 59 148 23 49 8 180 114 116 36 54 58 153 138 179 186 133 181 115 24 34 47 25 26 44 129 132 146 82 30 16 31 43 70 187 169 
6300 114 191 150 76 106 113 126 142 149 189 75 35 
6300 115 41 113 
6300 116 191 76 41 113 126 
6300 117 
6300 118 111 136 152 77 1 102 150 106 127 128 83 3 89 90 18 20 183 107 151 72 81 85 62 140 147 29 143 66 68 55 67 
6300 119 27 
6300 120 159 109 4 158 
6300 121 
6300 122 
6300 123 23 86 
6300 124 141 131 194 148 
6300 125 87 27 191 10 113 126 
6300 126 131 94 188 192 194 125 130 59 148 180 114 116 36 58 153 138 179 133 24 34 25 26 146 43 70 169 
6300 127 23 191 49 118 
6300 128 23 191 76 45 49 74 10 86 118 
6300 129 113 
6300 130 87 27 191 76 41 74 10 113 126 149 157 
6300 131 15 87 27 191 76 41 10 113 124 126 142 149 157 
6300 132 113 
6300 133 27 113 126 
6300 134 49 
6300 135 27 71 86 
6300 136 15 41 113 118 189 
6300 137 23 86 
6300 138 191 41 113 126 142 149 
6300 139 71 
6300 140 76 41 45 118 189 
6300 141 15 87 191 76 41 10 113 124 142 
6300 142 111 141 131 114 153 138 170 174 
6300 143 71 86 118 
6300 144 
6300 145 
6300 146 113 126 
6300 147 41 71 118 
6300 148 87 27 191 76 41 74 10 113 124 126 149 157 
6300 149 131 130 59 148 114 153 138 110 44 193 
6300 150 114 23 191 49 74 10 86 118 189 35 
6300 151 23 86 118 
6300 152 87 118 
6300 153 35 191 41 106 113 126 142 149 
6300 154 23 76 86 
6300 155 191 
6300 156 74 86 
6300 157 131 192 194 130 59 148 36 179 
6300 158 86 120 
6300 159 15 27 45 120 
6300 160 23 74 
6300 161 
6300 162 
6300 163 
6300 164 
6300 165 
6300 166 
6300 167 23 86 
6300 168 
6300 169 113 126 
6300 170 27 86 142 
6300 171 41 
6300 172 49 182 
6300 173 
6300 174 142 
6300 175 41 
6300 176 
6300 177 71 
6300 178 
6300 179 27 113 126 157 
6300 180 191 76 41 113 126 
6300 181 27 113 
6300 182 1 102 104 46 172 67 
6300 183 23 76 74 86 91 118 
6300 184 
6300 185 
6300 186 27 86 113 
6300 187 113 
6300 188 87 27 191 76 41 10 113 126 
6300 189 111 136 17 114 150 7 140 
6300 190 
6300 191 141 23 76 69 131 94 188 192 194 125 130 59 148 1 8 180 102 114 150 116 36 39 127 128 58 153 3 81 112 138 155 
6300 192 87 27 191 76 10 113 126 157 
6300 193 149 
6300 194 87 27 191 76 10 113 124 126 157 
