0 7200 
0 0 10 17 22 24 26 31 42 46 49 57 61 62 72 74 93 
0 1 20 28 40 52 65 70 77 84 97 
0 2 8 10 13 24 25 28 34 37 38 40 41 43 50 51 53 59 65 66 67 75 79 92 93 94 98 99 
0 3 23 31 42 64 83 
0 4 6 6 15 17 19 21 25 29 30 31 36 39 44 45 55 57 58 60 63 68 75 76 81 83 86 87 89 93 
0 5 10 18 27 32 41 56 78 90 
0 6 4 4 15 21 33 44 45 49 54 63 81 86 
0 7 34 
0 8 2 
0 9 17 
0 10 0 2 5 11 12 35 40 59 82 85 91 98 
0 11 10 
0 12 10 
0 13 2 
0 14 40 
0 15 4 6 
0 16 17 
0 17 0 4 9 16 47 69 71 96 
0 18 5 
0 19 4 
0 20 1 
0 21 4 6 
0 22 0 
0 23 3 
0 24 0 2 
0 25 2 4 
0 26 0 
0 27 5 
0 28 1 2 48 93 
0 29 4 
0 30 4 
0 31 0 3 4 80 88 
0 32 5 
0 33 6 
0 34 2 7 
0 35 10 
0 36 4 
0 37 2 
0 38 2 
0 39 4 
0 40 1 2 10 14 
0 41 2 5 
0 42 0 3 
0 43 2 
0 44 4 6 
0 45 4 6 
0 46 0 
0 47 17 
0 48 28 
0 49 0 6 
0 50 2 
0 51 2 
0 52 1 
0 53 2 
0 54 6 
0 55 4 
0 56 5 
0 57 0 4 
0 58 4 
0 59 2 10 95 
0 60 4 
0 61 0 
0 62 0 
0 63 4 6 
0 64 3 
0 65 1 2 
0 66 2 
0 67 2 
0 68 4 
0 69 17 
0 70 1 
0 71 17 
0 72 0 
0 73 98 
0 74 0 
0 75 2 4 
0 76 4 
0 77 1 
0 78 5 
0 79 2 
0 80 31 
0 81 4 6 
0 82 10 
0 83 3 4 
0 84 1 
0 85 10 
0 86 4 6 
0 87 4 
0 88 31 
0 89 4 
0 90 5 
0 91 10 
0 92 2 
0 93 0 2 4 28 
0 94 2 
0 95 59 
0 96 17 
0 97 1 
0 98 2 10 73 
0 99 2 
0 7200 
600 0 6 23 24 26 29 31 42 57 74 79 93 
600 1 14 20 34 36 77 
600 2 6 6 12 25 28 34 43 50 51 53 56 59 60 64 65 66 70 72 75 78 80 82 91 92 93 94 97 98 99 
600 3 31 61 62 74 79 83 87 90 
600 4 9 10 15 16 17 19 25 26 30 31 33 36 39 41 47 48 54 55 57 58 63 69 71 73 76 83 86 90 93 96 
600 5 6 6 11 27 35 44 56 82 85 91 
600 6 0 2 2 5 5 8 12 13 18 22 25 27 31 35 37 38 40 43 44 46 49 50 56 57 59 60 61 64 67 75 78 81 82 85 88 90 91 93 94 98 99 
600 7 34 
600 8 6 
600 9 4 
600 10 4 31 52 
600 11 5 
600 12 2 6 
600 13 6 
600 14 1 
600 15 4 
600 16 4 
600 17 4 
600 18 6 
600 19 4 
600 20 1 
600 21 29 
600 22 6 
600 23 0 
600 24 0 32 
600 25 2 4 6 
600 26 0 4 
600 27 5 6 
600 28 2 
600 29 0 21 45 68 84 89 
600 30 4 
600 31 0 3 4 6 10 
600 32 24 
600 33 4 
600 34 1 2 7 
600 35 5 6 
600 36 1 4 
600 37 6 
600 38 6 
600 39 4 
600 40 6 
600 41 4 
600 42 0 
600 43 2 6 
600 44 5 6 
600 45 29 
600 46 6 
600 47 4 
600 48 4 
600 49 6 
600 50 2 6 
600 51 2 
600 52 10 
600 53 2 
600 54 4 
600 55 4 
600 56 2 5 6 
600 57 0 4 6 
600 58 4 
600 59 2 6 95 
600 60 2 6 
600 61 3 6 
600 62 3 
600 63 4 
600 64 2 6 
600 65 2 
600 66 2 
600 67 6 
600 68 29 
600 69 4 
600 70 2 
600 71 4 
600 72 2 
600 73 4 
600 74 0 3 
600 75 2 6 
600 76 4 
600 77 1 
600 78 2 6 
600 79 0 3 
600 80 2 
600 81 6 
600 82 2 5 6 
600 83 3 4 
600 84 29 
600 85 5 6 
600 86 4 
600 87 3 
600 88 6 
600 89 29 
600 90 3 4 6 
600 91 2 5 6 
600 92 2 
600 93 0 2 4 6 
600 94 2 6 
600 95 59 
600 96 4 
600 97 2 
600 98 2 6 
600 99 2 6 
0 7200 
1200 0 3 23 26 27 31 36 37 49 55 61 62 79 83 87 93 96 
1200 1 10 30 34 40 59 70 76 77 80 89 95 
1200 2 5 8 10 13 24 35 38 40 43 44 51 53 54 59 60 64 65 66 67 72 78 80 82 86 89 91 93 96 97 98 
1200 3 0 6 24 25 26 31 37 42 46 47 63 69 75 81 83 87 90 
1200 4 16 17 19 21 25 26 30 31 33 39 41 42 45 47 57 58 73 74 75 84 87 90 93 95 96 99 
1200 5 2 6 6 11 12 13 18 25 29 32 34 35 38 40 43 50 53 59 60 64 66 85 88 91 92 96 97 98 
1200 6 3 5 5 11 12 18 22 24 25 29 31 35 40 42 43 46 50 56 59 60 75 86 88 90 91 93 94 96 98 
1200 7 34 
1200 8 2 
1200 9 62 
1200 10 1 2 14 31 52 
1200 11 5 6 
1200 12 5 6 
1200 13 2 5 
1200 14 10 
1200 15 47 
1200 16 4 
1200 17 4 
1200 18 5 6 
1200 19 4 
1200 20 25 
1200 21 4 
1200 22 6 
1200 23 0 
1200 24 2 3 6 
1200 25 3 4 5 6 20 
1200 26 0 3 4 
1200 27 0 
1200 28 68 93 
1200 29 5 6 
1200 30 1 4 
1200 31 0 3 4 6 10 71 
1200 32 5 
1200 33 4 
1200 34 1 5 7 96 
1200 35 2 5 6 
1200 36 0 
1200 37 0 3 
1200 38 2 5 
1200 39 4 
1200 40 1 2 5 6 
1200 41 4 
1200 42 3 4 6 
1200 43 2 5 6 
1200 44 2 
1200 45 4 
1200 46 3 6 
1200 47 3 4 15 
1200 48 62 
1200 49 0 
1200 50 5 6 
1200 51 2 
1200 52 10 
1200 53 2 5 
1200 54 2 
1200 55 0 
1200 56 6 
1200 57 4 
1200 58 4 
1200 59 1 2 5 6 
1200 60 2 5 6 
1200 61 0 
1200 62 0 9 48 
1200 63 3 
1200 64 2 5 
1200 65 2 
1200 66 2 5 
1200 67 2 
1200 68 28 
1200 69 3 
1200 70 1 
1200 71 31 
1200 72 2 
1200 73 4 
1200 74 4 
1200 75 3 4 6 
1200 76 1 
1200 77 1 
1200 78 2 
1200 79 0 
1200 80 1 2 
1200 81 3 
1200 82 2 
1200 83 0 3 
1200 84 4 
1200 85 5 
1200 86 2 6 
1200 87 0 3 4 
1200 88 5 6 
1200 89 1 2 
1200 90 3 4 6 
1200 91 2 5 6 
1200 92 5 
1200 93 0 2 4 6 28 
1200 94 6 
1200 95 1 4 
1200 96 0 2 4 5 6 34 
1200 97 2 5 
1200 98 2 5 6 
1200 99 4 
0 7200 
1800 0 3 6 23 24 25 26 27 31 54 61 62 69 74 83 96 
1800 1 15 17 19 34 59 76 89 95 97 98 
1800 2 8 10 13 18 19 27 29 34 38 40 46 51 53 56 67 70 75 77 78 80 86 89 90 92 97 98 
1800 3 0 6 6 12 14 21 22 24 28 31 36 37 47 49 63 77 81 87 88 90 93 96 
1800 4 17 25 25 31 33 41 42 45 47 55 73 75 76 79 82 83 85 87 90 93 95 96 99 
1800 5 10 20 40 51 59 65 80 89 98 99 
1800 6 0 3 3 11 12 14 21 22 24 31 35 40 43 44 50 56 57 59 60 61 64 66 72 75 77 81 87 90 91 93 94 96 98 
1800 7 34 
1800 8 2 
1800 9 25 
1800 10 2 5 31 52 
1800 11 6 
1800 12 3 6 
1800 13 2 
1800 14 3 6 
1800 15 1 
1800 16 25 
1800 17 1 4 
1800 18 2 
1800 19 1 2 
1800 20 5 
1800 21 3 6 
1800 22 3 6 
1800 23 0 
1800 24 0 3 6 32 
1800 25 0 4 4 9 16 30 39 48 71 84 
1800 26 0 
1800 27 0 2 
1800 28 3 
1800 29 2 
1800 30 25 
1800 31 0 3 4 6 10 
1800 32 24 
1800 33 4 
1800 34 1 2 7 68 96 
1800 35 6 
1800 36 3 
1800 37 3 
1800 38 2 
1800 39 25 
1800 40 2 5 6 
1800 41 4 
1800 42 4 
1800 43 6 
1800 44 6 
1800 45 4 
1800 46 2 
1800 47 3 4 58 
1800 48 25 
1800 49 3 
1800 50 6 
1800 51 2 5 
1800 52 10 
1800 53 2 
1800 54 0 
1800 55 4 
1800 56 2 6 
1800 57 6 
1800 58 47 
1800 59 1 5 6 
1800 60 6 
1800 61 0 6 
1800 62 0 
1800 63 3 
1800 64 6 
1800 65 5 
1800 66 6 
1800 67 2 
1800 68 34 
1800 69 0 
1800 70 2 
1800 71 25 
1800 72 6 
1800 73 4 
1800 74 0 
1800 75 2 4 6 
1800 76 1 4 
1800 77 2 3 6 
1800 78 2 
1800 79 4 
1800 80 2 5 
1800 81 3 6 
1800 82 4 
1800 83 0 4 
1800 84 25 
1800 85 4 
1800 86 2 
1800 87 3 4 6 
1800 88 3 
1800 89 1 2 5 
1800 90 2 3 4 6 
1800 91 6 
1800 92 2 
1800 93 3 4 6 
1800 94 6 
1800 95 1 4 
1800 96 0 3 4 6 34 
1800 97 1 2 
1800 98 1 2 5 6 
1800 99 4 5 
0 7200 
2400 0 3 12 14 21 24 25 26 27 31 46 54 61 69 83 
2400 1 10 11 15 17 19 20 34 45 51 59 76 79 80 89 97 99 
2400 2 7 8 10 24 28 30 34 35 39 43 44 45 50 53 56 57 59 60 64 65 66 67 75 77 78 80 81 90 91 94 96 97 
2400 3 0 22 23 24 28 31 37 40 46 50 62 75 77 81 88 90 96 
2400 4 9 10 25 31 33 37 41 42 47 48 49 55 58 62 63 73 74 75 79 81 82 85 90 95 96 98 99 
2400 5 13 18 24 24 29 35 36 38 39 44 50 51 56 57 65 67 68 70 72 77 80 86 87 89 92 96 
2400 6 11 17 19 20 34 45 51 65 70 76 80 89 93 95 
2400 7 2 
2400 8 2 
2400 9 4 
2400 10 1 2 4 31 52 
2400 11 1 6 
2400 12 0 
2400 13 5 
2400 14 0 
2400 15 1 
2400 16 25 
2400 17 1 6 
2400 18 5 
2400 19 1 6 
2400 20 1 6 
2400 21 0 
2400 22 3 
2400 23 3 
2400 24 0 2 3 5 5 32 
2400 25 0 4 16 71 84 
2400 26 0 
2400 27 0 
2400 28 2 3 
2400 29 5 
2400 30 2 
2400 31 0 3 4 10 
2400 32 24 
2400 33 4 
2400 34 1 2 6 
2400 35 2 5 
2400 36 5 
2400 37 3 4 
2400 38 5 
2400 39 2 5 
2400 40 3 
2400 41 4 
2400 42 4 
2400 43 2 
2400 44 2 5 
2400 45 1 2 6 
2400 46 0 3 
2400 47 4 
2400 48 4 
2400 49 4 
2400 50 2 3 5 
2400 51 1 5 6 
2400 52 10 
2400 53 2 
2400 54 0 
2400 55 4 
2400 56 2 5 
2400 57 2 5 
2400 58 4 
2400 59 1 2 
2400 60 2 
2400 61 0 
2400 62 3 4 
2400 63 4 
2400 64 2 
2400 65 2 5 6 
2400 66 2 
2400 67 2 5 
2400 68 5 
2400 69 0 
2400 70 5 6 
2400 71 25 
2400 72 5 
2400 73 4 
2400 74 4 
2400 75 2 3 4 
2400 76 1 6 
2400 77 2 3 5 
2400 78 2 
2400 79 1 4 
2400 80 1 2 5 6 
2400 81 2 3 4 
2400 82 4 
2400 83 0 
2400 84 25 
2400 85 4 
2400 86 5 
2400 87 5 
2400 88 3 
2400 89 1 5 6 
2400 90 2 3 4 
2400 91 2 
2400 92 5 
2400 93 6 
2400 94 2 
2400 95 4 6 
2400 96 2 3 4 5 
2400 97 1 2 
2400 98 4 
2400 99 1 4 
0 7200 
3000 0 3 12 14 22 23 24 25 26 27 28 31 45 46 49 54 74 81 86 96 98 
3000 1 11 40 52 77 85 87 99 
3000 2 7 18 19 21 24 27 29 34 35 36 38 39 44 51 53 57 59 64 65 66 70 75 79 80 87 92 96 97 99 
3000 3 0 15 21 25 31 47 56 61 62 63 75 88 96 98 
3000 4 9 15 17 21 25 25 31 33 41 47 55 62 63 72 73 75 77 81 82 83 84 89 90 96 
3000 5 7 10 19 28 32 35 36 43 44 50 53 57 59 60 65 67 78 80 91 94 
3000 6 17 20 34 65 68 76 77 79 80 85 95 97 
3000 7 2 5 
3000 8 22 
3000 9 4 16 25 69 
3000 10 5 
3000 11 1 
3000 12 0 42 
3000 13 22 
3000 14 0 
3000 15 3 4 58 
3000 16 9 
3000 17 4 6 
3000 18 2 
3000 19 2 5 
3000 20 6 
3000 21 2 3 4 93 
3000 22 0 8 13 30 
3000 23 0 
3000 24 0 2 
3000 25 0 3 4 4 9 48 71 
3000 26 0 
3000 27 0 2 
3000 28 0 5 
3000 29 2 
3000 30 22 
3000 31 0 3 4 
3000 32 5 
3000 33 4 
3000 34 2 6 
3000 35 2 5 
3000 36 2 5 
3000 37 48 
3000 38 2 
3000 39 2 
3000 40 1 
3000 41 4 
3000 42 12 
3000 43 5 
3000 44 2 5 
3000 45 0 
3000 46 0 
3000 47 3 4 
3000 48 25 37 
3000 49 0 
3000 50 5 
3000 51 2 
3000 52 1 
3000 53 2 5 
3000 54 0 
3000 55 4 
3000 56 3 
3000 57 2 5 
3000 58 15 
3000 59 2 5 
3000 60 5 
3000 61 3 
3000 62 3 4 
3000 63 3 4 
3000 64 2 
3000 65 2 5 6 
3000 66 2 
3000 67 5 
3000 68 6 
3000 69 9 
3000 70 2 
3000 71 25 
3000 72 4 
3000 73 4 
3000 74 0 
3000 75 2 3 4 
3000 76 6 
3000 77 1 4 6 
3000 78 5 
3000 79 2 6 
3000 80 2 5 6 
3000 81 0 4 
3000 82 4 
3000 83 4 
3000 84 4 
3000 85 1 6 
3000 86 0 
3000 87 1 2 
3000 88 3 
3000 89 4 
3000 90 4 
3000 91 5 
3000 92 2 
3000 93 21 
3000 94 5 
3000 95 6 
3000 96 0 2 3 4 
3000 97 2 6 
3000 98 0 3 
3000 99 1 2 
0 7200 
3600 0 14 15 22 23 25 28 31 38 45 46 49 51 54 56 61 62 74 86 88 89 96 98 
3600 1 24 34 37 40 52 58 72 77 82 85 87 97 
3600 2 5 5 7 13 18 19 21 26 27 28 33 34 35 39 43 44 57 59 64 65 79 80 87 94 96 99 
3600 3 7 19 21 22 26 28 31 35 36 39 42 44 47 57 61 62 74 75 91 96 98 
3600 4 9 21 24 25 27 41 42 54 55 58 63 70 71 72 73 74 75 76 82 83 84 90 98 
3600 5 2 2 10 12 13 19 26 28 28 34 35 39 43 44 48 50 57 60 68 78 79 80 87 92 94 96 
3600 6 17 29 33 65 69 77 79 80 93 95 97 99 
3600 7 2 3 
3600 8 16 25 
3600 9 4 
3600 10 5 
3600 11 96 
3600 12 5 
3600 13 2 5 
3600 14 0 
3600 15 0 
3600 16 8 
3600 17 6 
3600 18 2 
3600 19 2 3 5 
3600 20 25 
3600 21 2 3 4 
3600 22 0 3 30 67 
3600 23 0 
3600 24 1 4 
3600 25 0 4 8 20 
3600 26 2 3 5 
3600 27 2 4 
3600 28 0 2 3 5 5 32 53 66 
3600 29 6 
3600 30 22 
3600 31 0 3 81 
3600 32 28 
3600 33 2 6 
3600 34 1 2 5 
3600 35 2 3 5 
3600 36 3 
3600 37 1 
3600 38 0 
3600 39 2 3 5 
3600 40 1 
3600 41 4 
3600 42 3 4 
3600 43 2 5 
3600 44 2 3 5 
3600 45 0 
3600 46 0 
3600 47 3 
3600 48 5 
3600 49 0 
3600 50 5 
3600 51 0 
3600 52 1 
3600 53 28 
3600 54 0 4 
3600 55 4 
3600 56 0 
3600 57 2 3 5 
3600 58 1 4 
3600 59 2 
3600 60 5 
3600 61 0 3 
3600 62 0 3 
3600 63 4 
3600 64 2 
3600 65 2 6 
3600 66 28 
3600 67 22 
3600 68 5 
3600 69 6 
3600 70 4 
3600 71 4 
3600 72 1 4 
3600 73 4 
3600 74 0 3 4 
3600 75 3 4 
3600 76 4 
3600 77 1 6 
3600 78 5 
3600 79 2 5 6 
3600 80 2 5 6 
3600 81 31 
3600 82 1 4 
3600 83 4 
3600 84 4 
3600 85 1 
3600 86 0 
3600 87 1 2 5 
3600 88 0 
3600 89 0 
3600 90 4 
3600 91 3 
3600 92 5 
3600 93 6 
3600 94 2 5 
3600 95 6 
3600 96 0 2 3 5 11 
3600 97 1 6 
3600 98 0 3 4 
3600 99 2 6 
0 7200 
4200 0 3 15 22 25 28 31 42 45 51 74 83 86 88 89 90 96 98 
4200 1 17 29 34 52 55 56 72 81 87 97 
4200 2 19 21 26 27 28 34 35 36 39 40 43 50 53 60 63 65 66 67 70 79 87 90 99 
4200 3 0 4 4 7 9 10 14 19 21 22 26 27 28 31 35 36 38 39 42 47 49 61 62 70 75 91 98 
4200 4 3 3 5 5 7 11 13 18 19 21 27 31 35 39 40 43 48 54 56 57 59 63 65 75 77 78 79 80 84 91 95 96 97 98 99 
4200 5 4 4 7 12 18 19 24 30 35 39 59 63 65 78 80 94 99 
4200 6 11 17 29 34 43 57 65 68 69 76 77 79 80 85 92 99 
4200 7 3 4 5 
4200 8 16 25 33 37 41 44 73 
4200 9 3 
4200 10 3 
4200 11 4 6 
4200 12 5 
4200 13 4 
4200 14 3 
4200 15 0 
4200 16 8 
4200 17 1 6 
4200 18 4 5 
4200 19 2 3 4 5 93 
4200 20 25 
4200 21 2 3 4 58 
4200 22 0 3 64 
4200 23 25 
4200 24 5 
4200 25 0 8 20 23 46 71 82 
4200 26 2 3 
4200 27 2 3 4 
4200 28 0 2 3 32 
4200 29 1 6 
4200 30 5 
4200 31 0 3 4 
4200 32 28 
4200 33 8 
4200 34 1 2 6 
4200 35 2 3 4 5 
4200 36 2 3 
4200 37 8 
4200 38 3 
4200 39 2 3 4 5 
4200 40 2 4 
4200 41 8 
4200 42 0 3 
4200 43 2 4 6 
4200 44 8 
4200 45 0 
4200 46 25 
4200 47 3 
4200 48 4 
4200 49 3 
4200 50 2 
4200 51 0 
4200 52 1 
4200 53 2 
4200 54 4 
4200 55 1 
4200 56 1 4 
4200 57 4 6 
4200 58 21 
4200 59 4 5 
4200 60 2 
4200 61 3 
4200 62 3 
4200 63 2 4 5 
4200 64 22 
4200 65 2 4 5 6 
4200 66 2 
4200 67 2 
4200 68 6 
4200 69 6 
4200 70 2 3 
4200 71 25 
4200 72 1 
4200 73 8 
4200 74 0 
4200 75 3 4 
4200 76 6 
4200 77 4 6 
4200 78 4 5 
4200 79 2 4 6 
4200 80 4 5 6 
4200 81 1 
4200 82 25 
4200 83 0 
4200 84 4 
4200 85 6 
4200 86 0 
4200 87 1 2 
4200 88 0 
4200 89 0 
4200 90 0 2 
4200 91 3 4 
4200 92 6 
4200 93 19 
4200 94 5 
4200 95 4 
4200 96 0 4 
4200 97 1 4 
4200 98 0 3 4 
4200 99 2 4 5 6 
0 7200 
4800 0 2 3 14 15 21 22 25 28 31 36 38 51 53 56 61 88 93 
4800 1 4 11 17 19 27 34 37 40 44 57 65 67 72 79 80 81 82 84 85 97 
4800 2 0 4 4 9 10 19 22 23 24 25 27 31 35 36 39 42 46 49 51 54 63 71 75 76 77 78 79 80 81 82 83 84 85 86 90 93 95 96 98 
4800 3 0 4 12 14 19 28 38 39 43 47 53 56 61 62 63 70 74 75 82 86 88 90 98 
4800 4 1 2 2 3 5 7 11 13 19 26 31 35 39 48 54 57 59 65 67 75 79 80 82 84 85 87 90 91 92 97 98 99 
4800 5 4 7 18 19 26 36 39 59 60 63 66 68 80 82 91 99 
4800 6 17 34 37 40 52 73 77 79 82 84 87 92 95 
4800 7 4 5 
4800 8 16 25 29 33 41 55 58 69 89 
4800 9 2 
4800 10 2 
4800 11 1 4 
4800 12 3 
4800 13 4 
4800 14 0 3 
4800 15 0 
4800 16 8 
4800 17 1 6 
4800 18 5 
4800 19 1 2 3 4 5 
4800 20 65 
4800 21 0 
4800 22 0 2 30 64 
4800 23 2 
4800 24 2 
4800 25 0 2 8 
4800 26 4 5 
4800 27 1 2 
4800 28 0 3 
4800 29 8 
4800 30 22 
4800 31 0 2 4 40 65 
4800 32 36 
4800 33 8 
4800 34 1 6 
4800 35 2 4 
4800 36 0 2 5 32 50 94 
4800 37 1 6 
4800 38 0 3 
4800 39 2 3 4 5 
4800 40 1 6 31 45 
4800 41 8 
4800 42 2 
4800 43 3 
4800 44 1 
4800 45 40 
4800 46 2 
4800 47 3 
4800 48 4 
4800 49 2 
4800 50 36 
4800 51 0 2 
4800 52 6 
4800 53 0 3 
4800 54 2 4 
4800 55 8 
4800 56 0 3 
4800 57 1 4 
4800 58 8 
4800 59 4 5 
4800 60 5 
4800 61 0 3 
4800 62 3 
4800 63 2 3 5 
4800 64 22 
4800 65 1 4 20 31 
4800 66 5 
4800 67 1 4 
4800 68 5 
4800 69 8 
4800 70 3 
4800 71 2 
4800 72 1 
4800 73 6 
4800 74 3 
4800 75 2 3 4 
4800 76 2 
4800 77 2 6 
4800 78 2 
4800 79 1 2 4 6 
4800 80 1 2 4 5 
4800 81 1 2 
4800 82 1 2 3 4 5 6 
4800 83 2 
4800 84 1 2 4 6 
4800 85 1 2 4 
4800 86 2 3 
4800 87 4 6 
4800 88 0 3 
4800 89 8 
4800 90 2 3 4 
4800 91 4 5 
4800 92 4 6 
4800 93 0 2 
4800 94 36 
4800 95 2 6 
4800 96 2 
4800 97 1 4 
4800 98 2 3 4 
4800 99 4 5 
0 7200 
5400 0 7 8 9 15 24 25 28 31 38 42 43 51 53 54 56 61 62 83 86 88 90 96 
5400 1 4 33 34 37 41 44 45 50 64 67 77 79 81 89 95 99 
5400 2 3 12 26 36 39 58 61 63 70 90 91 
5400 3 2 7 9 10 12 13 14 19 21 22 26 27 31 33 35 36 42 47 49 54 56 63 68 70 74 75 76 78 82 83 85 86 90 93 96 98 
5400 4 1 11 17 27 31 34 36 39 40 41 48 54 57 59 63 64 68 75 77 81 84 85 89 91 95 97 99 
5400 5 18 19 26 32 35 36 47 60 63 66 68 82 94 98 
5400 6 11 17 29 37 50 52 55 65 67 73 77 79 84 87 89 92 95 97 99 
5400 7 0 3 30 
5400 8 0 46 
5400 9 0 3 11 23 41 71 
5400 10 3 
5400 11 4 6 9 69 72 
5400 12 2 3 
5400 13 3 
5400 14 3 
5400 15 0 
5400 16 23 
5400 17 4 6 
5400 18 5 
5400 19 3 5 
5400 20 41 
5400 21 3 
5400 22 3 
5400 23 9 16 
5400 24 0 
5400 25 0 80 
5400 26 2 3 5 
5400 27 3 4 
5400 28 0 
5400 29 6 
5400 30 7 
5400 31 0 3 4 
5400 32 5 
5400 33 1 3 
5400 34 1 4 
5400 35 3 5 
5400 36 2 3 4 5 
5400 37 1 6 
5400 38 0 
5400 39 2 4 
5400 40 4 
5400 41 1 4 9 20 
5400 42 0 3 
5400 43 0 
5400 44 1 
5400 45 1 
5400 46 8 
5400 47 3 5 
5400 48 4 
5400 49 3 
5400 50 1 6 
5400 51 0 
5400 52 6 
5400 53 0 
5400 54 0 3 4 
5400 55 6 
5400 56 0 3 
5400 57 4 
5400 58 2 
5400 59 4 
5400 60 5 
5400 61 0 2 
5400 62 0 
5400 63 2 3 4 5 
5400 64 1 4 
5400 65 6 
5400 66 5 
5400 67 1 6 
5400 68 3 4 5 
5400 69 11 
5400 70 2 3 
5400 71 9 
5400 72 11 
5400 73 6 
5400 74 3 
5400 75 3 4 
5400 76 3 
5400 77 1 4 6 
5400 78 3 
5400 79 1 6 
5400 80 25 
5400 81 1 4 
5400 82 3 5 
5400 83 0 3 
5400 84 4 6 
5400 85 3 4 
5400 86 0 3 
5400 87 6 
5400 88 0 
5400 89 1 4 6 
5400 90 0 2 3 
5400 91 2 4 
5400 92 6 
5400 93 3 
5400 94 5 
5400 95 1 4 6 
5400 96 0 3 
5400 97 4 6 
5400 98 3 5 
5400 99 1 4 6 
0 7200 
6000 0 3 7 8 9 10 21 24 25 28 47 49 51 53 62 74 78 83 93 
6000 1 4 11 19 20 23 27 29 33 37 40 41 45 50 65 68 77 82 97 98 99 
6000 2 4 9 11 15 23 33 36 39 41 42 63 65 68 72 75 82 86 90 91 98 99 
6000 3 0 4 4 7 8 9 13 14 18 19 26 27 31 33 35 36 38 42 43 52 54 56 57 61 63 70 73 75 76 82 85 86 88 89 90 91 93 96 98 
6000 4 1 2 3 3 5 9 12 17 19 26 27 31 33 34 35 39 40 41 48 59 64 67 68 75 77 81 82 87 90 92 95 98 99 
6000 5 4 26 30 32 34 35 36 55 60 63 66 72 81 82 92 
6000 6 11 12 29 34 41 50 65 72 95 
6000 7 0 3 22 58 94 
6000 8 0 3 23 46 
6000 9 0 2 3 4 11 
6000 10 0 
6000 11 1 2 6 9 44 69 79 
6000 12 4 6 
6000 13 3 
6000 14 3 
6000 15 2 
6000 16 23 
6000 17 4 
6000 18 3 
6000 19 1 3 4 
6000 20 1 
6000 21 0 
6000 22 7 
6000 23 1 2 8 16 80 84 
6000 24 0 
6000 25 0 71 
6000 26 3 4 5 
6000 27 1 3 4 
6000 28 0 
6000 29 1 6 
6000 30 5 
6000 31 3 4 
6000 32 5 
6000 33 1 2 3 4 
6000 34 4 5 6 
6000 35 3 4 5 
6000 36 2 3 5 
6000 37 1 
6000 38 3 
6000 39 2 4 
6000 40 1 4 
6000 41 1 2 4 6 
6000 42 2 3 
6000 43 3 
6000 44 11 
6000 45 1 
6000 46 8 
6000 47 0 
6000 48 4 
6000 49 0 
6000 50 1 6 
6000 51 0 
6000 52 3 
6000 53 0 
6000 54 3 
6000 55 5 
6000 56 3 
6000 57 3 
6000 58 7 
6000 59 4 
6000 60 5 
6000 61 3 
6000 62 0 
6000 63 2 3 5 
6000 64 4 
6000 65 1 2 6 
6000 66 5 
6000 67 4 
6000 68 1 2 4 
6000 69 11 
6000 70 3 
6000 71 25 
6000 72 2 5 6 
6000 73 3 
6000 74 0 
6000 75 2 3 4 
6000 76 3 
6000 77 1 4 
6000 78 0 
6000 79 11 
6000 80 23 
6000 81 4 5 
6000 82 1 2 3 4 5 
6000 83 0 
6000 84 23 
6000 85 3 
6000 86 2 3 
6000 87 4 
6000 88 3 
6000 89 3 
6000 90 2 3 4 
6000 91 2 3 
6000 92 4 5 
6000 93 0 3 
6000 94 7 
6000 95 4 6 
6000 96 3 
6000 97 1 
6000 98 1 2 3 4 
6000 99 1 2 4 
0 7200 
6600 0 3 7 8 9 14 18 31 36 42 49 51 52 54 56 61 62 74 78 85 90 
6600 1 2 19 23 24 34 38 41 47 50 
6600 2 1 4 11 19 23 27 28 31 33 34 36 39 40 41 42 46 50 54 56 60 63 64 66 68 75 82 86 87 88 91 96 97 
6600 3 0 4 4 5 8 9 10 12 13 21 26 27 28 31 33 35 43 53 54 57 68 70 73 75 76 82 83 86 90 93 96 98 99 
6600 4 2 3 3 9 15 17 19 25 26 27 31 33 34 35 38 40 47 54 55 59 65 67 68 75 77 82 88 91 92 95 96 98 99 
6600 5 3 12 13 21 31 42 54 56 61 62 76 85 89 90 
6600 6 11 17 20 25 32 37 40 55 60 65 67 69 77 82 87 88 95 97 
6600 7 0 22 30 58 94 
6600 8 0 3 23 
6600 9 0 3 4 11 15 17 
6600 10 3 
6600 11 2 6 9 44 45 79 
6600 12 3 5 
6600 13 3 5 
6600 14 0 
6600 15 4 9 71 72 
6600 16 23 
6600 17 4 6 9 84 
6600 18 0 
6600 19 1 2 4 
6600 20 6 
6600 21 3 5 
6600 22 7 
6600 23 1 2 8 16 80 
6600 24 1 
6600 25 4 6 
6600 26 3 4 
6600 27 2 3 4 29 
6600 28 2 3 
6600 29 27 
6600 30 7 
6600 31 0 2 3 4 5 
6600 32 6 
6600 33 2 3 4 
6600 34 1 2 4 
6600 35 3 4 
6600 36 0 2 48 81 
6600 37 6 
6600 38 1 4 
6600 39 2 
6600 40 2 4 6 
6600 41 1 2 
6600 42 0 2 5 
6600 43 3 
6600 44 11 
6600 45 11 
6600 46 2 
6600 47 1 4 
6600 48 36 
6600 49 0 
6600 50 1 2 
6600 51 0 
6600 52 0 
6600 53 3 
6600 54 0 2 3 4 5 
6600 55 4 6 
6600 56 0 2 5 
6600 57 3 
6600 58 7 
6600 59 4 
6600 60 2 6 
6600 61 0 5 
6600 62 0 5 
6600 63 2 
6600 64 2 
6600 65 4 6 
6600 66 2 
6600 67 4 6 
6600 68 2 3 4 
6600 69 6 
6600 70 3 
6600 71 15 
6600 72 15 
6600 73 3 
6600 74 0 
6600 75 2 3 4 
6600 76 3 5 
6600 77 4 6 
6600 78 0 
6600 79 11 
6600 80 23 
6600 81 36 
6600 82 2 3 4 6 
6600 83 3 
6600 84 17 
6600 85 0 5 
6600 86 2 3 
6600 87 2 6 
6600 88 2 4 6 
6600 89 5 
6600 90 0 3 5 
6600 91 2 4 
6600 92 4 
6600 93 3 
6600 94 7 
6600 95 4 6 
6600 96 2 3 4 
6600 97 2 6 
6600 98 3 4 
6600 99 3 4 
0 7200 
7200 0 2 3 5 7 8 9 15 18 20 31 36 43 49 61 62 73 76 84 95 
7200 1 4 11 17 24 34 41 47 50 60 65 67 68 97 
7200 2 0 3 3 5 7 13 14 15 18 31 36 51 52 53 73 74 76 77 83 86 89 90 
7200 3 0 2 2 4 5 5 7 8 9 12 13 14 15 19 20 27 28 31 35 36 51 52 53 54 56 57 68 70 73 74 75 77 82 83 85 86 89 90 93 95 96 98 
7200 4 1 3 9 12 17 19 20 25 26 28 31 34 35 39 40 41 45 47 48 54 55 56 59 60 63 64 65 66 67 78 81 88 91 92 93 96 97 99 
7200 5 0 2 3 3 8 14 31 42 51 52 53 54 73 74 77 84 86 89 95 
7200 6 25 32 33 34 40 41 47 60 65 82 87 97 
7200 7 0 2 3 22 30 58 94 
7200 8 0 3 5 23 38 44 46 
7200 9 0 3 4 11 17 21 
7200 10 11 
7200 11 1 9 10 37 69 79 
7200 12 3 4 
7200 13 2 3 
7200 14 2 3 5 
7200 15 0 2 3 
7200 16 21 
7200 17 1 4 9 29 
7200 18 0 2 
7200 19 3 4 
7200 20 0 3 4 
7200 21 9 16 80 
7200 22 7 
7200 23 8 
7200 24 1 
7200 25 4 6 
7200 26 4 
7200 27 3 
7200 28 3 4 
7200 29 17 
7200 30 7 
7200 31 0 2 3 4 5 
7200 32 6 
7200 33 6 
7200 34 1 4 6 
7200 35 3 4 
7200 36 0 2 3 
7200 37 11 
7200 38 8 
7200 39 4 
7200 40 4 6 
7200 41 1 4 6 
7200 42 5 
7200 43 0 
7200 44 8 
7200 45 4 
7200 46 8 
7200 47 1 4 6 
7200 48 4 
7200 49 0 
7200 50 1 
7200 51 2 3 5 
7200 52 2 3 5 
7200 53 2 3 5 
7200 54 3 4 5 
7200 55 4 
7200 56 3 4 
7200 57 3 
7200 58 7 
7200 59 4 
7200 60 1 4 6 
7200 61 0 
7200 62 0 
7200 63 4 
7200 64 4 
7200 65 1 4 6 
7200 66 4 
7200 67 1 4 
7200 68 1 3 
7200 69 11 
7200 70 3 
7200 71 95 
7200 72 84 
7200 73 0 2 3 5 
7200 74 2 3 5 
7200 75 3 
7200 76 0 2 
7200 77 2 3 5 
7200 78 4 
7200 79 11 
7200 80 21 
7200 81 4 
7200 82 3 6 
7200 83 2 3 
7200 84 0 5 72 
7200 85 3 
7200 86 2 3 5 
7200 87 6 
7200 88 4 
7200 89 2 3 5 
7200 90 2 3 
7200 91 4 
7200 92 4 
7200 93 3 4 
7200 94 7 
7200 95 0 3 5 71 
7200 96 3 4 
7200 97 1 4 6 
7200 98 3 
7200 99 4 
