0 7200 
0 0 13 14 22 28 30 43 51 59 61 65 76 82 92 102 117 118 123 124 137 141 178 181 195 199 
0 1 4 
0 2 5 11 31 33 37 38 39 40 49 55 56 58 59 96 100 102 112 114 117 125 132 135 157 158 176 178 179 191 195 197 
0 3 11 13 36 55 107 125 155 174 176 
0 4 1 7 9 10 12 21 23 35 53 62 73 74 82 82 89 94 109 111 116 124 130 131 146 147 151 152 153 156 159 161 163 167 171 175 186 187 189 192 198 
0 5 2 11 13 22 25 28 31 33 36 39 40 42 43 46 49 55 57 61 64 70 71 80 86 105 112 117 118 119 125 128 129 135 148 155 157 165 166 174 176 197 
0 6 43 63 
0 7 4 15 24 29 41 81 94 111 116 120 145 147 151 153 159 180 189 190 
0 8 14 57 60 76 118 178 
0 9 4 15 42 44 45 54 55 70 73 74 82 83 84 86 90 93 94 95 97 110 116 120 126 137 141 143 147 154 161 184 199 
0 10 4 15 24 35 67 87 93 94 103 109 111 121 125 126 127 147 172 180 182 184 189 192 193 198 
0 11 2 3 5 13 28 49 102 107 114 129 140 149 158 166 178 197 
0 12 4 
0 13 0 3 5 11 14 21 22 23 25 28 32 33 35 36 39 40 42 43 46 50 52 55 56 65 70 72 79 81 82 94 105 109 111 112 113 114 116 117 119 121 123 124 125 129 131 135 140 142 147 148 149 155 156 157 165 166 172 173 174 176 179 183 189 196 197 
0 14 0 8 13 19 101 
0 15 7 9 10 
0 16 82 
0 17 28 150 160 
0 18 43 
0 19 14 
0 20 65 
0 21 4 13 
0 22 0 5 13 34 47 66 68 69 77 78 85 99 108 122 134 139 144 185 
0 23 4 13 
0 24 7 10 
0 25 5 13 
0 26 28 
0 27 28 
0 28 0 5 11 13 17 26 27 91 98 104 162 168 169 177 194 
0 29 7 
0 30 0 
0 31 2 5 
0 32 13 
0 33 2 5 13 
0 34 22 
0 35 4 10 13 
0 36 3 5 13 
0 37 2 
0 38 2 
0 39 2 5 13 
0 40 2 5 13 
0 41 7 
0 42 5 9 13 
0 43 0 5 6 13 18 48 75 88 106 115 133 136 138 170 
0 44 9 
0 45 9 
0 46 5 13 
0 47 22 
0 48 43 
0 49 2 5 11 
0 50 13 
0 51 0 
0 52 13 
0 53 4 
0 54 9 
0 55 2 3 5 9 13 
0 56 2 13 
0 57 5 8 
0 58 2 
0 59 0 2 
0 60 8 
0 61 0 5 
0 62 4 
0 63 6 
0 64 5 
0 65 0 13 20 
0 66 22 
0 67 10 
0 68 22 
0 69 22 
0 70 5 9 13 
0 71 5 
0 72 13 
0 73 4 9 
0 74 4 9 
0 75 43 
0 76 0 8 
0 77 22 
0 78 22 
0 79 13 
0 80 5 
0 81 7 13 
0 82 0 4 4 9 13 16 
0 83 9 
0 84 9 
0 85 22 
0 86 5 9 
0 87 10 
0 88 43 
0 89 4 
0 90 9 
0 91 28 
0 92 0 
0 93 9 10 
0 94 4 7 9 10 13 
0 95 9 
0 96 2 
0 97 9 
0 98 28 
0 99 22 
0 100 2 
0 101 14 
0 102 0 2 11 
0 103 10 
0 104 28 
0 105 5 13 
0 106 43 
0 107 3 11 
0 108 22 
0 109 4 10 13 
0 110 9 
0 111 4 7 10 13 
0 112 2 5 13 
0 113 13 
0 114 2 11 13 
0 115 43 
0 116 4 7 9 13 
0 117 0 2 5 13 
0 118 0 5 8 
0 119 5 13 
0 120 7 9 
0 121 10 13 
0 122 22 
0 123 0 13 
0 124 0 4 13 164 
0 125 2 3 5 10 13 
0 126 9 10 
0 127 10 
0 128 5 
0 129 5 11 13 
0 130 4 
0 131 4 13 
0 132 2 
0 133 43 
0 134 22 
0 135 2 5 13 
0 136 43 
0 137 0 9 
0 138 43 
0 139 22 
0 140 11 13 
0 141 0 9 
0 142 13 
0 143 9 
0 144 22 
0 145 7 
0 146 4 
0 147 4 7 9 10 13 
0 148 5 13 
0 149 11 13 
0 150 17 
0 151 4 7 
0 152 4 
0 153 4 7 
0 154 9 
0 155 3 5 13 
0 156 4 13 
0 157 2 5 13 
0 158 2 11 
0 159 4 7 
0 160 17 
0 161 4 9 
0 162 28 
0 163 4 
0 164 124 
0 165 5 13 
0 166 5 11 13 
0 167 4 
0 168 28 
0 169 28 
0 170 43 
0 171 4 
0 172 10 13 
0 173 13 
0 174 3 5 13 
0 175 4 
0 176 2 3 5 13 
0 177 28 
0 178 0 2 8 11 
0 179 2 13 
0 180 7 10 
0 181 0 
0 182 10 
0 183 13 
0 184 9 10 
0 185 22 
0 186 4 
0 187 4 
0 188 195 
0 189 4 7 10 13 
0 190 7 
0 191 2 
0 192 4 10 
0 193 10 
0 194 28 
0 195 0 2 188 
0 196 13 
0 197 2 5 11 13 
0 198 4 10 
0 199 0 9 
0 7200 
600 0 3 5 8 22 25 28 31 39 40 42 43 46 55 59 64 70 76 82 86 92 110 112 114 117 118 119 123 124 125 128 135 140 148 165 166 170 173 174 178 181 182 185 
600 1 44 151 
600 2 5 14 28 30 33 39 49 51 114 117 126 127 132 158 165 170 181 191 
600 3 0 11 28 49 51 179 
600 4 7 9 10 12 15 21 23 24 29 44 47 82 82 84 87 90 97 103 109 111 120 121 124 130 143 145 147 156 161 167 171 175 184 186 189 193 198 
600 5 0 2 19 22 23 27 31 32 33 35 39 43 46 52 59 70 80 81 82 83 94 101 102 112 116 119 124 125 126 127 129 132 135 142 165 170 181 182 191 192 196 197 198 199 
600 6 45 62 63 66 69 75 
600 7 4 44 54 81 89 90 93 94 147 189 192 
600 8 0 13 26 36 60 71 72 100 118 140 155 178 197 
600 9 4 15 16 22 23 32 55 57 65 67 80 81 83 86 87 94 95 105 111 116 125 137 141 143 146 152 154 189 192 199 
600 10 4 11 15 16 35 41 53 81 82 111 121 125 142 152 153 159 171 172 183 189 192 198 
600 11 3 10 26 34 38 53 60 74 79 96 98 118 147 150 153 156 160 164 171 179 188 
600 12 4 
600 13 8 14 21 25 26 28 30 36 37 38 42 46 49 50 51 55 56 58 59 60 61 64 65 70 71 72 73 76 79 80 81 86 87 94 96 102 107 111 112 113 116 117 118 119 121 124 125 129 131 135 137 143 147 155 156 157 162 163 166 172 174 178 179 180 182 183 189 195 197 
600 14 2 13 
600 15 4 9 10 
600 16 9 10 
600 17 28 
600 18 25 
600 19 5 
600 20 43 
600 21 4 13 
600 22 0 5 9 68 77 78 85 99 108 122 134 139 144 149 176 187 
600 23 4 5 9 
600 24 4 
600 25 0 13 18 48 106 133 138 190 
600 26 8 11 13 
600 27 5 
600 28 0 2 3 13 17 91 104 168 169 177 194 
600 29 4 
600 30 2 13 
600 31 0 5 
600 32 5 9 
600 33 2 5 
600 34 11 
600 35 5 10 
600 36 8 13 
600 37 13 
600 38 11 13 
600 39 0 2 5 
600 40 0 
600 41 10 
600 42 0 13 
600 43 0 5 20 88 115 136 
600 44 1 4 7 
600 45 6 
600 46 0 5 13 
600 47 4 
600 48 25 
600 49 2 3 13 
600 50 13 
600 51 2 3 13 
600 52 5 
600 53 10 11 
600 54 7 
600 55 0 9 13 
600 56 13 
600 57 9 
600 58 13 
600 59 0 5 13 
600 60 8 11 13 
600 61 13 
600 62 6 
600 63 6 
600 64 0 13 
600 65 9 13 
600 66 6 
600 67 9 
600 68 22 
600 69 6 
600 70 0 5 13 
600 71 8 13 
600 72 8 13 
600 73 13 
600 74 11 
600 75 6 
600 76 0 13 
600 77 22 
600 78 22 
600 79 11 13 
600 80 5 9 13 
600 81 5 7 9 10 13 
600 82 0 4 4 5 10 
600 83 5 9 
600 84 4 
600 85 22 
600 86 0 9 13 
600 87 4 9 13 
600 88 43 
600 89 7 
600 90 4 7 
600 91 28 
600 92 0 
600 93 7 
600 94 5 7 9 13 
600 95 9 
600 96 11 13 
600 97 4 
600 98 11 
600 99 22 
600 100 8 
600 101 5 
600 102 5 13 
600 103 4 
600 104 28 
600 105 9 
600 106 25 
600 107 13 
600 108 22 
600 109 4 
600 110 0 
600 111 4 9 10 13 
600 112 0 5 13 
600 113 13 
600 114 0 2 
600 115 43 
600 116 5 9 13 
600 117 0 2 13 
600 118 0 8 11 13 
600 119 0 5 13 
600 120 4 
600 121 4 10 13 
600 122 22 
600 123 0 
600 124 0 4 5 13 
600 125 0 5 9 10 13 
600 126 2 5 
600 127 2 5 
600 128 0 
600 129 5 13 
600 130 4 
600 131 13 
600 132 2 5 
600 133 25 
600 134 22 
600 135 0 5 13 
600 136 43 
600 137 9 13 
600 138 25 
600 139 22 
600 140 0 8 
600 141 9 
600 142 5 10 
600 143 4 9 13 
600 144 22 
600 145 4 
600 146 9 
600 147 4 7 11 13 
600 148 0 
600 149 22 
600 150 11 
600 151 1 
600 152 9 10 
600 153 10 11 
600 154 9 
600 155 8 13 
600 156 4 11 13 
600 157 13 
600 158 2 
600 159 10 
600 160 11 
600 161 4 
600 162 13 
600 163 13 
600 164 11 
600 165 0 2 5 
600 166 0 13 
600 167 4 
600 168 28 
600 169 28 
600 170 0 2 5 
600 171 4 10 11 
600 172 10 13 
600 173 0 
600 174 0 13 
600 175 4 
600 176 22 
600 177 28 
600 178 0 8 13 
600 179 3 11 13 
600 180 13 
600 181 0 2 5 
600 182 0 5 13 
600 183 10 13 
600 184 4 
600 185 0 
600 186 4 
600 187 22 
600 188 11 
600 189 4 7 9 10 13 
600 190 25 
600 191 2 5 
600 192 5 7 9 10 
600 193 4 
600 194 28 
600 195 13 
600 196 5 
600 197 5 8 13 
600 198 4 5 10 
600 199 5 9 
0 7200 
1200 0 5 8 22 25 28 31 33 37 39 42 46 50 55 59 60 61 70 73 80 82 86 92 100 102 107 110 112 114 116 117 119 120 123 124 129 135 140 155 156 157 158 162 163 170 173 174 178 181 195 196 197 
1200 1 9 
1200 2 28 49 117 118 
1200 3 11 28 38 40 49 100 107 113 117 118 132 148 155 157 163 181 191 
1200 4 7 9 15 16 21 24 43 67 87 89 95 111 143 150 159 161 171 175 
1200 5 0 19 21 22 27 28 32 36 37 40 42 49 51 52 53 55 58 59 60 64 65 70 72 73 74 79 80 81 82 83 86 94 96 102 109 111 112 118 119 120 124 127 129 132 135 137 142 143 145 147 163 165 166 172 174 178 179 183 189 192 195 197 198 199 
1200 6 13 29 57 65 73 75 78 85 120 122 125 128 137 138 
1200 7 4 9 67 87 94 105 111 143 153 165 167 189 198 
1200 8 0 36 37 51 53 70 72 76 92 102 145 174 178 182 197 
1200 9 1 4 7 22 24 26 41 43 44 45 54 57 71 74 81 90 94 99 103 115 126 137 144 146 149 151 154 165 176 184 189 192 
1200 10 23 26 30 52 56 81 98 109 121 192 193 
1200 11 3 15 16 30 34 35 38 82 87 113 117 119 121 134 135 145 147 155 160 168 169 171 174 177 178 191 197 
1200 12 26 84 89 95 97 103 130 131 
1200 13 6 18 29 32 33 36 37 46 65 77 80 108 120 122 125 136 139 185 187 190 199 
1200 14 28 
1200 15 4 11 
1200 16 4 11 
1200 17 28 
1200 18 13 
1200 19 5 
1200 20 33 
1200 21 4 5 
1200 22 0 5 9 66 68 69 93 141 
1200 23 10 
1200 24 4 9 82 186 
1200 25 0 48 106 133 
1200 26 9 10 12 
1200 27 5 
1200 28 0 2 3 5 14 17 
1200 29 6 13 
1200 30 10 11 
1200 31 0 
1200 32 5 13 
1200 33 0 13 20 62 63 88 
1200 34 11 
1200 35 11 
1200 36 5 8 13 
1200 37 0 5 8 13 
1200 38 3 11 
1200 39 0 
1200 40 3 5 
1200 41 9 
1200 42 0 5 
1200 43 4 9 
1200 44 9 
1200 45 9 
1200 46 0 13 
1200 47 82 
1200 48 25 
1200 49 2 3 5 
1200 50 0 
1200 51 5 8 
1200 52 5 10 
1200 53 5 8 
1200 54 9 
1200 55 0 5 
1200 56 10 
1200 57 6 9 
1200 58 5 
1200 59 0 5 
1200 60 0 5 
1200 61 0 
1200 62 33 
1200 63 33 
1200 64 5 
1200 65 5 6 13 
1200 66 22 
1200 67 4 7 
1200 68 22 
1200 69 22 
1200 70 0 5 8 
1200 71 9 
1200 72 5 8 
1200 73 0 5 6 
1200 74 5 9 
1200 75 6 
1200 76 8 
1200 77 13 
1200 78 6 
1200 79 5 
1200 80 0 5 13 
1200 81 5 9 10 
1200 82 0 5 11 24 47 
1200 83 5 
1200 84 12 
1200 85 6 
1200 86 0 5 
1200 87 4 7 11 
1200 88 33 
1200 89 4 12 
1200 90 9 
1200 91 117 
1200 92 0 8 
1200 93 22 
1200 94 5 7 9 
1200 95 4 12 
1200 96 5 
1200 97 12 
1200 98 10 
1200 99 9 
1200 100 0 3 
1200 101 124 
1200 102 0 5 8 
1200 103 9 12 
1200 104 195 
1200 105 7 
1200 106 25 
1200 107 0 3 
1200 108 13 
1200 109 5 10 
1200 110 0 
1200 111 4 5 7 
1200 112 0 5 
1200 113 3 11 
1200 114 0 
1200 115 9 
1200 116 0 
1200 117 0 2 3 11 91 180 
1200 118 2 3 5 
1200 119 0 5 11 
1200 120 0 5 6 13 152 
1200 121 10 11 
1200 122 6 13 
1200 123 0 
1200 124 0 5 101 164 
1200 125 6 13 
1200 126 9 
1200 127 5 
1200 128 6 
1200 129 0 5 
1200 130 12 
1200 131 12 
1200 132 3 5 
1200 133 25 
1200 134 11 
1200 135 0 5 11 
1200 136 13 
1200 137 5 6 9 
1200 138 6 
1200 139 13 
1200 140 0 
1200 141 22 
1200 142 5 
1200 143 4 5 7 
1200 144 9 
1200 145 5 8 11 
1200 146 9 
1200 147 5 11 
1200 148 3 
1200 149 9 
1200 150 4 
1200 151 9 
1200 152 120 
1200 153 7 
1200 154 9 
1200 155 0 3 11 
1200 156 0 
1200 157 0 3 
1200 158 0 
1200 159 4 
1200 160 11 
1200 161 4 
1200 162 0 
1200 163 0 3 5 
1200 164 124 
1200 165 5 7 9 
1200 166 5 
1200 167 7 
1200 168 11 
1200 169 11 
1200 170 0 
1200 171 4 11 
1200 172 5 
1200 173 0 
1200 174 0 5 8 11 
1200 175 4 
1200 176 9 
1200 177 11 
1200 178 0 5 8 11 
1200 179 5 
1200 180 117 
1200 181 0 3 
1200 182 8 
1200 183 5 
1200 184 9 
1200 185 13 
1200 186 24 
1200 187 13 
1200 188 195 
1200 189 5 7 9 
1200 190 13 
1200 191 3 11 
1200 192 5 9 10 
1200 193 10 
1200 194 195 
1200 195 0 5 104 188 194 
1200 196 0 
1200 197 0 5 8 11 
1200 198 5 7 
1200 199 5 13 
0 7200 
1800 0 8 22 24 25 28 29 33 42 50 51 60 61 64 65 72 73 80 86 110 112 113 114 116 117 118 119 120 123 124 128 135 137 148 152 156 158 162 163 166 170 178 181 182 185 195 196 
1800 1 41 
1800 2 145 155 
1800 3 11 38 107 118 132 140 155 196 
1800 4 30 31 35 38 52 79 121 144 172 
1800 5 15 19 21 22 23 28 30 35 37 39 40 42 46 53 59 60 65 70 73 74 79 80 81 83 86 87 94 102 109 110 111 112 117 119 120 121 124 126 127 129 135 137 143 144 145 147 155 157 160 165 166 172 173 174 178 181 183 189 191 195 196 197 198 199 
1800 6 13 13 57 65 68 69 86 120 122 125 133 136 152 179 181 
1800 7 9 10 17 43 44 47 54 70 81 82 87 88 94 111 143 147 161 165 167 175 183 189 
1800 8 0 37 40 107 129 145 174 178 182 197 
1800 9 7 21 22 26 34 54 75 84 95 97 100 103 105 108 115 126 134 143 149 159 161 165 
1800 10 7 15 23 30 49 56 70 74 79 81 82 87 88 93 94 104 109 111 121 124 144 147 151 153 154 160 168 171 172 183 184 189 193 194 
1800 11 3 16 27 38 47 49 52 58 67 70 82 88 90 91 93 94 96 98 101 104 113 118 127 132 135 147 151 153 154 164 174 177 178 183 197 
1800 12 54 131 134 186 
1800 13 6 6 20 32 36 55 62 65 66 68 77 78 80 85 100 108 110 120 122 125 141 157 173 176 181 199 
1800 14 28 
1800 15 5 10 
1800 16 11 
1800 17 7 
1800 18 25 
1800 19 5 
1800 20 13 
1800 21 5 9 
1800 22 0 5 9 26 45 71 76 99 139 142 150 187 192 
1800 23 5 10 
1800 24 0 
1800 25 0 18 48 106 138 190 
1800 26 9 22 89 92 130 
1800 27 11 
1800 28 0 5 14 
1800 29 0 
1800 30 4 5 10 
1800 31 4 
1800 32 13 
1800 33 0 63 
1800 34 9 
1800 35 4 5 
1800 36 13 
1800 37 5 8 
1800 38 3 4 11 
1800 39 5 
1800 40 5 8 
1800 41 1 
1800 42 0 5 
1800 43 7 
1800 44 7 
1800 45 22 
1800 46 5 
1800 47 7 11 
1800 48 25 
1800 49 10 11 
1800 50 0 
1800 51 0 
1800 52 4 11 
1800 53 5 
1800 54 7 9 12 
1800 55 13 
1800 56 10 
1800 57 6 
1800 58 11 
1800 59 5 
1800 60 0 5 
1800 61 0 
1800 62 13 
1800 63 33 
1800 64 0 
1800 65 0 5 6 13 
1800 66 13 
1800 67 11 
1800 68 6 13 
1800 69 6 
1800 70 5 7 10 11 
1800 71 22 
1800 72 0 
1800 73 0 5 
1800 74 5 10 
1800 75 9 
1800 76 22 
1800 77 13 
1800 78 13 
1800 79 4 5 10 
1800 80 0 5 13 
1800 81 5 7 10 
1800 82 7 10 11 
1800 83 5 
1800 84 9 
1800 85 13 
1800 86 0 5 6 
1800 87 5 7 10 
1800 88 7 10 11 
1800 89 26 
1800 90 11 
1800 91 11 
1800 92 26 
1800 93 10 11 
1800 94 5 7 10 11 
1800 95 9 
1800 96 11 
1800 97 9 
1800 98 11 
1800 99 22 
1800 100 9 13 
1800 101 11 
1800 102 5 
1800 103 9 
1800 104 10 11 
1800 105 9 
1800 106 25 
1800 107 3 8 
1800 108 9 13 
1800 109 5 10 
1800 110 0 5 13 
1800 111 5 7 10 
1800 112 0 5 169 
1800 113 0 11 
1800 114 0 
1800 115 9 
1800 116 0 
1800 117 0 5 180 
1800 118 0 3 11 
1800 119 0 5 
1800 120 0 5 6 13 
1800 121 4 5 10 
1800 122 6 13 
1800 123 0 
1800 124 0 5 10 
1800 125 6 13 
1800 126 5 9 
1800 127 5 11 
1800 128 0 
1800 129 5 8 
1800 130 26 
1800 131 12 
1800 132 3 11 
1800 133 6 
1800 134 9 12 
1800 135 0 5 11 
1800 136 6 
1800 137 0 5 146 
1800 138 25 
1800 139 22 
1800 140 3 
1800 141 13 
1800 142 22 
1800 143 5 7 9 
1800 144 4 5 10 
1800 145 2 5 8 
1800 146 137 
1800 147 5 7 10 11 
1800 148 0 
1800 149 9 
1800 150 22 
1800 151 10 11 
1800 152 0 6 
1800 153 10 11 
1800 154 10 11 
1800 155 2 3 5 
1800 156 0 
1800 157 5 13 
1800 158 0 
1800 159 9 
1800 160 5 10 
1800 161 7 9 
1800 162 0 
1800 163 0 
1800 164 11 
1800 165 5 7 9 
1800 166 0 5 
1800 167 7 
1800 168 10 
1800 169 112 
1800 170 0 
1800 171 10 
1800 172 4 5 10 
1800 173 5 13 
1800 174 5 8 11 
1800 175 7 
1800 176 13 
1800 177 11 
1800 178 0 5 8 11 
1800 179 6 
1800 180 117 
1800 181 0 5 6 13 
1800 182 0 8 
1800 183 5 7 10 11 
1800 184 10 
1800 185 0 
1800 186 12 
1800 187 22 
1800 188 195 
1800 189 5 7 10 
1800 190 25 
1800 191 5 
1800 192 22 
1800 193 10 
1800 194 10 
1800 195 0 5 188 
1800 196 0 3 5 
1800 197 5 8 11 
1800 198 5 
1800 199 5 13 
0 7200 
2400 0 4 7 8 22 24 27 39 50 53 59 61 65 67 78 80 86 112 116 117 123 124 137 140 145 148 155 156 158 162 166 178 196 
2400 1 9 115 
2400 2 5 106 114 119 150 166 178 
2400 3 7 11 27 38 51 64 67 72 98 112 113 118 119 123 127 135 140 150 157 163 166 191 196 197 
2400 4 0 7 19 23 27 35 38 41 42 51 52 56 60 70 73 74 79 82 86 97 98 100 120 121 127 128 134 135 145 147 151 153 157 163 165 169 172 178 183 191 196 197 
2400 5 2 7 7 11 15 16 21 22 25 28 30 33 34 37 40 42 58 59 67 69 70 80 81 83 87 88 94 100 102 107 109 110 112 118 119 120 121 124 126 129 132 134 135 137 143 147 150 152 157 160 165 166 172 173 174 178 179 181 182 183 185 189 195 197 199 
2400 6 57 65 85 138 139 141 146 
2400 7 0 3 4 5 5 11 14 25 33 35 37 38 40 42 51 58 64 67 70 72 79 81 102 107 109 112 114 119 124 129 134 135 143 147 150 172 174 183 191 195 197 
2400 8 0 
2400 9 1 12 17 22 22 23 29 41 42 44 54 70 71 73 74 75 76 77 83 84 87 88 94 95 96 103 108 111 115 120 137 145 152 159 161 165 168 180 183 184 189 199 
2400 10 15 16 30 52 70 81 88 94 104 105 109 121 124 134 147 154 165 175 183 185 189 193 
2400 11 3 5 7 13 16 25 30 31 33 35 42 47 49 60 63 67 69 70 72 73 79 81 82 87 91 93 94 109 112 119 121 124 134 135 143 147 150 160 163 164 165 172 174 177 178 183 185 189 195 197 
2400 12 9 
2400 13 11 30 58 82 90 98 101 109 118 127 132 143 154 160 169 195 
2400 14 7 
2400 15 5 10 
2400 16 5 10 11 
2400 17 9 
2400 18 65 
2400 19 4 
2400 20 65 
2400 21 5 
2400 22 0 5 9 9 26 43 45 46 66 68 99 105 122 125 142 149 170 176 187 192 
2400 23 4 9 
2400 24 0 
2400 25 5 7 11 
2400 26 22 89 92 130 131 186 
2400 27 0 3 4 32 
2400 28 5 
2400 29 9 
2400 30 5 10 11 13 
2400 31 11 
2400 32 27 
2400 33 5 7 11 
2400 34 5 
2400 35 4 7 11 
2400 36 65 
2400 37 5 7 
2400 38 3 4 7 
2400 39 0 
2400 40 5 7 
2400 41 4 9 
2400 42 4 5 7 9 11 
2400 43 22 
2400 44 9 
2400 45 22 
2400 46 22 
2400 47 11 
2400 48 65 
2400 49 11 
2400 50 0 
2400 51 3 4 7 
2400 52 4 10 
2400 53 0 
2400 54 9 
2400 55 65 
2400 56 4 
2400 57 6 
2400 58 5 7 13 
2400 59 0 5 
2400 60 4 11 
2400 61 0 
2400 62 137 
2400 63 11 
2400 64 3 7 
2400 65 0 6 18 20 36 48 55 136 190 198 
2400 66 22 
2400 67 0 3 5 7 11 
2400 68 22 
2400 69 5 11 
2400 70 4 5 7 9 10 11 
2400 71 9 
2400 72 3 7 11 
2400 73 4 9 11 
2400 74 4 9 
2400 75 9 
2400 76 9 
2400 77 9 
2400 78 0 
2400 79 4 7 11 
2400 80 0 5 
2400 81 5 7 10 11 
2400 82 4 11 13 
2400 83 5 9 
2400 84 9 
2400 85 6 
2400 86 0 4 
2400 87 5 9 11 
2400 88 5 9 10 
2400 89 26 
2400 90 13 
2400 91 11 
2400 92 26 
2400 93 11 
2400 94 5 9 10 11 
2400 95 9 
2400 96 9 
2400 97 4 
2400 98 3 4 13 
2400 99 22 
2400 100 4 5 
2400 101 13 
2400 102 5 7 
2400 103 9 
2400 104 10 
2400 105 10 22 167 
2400 106 2 
2400 107 5 7 
2400 108 9 
2400 109 5 7 10 11 13 
2400 110 5 
2400 111 9 
2400 112 0 3 5 7 11 
2400 113 3 
2400 114 2 7 
2400 115 1 9 
2400 116 0 
2400 117 0 
2400 118 3 5 13 
2400 119 2 3 5 7 11 
2400 120 4 5 9 
2400 121 4 5 10 11 
2400 122 22 
2400 123 0 3 
2400 124 0 5 7 10 11 171 
2400 125 22 
2400 126 5 
2400 127 3 4 13 
2400 128 4 
2400 129 5 7 
2400 130 26 
2400 131 26 
2400 132 5 13 
2400 133 137 
2400 134 4 5 7 10 11 
2400 135 3 4 5 7 11 
2400 136 65 
2400 137 0 5 9 62 133 144 
2400 138 6 
2400 139 6 
2400 140 0 3 
2400 141 6 
2400 142 22 
2400 143 5 7 11 13 
2400 144 137 
2400 145 0 4 9 
2400 146 6 
2400 147 4 5 7 10 11 
2400 148 0 
2400 149 22 
2400 150 2 3 5 7 11 
2400 151 4 
2400 152 5 9 
2400 153 4 
2400 154 10 13 
2400 155 0 
2400 156 0 
2400 157 3 4 5 
2400 158 0 
2400 159 9 
2400 160 5 11 13 
2400 161 9 
2400 162 0 
2400 163 3 4 11 
2400 164 11 
2400 165 4 5 9 10 11 
2400 166 0 2 3 5 
2400 167 105 
2400 168 9 
2400 169 4 13 
2400 170 22 
2400 171 124 
2400 172 4 5 7 11 
2400 173 5 
2400 174 5 7 11 
2400 175 10 
2400 176 22 
2400 177 11 
2400 178 0 2 4 5 11 188 194 
2400 179 5 
2400 180 9 
2400 181 5 
2400 182 5 
2400 183 4 5 7 9 10 11 
2400 184 9 
2400 185 5 10 11 
2400 186 26 
2400 187 22 
2400 188 178 
2400 189 5 9 10 11 
2400 190 65 
2400 191 3 4 7 
2400 192 22 
2400 193 10 
2400 194 178 
2400 195 5 7 11 13 
2400 196 0 3 4 
2400 197 3 4 5 7 11 
2400 198 65 
2400 199 5 9 
0 7200 
3000 0 2 4 7 8 22 27 39 42 53 59 65 86 98 100 107 114 116 117 120 123 124 132 135 137 139 140 143 145 146 148 150 152 156 157 158 166 173 182 195 196 197 
3000 1 105 
3000 2 0 5 8 50 70 84 
3000 3 11 33 34 51 58 61 70 113 157 195 196 
3000 4 0 5 7 9 9 15 16 21 22 23 25 28 35 37 38 41 42 47 60 65 67 69 70 72 73 80 81 83 84 86 88 94 97 98 100 104 109 112 118 119 120 124 126 129 135 143 146 147 150 151 153 155 156 164 165 166 168 172 174 178 179 183 186 189 191 196 197 199 
3000 5 2 4 7 11 25 40 52 63 67 68 72 78 94 98 112 118 121 124 125 128 129 143 150 162 163 178 191 194 195 
3000 6 24 48 62 80 86 108 120 170 181 192 
3000 7 0 4 5 16 25 30 31 35 37 38 40 42 49 55 64 67 68 94 98 109 112 114 117 118 119 124 125 127 129 135 143 146 147 150 156 162 163 166 172 174 178 182 191 196 197 
3000 8 0 2 
3000 9 4 4 11 16 21 23 25 28 30 41 42 52 67 69 83 88 94 97 104 109 110 115 124 143 144 146 156 159 161 172 175 178 179 184 186 189 193 
3000 10 18 21 22 24 54 57 69 75 87 99 106 111 116 137 139 154 160 170 181 186 187 192 
3000 11 3 5 9 19 30 33 49 52 58 63 68 72 73 74 82 91 93 101 112 113 119 121 124 125 127 128 135 144 156 165 169 174 177 185 195 197 
3000 12 14 43 44 89 130 131 167 180 
3000 13 31 38 109 146 188 191 193 
3000 14 12 
3000 15 4 
3000 16 4 7 9 
3000 17 22 
3000 18 10 
3000 19 11 
3000 20 65 
3000 21 4 9 10 
3000 22 0 4 10 17 26 29 45 46 56 66 71 76 77 79 85 102 122 134 141 142 149 176 
3000 23 4 9 96 
3000 24 6 10 
3000 25 4 5 7 9 
3000 26 22 92 95 103 
3000 27 0 32 
3000 28 4 9 
3000 29 22 
3000 30 7 9 11 
3000 31 7 13 
3000 32 27 
3000 33 3 11 
3000 34 3 
3000 35 4 7 
3000 36 65 
3000 37 4 7 
3000 38 4 7 13 
3000 39 0 
3000 40 5 7 
3000 41 4 9 
3000 42 0 4 7 9 
3000 43 12 
3000 44 12 
3000 45 22 
3000 46 22 
3000 47 4 
3000 48 6 
3000 49 7 11 
3000 50 2 
3000 51 3 
3000 52 5 9 11 
3000 53 0 
3000 54 10 
3000 55 7 
3000 56 22 
3000 57 10 
3000 58 3 11 
3000 59 0 
3000 60 4 
3000 61 3 
3000 62 6 
3000 63 5 11 
3000 64 7 
3000 65 0 4 20 36 136 138 190 198 
3000 66 22 
3000 67 4 5 7 9 
3000 68 5 7 11 
3000 69 4 9 10 
3000 70 2 3 4 
3000 71 22 
3000 72 4 5 11 
3000 73 4 11 
3000 74 11 
3000 75 10 
3000 76 22 
3000 77 22 
3000 78 5 
3000 79 22 
3000 80 4 6 
3000 81 4 
3000 82 11 
3000 83 4 9 
3000 84 2 4 
3000 85 22 
3000 86 0 4 6 
3000 87 10 
3000 88 4 9 
3000 89 12 
3000 90 98 
3000 91 11 
3000 92 26 
3000 93 11 
3000 94 4 5 7 9 
3000 95 26 
3000 96 23 
3000 97 4 9 
3000 98 0 4 5 7 90 
3000 99 10 
3000 100 0 4 
3000 101 11 
3000 102 22 
3000 103 26 
3000 104 4 9 
3000 105 1 
3000 106 10 
3000 107 0 
3000 108 6 
3000 109 4 7 9 13 
3000 110 9 
3000 111 10 
3000 112 4 5 7 11 
3000 113 3 11 
3000 114 0 7 
3000 115 9 
3000 116 0 10 
3000 117 0 7 
3000 118 4 5 7 
3000 119 4 7 11 
3000 120 0 4 6 
3000 121 5 11 
3000 122 22 
3000 123 0 
3000 124 0 4 5 7 9 11 171 
3000 125 5 7 11 
3000 126 4 
3000 127 7 11 
3000 128 5 11 
3000 129 4 5 7 
3000 130 12 
3000 131 12 
3000 132 0 
3000 133 137 
3000 134 22 
3000 135 0 4 7 11 
3000 136 65 
3000 137 0 10 133 
3000 138 65 
3000 139 0 10 
3000 140 0 
3000 141 22 
3000 142 22 
3000 143 0 4 5 7 9 
3000 144 9 11 
3000 145 0 
3000 146 0 4 7 9 13 
3000 147 4 7 
3000 148 0 
3000 149 22 
3000 150 0 4 5 7 
3000 151 4 
3000 152 0 
3000 153 4 
3000 154 10 
3000 155 4 
3000 156 0 4 7 9 11 
3000 157 0 3 
3000 158 0 
3000 159 9 
3000 160 10 
3000 161 9 
3000 162 5 7 
3000 163 5 7 
3000 164 4 
3000 165 4 11 
3000 166 0 4 7 
3000 167 12 
3000 168 4 
3000 169 11 
3000 170 6 10 
3000 171 124 
3000 172 4 7 9 
3000 173 0 
3000 174 4 7 11 
3000 175 9 
3000 176 22 
3000 177 11 
3000 178 4 5 7 9 
3000 179 4 9 
3000 180 12 
3000 181 6 10 
3000 182 0 7 
3000 183 4 
3000 184 9 
3000 185 11 
3000 186 4 9 10 
3000 187 10 
3000 188 13 
3000 189 4 9 
3000 190 65 
3000 191 4 5 7 13 
3000 192 6 10 
3000 193 9 13 
3000 194 5 
3000 195 0 3 5 11 
3000 196 0 3 4 7 
3000 197 0 4 7 11 
3000 198 65 
3000 199 4 
0 7200 
3600 0 3 4 7 8 9 22 25 40 42 50 51 53 59 64 65 80 84 99 107 114 116 117 120 124 132 135 139 140 145 146 148 155 158 173 174 178 182 197 
3600 1 28 
3600 2 8 27 33 37 50 67 98 
3600 3 0 11 33 34 37 50 53 59 60 118 123 140 162 164 174 
3600 4 0 7 7 10 11 21 22 23 25 27 28 33 35 37 39 42 44 51 52 57 58 60 64 65 67 69 72 73 74 79 80 81 83 86 88 94 98 99 100 104 109 110 120 122 124 126 127 137 139 145 146 147 150 157 161 165 166 167 168 178 179 181 183 186 188 189 192 195 196 197 199 
3600 5 7 11 30 31 72 90 94 113 118 121 124 125 150 163 178 
3600 6 17 57 61 62 77 79 84 85 137 176 181 198 
3600 7 0 4 4 5 11 13 16 23 25 27 34 35 38 42 49 50 67 94 112 135 144 146 147 150 157 161 163 164 166 169 172 178 182 188 
3600 8 0 2 
3600 9 0 17 20 23 24 32 36 39 42 43 45 46 50 53 56 66 69 71 76 78 80 83 100 104 110 111 117 120 124 132 134 135 136 138 141 142 149 157 164 165 170 172 174 176 186 197 
3600 10 4 54 56 65 75 77 79 81 84 85 86 87 106 119 136 138 139 154 160 170 184 187 190 199 
3600 11 3 4 5 7 15 23 25 31 33 35 42 47 50 55 58 69 73 88 91 93 94 97 104 109 124 125 128 135 146 147 150 151 153 163 165 167 169 171 177 183 186 189 191 
3600 12 87 102 129 130 131 179 180 
3600 13 7 19 58 68 101 109 118 125 127 146 161 194 195 
3600 14 15 
3600 15 11 14 25 63 143 159 175 
3600 16 7 
3600 17 6 9 
3600 18 65 
3600 19 13 
3600 20 9 
3600 21 4 
3600 22 0 4 48 115 
3600 23 4 7 9 11 
3600 24 9 
3600 25 0 4 7 11 15 82 
3600 26 96 105 108 120 
3600 27 2 4 7 
3600 28 1 4 95 103 
3600 29 124 156 
3600 30 5 
3600 31 5 11 
3600 32 9 
3600 33 2 3 4 11 
3600 34 3 7 
3600 35 4 7 11 
3600 36 9 
3600 37 2 3 4 
3600 38 7 
3600 39 4 9 
3600 40 0 
3600 41 80 89 92 
3600 42 0 4 7 9 11 
3600 43 9 
3600 44 4 
3600 45 9 
3600 46 9 
3600 47 11 
3600 48 22 
3600 49 7 
3600 50 0 2 3 7 9 11 
3600 51 0 4 
3600 52 4 
3600 53 0 3 9 
3600 54 10 
3600 55 11 
3600 56 9 10 
3600 57 4 6 
3600 58 4 11 13 
3600 59 0 3 
3600 60 3 4 
3600 61 6 
3600 62 6 
3600 63 15 
3600 64 0 4 
3600 65 0 4 10 18 
3600 66 9 
3600 67 2 4 7 
3600 68 13 
3600 69 4 9 11 
3600 70 124 
3600 71 9 
3600 72 4 5 
3600 73 4 11 
3600 74 4 
3600 75 10 
3600 76 9 
3600 77 6 10 
3600 78 9 
3600 79 4 6 10 
3600 80 0 4 9 41 
3600 81 4 10 
3600 82 25 
3600 83 4 9 
3600 84 0 6 10 133 
3600 85 6 10 
3600 86 4 10 
3600 87 10 12 
3600 88 4 11 
3600 89 41 
3600 90 5 
3600 91 11 
3600 92 41 
3600 93 11 
3600 94 4 5 7 11 
3600 95 28 
3600 96 26 
3600 97 11 
3600 98 2 4 
3600 99 0 4 
3600 100 4 9 
3600 101 13 
3600 102 12 
3600 103 28 
3600 104 4 9 11 
3600 105 26 
3600 106 10 
3600 107 0 
3600 108 26 
3600 109 4 11 13 
3600 110 4 9 
3600 111 9 
3600 112 7 
3600 113 5 
3600 114 0 
3600 115 22 
3600 116 0 
3600 117 0 9 
3600 118 3 5 13 
3600 119 10 
3600 120 0 4 9 26 
3600 121 5 
3600 122 4 
3600 123 3 
3600 124 0 4 5 9 11 29 70 152 193 
3600 125 5 11 13 
3600 126 4 
3600 127 4 13 
3600 128 11 
3600 129 12 
3600 130 12 
3600 131 12 
3600 132 0 9 
3600 133 84 
3600 134 9 
3600 135 0 7 9 11 
3600 136 9 10 
3600 137 4 6 
3600 138 9 10 
3600 139 0 4 10 
3600 140 0 3 
3600 141 9 
3600 142 9 
3600 143 15 
3600 144 7 
3600 145 0 4 
3600 146 0 4 7 11 13 
3600 147 4 7 11 
3600 148 0 
3600 149 9 
3600 150 4 5 7 11 
3600 151 11 
3600 152 124 
3600 153 11 
3600 154 10 
3600 155 0 
3600 156 29 
3600 157 4 7 9 
3600 158 0 
3600 159 15 
3600 160 10 
3600 161 4 7 13 
3600 162 3 
3600 163 5 7 11 
3600 164 3 7 9 
3600 165 4 9 11 
3600 166 4 7 
3600 167 4 11 
3600 168 4 
3600 169 7 11 
3600 170 9 10 
3600 171 11 
3600 172 7 9 
3600 173 0 
3600 174 0 3 9 
3600 175 15 
3600 176 6 9 
3600 177 11 
3600 178 0 4 5 7 185 
3600 179 4 12 
3600 180 12 
3600 181 4 6 
3600 182 0 7 
3600 183 4 11 
3600 184 10 
3600 185 178 
3600 186 4 9 11 
3600 187 10 
3600 188 4 7 
3600 189 4 11 
3600 190 10 
3600 191 11 
3600 192 4 
3600 193 124 
3600 194 13 
3600 195 4 13 
3600 196 4 
3600 197 0 4 9 
3600 198 6 
3600 199 4 10 
0 7200 
4200 0 6 7 9 22 23 25 37 42 51 54 66 80 84 98 116 119 120 123 132 151 158 163 173 176 178 182 
4200 1 12 50 89 
4200 2 166 
4200 3 11 33 37 38 53 59 60 86 98 124 140 148 155 157 166 171 178 
4200 4 11 13 25 25 30 34 35 44 52 55 67 70 82 88 91 93 94 101 109 113 119 152 167 168 169 172 175 183 188 189 192 195 
4200 5 9 10 16 17 21 22 23 25 27 28 29 34 41 42 43 44 45 46 48 57 63 65 67 69 76 80 81 83 84 87 88 94 97 100 102 104 109 110 115 119 121 135 139 142 149 150 151 157 159 160 162 164 166 167 168 172 173 174 178 179 180 181 183 185 186 187 188 189 197 199 
4200 6 0 9 10 10 18 20 24 26 27 32 36 37 42 53 62 65 77 79 80 81 100 108 111 117 136 138 141 157 174 198 199 
4200 7 0 13 16 23 25 31 34 42 43 72 84 94 107 109 112 114 118 119 121 125 127 144 150 154 157 161 162 166 172 174 177 183 185 188 196 
4200 8 39 40 73 118 146 148 158 176 
4200 9 0 5 6 15 17 28 66 71 76 77 79 85 110 134 135 142 151 166 170 179 181 199 
4200 10 5 6 6 21 22 34 42 44 46 57 64 65 69 75 77 78 79 80 81 83 88 99 100 102 104 110 111 115 122 133 139 149 157 160 173 183 184 186 187 189 190 197 199 
4200 11 3 4 19 23 30 33 34 35 38 42 49 58 60 69 74 82 84 86 91 98 104 109 112 118 119 124 125 126 128 137 162 169 171 173 183 185 186 191 192 193 194 195 
4200 12 1 28 50 56 76 102 129 143 149 164 179 
4200 13 4 7 16 47 52 68 109 121 145 178 195 
4200 14 28 
4200 15 9 
4200 16 5 7 13 
4200 17 5 9 
4200 18 6 
4200 19 11 
4200 20 6 
4200 21 5 10 
4200 22 0 5 10 
4200 23 0 5 7 11 
4200 24 6 
4200 25 0 4 4 5 7 153 
4200 26 6 
4200 27 5 6 
4200 28 5 9 12 14 95 96 103 105 106 147 
4200 29 5 61 119 156 
4200 30 4 11 
4200 31 7 
4200 32 6 
4200 33 3 11 
4200 34 4 5 7 10 11 
4200 35 4 11 
4200 36 6 
4200 37 0 3 6 
4200 38 3 11 
4200 39 8 
4200 40 8 
4200 41 5 80 92 130 131 
4200 42 0 5 6 7 10 11 
4200 43 5 7 
4200 44 4 5 10 
4200 45 5 
4200 46 5 10 
4200 47 13 
4200 48 5 
4200 49 11 
4200 50 1 12 
4200 51 0 
4200 52 4 13 
4200 53 3 6 
4200 54 0 
4200 55 4 
4200 56 12 
4200 57 5 10 
4200 58 11 
4200 59 3 
4200 60 3 11 
4200 61 29 
4200 62 6 
4200 63 5 
4200 64 10 
4200 65 5 6 10 
4200 66 0 9 
4200 67 4 5 
4200 68 13 
4200 69 5 10 11 
4200 70 4 
4200 71 9 
4200 72 7 
4200 73 8 
4200 74 11 
4200 75 10 
4200 76 5 9 12 
4200 77 6 9 10 
4200 78 10 
4200 79 6 9 10 
4200 80 0 5 6 10 41 
4200 81 5 6 10 
4200 82 4 11 
4200 83 5 10 
4200 84 0 5 7 11 
4200 85 9 
4200 86 3 11 
4200 87 5 
4200 88 4 5 10 
4200 89 1 
4200 90 98 
4200 91 4 11 
4200 92 41 
4200 93 4 
4200 94 4 5 7 
4200 95 28 
4200 96 28 
4200 97 5 
4200 98 0 3 11 90 
4200 99 10 
4200 100 5 6 10 
4200 101 4 
4200 102 5 10 12 
4200 103 28 
4200 104 5 10 11 
4200 105 28 
4200 106 28 
4200 107 7 
4200 108 6 
4200 109 4 5 7 11 13 
4200 110 5 9 10 
4200 111 6 10 
4200 112 7 11 
4200 113 4 
4200 114 7 
4200 115 5 10 
4200 116 0 
4200 117 6 
4200 118 7 8 11 
4200 119 0 4 5 7 11 29 
4200 120 0 
4200 121 5 7 13 
4200 122 10 
4200 123 0 
4200 124 3 11 
4200 125 7 11 
4200 126 11 
4200 127 7 
4200 128 11 
4200 129 12 
4200 130 41 
4200 131 41 
4200 132 0 
4200 133 10 
4200 134 9 
4200 135 5 9 
4200 136 6 
4200 137 11 
4200 138 6 
4200 139 5 10 
4200 140 3 
4200 141 6 
4200 142 5 9 
4200 143 12 
4200 144 7 
4200 145 13 
4200 146 8 
4200 147 28 
4200 148 3 8 
4200 149 5 10 12 
4200 150 5 7 
4200 151 0 5 9 
4200 152 4 
4200 153 25 
4200 154 7 
4200 155 3 
4200 156 29 
4200 157 3 5 6 7 10 
4200 158 0 8 
4200 159 5 
4200 160 5 10 
4200 161 7 
4200 162 5 7 11 
4200 163 0 
4200 164 5 12 
4200 165 178 
4200 166 2 3 5 7 9 
4200 167 4 5 
4200 168 4 5 
4200 169 4 11 
4200 170 9 
4200 171 3 11 
4200 172 4 5 7 
4200 173 0 5 10 11 
4200 174 5 6 7 
4200 175 4 
4200 176 0 8 
4200 177 7 
4200 178 0 3 5 13 165 
4200 179 5 9 12 
4200 180 5 
4200 181 5 9 
4200 182 0 
4200 183 4 5 7 10 11 
4200 184 10 
4200 185 5 7 11 
4200 186 5 10 11 
4200 187 5 10 
4200 188 4 5 7 
4200 189 4 5 10 
4200 190 10 
4200 191 11 
4200 192 4 11 
4200 193 11 
4200 194 11 
4200 195 4 11 13 
4200 196 7 
4200 197 5 10 
4200 198 6 
4200 199 5 6 9 10 
0 7200 
4800 0 2 3 4 6 7 53 54 55 59 60 65 66 72 80 81 98 107 108 116 117 123 139 150 155 157 166 178 
4800 1 28 
4800 2 0 13 15 23 61 114 124 127 150 
4800 3 0 4 7 11 13 23 38 47 51 69 72 113 135 140 146 150 154 157 161 166 174 176 178 196 
4800 4 0 3 5 10 13 21 22 23 25 27 33 42 46 47 57 65 80 83 84 85 87 94 99 100 102 104 109 120 121 132 135 148 151 154 157 158 162 163 166 168 172 173 174 178 179 181 182 183 188 189 191 195 
4800 5 4 9 9 10 19 20 21 22 23 24 25 27 28 29 33 35 37 42 44 45 48 50 57 64 65 71 79 80 82 83 84 88 94 96 97 99 100 102 104 109 110 115 119 121 135 143 149 150 159 160 162 166 167 172 173 175 178 179 180 181 183 185 186 187 188 189 191 192 197 
4800 6 0 9 10 18 20 21 22 27 28 32 33 36 39 42 46 51 52 53 56 73 76 77 78 80 81 83 100 108 111 116 117 120 122 132 135 138 139 141 142 151 157 164 170 172 174 188 189 190 
4800 7 0 3 11 15 23 25 30 31 35 37 40 42 43 49 53 58 60 68 74 84 86 87 94 98 109 112 118 128 135 144 150 169 172 173 177 178 183 185 188 
4800 8 65 
4800 9 5 5 6 10 10 19 21 23 27 28 33 42 44 45 48 50 62 63 64 65 67 71 75 83 88 99 100 102 104 105 106 119 121 134 147 160 172 173 179 183 188 189 191 199 
4800 10 4 5 6 9 9 17 20 21 22 42 44 56 64 65 76 80 81 99 100 102 111 132 133 134 136 139 142 151 170 173 179 183 197 198 
4800 11 3 7 24 25 35 42 44 48 51 58 70 72 84 86 87 88 91 93 94 97 98 104 118 125 126 137 145 152 162 172 173 174 178 181 183 185 188 189 192 
4800 12 95 184 186 187 
4800 13 2 3 4 84 114 120 162 196 
4800 14 20 
4800 15 2 7 
4800 16 178 
4800 17 10 
4800 18 6 
4800 19 5 9 
4800 20 5 6 10 14 129 171 
4800 21 4 5 6 9 10 
4800 22 4 5 6 10 
4800 23 2 3 4 5 7 9 
4800 24 5 11 
4800 25 4 5 7 11 
4800 26 65 
4800 27 4 5 6 9 
4800 28 1 5 6 9 103 
4800 29 5 
4800 30 7 
4800 31 7 
4800 32 6 
4800 33 4 5 6 9 
4800 34 178 
4800 35 5 7 11 
4800 36 6 
4800 37 5 7 
4800 38 3 
4800 39 6 
4800 40 7 
4800 41 80 89 92 130 131 153 156 
4800 42 4 5 6 7 9 10 11 
4800 43 7 
4800 44 5 9 10 11 
4800 45 5 9 
4800 46 4 6 
4800 47 3 4 
4800 48 5 9 11 
4800 49 7 
4800 50 5 9 
4800 51 3 6 11 
4800 52 6 
4800 53 0 6 7 
4800 54 0 
4800 55 0 
4800 56 6 10 
4800 57 4 5 
4800 58 7 11 
4800 59 0 
4800 60 0 7 
4800 61 2 
4800 62 9 
4800 63 9 
4800 64 5 9 10 
4800 65 0 4 5 8 9 10 26 
4800 66 0 
4800 67 9 
4800 68 7 
4800 69 3 
4800 70 11 
4800 71 5 9 
4800 72 0 3 11 
4800 73 6 
4800 74 7 
4800 75 9 
4800 76 6 10 
4800 77 6 
4800 78 6 
4800 79 5 
4800 80 0 4 5 6 10 41 
4800 81 0 6 10 
4800 82 5 
4800 83 4 5 6 9 
4800 84 4 5 7 11 13 
4800 85 4 
4800 86 7 11 
4800 87 4 7 11 
4800 88 5 9 11 
4800 89 41 
4800 90 98 
4800 91 11 
4800 92 41 
4800 93 11 
4800 94 4 5 7 11 
4800 95 12 
4800 96 5 
4800 97 5 11 
4800 98 0 7 11 90 
4800 99 4 5 9 10 
4800 100 4 5 6 9 10 
4800 101 178 
4800 102 4 5 9 10 
4800 103 28 
4800 104 4 5 9 11 
4800 105 9 
4800 106 9 
4800 107 0 
4800 108 0 6 
4800 109 4 5 7 
4800 110 5 
4800 111 6 10 
4800 112 7 
4800 113 3 
4800 114 2 13 
4800 115 5 
4800 116 0 6 
4800 117 0 6 
4800 118 7 11 
4800 119 5 9 
4800 120 4 6 13 
4800 121 4 5 9 
4800 122 6 
4800 123 0 
4800 124 2 
4800 125 11 
4800 126 11 
4800 127 2 
4800 128 7 
4800 129 20 
4800 130 41 
4800 131 41 
4800 132 4 6 10 
4800 133 10 
4800 134 9 10 
4800 135 3 4 5 6 7 
4800 136 10 
4800 137 11 
4800 138 6 
4800 139 0 6 10 
4800 140 3 
4800 141 6 
4800 142 6 10 
4800 143 5 
4800 144 7 
4800 145 11 
4800 146 3 
4800 147 9 
4800 148 4 
4800 149 5 
4800 150 0 2 3 5 7 
4800 151 4 6 10 
4800 152 11 
4800 153 41 
4800 154 3 4 
4800 155 0 
4800 156 41 
4800 157 0 3 4 6 
4800 158 4 
4800 159 5 
4800 160 5 9 
4800 161 3 
4800 162 4 5 11 13 
4800 163 4 
4800 164 6 
4800 165 178 
4800 166 0 3 4 5 
4800 167 5 
4800 168 4 
4800 169 7 
4800 170 6 10 
4800 171 20 
4800 172 4 5 6 7 9 11 
4800 173 4 5 7 9 10 11 
4800 174 3 4 6 11 
4800 175 5 
4800 176 3 
4800 177 7 
4800 178 0 3 4 5 7 11 16 34 101 165 193 194 
4800 179 4 5 9 10 
4800 180 5 
4800 181 4 5 11 
4800 182 4 
4800 183 4 5 7 9 10 11 
4800 184 12 
4800 185 5 7 11 
4800 186 5 12 
4800 187 5 12 
4800 188 4 5 6 7 9 11 
4800 189 4 5 6 9 11 
4800 190 6 
4800 191 4 5 9 
4800 192 5 11 
4800 193 178 
4800 194 178 
4800 195 4 
4800 196 3 13 
4800 197 5 10 
4800 198 10 
4800 199 9 
0 7200 
5400 0 3 6 7 25 42 55 59 66 68 71 72 81 84 108 114 117 120 122 123 140 146 147 148 150 163 182 196 
5400 1 131 
5400 2 9 71 113 155 162 199 
5400 3 0 9 11 15 23 25 38 39 51 60 69 72 86 87 122 132 150 158 162 172 176 178 181 195 196 
5400 4 66 98 
5400 5 6 10 10 21 23 25 28 29 30 33 35 41 42 43 44 48 61 63 64 65 67 68 71 80 81 82 83 94 97 99 100 104 109 110 111 115 118 119 121 135 139 142 143 150 151 157 159 160 162 164 165 166 168 172 173 175 178 179 180 181 183 185 186 187 188 189 191 192 197 
5400 6 0 5 10 19 20 23 27 28 32 42 44 45 46 48 50 51 52 56 57 61 64 65 68 73 76 77 78 81 83 85 94 97 99 100 104 111 118 119 121 133 134 135 136 138 142 144 150 151 157 160 162 166 170 172 179 183 185 188 189 192 197 198 
5400 7 0 15 18 25 30 35 38 39 42 43 47 51 53 54 58 60 61 68 69 71 79 87 94 107 109 112 127 128 135 141 150 154 162 166 169 172 176 178 185 188 191 
5400 8 36 116 134 144 190 
5400 9 2 3 13 47 54 60 102 135 139 151 157 166 196 
5400 10 5 5 6 19 20 21 26 28 34 36 42 44 45 50 75 81 83 97 104 111 115 116 119 125 139 151 157 173 179 183 184 189 
5400 11 3 22 23 24 31 35 37 48 49 51 68 69 70 71 72 74 86 87 90 91 93 94 97 104 122 124 132 137 145 152 154 161 167 177 178 181 188 191 192 195 196 
5400 12 17 41 89 103 118 119 130 149 153 164 179 
5400 13 9 23 39 53 87 122 135 158 162 166 168 196 199 
5400 14 20 
5400 15 3 7 
5400 16 40 71 
5400 17 12 
5400 18 7 
5400 19 6 10 105 106 
5400 20 6 10 14 129 171 174 
5400 21 5 10 
5400 22 11 42 156 
5400 23 3 5 6 11 13 
5400 24 11 
5400 25 0 3 5 7 88 126 
5400 26 10 
5400 27 6 
5400 28 5 6 10 95 
5400 29 5 
5400 30 5 7 
5400 31 11 
5400 32 6 
5400 33 5 
5400 34 10 
5400 35 5 7 11 
5400 36 8 10 
5400 37 11 
5400 38 3 7 
5400 39 3 7 13 
5400 40 16 
5400 41 5 12 68 92 
5400 42 0 5 6 7 10 22 
5400 43 5 7 
5400 44 5 6 10 
5400 45 6 10 
5400 46 6 
5400 47 7 9 
5400 48 5 6 11 
5400 49 11 
5400 50 6 10 
5400 51 3 6 7 11 
5400 52 6 
5400 53 7 13 
5400 54 7 9 
5400 55 0 
5400 56 6 
5400 57 6 
5400 58 7 
5400 59 0 
5400 60 3 7 9 
5400 61 5 6 7 
5400 62 120 
5400 63 5 
5400 64 5 6 
5400 65 5 6 
5400 66 0 4 
5400 67 5 
5400 68 0 5 6 7 11 41 96 
5400 69 3 7 11 
5400 70 11 
5400 71 0 2 5 7 11 16 101 193 194 
5400 72 0 3 11 
5400 73 6 
5400 74 11 
5400 75 10 
5400 76 6 
5400 77 6 
5400 78 6 
5400 79 7 
5400 80 5 
5400 81 0 5 6 10 
5400 82 5 
5400 83 5 6 10 
5400 84 0 
5400 85 6 
5400 86 3 11 
5400 87 3 7 11 13 
5400 88 25 
5400 89 12 
5400 90 11 
5400 91 11 
5400 92 41 
5400 93 11 
5400 94 5 6 7 11 
5400 95 28 
5400 96 68 
5400 97 5 6 10 11 
5400 98 4 
5400 99 5 6 
5400 100 5 6 
5400 101 71 
5400 102 9 
5400 103 12 
5400 104 5 6 10 11 
5400 105 19 
5400 106 19 
5400 107 7 
5400 108 0 
5400 109 5 7 
5400 110 5 
5400 111 5 6 10 
5400 112 7 
5400 113 2 
5400 114 0 
5400 115 5 10 
5400 116 8 10 
5400 117 0 
5400 118 5 6 12 
5400 119 5 6 10 12 
5400 120 0 62 
5400 121 5 6 
5400 122 0 3 11 13 
5400 123 0 
5400 124 11 
5400 125 10 
5400 126 25 
5400 127 7 
5400 128 7 
5400 129 20 
5400 130 12 
5400 131 1 
5400 132 3 11 
5400 133 6 
5400 134 6 8 
5400 135 5 6 7 9 13 
5400 136 6 
5400 137 11 
5400 138 6 
5400 139 5 9 10 
5400 140 0 
5400 141 7 
5400 142 5 6 
5400 143 5 
5400 144 6 8 
5400 145 11 
5400 146 0 
5400 147 0 
5400 148 0 
5400 149 12 
5400 150 0 3 5 6 7 
5400 151 5 6 9 10 
5400 152 11 
5400 153 12 
5400 154 7 11 
5400 155 2 
5400 156 22 
5400 157 5 6 9 10 
5400 158 3 13 
5400 159 5 
5400 160 5 6 
5400 161 11 
5400 162 2 3 5 6 7 13 
5400 163 0 
5400 164 5 12 
5400 165 5 
5400 166 5 6 7 9 13 
5400 167 11 
5400 168 5 13 
5400 169 7 
5400 170 6 
5400 171 20 
5400 172 3 5 6 7 
5400 173 5 10 
5400 174 20 
5400 175 5 
5400 176 3 7 
5400 177 11 
5400 178 3 5 7 11 
5400 179 5 6 10 12 
5400 180 5 
5400 181 3 5 11 
5400 182 0 
5400 183 5 6 10 
5400 184 10 
5400 185 5 6 7 
5400 186 5 
5400 187 5 
5400 188 5 6 7 11 
5400 189 5 6 10 
5400 190 8 
5400 191 5 7 11 
5400 192 5 6 11 
5400 193 71 
5400 194 71 
5400 195 3 11 
5400 196 0 3 9 11 13 
5400 197 5 6 
5400 198 6 
5400 199 2 13 
0 7200 
6000 0 2 3 4 6 7 19 25 42 47 52 56 59 60 65 66 68 71 81 84 87 99 108 117 122 123 132 139 144 168 176 199 
6000 1 41 
6000 2 0 13 69 71 107 113 135 141 172 181 
6000 3 0 4 7 11 13 23 54 63 71 86 87 109 118 125 135 140 146 150 158 182 191 199 
6000 4 0 3 5 5 6 10 10 21 23 24 25 32 39 42 46 54 64 65 68 72 73 83 97 100 102 104 118 122 132 134 135 139 140 143 150 151 162 163 169 172 189 199 
6000 5 4 4 6 10 17 21 23 25 31 33 35 41 42 44 46 48 49 50 54 61 65 67 68 71 80 82 83 94 97 100 104 109 110 111 118 119 135 140 144 147 150 151 157 162 170 172 173 175 178 180 181 184 185 186 187 188 189 191 193 197 
6000 6 0 4 5 10 21 23 27 33 34 36 42 44 45 48 52 54 57 61 65 68 77 78 83 85 94 100 104 111 118 119 120 121 124 133 134 135 136 138 140 142 144 149 150 151 160 162 164 166 170 172 173 179 185 189 190 198 
6000 7 0 3 23 25 35 39 40 42 51 54 61 64 68 71 74 94 107 112 113 118 127 128 135 143 150 154 157 161 162 169 172 176 177 178 181 185 188 195 
6000 8 52 
6000 9 55 56 108 114 125 148 163 
6000 10 4 4 5 6 21 42 53 61 75 76 77 78 81 83 85 97 99 100 111 115 116 117 119 121 124 136 144 147 160 170 179 189 192 196 
6000 11 3 16 18 20 22 23 25 30 35 37 43 44 58 60 63 68 70 87 88 104 118 126 137 140 145 147 150 152 155 159 162 165 167 172 176 181 185 192 199 
6000 12 34 
6000 13 2 3 15 39 51 52 64 87 118 135 140 143 151 
6000 14 22 
6000 15 13 
6000 16 11 
6000 17 5 
6000 18 11 
6000 19 0 
6000 20 11 25 38 174 
6000 21 4 5 6 10 
6000 22 11 14 42 156 171 183 
6000 23 3 4 5 6 7 11 
6000 24 4 
6000 25 0 4 5 7 11 20 
6000 26 65 
6000 27 6 
6000 28 34 
6000 29 68 
6000 30 11 
6000 31 5 
6000 32 4 
6000 33 5 6 
6000 34 6 12 28 106 
6000 35 5 7 11 
6000 36 6 
6000 37 11 
6000 38 20 
6000 39 4 7 13 
6000 40 7 
6000 41 1 5 68 89 92 95 103 105 129 130 131 153 
6000 42 0 4 5 6 7 10 22 
6000 43 11 
6000 44 5 6 11 
6000 45 6 
6000 46 4 5 
6000 47 0 
6000 48 5 6 
6000 49 5 
6000 50 5 
6000 51 7 13 
6000 52 0 6 8 13 
6000 53 10 
6000 54 3 4 5 6 7 
6000 55 9 
6000 56 0 9 
6000 57 6 
6000 58 11 
6000 59 0 
6000 60 0 11 
6000 61 5 6 7 10 
6000 62 66 
6000 63 3 11 
6000 64 4 7 13 
6000 65 0 4 5 6 26 
6000 66 0 62 
6000 67 5 
6000 68 0 4 5 6 7 11 29 41 79 93 96 
6000 69 2 
6000 70 11 
6000 71 0 2 3 5 7 90 91 101 194 
6000 72 4 
6000 73 4 
6000 74 7 
6000 75 10 
6000 76 10 
6000 77 6 10 
6000 78 6 10 
6000 79 68 
6000 80 5 
6000 81 0 10 
6000 82 5 
6000 83 4 5 6 10 
6000 84 0 
6000 85 6 10 
6000 86 3 
6000 87 0 3 11 13 
6000 88 11 
6000 89 41 
6000 90 71 
6000 91 71 
6000 92 41 
6000 93 68 
6000 94 5 6 7 
6000 95 41 
6000 96 68 
6000 97 4 5 10 
6000 98 132 
6000 99 0 10 
6000 100 4 5 6 10 
6000 101 71 
6000 102 4 
6000 103 41 
6000 104 4 5 6 11 
6000 105 41 
6000 106 34 
6000 107 2 7 
6000 108 0 9 
6000 109 3 5 
6000 110 5 
6000 111 5 6 10 
6000 112 7 
6000 113 2 7 
6000 114 9 
6000 115 10 
6000 116 10 
6000 117 0 10 
6000 118 3 4 5 6 7 11 13 
6000 119 5 6 10 
6000 120 6 
6000 121 6 10 
6000 122 0 4 
6000 123 0 
6000 124 6 10 
6000 125 3 9 
6000 126 11 
6000 127 7 
6000 128 7 
6000 129 41 
6000 130 41 
6000 131 41 
6000 132 0 4 98 
6000 133 6 
6000 134 4 6 
6000 135 2 3 4 5 6 7 13 
6000 136 6 10 
6000 137 11 
6000 138 6 
6000 139 0 4 
6000 140 3 4 5 6 11 13 
6000 141 2 
6000 142 6 
6000 143 4 7 13 
6000 144 0 5 6 10 
6000 145 11 
6000 146 3 
6000 147 5 10 11 
6000 148 9 
6000 149 6 
6000 150 3 4 5 6 7 11 
6000 151 4 5 6 13 
6000 152 11 
6000 153 41 
6000 154 7 
6000 155 11 
6000 156 22 
6000 157 5 7 
6000 158 3 
6000 159 11 
6000 160 6 10 
6000 161 7 
6000 162 4 5 6 7 11 
6000 163 4 9 
6000 164 6 
6000 165 11 
6000 166 6 
6000 167 11 
6000 168 0 
6000 169 4 7 
6000 170 5 6 10 
6000 171 22 
6000 172 2 4 5 6 7 11 
6000 173 5 6 
6000 174 20 
6000 175 5 
6000 176 0 7 11 
6000 177 7 
6000 178 5 7 
6000 179 6 10 
6000 180 5 
6000 181 2 5 7 11 
6000 182 3 
6000 183 22 
6000 184 5 
6000 185 5 6 7 11 
6000 186 5 
6000 187 5 
6000 188 5 7 
6000 189 4 5 6 10 
6000 190 6 
6000 191 3 5 
6000 192 10 11 
6000 193 5 
6000 194 71 
6000 195 7 
6000 196 10 
6000 197 5 
6000 198 6 
6000 199 0 3 4 11 
0 7200 
6600 0 2 3 4 6 7 9 15 17 25 34 51 55 61 65 66 68 71 72 99 132 143 144 148 154 158 168 181 187 
6600 1 157 
6600 2 0 12 57 71 138 140 141 145 195 199 
6600 3 0 4 7 11 12 15 17 23 53 55 71 86 89 125 135 138 143 146 150 161 172 176 178 181 
6600 4 0 3 5 10 12 21 22 23 25 32 47 51 52 53 56 57 59 60 64 66 68 72 81 84 85 87 89 97 99 102 104 108 116 118 121 122 123 135 138 140 146 150 151 162 172 179 181 182 189 199 
6600 5 4 6 22 23 46 52 61 65 66 75 83 89 97 102 115 121 134 135 151 164 173 189 198 199 
6600 6 0 5 8 22 23 26 27 33 35 36 45 46 48 50 61 65 68 81 83 89 99 104 114 116 120 132 135 140 142 143 144 146 147 150 151 170 182 185 190 197 199 
6600 7 0 3 11 11 23 25 30 39 40 43 51 58 59 63 64 68 71 72 76 86 89 94 100 109 112 118 121 123 124 127 128 135 143 146 150 161 162 163 169 172 177 178 181 185 188 191 196 
6600 8 6 99 116 139 149 160 164 166 
6600 9 0 
6600 10 4 21 22 24 42 44 73 77 78 81 104 108 111 115 121 134 166 180 184 186 189 192 199 
6600 11 3 7 7 18 19 23 25 31 33 37 39 43 44 49 51 57 58 63 64 68 69 71 72 74 79 82 86 90 94 100 104 109 112 113 118 135 137 138 140 146 150 152 154 159 161 162 165 167 172 176 178 181 185 188 189 191 192 194 195 196 
6600 12 2 3 4 39 61 107 118 120 121 150 162 172 
6600 13 29 
6600 14 29 
6600 15 0 3 
6600 16 71 
6600 17 0 3 
6600 18 11 
6600 19 11 
6600 20 25 38 174 175 
6600 21 4 10 80 
6600 22 4 5 6 10 28 105 106 
6600 23 3 4 5 6 7 11 
6600 24 10 
6600 25 0 4 7 11 20 88 126 133 
6600 26 6 
6600 27 6 
6600 28 22 
6600 29 13 14 68 110 156 171 183 
6600 30 7 
6600 31 11 
6600 32 4 
6600 33 6 11 
6600 34 0 
6600 35 6 
6600 36 6 
6600 37 11 
6600 38 20 
6600 39 7 11 12 
6600 40 7 
6600 41 68 92 95 103 129 130 131 153 
6600 42 10 
6600 43 7 11 
6600 44 10 11 
6600 45 6 
6600 46 5 6 
6600 47 4 
6600 48 6 
6600 49 11 
6600 50 6 
6600 51 0 4 7 11 
6600 52 4 5 
6600 53 3 4 
6600 54 71 
6600 55 0 3 
6600 56 4 
6600 57 2 4 11 
6600 58 7 11 
6600 59 4 7 
6600 60 4 
6600 61 0 5 6 12 
6600 62 66 
6600 63 7 11 
6600 64 4 7 11 
6600 65 0 5 6 
6600 66 0 4 5 62 
6600 67 68 
6600 68 0 4 6 7 11 29 41 67 70 93 96 117 119 136 193 
6600 69 11 
6600 70 68 
6600 71 0 2 3 7 11 16 54 91 101 155 
6600 72 0 4 7 11 
6600 73 10 
6600 74 11 
6600 75 5 
6600 76 7 
6600 77 10 
6600 78 10 
6600 79 11 
6600 80 21 
6600 81 4 6 10 
6600 82 11 
6600 83 5 6 
6600 84 4 
6600 85 4 
6600 86 3 7 11 
6600 87 4 
6600 88 25 
6600 89 3 4 5 6 7 
6600 90 11 
6600 91 71 
6600 92 41 
6600 93 68 
6600 94 7 11 
6600 95 41 
6600 96 68 
6600 97 4 5 
6600 98 132 
6600 99 0 4 6 8 
6600 100 7 11 
6600 101 71 
6600 102 4 5 
6600 103 41 
6600 104 4 6 10 11 
6600 105 22 
6600 106 22 
6600 107 12 
6600 108 4 10 
6600 109 7 11 
6600 110 29 
6600 111 10 
6600 112 7 11 
6600 113 11 
6600 114 6 
6600 115 5 10 
6600 116 4 6 8 
6600 117 68 
6600 118 4 7 11 12 
6600 119 68 
6600 120 6 12 
6600 121 4 5 7 10 12 
6600 122 4 
6600 123 4 7 
6600 124 7 
6600 125 3 
6600 126 25 
6600 127 7 
6600 128 7 
6600 129 41 
6600 130 41 
6600 131 41 
6600 132 0 6 98 
6600 133 25 
6600 134 5 10 
6600 135 3 4 5 6 7 11 
6600 136 68 
6600 137 11 
6600 138 2 3 4 11 
6600 139 8 
6600 140 2 4 6 11 
6600 141 2 
6600 142 6 
6600 143 0 3 6 7 
6600 144 0 6 
6600 145 2 
6600 146 3 4 6 7 11 
6600 147 6 
6600 148 0 
6600 149 8 
6600 150 3 4 6 7 11 12 
6600 151 4 5 6 
6600 152 11 
6600 153 41 
6600 154 0 11 
6600 155 71 
6600 156 29 
6600 157 1 
6600 158 0 
6600 159 11 
6600 160 8 
6600 161 3 7 11 
6600 162 4 7 11 12 
6600 163 7 
6600 164 5 8 
6600 165 11 
6600 166 8 10 
6600 167 11 
6600 168 0 
6600 169 7 
6600 170 6 
6600 171 29 
6600 172 3 4 7 11 12 
6600 173 5 
6600 174 20 
6600 175 20 
6600 176 3 11 
6600 177 7 
6600 178 3 7 11 
6600 179 4 
6600 180 10 
6600 181 0 3 4 7 11 
6600 182 4 6 
6600 183 29 
6600 184 10 
6600 185 6 7 11 
6600 186 10 
6600 187 0 
6600 188 7 11 
6600 189 4 5 10 11 
6600 190 6 
6600 191 7 11 
6600 192 10 11 
6600 193 68 
6600 194 11 
6600 195 2 11 
6600 196 7 11 
6600 197 6 
6600 198 5 
6600 199 2 4 5 6 10 
0 7200 
7200 0 2 9 11 12 15 25 32 46 61 64 65 66 68 71 72 84 99 102 107 108 116 132 143 154 169 174 179 187 192 
7200 1 171 
7200 2 0 71 100 118 138 141 148 178 191 199 
7200 3 4 11 25 34 46 47 55 56 60 64 71 86 89 101 107 109 113 122 123 135 146 149 154 158 167 168 178 192 
7200 4 3 11 25 47 52 61 68 71 81 87 97 101 109 118 121 135 138 139 144 146 150 151 162 163 172 178 179 181 188 191 195 199 
7200 5 10 35 43 65 81 89 104 108 111 120 138 144 151 176 182 
7200 6 13 21 22 24 28 33 38 41 44 49 51 54 61 61 67 75 82 92 94 95 96 103 104 105 106 125 129 130 133 145 147 156 157 159 160 164 175 180 183 185 186 197 
7200 7 11 39 46 47 60 64 68 71 101 118 121 135 138 140 150 151 161 162 172 178 188 191 192 195 199 
7200 8 27 73 77 197 198 
7200 9 0 
7200 10 5 25 25 31 33 37 42 44 51 53 58 61 65 68 71 79 80 81 83 86 87 89 93 94 101 108 109 110 117 118 119 121 127 135 136 138 142 144 146 150 151 152 160 161 162 165 166 170 171 172 178 181 182 184 185 188 189 191 193 195 196 199 
7200 11 0 3 4 7 17 18 19 20 30 33 40 51 57 58 60 63 68 71 74 76 86 87 88 89 90 94 101 109 112 121 124 126 127 128 135 138 140 146 148 149 150 154 155 161 162 163 165 172 177 181 185 192 195 196 199 
7200 12 0 
7200 13 6 
7200 14 68 
7200 15 0 
7200 16 46 
7200 17 11 
7200 18 11 
7200 19 11 
7200 20 11 
7200 21 6 
7200 22 6 
7200 23 68 153 
7200 24 6 
7200 25 0 3 4 10 10 45 
7200 26 32 
7200 27 8 
7200 28 6 
7200 29 68 
7200 30 11 
7200 31 10 
7200 32 0 26 36 48 59 78 85 114 115 134 137 173 190 
7200 33 6 10 11 
7200 34 3 
7200 35 5 
7200 36 32 
7200 37 10 
7200 38 6 
7200 39 7 
7200 40 11 
7200 41 6 68 131 
7200 42 10 
7200 43 5 
7200 44 6 10 
7200 45 25 
7200 46 0 3 7 16 
7200 47 3 4 7 
7200 48 32 
7200 49 6 
7200 50 65 
7200 51 6 10 11 
7200 52 4 
7200 53 10 
7200 54 6 
7200 55 3 
7200 56 3 
7200 57 11 
7200 58 10 11 
7200 59 32 
7200 60 3 7 11 
7200 61 0 4 6 6 10 
7200 62 66 
7200 63 11 
7200 64 0 3 7 
7200 65 0 5 10 50 
7200 66 0 62 
7200 67 6 
7200 68 0 4 7 10 11 14 23 29 41 70 
7200 69 108 
7200 70 68 
7200 71 0 2 3 4 7 10 11 91 194 
7200 72 0 
7200 73 8 
7200 74 11 
7200 75 6 
7200 76 11 
7200 77 8 
7200 78 32 
7200 79 10 
7200 80 10 
7200 81 4 5 10 
7200 82 6 
7200 83 10 
7200 84 0 
7200 85 32 
7200 86 3 10 11 
7200 87 4 10 11 
7200 88 11 
7200 89 3 5 10 11 
7200 90 11 
7200 91 71 
7200 92 6 
7200 93 10 
7200 94 6 10 11 
7200 95 6 
7200 96 6 
7200 97 4 
7200 98 132 
7200 99 0 
7200 100 2 
7200 101 3 4 7 10 11 
7200 102 0 
7200 103 6 
7200 104 5 6 
7200 105 6 
7200 106 6 
7200 107 0 3 
7200 108 0 5 10 69 
7200 109 3 4 10 11 
7200 110 10 
7200 111 5 
7200 112 11 
7200 113 3 
7200 114 32 
7200 115 32 
7200 116 0 
7200 117 10 
7200 118 2 4 7 10 
7200 119 10 
7200 120 5 
7200 121 4 7 10 11 
7200 122 3 
7200 123 3 
7200 124 11 
7200 125 6 
7200 126 11 
7200 127 10 11 
7200 128 11 
7200 129 6 
7200 130 6 
7200 131 41 
7200 132 0 98 
7200 133 6 
7200 134 32 
7200 135 3 4 7 10 11 
7200 136 10 
7200 137 32 
7200 138 2 4 5 7 10 11 
7200 139 4 
7200 140 7 11 
7200 141 2 
7200 142 10 
7200 143 0 
7200 144 4 5 10 
7200 145 6 
7200 146 3 4 10 11 
7200 147 6 
7200 148 2 11 
7200 149 3 11 
7200 150 4 7 10 11 
7200 151 4 5 7 10 
7200 152 10 
7200 153 23 
7200 154 0 3 11 
7200 155 11 
7200 156 6 
7200 157 6 
7200 158 3 
7200 159 6 
7200 160 6 10 
7200 161 7 10 11 
7200 162 4 7 10 11 
7200 163 4 11 
7200 164 6 
7200 165 10 11 
7200 166 10 
7200 167 3 
7200 168 3 
7200 169 0 
7200 170 10 
7200 171 1 10 
7200 172 4 7 10 11 
7200 173 32 
7200 174 0 
7200 175 6 
7200 176 5 
7200 177 11 
7200 178 2 3 4 7 10 
7200 179 0 4 
7200 180 6 
7200 181 4 10 11 
7200 182 5 10 
7200 183 6 
7200 184 10 
7200 185 6 10 11 
7200 186 6 
7200 187 0 
7200 188 4 7 10 
7200 189 10 
7200 190 32 
7200 191 2 4 7 10 
7200 192 0 3 7 11 
7200 193 10 
7200 194 71 
7200 195 4 7 10 11 
7200 196 10 11 
7200 197 6 8 
7200 198 8 
7200 199 2 4 7 10 11 
