0 62 
62 31 
10 0 
11 0 46 88 94 
46 44 5 
88 87 89 
94 97 
12 0 36 53 85 
36 10 41 75 
53 2 
85 
13 0 26 74 
26 17 25 2 4 97 
74 61 73 
1 0 17 89 
17 16 
89 
14 34 40 68 88 93 
34 10 57 82 83 7 
40 15 23 
68 1 60 75 87 
93 
15 14 
16 56 
56 57 68 76 
18 16 7 
7 1 
19 16 24 76 
24 21 85 
76 35 75 
9 17 
20 9 27 
27 1 20 
21 48 76 
48 83 
22 21 
23 21 27 34 36 70 3 78 
70 25 
3 46 57 8 
78 12 34 6 70 
25 17 57 
57 56 
2 44 
4 76 
97 
28 59 62 
59 25 38 58 84 95 
29 28 37 
37 27 
30 10 
31 10 30 69 
69 15 62 68 
32 10 27 91 
91 89 
33 10 25 39 78 81 85 
39 37 
81 80 
82 4 
83 29 
35 10 53 
41 23 40 94 
75 
38 37 
42 31 91 95 
95 
43 33 35 39 42 63 73 
63 31 49 3 81 83 
73 71 8 
44 78 5 
5 67 85 
45 38 41 44 96 
96 
47 18 44 57 66 
66 1 6 59 61 65 80 
49 30 
50 43 
51 50 56 57 
6 38 50 
52 2 3 79 
79 12 
54 2 63 78 98 
98 
55 11 12 75 
58 47 
84 83 
60 41 58 
61 24 31 38 
64 22 32 
65 
80 
67 65 
87 
71 67 82 
72 15 71 4 
8 55 87 
77 12 63 
86 34 3 
90 69 89 
92 15 76 
99 
