0 7200 
0 0 138 
0 1 111 135 139 146 
0 2 9 37 94 137 
0 3 63 
0 4 42 42 51 106 118 135 
0 5 8 70 109 115 125 138 
0 6 48 71 97 114 134 138 
0 7 115 
0 8 5 15 26 58 76 99 
0 9 2 99 114 135 
0 10 25 85 89 
0 11 25 27 46 56 78 87 97 148 
0 12 21 66 87 99 106 109 
0 13 114 
0 14 53 91 
0 15 8 21 58 97 115 119 128 134 135 
0 16 91 
0 17 18 32 113 116 
0 18 17 65 108 135 
0 19 29 32 70 108 
0 20 34 62 84 124 
0 21 12 15 58 83 108 130 
0 22 31 40 46 
0 23 113 
0 24 26 59 60 76 97 141 
0 25 10 11 95 134 
0 26 8 24 28 63 107 
0 27 11 28 57 59 61 88 107 108 141 
0 28 26 27 31 48 120 138 147 
0 29 19 130 
0 30 33 135 
0 31 22 28 107 
0 32 17 19 51 58 108 145 
0 33 30 
0 34 20 101 121 129 137 
0 35 114 128 
0 36 51 66 
0 37 2 
0 38 55 
0 39 104 118 
0 40 22 49 51 91 95 
0 41 46 108 120 133 
0 42 4 4 77 145 
0 43 67 82 92 
0 44 64 85 146 148 
0 45 78 
0 46 11 22 41 116 
0 47 110 
0 48 6 28 63 
0 49 40 68 87 138 
0 50 85 119 134 
0 51 4 32 36 40 131 
0 52 
0 53 14 117 118 145 
0 54 116 124 129 
0 55 38 56 70 101 148 148 
0 56 11 55 69 91 109 113 116 145 
0 57 27 65 89 
0 58 8 15 21 32 131 
0 59 24 27 132 
0 60 24 78 138 140 
0 61 27 73 140 141 
0 62 20 132 139 
0 63 3 26 48 149 
0 64 44 123 123 
0 65 18 57 79 125 134 135 
0 66 12 36 69 
0 67 43 79 124 
0 68 49 
0 69 56 66 79 106 114 148 
0 70 5 19 55 72 
0 71 6 95 
0 72 70 89 90 116 
0 73 61 94 131 
0 74 98 123 149 
0 75 137 
0 76 8 24 127 
0 77 42 78 87 91 106 134 134 145 
0 78 11 45 60 77 108 
0 79 65 67 69 105 129 
0 80 84 105 
0 81 94 119 
0 82 43 130 135 
0 83 21 
0 84 20 80 
0 85 10 44 50 149 
0 86 105 118 
0 87 11 12 49 77 133 
0 88 27 128 
0 89 10 57 72 
0 90 72 118 134 
0 91 14 16 40 56 77 
0 92 43 106 108 109 125 137 
0 93 141 
0 94 2 73 81 107 
0 95 25 40 71 149 
0 96 134 136 
0 97 6 11 15 24 114 128 141 
0 98 74 102 
0 99 8 9 12 103 116 125 142 
0 100 124 
0 101 34 55 115 
0 102 98 107 108 132 
0 103 99 111 
0 104 39 
0 105 79 80 86 
0 106 4 12 69 77 92 
0 107 26 27 31 94 102 
0 108 18 19 21 27 32 41 78 92 102 118 145 
0 109 5 12 56 92 118 137 
0 110 47 
0 111 1 103 122 
0 112 
0 113 17 23 56 
0 114 6 9 13 35 69 97 120 
0 115 5 7 15 101 124 
0 116 17 46 54 56 72 99 138 
0 117 53 
0 118 4 39 53 86 90 108 109 144 
0 119 15 50 81 
0 120 28 41 114 131 144 145 145 
0 121 34 
0 122 111 125 
0 123 64 64 74 
0 124 20 54 67 100 115 126 
0 125 5 65 92 99 122 126 132 
0 126 124 125 129 137 146 146 
0 127 76 
0 128 15 35 88 97 140 147 
0 129 34 54 79 126 
0 130 21 29 82 
0 131 51 58 73 120 
0 132 59 62 102 125 
0 133 41 87 140 
0 134 6 15 25 50 65 77 77 90 96 149 
0 135 1 4 9 15 18 30 65 82 
0 136 96 
0 137 2 34 75 92 109 126 
0 138 0 5 6 28 49 60 116 
0 139 1 62 
0 140 60 61 128 133 
0 141 24 27 61 93 97 
0 142 99 
0 143 
0 144 118 120 
0 145 32 42 53 56 77 108 120 120 
0 146 1 44 126 126 
0 147 28 128 
0 148 11 44 55 55 69 
0 149 63 74 85 95 134 
0 7200 
600 0 51 78 
600 1 110 
600 2 146 
600 3 
600 4 21 79 86 109 144 
600 5 23 51 69 87 
600 6 11 88 95 121 140 141 
600 7 33 
600 8 10 93 119 
600 9 57 105 
600 10 8 101 142 
600 11 6 41 56 68 73 147 
600 12 116 124 127 
600 13 15 35 61 68 121 147 
600 14 34 36 79 104 
600 15 13 23 120 
600 16 21 
600 17 65 105 107 125 127 
600 18 70 
600 19 20 45 107 
600 20 19 38 40 62 
600 21 4 16 53 80 86 
600 22 114 121 134 140 145 
600 23 5 15 61 70 
600 24 98 102 
600 25 60 69 87 88 90 106 116 140 
600 26 95 99 102 119 147 
600 27 78 81 90 94 95 100 105 109 119 
600 28 35 68 95 
600 29 80 134 
600 30 45 75 125 
600 31 
600 32 129 134 
600 33 7 80 130 
600 34 14 
600 35 13 28 53 61 
600 36 14 39 
600 37 100 118 147 
600 38 20 54 
600 39 36 40 56 83 113 118 130 
600 40 20 39 47 58 
600 41 11 71 
600 42 70 73 78 128 
600 43 87 118 119 
600 44 103 105 139 
600 45 19 30 62 
600 46 107 114 
600 47 40 67 148 
600 48 60 111 
600 49 
600 50 72 
600 51 0 5 106 121 
600 52 107 
600 53 21 35 100 
600 54 38 58 82 
600 55 110 116 
600 56 11 39 91 113 
600 57 9 64 81 
600 58 40 54 62 66 67 69 106 
600 59 63 72 93 136 
600 60 25 48 68 88 127 140 
600 61 13 23 35 87 
600 62 20 45 58 110 
600 63 59 
600 64 57 143 
600 65 17 81 93 
600 66 58 80 113 
600 67 47 58 
600 68 11 13 28 60 129 
600 69 5 25 58 85 148 
600 70 18 23 42 78 114 127 
600 71 41 76 
600 72 50 59 74 
600 73 11 42 
600 74 72 81 
600 75 30 110 
600 76 71 
600 77 114 
600 78 0 27 42 70 114 131 145 
600 79 4 14 126 
600 80 21 29 33 66 84 
600 81 27 57 65 74 99 115 
600 82 54 
600 83 39 
600 84 80 
600 85 69 92 115 116 123 
600 86 4 21 
600 87 5 25 43 61 105 105 106 128 
600 88 6 25 60 114 118 129 
600 89 
600 90 25 27 93 
600 91 56 129 
600 92 85 135 
600 93 8 59 65 90 94 135 
600 94 27 93 100 
600 95 6 26 27 28 
600 96 105 118 
600 97 104 
600 98 24 
600 99 26 81 132 
600 100 27 37 53 94 107 116 
600 101 10 123 136 
600 102 24 26 132 
600 103 44 135 
600 104 14 97 
600 105 9 17 27 44 87 87 96 127 135 
600 106 25 51 58 87 114 135 
600 107 17 19 46 52 100 120 136 
600 108 126 
600 109 4 27 114 124 
600 110 1 55 62 75 126 137 
600 111 48 142 
600 112 
600 113 39 56 66 
600 114 22 46 70 77 78 88 106 109 127 140 
600 115 81 85 121 145 145 
600 116 12 25 55 85 100 
600 117 
600 118 37 39 43 88 96 135 
600 119 8 26 27 43 
600 120 15 107 147 
600 121 6 13 22 51 115 
600 122 141 
600 123 85 101 
600 124 12 109 148 
600 125 17 30 133 135 
600 126 79 108 110 
600 127 12 17 60 70 105 114 
600 128 42 87 
600 129 32 68 88 91 147 
600 130 33 39 
600 131 78 
600 132 99 102 142 148 
600 133 125 
600 134 22 29 32 
600 135 92 93 103 105 106 118 125 146 
600 136 59 101 107 
600 137 110 
600 138 
600 139 44 146 
600 140 6 22 25 60 114 145 
600 141 6 122 
600 142 10 111 132 
600 143 64 
600 144 4 
600 145 22 78 115 115 140 
600 146 2 135 139 
600 147 11 13 26 37 120 129 
600 148 47 69 124 132 
600 149 
0 7200 
1200 0 
1200 1 14 43 65 95 108 109 
1200 2 
1200 3 
1200 4 22 37 86 90 104 
1200 5 35 37 70 134 145 
1200 6 27 127 
1200 7 13 30 55 84 
1200 8 10 41 43 90 
1200 9 67 90 116 
1200 10 8 105 
1200 11 123 
1200 12 27 57 87 
1200 13 7 
1200 14 1 45 90 93 125 
1200 15 36 61 107 140 141 
1200 16 
1200 17 61 86 114 126 145 
1200 18 66 94 112 
1200 19 20 82 90 99 118 118 119 
1200 20 19 45 49 99 109 
1200 21 104 109 
1200 22 4 78 96 
1200 23 52 53 61 129 131 147 
1200 24 83 122 
1200 25 76 87 106 
1200 26 27 136 
1200 27 6 12 26 60 87 115 122 127 141 147 
1200 28 
1200 29 
1200 30 7 78 82 
1200 31 41 
1200 32 61 149 
1200 33 66 
1200 34 35 107 122 
1200 35 5 34 106 
1200 36 15 53 130 
1200 37 4 5 86 
1200 38 45 62 
1200 39 
1200 40 78 
1200 41 8 31 50 
1200 42 73 118 145 
1200 43 1 8 111 
1200 44 102 108 133 
1200 45 14 20 38 72 78 99 
1200 46 
1200 47 55 62 
1200 48 50 83 88 94 96 149 
1200 49 20 130 
1200 50 41 48 63 74 122 
1200 51 56 69 88 97 
1200 52 23 119 147 
1200 53 23 36 115 144 
1200 54 
1200 55 7 47 66 79 
1200 56 51 
1200 57 12 125 
1200 58 80 82 94 
1200 59 136 143 
1200 60 27 
1200 61 15 17 23 32 83 96 109 118 122 127 
1200 62 38 47 108 
1200 63 50 76 83 
1200 64 
1200 65 1 67 79 79 142 143 146 
1200 66 18 33 55 67 86 100 100 118 
1200 67 9 65 66 78 130 148 
1200 68 
1200 69 51 100 113 
1200 70 5 75 104 114 
1200 71 129 
1200 72 45 103 142 
1200 73 42 122 
1200 74 50 111 
1200 75 70 134 145 
1200 76 25 63 98 109 141 
1200 77 134 144 
1200 78 22 30 40 45 67 111 
1200 79 55 65 65 113 
1200 80 58 92 137 
1200 81 95 123 137 143 149 
1200 82 19 30 58 96 113 118 135 
1200 83 24 48 61 63 
1200 84 7 
1200 85 114 122 
1200 86 4 17 37 66 112 117 
1200 87 12 25 27 96 99 113 137 
1200 88 48 51 147 
1200 89 142 
1200 90 4 8 9 14 19 99 123 127 
1200 91 104 144 
1200 92 80 94 118 134 
1200 93 14 103 139 
1200 94 18 48 58 92 100 113 122 124 137 141 
1200 95 1 81 113 
1200 96 22 48 61 82 87 
1200 97 51 104 115 
1200 98 76 
1200 99 19 20 45 87 90 110 125 
1200 100 66 66 69 94 137 
1200 101 127 
1200 102 44 
1200 103 72 93 
1200 104 4 21 70 91 97 112 
1200 105 10 
1200 106 25 35 117 144 
1200 107 15 34 115 131 137 
1200 108 1 44 62 113 
1200 109 1 20 21 61 76 136 137 
1200 110 99 124 134 
1200 111 43 74 78 
1200 112 18 86 104 
1200 113 69 79 82 87 94 95 108 121 
1200 114 17 70 85 124 
1200 115 27 53 97 107 
1200 116 9 122 
1200 117 86 106 118 
1200 118 19 19 42 61 66 82 92 117 
1200 119 19 52 
1200 120 
1200 121 113 146 
1200 122 24 27 34 50 61 73 85 94 116 
1200 123 11 81 90 
1200 124 94 110 114 148 
1200 125 14 57 99 
1200 126 17 
1200 127 6 27 61 90 101 
1200 128 
1200 129 23 71 131 
1200 130 36 49 67 
1200 131 23 107 129 
1200 132 
1200 133 44 149 
1200 134 5 75 77 92 110 
1200 135 82 146 
1200 136 26 59 109 
1200 137 80 81 87 94 100 107 109 
1200 138 
1200 139 93 
1200 140 15 
1200 141 15 27 76 94 
1200 142 65 72 89 
1200 143 59 65 81 146 
1200 144 53 77 91 106 
1200 145 5 17 42 75 
1200 146 65 121 135 143 
1200 147 23 27 52 88 
1200 148 67 124 
1200 149 32 48 81 133 
0 7200 
1800 0 105 105 
1800 1 56 85 110 113 
1800 2 44 53 63 
1800 3 91 
1800 4 17 19 39 39 92 94 99 117 144 
1800 5 6 28 46 96 105 
1800 6 5 108 
1800 7 36 105 106 
1800 8 32 63 116 122 139 
1800 9 36 69 77 77 83 99 134 
1800 10 57 139 
1800 11 43 142 
1800 12 53 81 90 
1800 13 38 39 114 
1800 14 58 
1800 15 35 70 110 120 
1800 16 104 112 
1800 17 4 18 29 37 
1800 18 17 19 34 70 88 107 
1800 19 4 18 120 
1800 20 73 110 110 
1800 21 23 28 108 127 
1800 22 56 67 75 118 124 
1800 23 21 
1800 24 108 149 
1800 25 33 34 
1800 26 34 75 101 108 
1800 27 33 50 83 116 
1800 28 5 21 
1800 29 17 75 107 129 
1800 30 40 45 45 
1800 31 107 
1800 32 8 63 72 73 93 113 149 
1800 33 25 27 128 140 
1800 34 18 25 26 75 87 102 122 
1800 35 15 42 68 100 
1800 36 7 9 92 100 116 122 127 141 
1800 37 17 56 132 
1800 38 13 58 
1800 39 4 4 13 47 
1800 40 30 58 137 
1800 41 50 60 102 
1800 42 35 100 100 106 129 
1800 43 11 44 54 123 
1800 44 2 43 82 121 
1800 45 30 30 62 94 103 124 
1800 46 5 129 
1800 47 39 73 114 
1800 48 90 90 94 116 122 141 
1800 49 79 124 
1800 50 27 41 86 101 
1800 51 69 78 96 104 
1800 52 91 
1800 53 2 12 75 95 103 136 
1800 54 43 57 59 101 122 
1800 55 147 
1800 56 1 22 37 61 70 72 141 
1800 57 10 54 74 98 102 
1800 58 14 38 40 67 69 147 
1800 59 54 93 
1800 60 41 71 88 140 
1800 61 56 69 94 
1800 62 45 
1800 63 2 8 32 74 81 123 143 
1800 64 93 95 139 
1800 65 134 141 148 
1800 66 117 132 
1800 67 22 58 79 79 116 
1800 68 35 
1800 69 9 51 58 61 100 
1800 70 15 18 56 100 130 
1800 71 60 
1800 72 32 56 116 128 
1800 73 20 32 47 
1800 74 57 63 
1800 75 22 26 29 34 53 76 109 122 128 
1800 76 75 140 148 
1800 77 9 9 80 85 
1800 78 51 
1800 79 49 67 67 
1800 80 77 
1800 81 12 63 110 149 
1800 82 44 124 
1800 83 9 27 86 
1800 84 147 
1800 85 1 77 134 
1800 86 50 83 
1800 87 34 90 92 108 134 
1800 88 18 60 119 145 
1800 89 103 139 
1800 90 12 48 48 87 92 109 
1800 91 3 52 107 117 
1800 92 4 36 87 90 114 118 128 
1800 93 32 59 64 123 136 
1800 94 4 45 48 61 121 128 148 
1800 95 53 64 101 139 143 146 148 
1800 96 5 51 120 
1800 97 
1800 98 57 
1800 99 4 9 109 
1800 100 35 36 42 42 69 70 116 120 
1800 101 26 50 54 95 
1800 102 34 41 57 108 115 143 
1800 103 45 53 89 
1800 104 16 51 132 
1800 105 0 0 5 7 
1800 106 7 42 109 130 
1800 107 18 29 31 91 127 
1800 108 6 21 24 26 87 102 
1800 109 75 90 99 106 114 118 130 
1800 110 1 15 20 20 81 141 
1800 111 139 
1800 112 16 118 
1800 113 1 32 115 119 121 
1800 114 13 47 92 109 116 
1800 115 102 113 127 127 
1800 116 8 27 36 48 67 72 100 114 141 
1800 117 4 66 91 118 138 
1800 118 22 92 109 112 117 147 
1800 119 88 113 140 
1800 120 15 19 96 100 145 
1800 121 44 94 113 124 147 
1800 122 8 34 36 48 54 75 127 
1800 123 43 63 93 139 
1800 124 22 45 49 82 121 
1800 125 
1800 126 131 
1800 127 21 36 107 115 115 122 
1800 128 33 72 75 92 94 
1800 129 29 42 46 
1800 130 70 106 109 147 
1800 131 126 144 
1800 132 37 66 104 145 
1800 133 149 
1800 134 9 65 85 87 
1800 135 146 
1800 136 53 93 
1800 137 40 145 
1800 138 117 
1800 139 8 10 64 89 95 111 123 
1800 140 33 60 76 119 145 
1800 141 36 48 56 65 110 116 
1800 142 11 143 
1800 143 63 95 102 142 
1800 144 4 131 
1800 145 88 120 132 137 140 
1800 146 95 135 
1800 147 55 58 84 118 121 130 
1800 148 65 76 94 95 
1800 149 24 32 81 133 
0 7200 
2400 0 15 119 131 
2400 1 7 22 90 128 
2400 2 32 44 49 62 114 128 
2400 3 40 109 119 120 128 149 
2400 4 19 58 117 144 
2400 5 140 
2400 6 29 47 50 100 105 
2400 7 1 10 111 
2400 8 36 69 123 125 143 
2400 9 91 112 132 
2400 10 7 43 139 
2400 11 
2400 12 60 74 93 
2400 13 23 35 79 
2400 14 96 145 
2400 15 0 26 70 81 
2400 16 
2400 17 65 79 
2400 18 21 61 94 115 
2400 19 4 66 
2400 20 23 94 110 125 
2400 21 18 61 68 88 120 134 144 
2400 22 1 77 79 
2400 23 13 20 109 130 
2400 24 40 
2400 25 97 115 
2400 26 15 33 46 47 75 101 108 
2400 27 34 
2400 28 36 41 78 88 105 108 126 
2400 29 6 
2400 30 
2400 31 33 120 
2400 32 2 48 78 80 85 109 113 
2400 33 26 31 50 68 108 
2400 34 27 107 
2400 35 13 114 
2400 36 8 28 48 75 76 86 87 101 107 113 121 
2400 37 84 84 104 
2400 38 79 
2400 39 
2400 40 3 24 81 115 141 
2400 41 28 46 137 
2400 42 61 96 
2400 43 10 65 86 90 90 146 148 
2400 44 2 65 
2400 45 
2400 46 26 41 
2400 47 6 26 92 99 106 128 132 
2400 48 32 36 107 108 
2400 49 2 82 
2400 50 6 33 72 96 100 102 
2400 51 88 
2400 52 120 
2400 53 101 148 
2400 54 80 93 103 103 
2400 55 58 114 
2400 56 61 96 100 
2400 57 93 
2400 58 4 55 72 85 109 130 
2400 59 63 76 111 
2400 60 12 78 88 134 141 
2400 61 18 21 42 56 102 
2400 62 2 135 
2400 63 59 129 133 147 
2400 64 89 95 103 
2400 65 17 43 44 95 98 113 
2400 66 19 67 
2400 67 66 109 118 148 
2400 68 21 33 
2400 69 8 72 132 
2400 70 15 119 131 
2400 71 118 141 
2400 72 50 58 69 127 128 
2400 73 
2400 74 12 125 
2400 75 26 36 83 90 94 127 
2400 76 36 59 
2400 77 22 100 
2400 78 28 32 60 83 106 107 
2400 79 13 17 22 38 
2400 80 32 54 142 
2400 81 15 40 115 119 126 134 145 149 
2400 82 49 94 113 
2400 83 75 78 90 
2400 84 37 37 135 
2400 85 32 58 110 
2400 86 36 43 127 
2400 87 36 96 121 127 
2400 88 21 28 51 60 90 127 134 
2400 89 64 142 
2400 90 1 43 43 75 83 88 
2400 91 9 100 
2400 92 47 106 118 118 
2400 93 12 54 57 101 121 147 
2400 94 18 20 75 82 113 128 145 
2400 95 64 65 
2400 96 14 42 50 56 87 132 
2400 97 25 
2400 98 65 110 
2400 99 47 
2400 100 6 50 56 77 91 114 140 
2400 101 26 36 53 93 128 
2400 102 50 61 142 
2400 103 54 54 64 111 125 
2400 104 37 
2400 105 6 28 
2400 106 47 78 92 107 119 132 
2400 107 34 36 48 78 106 122 
2400 108 26 28 33 48 
2400 109 3 23 32 58 67 128 130 
2400 110 20 85 98 
2400 111 7 59 103 147 
2400 112 9 
2400 113 32 36 65 82 94 118 122 
2400 114 2 35 55 100 
2400 115 18 25 40 81 
2400 116 
2400 117 4 
2400 118 67 71 92 92 113 
2400 119 0 3 70 81 106 
2400 120 3 21 31 52 140 144 
2400 121 36 87 93 
2400 122 107 113 141 
2400 123 8 147 
2400 124 129 
2400 125 8 20 74 103 
2400 126 28 81 
2400 127 72 75 86 87 88 134 141 
2400 128 1 2 3 47 72 94 101 109 
2400 129 63 124 133 139 
2400 130 23 58 109 
2400 131 0 70 
2400 132 9 47 69 96 106 136 144 145 
2400 133 63 129 
2400 134 21 60 81 88 127 148 
2400 135 62 84 
2400 136 132 
2400 137 41 
2400 138 
2400 139 10 129 143 
2400 140 5 100 120 
2400 141 40 60 71 122 127 
2400 142 80 89 102 
2400 143 8 139 
2400 144 4 21 120 132 
2400 145 14 81 94 132 
2400 146 43 
2400 147 63 93 111 123 
2400 148 43 53 67 134 
2400 149 3 81 
0 7200 
3000 0 40 
3000 1 20 35 94 
3000 2 65 94 116 
3000 3 50 72 99 
3000 4 25 
3000 5 19 48 88 105 
3000 6 15 28 
3000 7 112 114 
3000 8 73 
3000 9 75 106 
3000 10 20 86 93 95 95 113 
3000 11 53 
3000 12 54 74 83 94 
3000 13 106 
3000 14 41 118 
3000 15 6 25 96 97 98 144 
3000 16 25 
3000 17 115 130 
3000 18 37 112 118 128 
3000 19 5 24 32 71 
3000 20 1 10 
3000 21 35 54 62 90 95 110 115 
3000 22 97 
3000 23 58 79 82 118 146 
3000 24 19 105 
3000 25 4 15 16 69 89 117 
3000 26 36 40 78 140 
3000 27 105 128 
3000 28 6 40 48 61 
3000 29 
3000 30 
3000 31 46 131 
3000 32 19 44 93 139 
3000 33 34 83 122 124 134 
3000 34 33 
3000 35 1 21 80 
3000 36 26 101 
3000 37 18 72 104 148 
3000 38 45 49 
3000 39 75 97 
3000 40 0 26 28 47 68 107 
3000 41 14 75 92 98 115 
3000 42 91 104 
3000 43 106 
3000 44 32 49 95 
3000 45 38 
3000 46 31 107 
3000 47 40 48 122 136 
3000 48 5 28 47 50 
3000 49 38 44 97 
3000 50 3 48 83 90 106 
3000 51 66 70 107 
3000 52 78 83 95 100 127 
3000 53 11 133 141 147 
3000 54 12 21 
3000 55 65 146 
3000 56 105 107 132 145 
3000 57 124 
3000 58 23 
3000 59 
3000 60 
3000 61 28 85 92 128 132 
3000 62 21 67 112 
3000 63 100 102 111 112 133 146 
3000 64 93 
3000 65 2 55 71 109 113 122 125 
3000 66 51 77 
3000 67 62 80 
3000 68 40 105 
3000 69 25 
3000 70 51 
3000 71 19 65 113 115 118 
3000 72 3 37 110 116 
3000 73 8 143 
3000 74 12 95 125 
3000 75 9 39 41 130 
3000 76 83 
3000 77 66 115 
3000 78 26 52 85 106 
3000 79 23 116 146 
3000 80 35 67 85 95 
3000 81 108 108 
3000 82 23 146 
3000 83 12 33 50 52 76 
3000 84 
3000 85 61 78 80 93 116 123 124 
3000 86 10 100 103 
3000 87 126 
3000 88 5 106 141 
3000 89 25 144 
3000 90 21 50 113 115 118 
3000 91 42 98 120 145 
3000 92 41 61 98 119 120 136 145 
3000 93 10 32 64 85 134 146 
3000 94 1 2 12 110 112 116 126 
3000 95 10 10 21 44 52 74 80 133 
3000 96 15 106 145 
3000 97 15 22 39 49 104 119 
3000 98 15 41 91 92 107 149 
3000 99 3 113 
3000 100 52 63 86 122 124 129 
3000 101 36 108 141 141 
3000 102 63 141 
3000 103 86 123 
3000 104 37 42 97 
3000 105 5 24 27 56 68 
3000 106 9 13 43 50 78 88 96 126 145 148 
3000 107 40 46 51 56 98 134 
3000 108 81 81 101 
3000 109 65 122 124 
3000 110 21 72 94 112 115 116 127 134 148 
3000 111 63 
3000 112 7 18 62 63 94 110 
3000 113 10 65 71 90 99 
3000 114 7 
3000 115 17 21 41 71 77 90 110 129 
3000 116 2 72 79 85 94 110 
3000 117 25 
3000 118 14 18 23 71 90 
3000 119 92 97 
3000 120 91 92 
3000 121 
3000 122 33 47 65 100 109 127 
3000 123 85 103 
3000 124 33 57 85 100 109 125 
3000 125 65 74 124 
3000 126 87 94 106 144 
3000 127 52 110 122 
3000 128 18 27 61 
3000 129 100 115 
3000 130 17 75 
3000 131 31 
3000 132 56 61 
3000 133 53 63 95 
3000 134 33 93 107 110 
3000 135 
3000 136 47 92 
3000 137 
3000 138 
3000 139 32 
3000 140 26 
3000 141 53 88 101 101 102 
3000 142 
3000 143 73 
3000 144 15 89 126 
3000 145 56 91 92 96 106 
3000 146 23 55 63 79 82 93 
3000 147 53 
3000 148 37 106 110 
3000 149 98 
0 7200 
3600 0 13 91 
3600 1 30 
3600 2 90 95 
3600 3 34 40 45 120 
3600 4 
3600 5 33 47 126 140 
3600 6 46 50 60 
3600 7 35 52 58 110 142 
3600 8 37 110 146 
3600 9 66 97 
3600 10 65 
3600 11 139 143 
3600 12 32 107 
3600 13 0 132 149 
3600 14 118 144 
3600 15 61 61 88 118 130 134 
3600 16 91 
3600 17 21 
3600 18 118 
3600 19 103 121 125 
3600 20 37 80 94 95 99 127 
3600 21 17 114 
3600 22 51 107 110 115 117 128 
3600 23 49 81 
3600 24 28 105 
3600 25 88 106 136 144 
3600 26 52 100 102 121 125 
3600 27 76 87 87 134 
3600 28 24 89 
3600 29 76 76 111 
3600 30 1 67 75 
3600 31 61 
3600 32 12 63 71 83 
3600 33 5 52 108 
3600 34 3 56 105 
3600 35 7 55 73 137 
3600 36 78 102 125 
3600 37 8 20 50 84 
3600 38 44 62 
3600 39 92 117 
3600 40 3 69 70 141 
3600 41 
3600 42 140 
3600 43 114 116 
3600 44 38 95 143 148 
3600 45 3 68 124 
3600 46 6 123 
3600 47 5 68 
3600 48 145 
3600 49 23 62 
3600 50 6 37 95 122 
3600 51 22 75 114 
3600 52 7 26 33 71 143 
3600 53 90 
3600 54 95 102 
3600 55 35 79 128 
3600 56 34 70 89 
3600 57 
3600 58 7 67 75 128 137 
3600 59 102 
3600 60 6 
3600 61 15 15 31 100 105 149 
3600 62 38 49 135 
3600 63 32 93 148 
3600 64 86 
3600 65 10 73 93 116 129 
3600 66 9 114 
3600 67 30 58 90 128 
3600 68 45 47 141 
3600 69 40 92 145 149 
3600 70 40 56 115 132 
3600 71 32 52 81 101 113 125 139 
3600 72 148 
3600 73 35 65 146 148 
3600 74 
3600 75 30 51 58 
3600 76 27 29 29 140 
3600 77 
3600 78 36 102 
3600 79 55 80 129 
3600 80 20 79 
3600 81 23 71 95 129 130 
3600 82 97 106 118 119 
3600 83 32 87 128 
3600 84 37 97 
3600 85 88 138 
3600 86 64 
3600 87 27 27 83 122 
3600 88 15 25 85 
3600 89 28 56 92 
3600 90 2 53 67 94 110 134 
3600 91 0 16 
3600 92 39 69 89 
3600 93 63 65 94 109 
3600 94 20 90 93 95 
3600 95 2 20 44 50 54 81 94 102 138 
3600 96 
3600 97 9 82 84 
3600 98 
3600 99 20 
3600 100 26 61 122 138 141 146 
3600 101 71 107 110 148 
3600 102 26 36 54 59 78 95 133 142 
3600 103 19 
3600 104 136 
3600 105 24 34 61 
3600 106 25 82 107 108 
3600 107 12 22 101 106 138 146 
3600 108 33 106 120 123 
3600 109 93 
3600 110 7 8 22 90 101 112 129 
3600 111 29 112 122 128 
3600 112 110 111 147 
3600 113 71 146 
3600 114 21 43 51 66 
3600 115 22 70 122 129 
3600 116 43 65 
3600 117 22 39 119 
3600 118 14 15 18 82 
3600 119 82 117 
3600 120 3 108 136 138 
3600 121 19 26 
3600 122 50 87 100 111 115 148 
3600 123 46 108 
3600 124 45 
3600 125 19 26 36 71 
3600 126 5 145 
3600 127 20 137 148 
3600 128 22 55 58 67 83 111 
3600 129 65 79 81 110 115 137 148 
3600 130 15 81 
3600 131 
3600 132 13 70 149 
3600 133 102 147 
3600 134 15 27 90 
3600 135 62 
3600 136 25 104 120 
3600 137 35 58 127 129 
3600 138 85 95 100 107 120 
3600 139 11 71 
3600 140 5 42 76 
3600 141 40 68 100 
3600 142 7 102 
3600 143 11 44 52 
3600 144 14 25 
3600 145 48 69 126 
3600 146 8 73 100 107 113 
3600 147 112 133 
3600 148 44 63 72 73 101 122 127 129 
3600 149 13 61 69 132 
0 7200 
4200 0 132 
4200 1 43 67 79 80 83 102 
4200 2 84 146 
4200 3 33 91 144 145 
4200 4 
4200 5 10 
4200 6 31 34 68 76 78 145 
4200 7 30 
4200 8 21 75 135 
4200 9 16 
4200 10 5 25 
4200 11 40 60 138 
4200 12 41 84 
4200 13 26 53 143 
4200 14 73 
4200 15 103 119 126 
4200 16 9 70 96 136 
4200 17 58 58 
4200 18 108 
4200 19 52 57 64 
4200 20 143 
4200 21 8 49 
4200 22 50 95 141 
4200 23 75 
4200 24 
4200 25 10 98 149 
4200 26 13 45 52 84 110 125 
4200 27 31 33 43 50 78 85 87 115 
4200 28 120 130 
4200 29 78 
4200 30 7 39 75 
4200 31 6 27 68 
4200 32 113 121 125 133 139 
4200 33 3 27 90 106 113 137 
4200 34 6 105 
4200 35 42 105 
4200 36 107 111 113 
4200 37 50 117 
4200 38 
4200 39 30 
4200 40 11 61 105 123 128 142 
4200 41 12 54 86 
4200 42 35 56 
4200 43 1 27 78 145 
4200 44 53 113 
4200 45 26 
4200 46 47 
4200 47 46 60 122 124 
4200 48 126 142 
4200 49 21 
4200 50 22 27 37 89 145 
4200 51 82 99 
4200 52 19 26 95 113 
4200 53 13 44 64 95 137 
4200 54 41 95 
4200 55 
4200 56 42 70 77 140 
4200 57 19 102 
4200 58 17 17 65 79 90 99 118 
4200 59 147 
4200 60 11 47 74 78 140 
4200 61 40 85 95 96 122 
4200 62 134 143 
4200 63 
4200 64 19 53 73 86 
4200 65 58 
4200 66 77 94 94 
4200 67 1 71 
4200 68 6 31 105 
4200 69 
4200 70 16 56 145 
4200 71 67 76 80 114 134 135 
4200 72 87 89 110 
4200 73 14 64 83 
4200 74 60 109 
4200 75 8 23 30 79 81 
4200 76 6 71 
4200 77 56 66 118 119 
4200 78 6 27 29 43 60 
4200 79 1 58 75 94 101 107 119 
4200 80 1 71 86 106 112 
4200 81 75 118 
4200 82 51 114 
4200 83 1 73 86 134 139 
4200 84 2 12 26 
4200 85 27 61 136 136 
4200 86 41 64 80 83 110 
4200 87 27 72 122 
4200 88 138 140 
4200 89 50 72 
4200 90 33 58 95 122 
4200 91 3 104 142 144 
4200 92 115 
4200 93 
4200 94 66 66 79 118 141 
4200 95 22 52 53 54 61 90 122 125 
4200 96 16 61 
4200 97 100 
4200 98 25 144 
4200 99 51 58 110 124 
4200 100 97 119 141 
4200 101 79 118 146 
4200 102 1 57 125 
4200 103 15 136 
4200 104 91 
4200 105 34 35 40 68 122 123 
4200 106 33 80 113 118 142 
4200 107 36 79 137 141 
4200 108 18 
4200 109 74 
4200 110 26 72 86 99 
4200 111 36 148 
4200 112 80 121 
4200 113 32 33 36 44 52 106 137 
4200 114 71 82 
4200 115 27 92 122 145 
4200 116 146 
4200 117 37 141 
4200 118 58 77 81 94 101 106 
4200 119 15 77 79 100 
4200 120 28 
4200 121 32 112 129 
4200 122 47 61 87 90 95 105 115 
4200 123 40 105 
4200 124 47 99 
4200 125 26 32 95 102 
4200 126 15 48 149 
4200 127 
4200 128 40 141 
4200 129 121 
4200 130 28 
4200 131 138 138 
4200 132 0 144 144 
4200 133 32 139 
4200 134 62 71 83 
4200 135 8 71 
4200 136 16 85 85 103 
4200 137 33 53 107 113 
4200 138 11 88 131 131 149 
4200 139 32 83 133 143 
4200 140 56 60 88 
4200 141 22 94 100 107 117 128 
4200 142 40 48 91 106 
4200 143 13 20 62 139 
4200 144 3 91 98 132 132 
4200 145 3 6 43 50 70 115 
4200 146 2 101 116 
4200 147 59 
4200 148 111 
4200 149 25 126 138 
0 7200 
4800 0 15 71 145 
4800 1 18 77 121 
4800 2 22 37 75 127 
4800 3 98 
4800 4 103 132 
4800 5 27 124 130 138 
4800 6 35 96 
4800 7 47 91 108 
4800 8 21 58 107 127 146 
4800 9 37 56 92 94 
4800 10 11 24 36 52 123 140 
4800 11 10 27 76 137 140 
4800 12 78 98 115 
4800 13 32 59 83 
4800 14 15 141 
4800 15 0 14 16 72 76 117 
4800 16 15 47 91 100 
4800 17 120 147 
4800 18 1 68 90 
4800 19 129 
4800 20 21 21 22 55 65 80 
4800 21 8 20 20 38 43 
4800 22 2 20 51 77 101 134 
4800 23 37 44 58 95 
4800 24 10 71 104 130 131 
4800 25 35 103 142 
4800 26 
4800 27 5 11 31 138 
4800 28 52 
4800 29 
4800 30 77 
4800 31 27 46 60 
4800 32 13 36 110 
4800 33 107 
4800 34 
4800 35 6 25 
4800 36 10 32 83 
4800 37 2 9 23 81 
4800 38 21 55 
4800 39 
4800 40 114 
4800 41 77 112 127 
4800 42 133 
4800 43 21 80 97 107 114 
4800 44 23 
4800 45 
4800 46 31 
4800 47 7 16 92 97 
4800 48 108 145 148 
4800 49 89 105 108 118 
4800 50 89 124 141 
4800 51 22 75 94 94 
4800 52 10 28 128 140 149 
4800 53 64 139 
4800 54 92 103 
4800 55 20 38 129 
4800 56 9 85 111 
4800 57 63 112 
4800 58 8 23 101 106 107 
4800 59 13 
4800 60 31 138 
4800 61 108 115 131 135 
4800 62 80 81 
4800 63 57 80 
4800 64 53 109 
4800 65 20 80 
4800 66 
4800 67 127 
4800 68 18 128 
4800 69 108 118 
4800 70 84 
4800 71 0 24 89 
4800 72 15 96 107 126 128 141 
4800 73 129 
4800 74 110 
4800 75 2 51 
4800 76 11 15 86 134 137 145 
4800 77 1 22 30 41 127 129 
4800 78 12 
4800 79 100 118 128 
4800 80 20 43 62 63 65 86 107 124 
4800 81 37 62 146 
4800 82 94 136 
4800 83 13 36 
4800 84 70 110 143 
4800 85 56 
4800 86 76 80 90 125 
4800 87 89 106 107 122 135 142 145 
4800 88 105 141 
4800 89 49 50 71 87 128 
4800 90 18 86 118 141 
4800 91 7 16 142 
4800 92 9 47 54 119 
4800 93 
4800 94 9 51 51 82 
4800 95 23 119 125 
4800 96 6 72 141 144 
4800 97 43 47 
4800 98 3 12 
4800 99 130 
4800 100 16 79 
4800 101 22 58 
4800 102 110 
4800 103 4 25 54 
4800 104 24 124 
4800 105 49 88 
4800 106 58 87 118 
4800 107 8 33 43 58 72 80 87 116 118 137 143 
4800 108 7 48 49 61 69 126 136 145 
4800 109 64 130 
4800 110 32 74 84 102 
4800 111 56 116 126 126 
4800 112 41 57 
4800 113 
4800 114 40 43 
4800 115 12 61 135 145 
4800 116 107 111 
4800 117 15 
4800 118 49 69 79 90 106 107 143 
4800 119 92 95 126 132 
4800 120 17 
4800 121 1 130 
4800 122 87 135 
4800 123 10 
4800 124 5 50 80 104 
4800 125 86 95 134 143 
4800 126 72 108 111 111 119 
4800 127 2 8 41 67 77 143 
4800 128 52 68 72 79 89 134 135 135 137 141 
4800 129 19 55 73 77 134 
4800 130 5 24 99 109 121 
4800 131 24 61 
4800 132 4 119 
4800 133 42 
4800 134 22 76 125 128 129 
4800 135 61 87 115 122 128 128 
4800 136 82 108 
4800 137 11 76 107 128 
4800 138 5 27 60 
4800 139 53 
4800 140 10 11 52 
4800 141 14 50 72 88 90 96 128 
4800 142 25 87 91 
4800 143 84 107 118 125 127 147 
4800 144 96 
4800 145 0 48 76 87 108 115 
4800 146 8 81 
4800 147 17 143 
4800 148 48 
4800 149 52 
0 7200 
5400 0 35 61 120 
5400 1 72 95 112 129 
5400 2 22 49 55 65 72 131 
5400 3 24 41 59 70 106 129 
5400 4 120 
5400 5 6 35 85 123 125 145 
5400 6 5 15 25 52 61 133 
5400 7 14 16 108 
5400 8 20 122 138 
5400 9 14 42 105 119 
5400 10 29 61 96 144 
5400 11 
5400 12 60 149 
5400 13 63 
5400 14 7 9 47 47 105 
5400 15 6 69 114 125 
5400 16 7 43 111 117 148 
5400 17 21 38 75 
5400 18 56 70 
5400 19 64 
5400 20 8 71 129 
5400 21 17 49 
5400 22 2 42 78 94 111 117 
5400 23 43 77 128 
5400 24 3 46 71 133 
5400 25 6 42 48 92 105 
5400 26 45 45 98 109 
5400 27 73 73 126 
5400 28 29 46 
5400 29 10 28 61 149 
5400 30 93 
5400 31 42 87 132 148 
5400 32 121 
5400 33 80 107 113 
5400 34 118 
5400 35 0 5 122 125 128 142 
5400 36 109 
5400 37 67 94 100 
5400 38 17 58 
5400 39 47 111 127 
5400 40 43 100 117 
5400 41 3 139 
5400 42 9 22 25 31 89 103 
5400 43 16 23 40 88 99 126 
5400 44 77 127 
5400 45 26 26 72 88 88 124 135 
5400 46 24 28 
5400 47 14 14 39 68 97 108 134 
5400 48 25 103 126 
5400 49 2 21 
5400 50 78 79 131 
5400 51 121 
5400 52 6 61 134 
5400 53 71 83 130 
5400 54 97 118 118 
5400 55 2 113 119 
5400 56 18 84 112 124 
5400 57 98 102 
5400 58 38 94 99 113 114 118 131 143 143 
5400 59 3 
5400 60 12 76 76 109 
5400 61 0 6 10 29 52 
5400 62 79 104 139 
5400 63 13 98 
5400 64 19 83 
5400 65 2 72 107 128 
5400 66 124 139 
5400 67 37 81 118 
5400 68 47 92 
5400 69 15 91 126 
5400 70 3 18 78 115 
5400 71 20 24 53 97 
5400 72 1 2 45 65 95 
5400 73 27 27 102 107 122 130 138 
5400 74 86 107 
5400 75 17 
5400 76 60 60 115 124 
5400 77 23 44 
5400 78 22 50 70 
5400 79 50 62 90 146 
5400 80 33 137 
5400 81 67 
5400 82 83 84 
5400 83 53 64 82 84 139 
5400 84 56 82 83 102 113 
5400 85 5 
5400 86 74 104 
5400 87 31 
5400 88 43 45 45 132 140 144 
5400 89 42 145 
5400 90 79 
5400 91 69 
5400 92 25 68 100 128 
5400 93 30 
5400 94 22 37 58 119 147 
5400 95 1 72 129 140 
5400 96 10 125 
5400 97 47 54 71 
5400 98 26 57 63 
5400 99 43 58 119 
5400 100 37 40 92 117 
5400 101 131 147 
5400 102 57 73 84 134 
5400 103 42 48 105 145 
5400 104 62 86 118 
5400 105 9 14 25 103 142 145 
5400 106 3 113 137 
5400 107 33 65 73 74 
5400 108 7 47 
5400 109 26 36 60 
5400 110 
5400 111 16 22 39 
5400 112 1 56 122 
5400 113 33 55 58 84 106 122 134 
5400 114 15 58 119 
5400 115 70 76 
5400 116 119 147 
5400 117 16 22 40 100 
5400 118 34 54 54 58 67 104 126 
5400 119 9 55 94 99 114 116 
5400 120 0 4 
5400 121 32 51 
5400 122 8 35 73 112 113 
5400 123 5 149 
5400 124 45 56 66 76 
5400 125 5 15 35 96 
5400 126 27 43 48 69 118 
5400 127 39 44 
5400 128 23 35 65 92 
5400 129 1 3 20 95 
5400 130 53 73 149 
5400 131 2 50 58 101 134 
5400 132 31 88 
5400 133 6 24 
5400 134 47 52 102 113 131 
5400 135 45 
5400 136 
5400 137 80 106 
5400 138 8 73 
5400 139 41 62 66 83 
5400 140 88 95 141 148 
5400 141 140 
5400 142 35 105 
5400 143 58 58 
5400 144 10 88 
5400 145 5 89 103 105 
5400 146 79 
5400 147 94 101 116 
5400 148 16 31 140 
5400 149 12 29 123 130 
0 7200 
6000 0 6 15 88 141 148 
6000 1 17 22 62 114 130 
6000 2 18 47 70 134 138 146 
6000 3 4 23 100 104 105 
6000 4 3 34 
6000 5 11 91 145 
6000 6 0 144 
6000 7 43 
6000 8 63 74 80 83 
6000 9 43 90 118 126 
6000 10 47 100 125 141 
6000 11 5 36 
6000 12 32 73 122 
6000 13 41 45 62 94 107 122 
6000 14 16 126 
6000 15 0 90 105 126 
6000 16 14 43 99 106 117 
6000 17 1 38 94 
6000 18 2 47 114 119 
6000 19 26 57 
6000 20 73 102 115 140 
6000 21 134 
6000 22 1 72 119 
6000 23 3 131 
6000 24 28 
6000 25 88 104 
6000 26 19 45 95 102 109 109 124 
6000 27 
6000 28 24 51 52 63 126 145 
6000 29 35 83 85 91 
6000 30 99 131 
6000 31 103 
6000 32 12 57 109 121 
6000 33 44 56 58 86 139 
6000 34 4 78 79 114 
6000 35 29 107 
6000 36 11 130 
6000 37 119 147 147 
6000 38 17 79 79 
6000 39 118 
6000 40 
6000 41 13 61 124 
6000 42 54 126 
6000 43 7 9 16 85 100 129 
6000 44 33 71 79 84 86 
6000 45 13 26 60 63 88 
6000 46 59 137 
6000 47 2 10 18 52 59 73 131 
6000 48 
6000 49 67 78 147 
6000 50 58 
6000 51 28 63 125 142 
6000 52 28 47 129 
6000 53 55 74 81 84 
6000 54 42 119 
6000 55 53 70 71 72 111 113 
6000 56 33 58 67 
6000 57 19 32 65 74 84 
6000 58 33 50 56 62 
6000 59 46 47 139 
6000 60 45 
6000 61 41 
6000 62 1 13 58 86 113 121 
6000 63 8 28 45 51 83 87 123 135 
6000 64 80 
6000 65 57 121 
6000 66 
6000 67 49 56 78 116 
6000 68 92 114 114 119 
6000 69 97 118 129 
6000 70 2 55 99 101 114 
6000 71 44 55 78 127 
6000 72 22 55 143 
6000 73 12 20 47 109 130 
6000 74 8 53 57 139 
6000 75 
6000 76 
6000 77 78 99 101 114 116 127 146 
6000 78 34 49 67 71 77 79 
6000 79 34 38 38 44 78 
6000 80 8 64 
6000 81 53 138 
6000 82 
6000 83 8 29 63 102 103 135 
6000 84 44 53 57 
6000 85 29 43 126 
6000 86 33 44 62 110 
6000 87 63 125 
6000 88 0 25 45 96 118 125 129 143 148 
6000 89 
6000 90 9 15 104 106 107 113 119 129 
6000 91 5 29 
6000 92 68 126 128 
6000 93 
6000 94 13 17 107 113 
6000 95 26 104 112 119 122 
6000 96 88 103 142 
6000 97 69 103 
6000 98 
6000 99 16 30 70 77 116 
6000 100 3 10 43 
6000 101 70 77 117 
6000 102 20 26 83 106 121 
6000 103 31 83 96 97 136 144 
6000 104 3 25 90 95 114 141 
6000 105 3 15 144 145 
6000 106 16 90 102 125 126 143 
6000 107 13 35 90 94 112 122 129 130 139 
6000 108 
6000 109 26 26 32 73 115 
6000 110 86 113 139 
6000 111 55 136 141 
6000 112 95 107 113 
6000 113 55 62 90 94 110 112 
6000 114 1 18 34 68 68 70 77 104 
6000 115 20 109 
6000 116 67 77 99 146 
6000 117 16 101 
6000 118 9 39 69 88 120 128 
6000 119 18 22 37 54 68 90 95 141 145 
6000 120 118 
6000 121 32 62 65 102 
6000 122 12 13 95 107 137 
6000 123 63 
6000 124 26 41 128 
6000 125 10 51 87 88 106 
6000 126 9 14 15 28 42 85 92 106 
6000 127 71 77 
6000 128 92 118 124 137 140 
6000 129 43 52 69 88 90 107 
6000 130 1 36 73 107 
6000 131 23 30 47 
6000 132 136 143 
6000 133 
6000 134 2 21 135 
6000 135 63 83 134 
6000 136 103 111 132 145 
6000 137 46 122 128 
6000 138 2 81 
6000 139 33 59 74 107 110 
6000 140 20 128 
6000 141 0 10 104 111 119 
6000 142 51 96 
6000 143 72 88 106 132 145 
6000 144 6 103 105 
6000 145 5 28 105 119 136 143 
6000 146 2 77 116 
6000 147 37 37 49 
6000 148 0 88 
6000 149 
0 7200 
6600 0 19 58 92 129 141 
6600 1 37 43 52 79 90 121 
6600 2 79 82 
6600 3 42 105 108 111 117 
6600 4 70 
6600 5 24 128 
6600 6 83 84 125 
6600 7 14 69 
6600 8 29 74 80 124 
6600 9 13 16 20 31 39 107 113 128 
6600 10 17 92 94 
6600 11 120 123 
6600 12 
6600 13 9 90 104 118 120 
6600 14 7 117 
6600 15 99 100 142 
6600 16 9 104 
6600 17 10 90 135 146 149 
6600 18 23 34 62 114 
6600 19 0 54 128 140 
6600 20 9 111 128 
6600 21 62 77 78 147 
6600 22 50 70 79 114 
6600 23 18 67 81 118 138 147 
6600 24 5 45 
6600 25 31 51 63 
6600 26 45 46 85 137 
6600 27 57 76 102 115 
6600 28 46 142 148 
6600 29 8 103 145 
6600 30 74 74 113 
6600 31 9 25 87 89 105 108 118 
6600 32 35 
6600 33 80 80 139 
6600 34 18 116 146 
6600 35 32 46 48 
6600 36 72 107 109 
6600 37 1 55 71 114 131 
6600 38 44 
6600 39 9 134 
6600 40 42 101 
6600 41 
6600 42 3 40 104 140 
6600 43 1 55 62 65 81 90 94 149 
6600 44 38 56 114 131 146 
6600 45 24 26 91 
6600 46 26 28 35 52 86 95 
6600 47 
6600 48 35 
6600 49 57 74 
6600 50 22 70 
6600 51 25 58 109 
6600 52 1 46 58 72 84 100 125 132 
6600 53 56 86 
6600 54 19 119 136 
6600 55 37 43 71 106 119 130 135 147 
6600 56 44 53 67 86 90 95 
6600 57 27 49 95 
6600 58 0 51 52 148 
6600 59 
6600 60 
6600 61 90 96 
6600 62 18 21 43 78 100 119 
6600 63 25 144 
6600 64 
6600 65 43 144 
6600 66 
6600 67 23 56 75 79 111 146 149 
6600 68 118 143 
6600 69 7 97 
6600 70 4 22 50 127 
6600 71 37 55 146 
6600 72 36 52 79 120 
6600 73 83 104 128 
6600 74 8 30 30 49 86 
6600 75 67 
6600 76 27 
6600 77 21 90 
6600 78 21 62 
6600 79 1 2 22 67 72 100 116 134 
6600 80 8 33 33 113 121 
6600 81 23 43 107 119 
6600 82 2 107 137 
6600 83 6 73 124 
6600 84 6 52 123 
6600 85 26 115 
6600 86 46 53 56 74 121 
6600 87 31 89 104 118 140 141 141 
6600 88 141 148 
6600 89 31 87 106 137 
6600 90 1 13 17 43 56 61 77 119 132 140 
6600 91 45 
6600 92 0 10 144 
6600 93 
6600 94 10 43 106 122 125 
6600 95 46 56 57 113 134 
6600 96 61 125 
6600 97 69 111 
6600 98 
6600 99 15 
6600 100 15 52 62 79 119 126 128 145 
6600 101 40 116 127 147 
6600 102 27 
6600 103 29 
6600 104 13 16 42 73 87 106 149 
6600 105 3 31 148 
6600 106 55 89 94 104 118 140 
6600 107 9 36 81 82 129 131 
6600 108 3 31 
6600 109 36 51 
6600 110 112 
6600 111 3 20 67 97 
6600 112 110 
6600 113 9 30 80 95 137 
6600 114 18 22 37 44 138 
6600 115 27 85 
6600 116 34 79 101 138 
6600 117 3 14 
6600 118 13 23 31 68 87 106 
6600 119 54 55 62 81 90 100 129 
6600 120 11 13 72 
6600 121 1 80 86 
6600 122 94 
6600 123 11 84 
6600 124 8 83 
6600 125 6 52 94 96 
6600 126 100 
6600 127 70 101 
6600 128 5 9 19 20 73 100 
6600 129 0 107 119 
6600 130 55 
6600 131 37 44 107 
6600 132 52 90 
6600 133 148 
6600 134 39 79 95 149 
6600 135 17 55 
6600 136 54 141 145 
6600 137 26 82 89 113 
6600 138 23 114 116 
6600 139 33 
6600 140 19 42 87 90 106 
6600 141 0 87 87 88 136 
6600 142 15 28 144 
6600 143 68 
6600 144 63 65 92 142 
6600 145 29 100 136 
6600 146 17 34 44 67 71 
6600 147 21 23 55 101 
6600 148 28 58 88 105 133 
6600 149 17 43 67 104 134 
0 7200 
7200 0 54 96 
7200 1 25 43 56 67 119 139 
7200 2 55 75 134 
7200 3 39 92 101 108 
7200 4 
7200 5 60 91 96 100 
7200 6 30 64 73 138 
7200 7 15 92 
7200 8 
7200 9 90 101 
7200 10 36 50 89 107 116 145 
7200 11 38 58 73 80 100 
7200 12 89 
7200 13 84 90 101 146 
7200 14 31 54 97 99 
7200 15 7 43 94 136 148 
7200 16 26 30 95 130 
7200 17 44 63 139 
7200 18 21 
7200 19 58 72 136 
7200 20 89 99 99 100 143 
7200 21 18 
7200 22 79 82 
7200 23 37 62 67 75 77 118 134 
7200 24 28 36 88 
7200 25 1 38 56 67 99 103 129 149 
7200 26 16 88 122 
7200 27 72 119 
7200 28 24 51 148 148 
7200 29 61 103 
7200 30 6 16 76 113 138 
7200 31 14 96 
7200 32 45 49 
7200 33 41 56 106 116 
7200 34 72 82 107 129 
7200 35 74 84 
7200 36 10 24 52 109 113 
7200 37 23 
7200 38 11 25 63 67 77 97 101 107 
7200 39 3 111 141 
7200 40 117 
7200 41 33 74 139 
7200 42 141 147 
7200 43 1 15 134 145 
7200 44 17 70 149 
7200 45 32 50 102 130 
7200 46 48 53 85 113 122 
7200 47 79 82 83 93 114 
7200 48 46 
7200 49 32 
7200 50 10 45 119 
7200 51 28 61 71 
7200 52 36 87 128 
7200 53 46 64 104 106 
7200 54 0 14 126 
7200 55 2 67 83 149 
7200 56 1 25 33 82 116 127 
7200 57 64 74 
7200 58 11 19 61 96 
7200 59 74 85 115 
7200 60 5 73 88 
7200 61 29 51 58 91 92 94 119 120 142 
7200 62 23 92 122 129 
7200 63 17 38 95 110 
7200 64 6 53 57 
7200 65 126 
7200 66 112 115 
7200 67 1 23 25 38 55 93 119 130 
7200 68 
7200 69 
7200 70 44 
7200 71 51 90 
7200 72 19 27 34 96 119 149 
7200 73 6 11 60 106 
7200 74 35 41 57 59 80 
7200 75 2 23 77 82 
7200 76 30 113 
7200 77 23 38 75 79 81 98 
7200 78 114 149 
7200 79 22 47 77 
7200 80 11 74 120 
7200 81 77 82 100 146 
7200 82 22 34 47 56 75 81 116 
7200 83 47 55 
7200 84 13 35 
7200 85 46 59 113 
7200 86 127 
7200 87 52 97 100 108 143 
7200 88 24 26 60 104 
7200 89 10 12 20 105 129 133 
7200 90 9 13 71 94 101 130 146 
7200 91 5 61 96 
7200 92 3 7 61 62 101 128 
7200 93 47 67 114 135 
7200 94 15 61 90 100 
7200 95 16 63 112 120 
7200 96 0 5 31 58 72 91 
7200 97 14 38 87 111 126 
7200 98 77 114 
7200 99 14 20 20 25 
7200 100 5 11 20 81 87 94 107 128 149 
7200 101 3 9 13 38 90 92 103 
7200 102 45 121 127 
7200 103 25 29 101 
7200 104 53 88 
7200 105 89 
7200 106 33 53 73 126 127 
7200 107 10 34 38 100 
7200 108 3 87 125 
7200 109 36 
7200 110 63 
7200 111 39 97 130 
7200 112 66 95 121 
7200 113 30 36 46 76 85 149 
7200 114 47 78 93 98 
7200 115 59 66 
7200 116 10 33 56 82 
7200 117 40 148 
7200 118 23 
7200 119 1 27 50 61 67 72 128 135 
7200 120 61 80 95 
7200 121 102 112 138 
7200 122 26 46 62 127 
7200 123 
7200 124 
7200 125 108 130 144 
7200 126 54 65 97 106 145 
7200 127 56 86 102 106 122 
7200 128 52 92 100 119 130 
7200 129 25 34 62 89 143 149 
7200 130 16 45 67 90 111 125 128 
7200 131 
7200 132 142 
7200 133 89 
7200 134 2 23 43 143 
7200 135 93 119 
7200 136 15 19 144 
7200 137 145 
7200 138 6 30 121 
7200 139 1 17 41 
7200 140 
7200 141 39 42 148 
7200 142 61 132 
7200 143 20 87 129 134 
7200 144 125 136 
7200 145 10 43 126 137 
7200 146 13 81 90 
7200 147 42 
7200 148 15 28 28 117 141 
7200 149 25 44 55 72 78 100 113 129 
