0 7200 
0 0 8 46 70 112 158 
0 1 97 186 
0 2 40 148 
0 3 8 58 72 123 183 191 
0 4 41 124 153 
0 5 72 140 
0 6 68 75 85 
0 7 94 120 126 153 
0 8 0 3 174 
0 9 41 54 55 
0 10 52 53 98 120 175 
0 11 40 
0 12 62 163 163 
0 13 21 82 96 112 157 195 
0 14 37 101 
0 15 24 56 159 182 198 
0 16 98 175 
0 17 67 182 
0 18 80 
0 19 58 125 142 172 
0 20 136 143 145 
0 21 13 82 
0 22 69 135 173 178 
0 23 47 81 105 180 
0 24 15 41 83 189 
0 25 37 
0 26 168 
0 27 29 52 82 117 193 
0 28 121 166 181 
0 29 27 152 
0 30 57 
0 31 40 76 102 
0 32 45 
0 33 176 
0 34 151 163 
0 35 169 177 188 
0 36 58 166 182 
0 37 14 25 
0 38 112 
0 39 51 55 66 80 155 
0 40 2 11 31 119 123 135 155 
0 41 4 9 24 53 189 
0 42 60 81 82 83 128 183 
0 43 137 143 
0 44 
0 45 32 65 163 187 
0 46 0 176 
0 47 23 110 111 176 
0 48 139 170 185 
0 49 86 113 119 125 149 
0 50 
0 51 39 72 
0 52 10 27 58 91 96 101 104 124 165 
0 53 10 41 74 104 183 
0 54 9 88 
0 55 9 39 60 72 114 195 
0 56 15 124 127 129 132 
0 57 30 
0 58 3 19 36 52 182 
0 59 64 165 
0 60 42 55 92 107 155 
0 61 113 114 
0 62 12 83 95 124 145 151 180 199 
0 63 77 
0 64 59 135 155 
0 65 45 77 144 
0 66 39 71 141 
0 67 17 127 142 
0 68 6 75 
0 69 22 78 128 137 144 
0 70 0 72 141 147 
0 71 66 
0 72 3 5 51 55 70 114 181 
0 73 166 
0 74 53 112 127 153 172 
0 75 6 68 106 
0 76 31 140 
0 77 63 65 80 108 141 170 190 
0 78 69 80 154 
0 79 150 177 
0 80 18 39 77 78 85 128 174 
0 81 23 42 141 156 164 172 196 
0 82 13 21 27 42 118 129 148 
0 83 24 42 62 112 116 157 
0 84 89 131 151 
0 85 6 80 144 185 
0 86 49 136 
0 87 101 198 
0 88 54 
0 89 84 127 159 
0 90 159 
0 91 52 169 172 
0 92 60 
0 93 95 127 
0 94 7 102 103 118 126 135 
0 95 62 93 130 175 
0 96 13 52 174 
0 97 1 
0 98 10 16 124 126 
0 99 151 199 
0 100 119 119 158 
0 101 14 52 87 160 188 195 
0 102 31 94 129 158 174 195 
0 103 94 
0 104 52 53 
0 105 23 124 
0 106 75 110 
0 107 60 
0 108 77 141 157 
0 109 111 172 179 187 
0 110 47 106 141 143 
0 111 47 109 134 141 198 
0 112 0 13 38 74 83 142 149 153 182 195 
0 113 49 61 
0 114 55 61 72 117 119 
0 115 
0 116 83 
0 117 27 114 147 
0 118 82 94 129 
0 119 40 49 100 100 114 158 
0 120 7 10 163 
0 121 28 197 
0 122 148 
0 123 3 40 181 
0 124 4 52 56 62 98 105 126 141 147 
0 125 19 49 196 
0 126 7 94 98 124 142 164 187 
0 127 56 67 74 89 93 189 193 
0 128 42 69 80 185 
0 129 56 82 102 118 132 155 176 
0 130 95 
0 131 84 176 
0 132 56 129 177 194 
0 133 
0 134 111 143 199 
0 135 22 40 64 94 
0 136 20 86 
0 137 43 69 148 
0 138 
0 139 48 
0 140 5 76 
0 141 66 70 77 81 108 110 111 124 148 187 
0 142 19 67 112 126 174 183 
0 143 20 43 110 134 144 
0 144 65 69 85 143 
0 145 20 62 
0 146 184 186 
0 147 70 117 124 153 159 
0 148 2 82 122 137 141 199 
0 149 49 112 
0 150 79 198 
0 151 34 62 84 99 
0 152 29 
0 153 4 7 74 112 147 
0 154 78 
0 155 39 40 60 64 129 
0 156 81 183 187 
0 157 13 83 108 197 
0 158 0 100 102 119 191 
0 159 15 89 90 147 
0 160 101 169 
0 161 186 
0 162 193 
0 163 12 12 34 45 120 
0 164 81 126 188 
0 165 52 59 174 177 183 
0 166 28 36 73 178 181 
0 167 
0 168 26 
0 169 35 91 160 179 
0 170 48 77 
0 171 180 
0 172 19 74 81 91 109 
0 173 22 181 
0 174 8 80 96 102 142 165 
0 175 10 16 95 
0 176 33 46 47 129 131 178 
0 177 35 79 132 165 194 
0 178 22 166 176 199 
0 179 109 169 
0 180 23 62 171 182 
0 181 28 72 123 166 173 
0 182 15 17 36 58 112 180 
0 183 3 42 53 142 156 165 
0 184 146 
0 185 48 85 128 
0 186 1 146 161 187 
0 187 45 109 126 141 156 186 
0 188 35 101 164 
0 189 24 41 127 
0 190 77 
0 191 3 158 
0 192 
0 193 27 127 162 
0 194 132 177 198 
0 195 13 55 101 102 112 
0 196 81 125 
0 197 121 157 
0 198 15 87 111 150 194 
0 199 62 99 134 148 178 
0 7200 
600 0 49 199 
600 1 90 151 152 
600 2 51 102 126 
600 3 92 165 181 
600 4 143 159 189 
600 5 23 49 96 116 155 191 198 
600 6 99 
600 7 15 23 29 153 167 
600 8 13 39 
600 9 41 55 97 111 144 184 
600 10 97 104 
600 11 27 34 112 117 160 
600 12 41 90 99 120 
600 13 8 30 40 58 117 180 182 189 
600 14 64 112 117 
600 15 7 23 38 56 87 117 
600 16 35 56 152 
600 17 118 
600 18 62 65 128 133 
600 19 37 81 87 113 
600 20 78 187 
600 21 22 
600 22 21 36 42 65 143 187 
600 23 5 7 15 54 56 99 159 
600 24 44 93 
600 25 48 110 
600 26 100 107 112 166 
600 27 11 28 81 
600 28 27 81 170 177 
600 29 7 
600 30 13 158 162 173 185 
600 31 59 165 170 174 
600 32 75 
600 33 119 126 
600 34 11 41 82 142 160 172 172 193 194 
600 35 16 52 111 142 
600 36 22 
600 37 19 52 76 101 
600 38 15 70 195 
600 39 8 92 116 135 174 
600 40 13 70 71 118 178 
600 41 9 12 34 153 192 
600 42 22 45 60 93 110 116 128 
600 43 47 62 69 80 197 
600 44 24 141 
600 45 42 46 80 166 
600 46 45 65 148 
600 47 43 54 
600 48 25 62 86 88 115 133 199 
600 49 0 5 114 
600 50 191 
600 51 2 58 174 179 181 197 
600 52 35 37 53 82 104 171 
600 53 52 150 198 
600 54 23 47 67 97 
600 55 9 58 60 78 107 172 
600 56 15 16 23 70 82 112 
600 57 63 110 
600 58 13 51 55 91 94 98 196 
600 59 31 61 170 195 
600 60 42 55 123 140 140 158 179 181 
600 61 59 174 
600 62 18 43 48 
600 63 57 187 
600 64 14 70 92 
600 65 18 22 46 77 149 
600 66 85 190 
600 67 54 98 
600 68 75 78 122 
600 69 43 136 
600 70 38 40 56 64 71 76 140 172 
600 71 40 70 76 86 137 
600 72 148 183 
600 73 144 147 180 199 
600 74 113 183 
600 75 32 68 78 115 149 
600 76 37 70 71 113 
600 77 65 85 
600 78 20 55 68 75 
600 79 172 
600 80 43 45 122 157 185 
600 81 19 27 28 101 124 174 
600 82 34 52 56 117 119 181 
600 83 112 122 131 174 
600 84 167 
600 85 66 77 116 139 
600 86 48 71 190 
600 87 15 19 141 179 
600 88 48 
600 89 161 186 
600 90 1 12 
600 91 58 169 179 
600 92 3 39 64 
600 93 24 42 95 109 
600 94 58 98 
600 95 93 152 
600 96 5 112 117 132 195 
600 97 9 10 54 111 
600 98 58 67 94 192 
600 99 6 12 23 
600 100 26 
600 101 37 81 198 
600 102 2 125 163 181 182 
600 103 130 184 
600 104 10 52 121 164 
600 105 186 
600 106 
600 107 26 55 
600 108 141 
600 109 93 146 
600 110 25 42 57 135 173 187 197 
600 111 9 35 97 
600 112 11 14 26 56 83 96 118 142 172 
600 113 19 74 76 172 181 
600 114 49 170 
600 115 48 75 
600 116 5 39 42 85 156 
600 117 11 13 14 15 82 96 163 168 169 
600 118 17 40 112 
600 119 33 82 121 182 
600 120 12 143 159 
600 121 104 119 193 
600 122 68 80 83 162 
600 123 60 174 181 
600 124 81 
600 125 102 182 
600 126 2 33 135 163 
600 127 
600 128 18 42 197 
600 129 
600 130 103 152 
600 131 83 141 144 
600 132 96 169 
600 133 18 48 
600 134 137 151 
600 135 39 110 126 137 140 148 
600 136 69 138 
600 137 71 134 135 190 
600 138 136 
600 139 85 
600 140 60 60 70 135 
600 141 44 87 108 131 143 156 157 
600 142 34 35 112 175 194 
600 143 4 22 120 141 
600 144 9 73 131 
600 145 186 
600 146 109 
600 147 73 178 
600 148 46 72 135 157 
600 149 65 75 
600 150 53 168 188 
600 151 1 134 
600 152 1 16 95 130 
600 153 7 41 193 
600 154 
600 155 5 183 
600 156 116 141 183 
600 157 80 141 148 
600 158 30 60 
600 159 4 23 120 
600 160 11 34 
600 161 89 175 184 
600 162 30 122 
600 163 102 117 126 173 
600 164 104 196 
600 165 3 31 
600 166 26 45 
600 167 7 84 
600 168 117 150 
600 169 91 117 132 
600 170 28 31 59 114 
600 171 52 193 
600 172 34 34 55 70 79 112 113 196 
600 173 30 110 163 185 
600 174 31 39 51 61 81 83 123 
600 175 142 161 
600 176 190 
600 177 28 
600 178 40 147 
600 179 51 60 87 91 
600 180 13 73 
600 181 3 51 60 82 102 113 123 
600 182 13 102 119 125 
600 183 72 74 155 156 195 
600 184 9 103 161 186 189 
600 185 30 80 173 
600 186 89 105 145 184 
600 187 20 22 63 110 
600 188 150 196 
600 189 4 13 184 193 198 
600 190 66 86 137 176 
600 191 5 50 
600 192 41 98 193 
600 193 34 121 153 171 189 192 
600 194 34 142 
600 195 38 59 96 183 
600 196 58 164 172 188 
600 197 43 51 110 128 
600 198 5 53 101 189 
600 199 0 48 73 
0 7200 
1200 0 39 39 82 116 155 162 
1200 1 43 
1200 2 8 58 112 197 
1200 3 72 145 178 
1200 4 
1200 5 27 30 30 34 72 73 83 172 179 
1200 6 71 85 108 122 
1200 7 
1200 8 2 51 197 
1200 9 12 
1200 10 35 47 74 97 104 115 183 192 
1200 11 56 101 112 164 
1200 12 9 
1200 13 80 
1200 14 111 168 177 
1200 15 127 175 192 
1200 16 52 
1200 17 134 153 
1200 18 108 
1200 19 87 179 188 
1200 20 187 
1200 21 55 108 124 
1200 22 110 119 
1200 23 77 154 
1200 24 30 54 82 161 192 
1200 25 73 
1200 26 43 121 130 151 192 
1200 27 5 34 94 129 
1200 28 64 196 
1200 29 42 65 69 73 108 144 
1200 30 5 5 24 41 47 82 132 165 168 
1200 31 72 
1200 32 33 120 
1200 33 32 86 106 
1200 34 5 27 81 113 129 147 181 198 
1200 35 10 74 155 195 
1200 36 64 
1200 37 117 123 145 
1200 38 134 
1200 39 0 0 69 158 
1200 40 59 119 129 132 155 182 
1200 41 30 87 
1200 42 29 44 65 82 124 
1200 43 1 26 103 189 192 
1200 44 42 87 141 
1200 45 55 110 173 
1200 46 57 59 
1200 47 10 30 147 
1200 48 62 68 86 137 
1200 49 70 85 129 191 199 
1200 50 107 155 
1200 51 8 58 70 107 132 174 
1200 52 16 169 
1200 53 59 64 128 148 163 199 
1200 54 24 146 
1200 55 21 45 135 166 
1200 56 11 112 143 
1200 57 46 106 116 149 157 
1200 58 2 51 111 114 127 191 
1200 59 40 46 53 107 191 196 
1200 60 158 178 
1200 61 
1200 62 48 66 88 93 
1200 63 
1200 64 28 36 53 100 119 142 178 
1200 65 29 42 83 124 150 154 176 
1200 66 62 80 173 
1200 67 98 150 
1200 68 48 108 
1200 69 29 39 187 
1200 70 49 51 110 112 179 
1200 71 6 75 
1200 72 3 5 31 114 183 183 
1200 73 5 25 29 80 144 154 157 157 
1200 74 10 35 124 
1200 75 71 125 136 138 
1200 76 140 156 
1200 77 23 83 133 151 
1200 78 93 128 
1200 79 
1200 80 13 66 73 
1200 81 34 126 
1200 82 0 24 30 42 171 
1200 83 5 65 77 94 110 111 136 172 
1200 84 
1200 85 6 49 110 
1200 86 33 48 135 150 162 
1200 87 19 41 44 
1200 88 62 93 
1200 89 103 
1200 90 
1200 91 127 
1200 92 155 158 182 
1200 93 62 78 88 
1200 94 27 83 112 132 145 
1200 95 97 115 115 
1200 96 
1200 97 10 95 167 
1200 98 67 104 177 193 
1200 99 
1200 100 64 145 182 191 
1200 101 11 
1200 102 
1200 103 43 89 184 
1200 104 10 98 
1200 105 
1200 106 33 57 139 154 
1200 107 50 51 59 145 173 196 
1200 108 6 18 21 29 68 151 189 199 
1200 109 170 196 197 
1200 110 22 45 70 83 85 125 
1200 111 14 58 83 192 194 
1200 112 2 11 56 70 94 120 
1200 113 34 178 
1200 114 58 72 135 
1200 115 10 95 95 175 198 
1200 116 0 57 119 
1200 117 37 
1200 118 
1200 119 22 40 64 116 120 165 
1200 120 32 112 119 
1200 121 26 
1200 122 6 133 
1200 123 37 
1200 124 21 42 65 74 142 143 
1200 125 75 110 190 
1200 126 81 151 
1200 127 15 58 91 178 
1200 128 53 78 
1200 129 27 34 40 49 191 
1200 130 26 
1200 131 
1200 132 30 40 51 94 
1200 133 77 122 
1200 134 17 38 172 
1200 135 55 86 114 157 
1200 136 75 83 
1200 137 48 
1200 138 75 
1200 139 106 
1200 140 76 
1200 141 44 
1200 142 64 124 
1200 143 56 124 
1200 144 29 73 199 
1200 145 3 37 94 100 107 147 147 148 157 172 
1200 146 54 154 
1200 147 34 47 145 145 
1200 148 53 145 178 
1200 149 57 
1200 150 65 67 86 193 198 
1200 151 26 77 108 126 184 
1200 152 154 184 189 
1200 153 17 
1200 154 23 65 73 106 146 152 199 
1200 155 0 35 40 50 92 166 178 
1200 156 76 162 174 182 
1200 157 57 73 73 135 145 163 179 182 199 
1200 158 39 60 92 
1200 159 
1200 160 
1200 161 24 
1200 162 0 86 156 173 
1200 163 53 157 
1200 164 11 
1200 165 30 119 198 
1200 166 55 155 
1200 167 97 184 
1200 168 14 30 
1200 169 52 
1200 170 109 198 
1200 171 82 
1200 172 5 83 134 145 177 
1200 173 45 66 107 162 
1200 174 51 156 178 
1200 175 15 115 
1200 176 65 
1200 177 14 98 172 183 
1200 178 3 60 64 113 127 148 155 174 
1200 179 5 19 70 157 183 
1200 180 
1200 181 34 
1200 182 40 92 100 156 157 
1200 183 10 72 72 177 179 
1200 184 103 151 152 167 
1200 185 197 
1200 186 
1200 187 20 69 
1200 188 19 
1200 189 43 108 152 198 
1200 190 125 
1200 191 49 58 59 100 129 
1200 192 10 15 24 26 43 111 
1200 193 98 150 
1200 194 111 
1200 195 35 
1200 196 28 59 107 109 
1200 197 2 8 109 185 
1200 198 34 115 150 165 170 189 
1200 199 49 53 108 144 154 157 
0 7200 
1800 0 156 178 
1800 1 
1800 2 72 
1800 3 127 
1800 4 96 144 153 
1800 5 15 
1800 6 108 
1800 7 47 49 
1800 8 28 51 148 
1800 9 159 
1800 10 49 109 151 
1800 11 118 119 147 151 155 180 
1800 12 95 
1800 13 37 68 80 
1800 14 35 118 164 
1800 15 5 38 93 124 171 172 175 
1800 16 30 97 169 
1800 17 44 44 88 159 
1800 18 55 80 142 
1800 19 28 70 121 
1800 20 99 100 142 
1800 21 67 189 
1800 22 54 199 
1800 23 30 43 135 
1800 24 123 
1800 25 33 116 
1800 26 143 149 186 
1800 27 111 
1800 28 8 19 112 132 
1800 29 50 117 173 197 
1800 30 16 23 47 175 
1800 31 91 170 198 
1800 32 173 179 192 
1800 33 25 46 102 
1800 34 92 115 167 
1800 35 14 94 104 160 164 
1800 36 45 77 108 122 
1800 37 13 39 42 120 125 
1800 38 15 129 132 160 164 
1800 39 37 57 85 102 119 135 157 
1800 40 123 
1800 41 47 151 161 
1800 42 37 117 126 
1800 43 23 130 
1800 44 17 17 65 71 88 
1800 45 36 106 120 142 
1800 46 33 73 107 
1800 47 7 30 41 58 94 169 194 
1800 48 100 125 138 
1800 49 7 10 56 109 193 
1800 50 29 113 
1800 51 8 58 102 
1800 52 79 112 153 169 
1800 53 102 
1800 54 22 87 92 161 
1800 55 18 62 125 
1800 56 49 91 117 194 
1800 57 39 68 69 137 152 
1800 58 47 51 
1800 59 72 119 178 
1800 60 72 124 166 174 
1800 61 72 
1800 62 55 68 108 
1800 63 69 85 
1800 64 185 
1800 65 44 77 99 126 134 152 196 
1800 66 138 192 199 
1800 67 21 159 
1800 68 13 57 62 125 125 
1800 69 57 63 73 148 
1800 70 19 134 
1800 71 44 75 77 80 85 176 199 
1800 72 2 59 60 61 102 158 170 
1800 73 46 69 138 
1800 74 153 195 
1800 75 71 150 
1800 76 103 
1800 77 36 65 71 99 137 187 
1800 78 102 119 137 
1800 79 52 171 183 188 
1800 80 13 18 71 152 
1800 81 109 160 195 
1800 82 90 115 
1800 83 196 
1800 84 130 
1800 85 39 63 71 181 185 
1800 86 106 128 166 
1800 87 54 120 153 
1800 88 17 44 93 181 
1800 89 95 
1800 90 82 98 153 
1800 91 31 56 154 171 
1800 92 34 54 
1800 93 15 88 180 
1800 94 35 47 111 112 
1800 95 12 89 175 
1800 96 4 
1800 97 16 
1800 98 90 
1800 99 20 65 77 146 146 149 150 
1800 100 20 48 108 137 199 
1800 101 132 195 
1800 102 33 39 51 53 72 78 178 
1800 103 76 131 
1800 104 35 151 
1800 105 134 
1800 106 45 86 
1800 107 46 
1800 108 6 36 62 100 
1800 109 10 49 81 113 168 183 
1800 110 
1800 111 27 94 180 193 
1800 112 28 52 94 118 144 199 
1800 113 50 109 166 
1800 114 145 174 
1800 115 34 82 151 153 159 171 
1800 116 25 
1800 117 29 42 56 166 170 183 
1800 118 11 14 112 119 144 
1800 119 11 39 59 78 118 135 160 178 178 199 
1800 120 37 45 87 183 
1800 121 19 127 129 
1800 122 36 192 
1800 123 24 40 156 156 
1800 124 15 60 145 183 
1800 125 37 48 55 68 68 137 
1800 126 42 65 143 157 
1800 127 3 121 
1800 128 86 133 166 185 
1800 129 38 121 
1800 130 43 84 
1800 131 103 
1800 132 28 38 101 143 
1800 133 128 
1800 134 65 70 105 165 199 
1800 135 23 39 119 
1800 136 
1800 137 57 77 78 100 125 145 165 181 189 197 
1800 138 48 66 73 176 
1800 139 
1800 140 
1800 141 
1800 142 18 20 45 187 
1800 143 26 126 132 147 180 
1800 144 4 112 118 177 180 194 
1800 145 114 124 137 191 
1800 146 99 99 190 
1800 147 11 143 
1800 148 8 69 158 
1800 149 26 99 
1800 150 75 99 
1800 151 10 11 41 104 115 153 165 
1800 152 57 65 80 197 
1800 153 4 52 74 87 90 115 151 160 
1800 154 91 193 
1800 155 11 166 170 
1800 156 0 123 123 
1800 157 39 126 
1800 158 72 148 
1800 159 9 17 67 115 
1800 160 35 38 81 119 153 
1800 161 41 54 
1800 162 179 
1800 163 
1800 164 14 35 38 
1800 165 134 137 151 
1800 166 60 86 113 117 128 155 
1800 167 34 
1800 168 109 
1800 169 16 47 52 
1800 170 31 72 117 155 
1800 171 15 79 91 115 
1800 172 15 175 
1800 173 29 32 
1800 174 60 114 197 
1800 175 15 30 95 172 
1800 176 71 138 
1800 177 144 
1800 178 0 59 102 119 119 
1800 179 32 162 
1800 180 11 93 111 143 144 
1800 181 85 88 137 185 197 
1800 182 
1800 183 79 109 117 120 124 
1800 184 186 
1800 185 64 85 128 181 192 
1800 186 26 184 
1800 187 77 142 
1800 188 79 198 
1800 189 21 137 
1800 190 146 
1800 191 145 
1800 192 32 66 122 185 
1800 193 49 111 154 
1800 194 47 56 144 
1800 195 74 81 101 196 
1800 196 65 83 195 
1800 197 29 137 152 174 181 
1800 198 31 188 
1800 199 22 66 71 100 112 119 134 
0 7200 
2400 0 53 117 150 
2400 1 84 131 149 161 
2400 2 33 182 
2400 3 53 117 
2400 4 49 79 81 87 134 134 
2400 5 33 67 134 150 172 189 
2400 6 120 125 170 181 190 
2400 7 8 58 81 94 106 119 160 
2400 8 7 118 163 
2400 9 73 100 161 172 
2400 10 185 
2400 11 15 63 67 82 
2400 12 103 105 111 131 
2400 13 35 52 
2400 14 160 
2400 15 11 19 81 154 169 171 
2400 16 26 47 74 121 151 160 189 
2400 17 
2400 18 57 62 125 
2400 19 15 47 52 56 98 
2400 20 86 145 152 
2400 21 42 115 174 197 
2400 22 26 54 99 110 141 
2400 23 44 74 108 124 137 159 
2400 24 78 78 182 
2400 25 196 
2400 26 16 22 45 74 126 
2400 27 67 80 114 
2400 28 142 152 157 168 184 
2400 29 126 136 142 145 170 
2400 30 56 79 101 
2400 31 41 90 155 
2400 32 57 68 190 
2400 33 2 5 81 98 109 121 150 
2400 34 
2400 35 13 104 177 
2400 36 116 137 162 
2400 37 165 
2400 38 67 82 153 172 
2400 39 116 119 123 182 
2400 40 102 114 156 
2400 41 31 42 74 147 160 165 
2400 42 21 41 60 73 120 143 
2400 43 54 86 92 100 181 
2400 44 23 76 80 111 120 168 199 
2400 45 26 71 76 146 165 
2400 46 180 
2400 47 16 19 
2400 48 116 138 176 187 
2400 49 4 52 124 143 
2400 50 64 78 156 
2400 51 157 166 
2400 52 13 19 49 88 169 191 197 
2400 53 0 3 
2400 54 22 43 165 172 
2400 55 
2400 56 19 30 160 169 
2400 57 18 32 100 120 141 146 176 192 
2400 58 7 91 98 
2400 59 157 
2400 60 42 107 
2400 61 158 163 
2400 62 18 
2400 63 11 
2400 64 50 
2400 65 122 142 196 
2400 66 80 108 
2400 67 5 11 27 38 70 81 98 106 147 
2400 68 32 157 162 199 
2400 69 127 160 179 
2400 70 67 120 126 150 199 
2400 71 45 85 85 126 
2400 72 102 114 127 
2400 73 9 42 172 
2400 74 16 23 26 41 153 179 
2400 75 84 170 
2400 76 44 45 144 184 
2400 77 152 199 
2400 78 24 24 50 
2400 79 4 30 101 109 132 172 
2400 80 27 44 66 88 137 173 173 
2400 81 4 7 15 33 67 94 
2400 82 11 38 127 191 
2400 83 165 166 
2400 84 1 75 184 
2400 85 71 71 137 
2400 86 20 43 137 138 
2400 87 4 184 
2400 88 52 80 127 145 151 
2400 89 186 
2400 90 31 94 
2400 91 58 104 
2400 92 43 
2400 93 105 
2400 94 7 81 90 97 121 171 193 196 
2400 95 115 167 
2400 96 103 
2400 97 94 127 128 153 171 
2400 98 19 33 58 67 124 135 197 
2400 99 22 152 181 187 
2400 100 9 43 57 125 147 166 
2400 101 30 79 
2400 102 40 72 124 166 
2400 103 12 96 149 
2400 104 35 91 
2400 105 12 93 
2400 106 7 67 123 150 
2400 107 60 123 191 
2400 108 23 66 116 137 145 189 
2400 109 33 79 132 157 166 185 
2400 110 22 125 197 
2400 111 12 44 170 
2400 112 145 166 191 
2400 113 129 
2400 114 27 40 72 163 
2400 115 21 95 131 154 183 
2400 116 36 39 48 108 125 157 190 
2400 117 0 3 156 
2400 118 8 
2400 119 7 39 122 126 160 192 
2400 120 6 42 44 57 70 150 197 
2400 121 16 33 94 160 
2400 122 65 119 146 
2400 123 39 106 107 173 182 
2400 124 23 49 98 102 196 
2400 125 6 18 100 110 116 138 198 
2400 126 26 29 70 71 119 
2400 127 69 72 82 88 97 135 
2400 128 97 129 143 147 
2400 129 113 128 155 
2400 130 167 
2400 131 1 12 115 
2400 132 79 109 153 
2400 133 
2400 134 4 4 5 153 179 
2400 135 98 127 145 178 
2400 136 29 
2400 137 23 36 80 85 86 108 
2400 138 48 86 125 146 199 
2400 139 
2400 140 
2400 141 22 57 
2400 142 28 29 65 
2400 143 42 49 128 
2400 144 76 
2400 145 20 29 88 108 112 135 189 196 
2400 146 45 57 122 138 149 170 
2400 147 41 67 100 128 178 179 181 183 196 
2400 148 197 
2400 149 1 103 146 176 181 
2400 150 0 5 33 70 106 120 
2400 151 16 88 154 161 172 183 194 
2400 152 20 28 77 99 165 185 189 
2400 153 38 74 97 132 134 
2400 154 15 115 151 194 
2400 155 31 129 156 174 
2400 156 40 50 117 155 
2400 157 28 51 59 68 109 116 
2400 158 61 
2400 159 23 
2400 160 7 14 16 41 56 69 119 121 
2400 161 1 9 151 175 180 
2400 162 36 68 163 187 
2400 163 8 61 114 162 
2400 164 195 
2400 165 37 41 45 54 83 152 
2400 166 51 83 100 102 109 112 181 183 
2400 167 95 130 
2400 168 28 44 
2400 169 15 52 56 188 
2400 170 6 29 75 111 146 187 
2400 171 15 94 97 
2400 172 5 9 38 54 73 79 151 174 179 
2400 173 80 80 123 181 187 
2400 174 21 155 172 
2400 175 161 183 
2400 176 48 57 149 198 
2400 177 35 
2400 178 135 147 
2400 179 69 74 134 147 172 184 
2400 180 46 161 
2400 181 6 43 99 147 149 166 173 
2400 182 2 24 39 123 
2400 183 115 147 151 166 175 
2400 184 28 76 84 87 179 
2400 185 10 109 152 
2400 186 89 
2400 187 48 99 162 170 173 
2400 188 169 
2400 189 5 16 108 145 152 
2400 190 6 32 116 
2400 191 52 82 107 112 
2400 192 57 119 
2400 193 94 
2400 194 151 154 
2400 195 164 
2400 196 25 65 94 124 145 147 
2400 197 21 52 98 110 120 148 
2400 198 125 176 199 
2400 199 44 68 70 77 138 198 
0 7200 
3000 0 70 135 143 
3000 1 26 
3000 2 55 58 143 146 162 178 
3000 3 59 162 
3000 4 47 120 121 127 128 
3000 5 13 31 67 178 
3000 6 29 57 108 120 
3000 7 25 31 
3000 8 51 
3000 9 14 143 147 156 189 
3000 10 
3000 11 13 88 193 
3000 12 44 184 
3000 13 5 11 193 
3000 14 9 171 
3000 15 67 97 110 125 127 195 
3000 16 38 88 
3000 17 24 119 186 
3000 18 
3000 19 35 93 
3000 20 24 126 134 160 198 
3000 21 26 30 57 57 99 119 152 
3000 22 69 76 79 199 
3000 23 56 57 73 
3000 24 17 20 43 69 104 142 
3000 25 7 27 42 58 73 110 128 146 166 199 
3000 26 1 21 82 131 171 
3000 27 25 64 85 129 
3000 28 80 81 108 141 147 166 187 
3000 29 6 79 198 
3000 30 21 49 78 82 143 144 153 168 
3000 31 5 7 52 63 121 129 
3000 32 136 157 
3000 33 58 155 162 
3000 34 155 166 191 
3000 35 19 104 153 
3000 36 176 198 
3000 37 108 
3000 38 16 146 
3000 39 57 70 
3000 40 64 
3000 41 55 112 189 
3000 42 25 81 119 120 129 
3000 43 24 199 
3000 44 12 
3000 45 71 136 149 
3000 46 168 
3000 47 4 94 121 172 
3000 48 65 85 86 
3000 49 30 
3000 50 
3000 51 8 107 132 135 145 
3000 52 31 68 127 165 
3000 53 60 
3000 54 73 
3000 55 2 41 63 104 109 112 166 166 
3000 56 23 77 88 103 142 
3000 57 6 21 21 23 39 65 
3000 58 2 25 33 90 98 
3000 59 3 72 116 
3000 60 53 135 139 
3000 61 72 
3000 62 77 142 198 
3000 63 31 55 
3000 64 27 40 163 
3000 65 48 57 104 124 146 174 199 
3000 66 137 
3000 67 5 15 68 104 129 182 186 
3000 68 52 67 81 101 112 118 
3000 69 22 24 112 157 196 199 
3000 70 0 39 100 117 154 
3000 71 45 75 79 192 
3000 72 59 61 158 178 
3000 73 23 25 54 139 199 
3000 74 144 171 179 
3000 75 71 76 102 141 
3000 76 22 75 
3000 77 56 62 190 
3000 78 30 188 193 
3000 79 22 29 71 85 106 179 189 
3000 80 28 110 136 
3000 81 28 42 68 174 178 
3000 82 26 30 
3000 83 99 126 135 142 146 165 178 
3000 84 135 139 145 
3000 85 27 48 79 132 166 176 181 
3000 86 48 198 
3000 87 95 184 
3000 88 11 16 56 112 115 160 161 193 
3000 89 
3000 90 58 121 144 
3000 91 125 144 
3000 92 
3000 93 19 
3000 94 47 110 165 191 
3000 95 87 161 
3000 96 180 
3000 97 15 
3000 98 58 118 
3000 99 21 83 106 170 
3000 100 70 139 145 166 183 
3000 101 68 109 
3000 102 75 103 
3000 103 56 102 167 
3000 104 24 35 55 65 67 110 134 137 149 
3000 105 
3000 106 79 99 154 170 
3000 107 51 145 164 
3000 108 6 28 37 189 
3000 109 55 101 
3000 110 15 25 80 94 104 170 180 
3000 111 
3000 112 41 55 68 69 88 127 153 183 
3000 113 127 162 197 
3000 114 
3000 115 88 
3000 116 59 196 
3000 117 70 120 145 
3000 118 68 98 196 
3000 119 17 21 42 122 127 164 196 
3000 120 4 6 42 117 122 165 174 
3000 121 4 31 47 90 
3000 122 119 120 173 
3000 123 173 
3000 124 65 165 
3000 125 15 91 146 
3000 126 20 83 
3000 127 4 15 52 112 113 119 165 188 
3000 128 4 25 147 171 
3000 129 27 31 42 67 140 178 196 
3000 130 
3000 131 26 
3000 132 51 85 138 
3000 133 
3000 134 20 104 170 
3000 135 0 51 60 83 84 173 199 
3000 136 32 45 80 
3000 137 66 104 
3000 138 132 
3000 139 60 73 84 100 148 182 196 
3000 140 129 162 
3000 141 28 75 
3000 142 24 56 62 83 199 
3000 143 0 2 9 30 174 191 
3000 144 30 74 90 91 
3000 145 51 84 100 107 117 174 186 
3000 146 2 25 38 65 83 125 157 163 
3000 147 9 28 128 166 174 
3000 148 139 173 
3000 149 45 104 180 
3000 150 
3000 151 
3000 152 21 154 181 
3000 153 30 35 112 
3000 154 70 106 152 157 
3000 155 33 34 
3000 156 9 174 
3000 157 32 69 146 154 182 
3000 158 72 174 
3000 159 180 
3000 160 20 88 
3000 161 88 95 
3000 162 2 3 33 113 140 
3000 163 64 146 
3000 164 107 119 
3000 165 52 83 94 120 124 127 180 184 
3000 166 25 28 34 55 55 85 100 147 174 182 
3000 167 103 187 
3000 168 30 46 
3000 169 
3000 170 99 106 110 134 180 
3000 171 14 26 74 128 194 
3000 172 47 195 
3000 173 122 123 135 148 
3000 174 65 81 120 143 145 147 156 158 166 
3000 175 
3000 176 36 85 
3000 177 
3000 178 2 5 72 81 83 129 
3000 179 74 79 183 
3000 180 96 110 149 159 165 170 
3000 181 85 152 199 
3000 182 67 139 157 166 
3000 183 100 112 179 
3000 184 12 87 165 
3000 185 
3000 186 17 67 145 192 195 
3000 187 28 167 
3000 188 78 127 
3000 189 9 41 79 108 199 
3000 190 77 
3000 191 34 94 143 
3000 192 71 186 
3000 193 11 13 78 88 
3000 194 171 
3000 195 15 172 186 
3000 196 69 116 118 119 129 139 
3000 197 113 
3000 198 20 29 36 62 86 
3000 199 22 25 43 65 69 73 135 142 181 189 
0 7200 
3600 0 4 100 163 173 
3600 1 
3600 2 127 
3600 3 11 161 
3600 4 0 110 166 178 
3600 5 30 113 185 
3600 6 9 36 85 86 
3600 7 16 161 188 
3600 8 51 
3600 9 6 78 120 135 
3600 10 81 119 
3600 11 3 19 58 121 135 171 172 174 
3600 12 43 92 96 115 
3600 13 
3600 14 15 63 97 143 187 
3600 15 14 82 94 
3600 16 7 21 70 88 97 144 194 
3600 17 32 73 75 116 142 166 187 
3600 18 57 77 99 
3600 19 11 144 185 
3600 20 102 
3600 21 16 102 
3600 22 149 166 
3600 23 59 104 179 
3600 24 
3600 25 35 97 112 165 183 189 192 
3600 26 
3600 27 53 67 84 
3600 28 46 71 136 165 175 192 
3600 29 47 58 143 
3600 30 5 42 47 115 188 
3600 31 35 
3600 32 17 66 111 116 117 133 
3600 33 47 68 128 146 178 191 
3600 34 
3600 35 25 31 80 91 193 
3600 36 6 79 133 
3600 37 126 150 173 
3600 38 121 
3600 39 59 65 99 134 
3600 40 148 162 182 
3600 41 110 186 
3600 42 30 58 81 179 181 182 
3600 43 12 46 79 80 111 136 165 199 
3600 44 78 95 170 
3600 45 
3600 46 28 43 56 80 80 87 88 119 187 
3600 47 29 30 33 
3600 48 95 
3600 49 101 185 194 
3600 50 73 164 169 186 
3600 51 8 67 197 
3600 52 93 151 161 185 
3600 53 27 148 199 199 
3600 54 65 69 
3600 55 125 177 
3600 56 46 97 159 168 
3600 57 18 69 81 111 
3600 58 11 29 42 90 153 185 186 
3600 59 23 39 166 
3600 60 67 117 140 
3600 61 66 69 79 184 
3600 62 71 77 
3600 63 14 75 151 168 
3600 64 132 140 
3600 65 39 54 150 
3600 66 32 61 
3600 67 27 51 60 114 
3600 68 33 82 153 172 194 
3600 69 54 57 61 76 115 139 166 
3600 70 16 115 
3600 71 28 62 199 
3600 72 195 
3600 73 17 50 120 145 195 197 
3600 74 121 169 188 
3600 75 17 63 160 
3600 76 69 83 87 111 134 136 181 
3600 77 18 62 136 
3600 78 9 44 83 100 
3600 79 36 43 61 86 176 
3600 80 35 43 46 46 132 157 167 181 
3600 81 10 42 57 84 135 
3600 82 15 68 146 178 
3600 83 76 78 192 
3600 84 27 81 166 
3600 85 6 154 
3600 86 6 79 172 
3600 87 46 76 142 187 
3600 88 16 46 165 181 189 
3600 89 103 180 
3600 90 58 193 
3600 91 35 
3600 92 12 143 
3600 93 52 109 
3600 94 15 101 
3600 95 44 48 143 170 187 
3600 96 12 
3600 97 14 16 25 56 152 172 180 
3600 98 147 177 
3600 99 18 39 
3600 100 0 78 106 117 147 
3600 101 49 94 146 
3600 102 20 21 192 
3600 103 89 
3600 104 23 139 146 179 
3600 105 119 130 
3600 106 100 122 149 
3600 107 118 195 
3600 108 115 142 
3600 109 93 196 196 
3600 110 4 41 142 183 
3600 111 32 43 57 76 
3600 112 25 151 
3600 113 5 194 
3600 114 67 148 
3600 115 12 30 69 70 108 130 167 
3600 116 17 32 196 197 
3600 117 32 60 100 140 
3600 118 107 121 147 166 177 183 
3600 119 10 46 105 179 
3600 120 9 73 166 
3600 121 11 38 74 118 153 194 
3600 122 106 166 
3600 123 
3600 124 126 127 
3600 125 55 146 151 
3600 126 37 124 147 149 168 
3600 127 2 124 186 
3600 128 33 167 
3600 129 
3600 130 105 115 
3600 131 
3600 132 64 80 163 196 
3600 133 32 36 
3600 134 39 76 176 
3600 135 9 11 81 165 
3600 136 28 43 76 77 142 160 
3600 137 150 170 
3600 138 
3600 139 69 104 199 
3600 140 60 64 117 162 
3600 141 
3600 142 17 87 108 110 136 
3600 143 14 29 92 95 149 
3600 144 16 19 193 
3600 145 73 
3600 146 33 82 101 104 125 169 
3600 147 98 100 118 126 196 197 
3600 148 40 53 114 157 
3600 149 22 106 126 143 
3600 150 37 65 137 162 
3600 151 52 63 112 125 167 188 
3600 152 97 159 183 
3600 153 58 68 121 
3600 154 85 157 
3600 155 
3600 156 
3600 157 80 148 154 173 
3600 158 
3600 159 56 152 168 192 
3600 160 75 136 
3600 161 3 7 52 
3600 162 40 140 150 
3600 163 0 132 
3600 164 50 173 
3600 165 25 28 43 88 135 168 170 184 186 
3600 166 4 17 22 59 69 84 118 120 122 188 188 
3600 167 80 115 128 151 
3600 168 56 63 126 159 165 
3600 169 50 74 146 
3600 170 44 95 137 165 
3600 171 11 
3600 172 11 68 86 97 183 
3600 173 0 37 157 164 
3600 174 11 
3600 175 28 183 192 
3600 176 79 134 
3600 177 55 98 118 
3600 178 4 33 82 186 188 193 196 
3600 179 23 42 104 119 
3600 180 89 97 
3600 181 42 76 80 88 
3600 182 40 42 
3600 183 25 110 118 152 172 175 
3600 184 61 165 
3600 185 5 19 49 52 58 
3600 186 41 50 58 127 165 178 
3600 187 14 17 46 87 95 
3600 188 7 30 74 151 166 166 178 
3600 189 25 88 
3600 190 
3600 191 33 
3600 192 25 28 83 102 159 175 
3600 193 35 90 144 178 
3600 194 16 49 68 113 121 
3600 195 72 73 107 
3600 196 109 109 116 132 147 178 
3600 197 51 73 116 147 
3600 198 
3600 199 43 53 53 71 139 
0 7200 
4200 0 120 154 178 
4200 1 89 
4200 2 23 
4200 3 25 124 150 
4200 4 91 97 175 188 189 193 
4200 5 56 
4200 6 37 78 78 
4200 7 33 42 54 123 162 177 
4200 8 146 
4200 9 20 84 149 189 
4200 10 20 22 34 111 122 164 
4200 11 30 58 93 
4200 12 75 
4200 13 
4200 14 64 
4200 15 37 157 
4200 16 44 86 119 152 192 
4200 17 46 187 
4200 18 36 
4200 19 47 68 161 
4200 20 9 10 57 
4200 21 74 88 189 199 
4200 22 10 46 64 135 
4200 23 2 51 57 132 161 181 
4200 24 76 179 
4200 25 3 83 172 174 
4200 26 85 136 
4200 27 45 48 66 117 
4200 28 80 97 
4200 29 58 64 96 185 
4200 30 11 47 82 87 185 
4200 31 86 
4200 32 36 
4200 33 7 47 49 109 
4200 34 10 38 63 80 121 125 157 162 162 167 175 197 199 
4200 35 41 55 67 192 
4200 36 18 32 57 134 141 198 
4200 37 6 15 53 132 197 
4200 38 34 58 101 
4200 39 81 100 155 
4200 40 163 
4200 41 35 56 64 184 
4200 42 7 54 186 
4200 43 74 127 
4200 44 16 52 56 119 121 128 142 
4200 45 27 76 160 181 190 
4200 46 17 22 104 
4200 47 19 30 33 91 185 191 
4200 48 27 110 
4200 49 33 112 
4200 50 56 63 179 
4200 51 23 140 
4200 52 44 97 
4200 53 37 199 
4200 54 7 42 176 182 
4200 55 35 86 91 109 192 
4200 56 5 41 44 50 76 79 104 104 106 
4200 57 20 23 36 76 135 
4200 58 11 29 38 74 104 168 
4200 59 116 
4200 60 73 127 155 158 171 173 
4200 61 89 152 184 
4200 62 141 
4200 63 34 50 129 159 
4200 64 14 22 29 41 100 149 170 188 
4200 65 79 120 138 150 164 188 
4200 66 27 81 
4200 67 35 
4200 68 19 
4200 69 83 173 
4200 70 74 86 93 128 183 
4200 71 76 111 
4200 72 139 151 
4200 73 60 98 127 128 
4200 74 21 43 58 70 112 143 152 173 178 189 
4200 75 12 77 111 
4200 76 24 45 56 57 71 104 142 199 
4200 77 75 
4200 78 6 6 85 
4200 79 56 65 132 186 
4200 80 28 34 150 179 
4200 81 39 66 173 186 
4200 82 30 101 115 189 195 
4200 83 25 69 120 150 174 189 
4200 84 9 114 132 145 163 
4200 85 26 78 141 151 198 199 
4200 86 16 31 55 70 91 112 145 167 192 
4200 87 30 151 
4200 88 21 100 179 199 
4200 89 1 61 187 
4200 90 
4200 91 4 47 55 86 
4200 92 105 
4200 93 11 70 
4200 94 97 101 152 165 196 
4200 95 105 
4200 96 29 175 
4200 97 4 28 52 94 
4200 98 73 125 173 174 
4200 99 199 
4200 100 39 64 88 122 179 181 
4200 101 38 82 94 
4200 102 164 164 
4200 103 168 
4200 104 46 56 56 58 76 120 164 
4200 105 92 95 
4200 106 56 164 
4200 107 108 123 135 
4200 108 107 122 140 196 
4200 109 33 55 
4200 110 48 157 160 175 
4200 111 10 71 75 139 197 
4200 112 49 74 86 119 144 154 
4200 113 161 
4200 114 84 148 151 162 166 196 
4200 115 82 152 
4200 116 59 122 198 
4200 117 27 158 
4200 118 177 182 
4200 119 16 44 112 168 
4200 120 0 65 83 104 138 196 
4200 121 34 44 126 177 194 
4200 122 10 100 108 116 134 139 148 
4200 123 7 107 146 174 
4200 124 3 
4200 125 34 98 153 153 154 154 
4200 126 121 191 
4200 127 43 60 73 176 178 186 
4200 128 44 70 73 
4200 129 63 
4200 130 147 164 
4200 131 
4200 132 23 37 79 84 
4200 133 
4200 134 36 122 141 
4200 135 22 57 107 157 
4200 136 26 
4200 137 165 165 177 
4200 138 65 120 141 
4200 139 72 111 122 174 
4200 140 51 108 
4200 141 36 62 85 134 138 142 
4200 142 44 76 141 
4200 143 74 
4200 144 112 172 
4200 145 84 86 161 
4200 146 8 123 155 
4200 147 130 149 170 175 
4200 148 114 122 
4200 149 9 64 147 
4200 150 3 65 80 83 172 174 
4200 151 72 85 87 114 
4200 152 16 61 74 94 115 192 
4200 153 125 125 
4200 154 0 112 125 125 167 188 
4200 155 39 60 146 176 196 
4200 156 159 
4200 157 15 34 110 135 174 
4200 158 60 117 
4200 159 63 156 180 
4200 160 45 110 189 
4200 161 19 23 113 145 
4200 162 7 34 34 114 178 197 
4200 163 40 84 
4200 164 10 65 102 102 104 106 130 
4200 165 94 137 137 167 
4200 166 114 
4200 167 34 86 154 165 178 
4200 168 58 103 119 
4200 169 
4200 170 64 147 
4200 171 60 
4200 172 25 144 150 174 186 
4200 173 60 69 74 81 98 192 
4200 174 25 83 98 123 139 150 157 172 
4200 175 4 34 96 110 147 191 
4200 176 54 127 155 178 
4200 177 7 118 121 137 
4200 178 0 74 127 162 167 176 196 
4200 179 24 50 80 88 100 180 187 192 
4200 180 159 179 
4200 181 23 45 100 
4200 182 54 118 
4200 183 70 
4200 184 41 61 
4200 185 29 30 47 
4200 186 42 79 81 127 172 188 
4200 187 17 89 179 
4200 188 4 64 65 154 186 
4200 189 4 9 21 74 82 83 160 
4200 190 45 
4200 191 47 126 175 
4200 192 16 35 55 86 152 173 179 
4200 193 4 
4200 194 121 
4200 195 82 
4200 196 94 108 114 120 155 178 197 
4200 197 34 37 111 162 196 
4200 198 36 85 116 
4200 199 21 34 53 76 85 88 99 
0 7200 
4800 0 54 66 84 118 158 
4800 1 56 63 105 115 164 
4800 2 4 54 84 150 178 
4800 3 53 61 72 162 163 
4800 4 2 13 42 102 188 
4800 5 24 35 76 81 88 96 159 178 184 
4800 6 10 120 160 
4800 7 25 113 182 
4800 8 111 
4800 9 33 65 142 147 151 184 
4800 10 6 164 186 
4800 11 35 42 44 49 93 126 
4800 12 20 159 
4800 13 4 
4800 14 159 189 
4800 15 94 112 178 
4800 16 35 94 101 152 165 
4800 17 88 
4800 18 26 32 121 122 
4800 19 56 
4800 20 12 42 56 64 105 
4800 21 65 119 166 174 
4800 22 35 81 99 170 
4800 23 42 86 167 195 
4800 24 5 42 48 93 94 128 128 183 
4800 25 7 30 54 61 88 113 154 182 
4800 26 18 52 136 197 
4800 27 37 46 104 135 166 170 
4800 28 44 
4800 29 41 
4800 30 25 43 88 115 154 199 
4800 31 35 38 154 
4800 32 18 116 
4800 33 9 65 125 173 184 185 189 
4800 34 49 58 91 165 195 
4800 35 5 11 16 22 31 44 69 82 
4800 36 198 
4800 37 27 72 118 134 
4800 38 31 58 68 169 178 
4800 39 57 123 
4800 40 113 123 155 157 176 182 196 
4800 41 29 188 
4800 42 4 11 20 23 24 98 98 102 134 135 167 172 179 
4800 43 30 70 169 
4800 44 11 28 35 188 189 
4800 45 71 106 115 136 186 
4800 46 27 75 186 
4800 47 53 150 158 
4800 48 24 51 97 135 173 
4800 49 11 34 61 68 128 193 
4800 50 75 160 
4800 51 48 120 172 
4800 52 26 
4800 53 3 47 54 162 
4800 54 0 2 25 53 114 150 
4800 55 155 
4800 56 1 19 20 105 105 119 121 
4800 57 39 80 133 170 191 
4800 58 34 38 101 162 183 
4800 59 150 155 155 
4800 60 
4800 61 3 25 49 68 145 183 
4800 62 134 
4800 63 1 
4800 64 20 89 96 185 186 199 
4800 65 9 21 33 99 
4800 66 0 
4800 67 92 93 95 109 189 199 
4800 68 38 49 61 82 94 137 161 
4800 69 35 87 
4800 70 43 110 
4800 71 45 85 
4800 72 3 37 84 98 123 155 
4800 73 191 
4800 74 194 
4800 75 46 50 149 197 
4800 76 5 180 
4800 77 85 99 122 138 190 
4800 78 122 132 160 197 
4800 79 133 134 164 
4800 80 57 81 109 183 191 
4800 81 5 22 80 102 166 
4800 82 35 68 101 188 
4800 83 121 136 173 179 
4800 84 0 2 72 114 117 139 166 174 196 
4800 85 71 77 99 136 
4800 86 23 
4800 87 69 123 174 
4800 88 5 17 25 30 195 199 
4800 89 64 130 160 171 180 180 
4800 90 126 
4800 91 34 127 
4800 92 67 
4800 93 11 24 67 175 
4800 94 15 16 24 68 109 119 150 162 166 
4800 95 67 130 143 153 
4800 96 5 64 129 
4800 97 48 172 175 193 195 
4800 98 42 42 72 125 176 
4800 99 22 65 77 85 134 
4800 100 
4800 101 16 58 82 167 
4800 102 4 42 81 106 179 
4800 103 143 164 
4800 104 27 157 181 192 195 
4800 105 1 20 56 56 
4800 106 45 102 
4800 107 108 118 124 151 
4800 108 107 140 151 
4800 109 67 80 94 119 124 126 185 
4800 110 70 147 152 188 
4800 111 8 170 187 
4800 112 15 
4800 113 7 25 40 154 177 178 196 
4800 114 54 84 154 158 
4800 115 1 30 45 119 131 192 192 
4800 116 32 182 198 
4800 117 84 191 
4800 118 0 37 107 
4800 119 21 56 94 109 115 188 
4800 120 6 51 
4800 121 18 56 83 132 170 
4800 122 18 77 78 134 168 168 197 
4800 123 39 40 72 87 196 
4800 124 107 109 162 
4800 125 33 98 188 
4800 126 11 90 109 181 188 
4800 127 91 137 178 
4800 128 24 24 49 188 
4800 129 96 
4800 130 89 95 
4800 131 115 184 187 
4800 132 78 121 139 140 
4800 133 57 79 
4800 134 37 42 62 79 99 122 149 
4800 135 27 42 48 182 189 196 
4800 136 26 45 83 85 191 
4800 137 68 127 165 194 
4800 138 77 191 
4800 139 84 132 163 166 
4800 140 108 132 
4800 141 149 198 
4800 142 9 
4800 143 95 103 160 
4800 144 152 
4800 145 61 161 165 167 
4800 146 158 
4800 147 9 110 
4800 148 
4800 149 75 134 141 
4800 150 2 47 54 59 94 173 196 
4800 151 9 107 108 188 
4800 152 16 110 144 172 194 
4800 153 95 
4800 154 25 30 31 113 114 169 
4800 155 40 55 59 59 72 158 158 
4800 156 164 187 
4800 157 40 104 181 182 
4800 158 0 47 114 146 155 155 
4800 159 5 12 14 171 
4800 160 6 50 78 89 143 
4800 161 68 145 177 
4800 162 3 53 58 94 124 172 
4800 163 3 139 
4800 164 1 10 79 103 156 
4800 165 16 34 137 145 
4800 166 21 27 81 84 94 139 176 
4800 167 23 42 101 145 171 183 
4800 168 122 122 
4800 169 38 43 154 
4800 170 22 27 57 111 121 
4800 171 89 159 167 
4800 172 42 51 97 152 162 
4800 173 33 48 83 150 192 
4800 174 21 84 87 
4800 175 93 97 
4800 176 40 98 166 
4800 177 113 161 
4800 178 2 5 15 38 113 127 
4800 179 42 83 102 191 
4800 180 76 89 89 
4800 181 104 126 157 
4800 182 7 25 40 116 135 157 
4800 183 24 58 61 80 167 
4800 184 5 9 33 131 
4800 185 33 64 109 199 
4800 186 10 45 46 64 187 
4800 187 111 131 156 186 
4800 188 4 41 44 82 110 119 125 126 128 151 196 
4800 189 14 33 44 67 135 
4800 190 77 198 
4800 191 57 73 80 117 136 138 179 
4800 192 104 115 115 173 
4800 193 49 97 
4800 194 74 137 152 
4800 195 23 34 88 97 104 
4800 196 40 84 113 123 135 150 188 
4800 197 26 75 78 122 
4800 198 36 116 141 190 
4800 199 30 64 67 88 185 
0 7200 
5400 0 71 108 162 196 
5400 1 
5400 2 55 107 
5400 3 123 145 172 191 
5400 4 98 
5400 5 64 164 
5400 6 51 97 142 162 
5400 7 69 
5400 8 78 136 
5400 9 51 123 
5400 10 44 62 77 116 164 190 
5400 11 43 79 
5400 12 110 
5400 13 39 122 
5400 14 
5400 15 87 91 101 
5400 16 38 88 90 
5400 17 21 24 28 29 77 103 156 184 187 
5400 18 69 72 122 191 
5400 19 46 63 
5400 20 115 181 183 
5400 21 17 80 149 160 164 165 185 
5400 22 24 28 56 56 79 109 112 161 
5400 23 42 47 59 107 148 172 
5400 24 17 22 31 42 
5400 25 83 100 183 192 
5400 26 125 
5400 27 48 120 164 186 188 198 
5400 28 17 22 48 83 192 
5400 29 17 101 
5400 30 43 82 94 96 127 167 
5400 31 24 44 48 68 167 
5400 32 81 84 
5400 33 40 42 157 
5400 34 36 73 81 83 
5400 35 80 86 87 96 122 127 128 185 188 195 199 
5400 36 34 168 
5400 37 101 
5400 38 16 39 47 137 141 199 
5400 39 13 38 68 158 181 
5400 40 33 119 119 143 
5400 41 63 103 188 
5400 42 23 24 33 51 54 104 172 183 188 
5400 43 11 30 71 119 141 
5400 44 10 31 143 167 184 
5400 45 56 73 173 
5400 46 19 190 197 197 
5400 47 23 38 157 
5400 48 27 28 31 51 111 178 189 
5400 49 67 
5400 50 149 
5400 51 6 9 42 48 145 196 
5400 52 56 142 
5400 53 81 100 123 163 199 
5400 54 42 87 140 158 172 
5400 55 2 135 182 199 
5400 56 22 22 45 52 105 118 134 151 197 
5400 57 61 120 197 
5400 58 70 96 150 162 172 194 
5400 59 23 102 
5400 60 107 155 
5400 61 57 
5400 62 10 
5400 63 19 41 179 184 
5400 64 5 76 95 103 106 110 118 179 
5400 65 111 179 
5400 66 99 
5400 67 49 174 179 184 
5400 68 31 39 119 166 178 179 
5400 69 7 18 87 183 
5400 70 58 128 
5400 71 0 43 147 
5400 72 18 124 139 154 166 196 
5400 73 34 45 
5400 74 113 167 
5400 75 
5400 76 64 
5400 77 10 17 168 
5400 78 8 81 83 125 
5400 79 11 22 90 154 165 
5400 80 21 35 103 153 171 
5400 81 32 34 53 78 134 196 
5400 82 30 126 128 189 
5400 83 25 28 34 78 121 168 187 
5400 84 32 111 151 199 
5400 85 197 
5400 86 35 109 150 161 191 
5400 87 15 35 54 69 94 113 168 181 
5400 88 16 154 
5400 89 129 156 
5400 90 16 79 109 128 145 
5400 91 15 126 
5400 92 96 96 175 
5400 93 174 
5400 94 30 87 96 175 193 
5400 95 64 
5400 96 30 35 58 92 92 94 
5400 97 6 170 
5400 98 4 
5400 99 66 138 142 183 189 
5400 100 25 53 188 
5400 101 15 29 37 
5400 102 59 
5400 103 17 41 64 80 105 
5400 104 42 115 157 
5400 105 56 103 
5400 106 64 170 184 
5400 107 2 23 60 158 
5400 108 0 163 198 
5400 109 22 86 90 112 117 189 
5400 110 12 64 119 152 183 185 188 
5400 111 48 65 84 125 
5400 112 22 109 176 
5400 113 74 87 150 178 181 
5400 114 157 163 
5400 115 20 104 180 186 
5400 116 10 151 196 
5400 117 109 163 
5400 118 56 64 143 
5400 119 40 40 43 68 110 159 167 
5400 120 27 57 179 
5400 121 83 
5400 122 13 18 35 
5400 123 3 9 53 155 166 
5400 124 72 147 
5400 125 26 78 111 
5400 126 82 91 161 185 
5400 127 30 35 141 150 177 
5400 128 35 70 82 90 177 181 
5400 129 89 
5400 130 171 
5400 131 
5400 132 137 181 
5400 133 190 
5400 134 56 81 197 
5400 135 55 178 183 
5400 136 8 
5400 137 38 132 145 194 
5400 138 99 173 
5400 139 72 162 
5400 140 54 
5400 141 38 43 127 
5400 142 6 52 99 
5400 143 40 44 118 184 
5400 144 
5400 145 3 51 90 137 
5400 146 176 
5400 147 71 124 
5400 148 23 181 191 
5400 149 21 50 164 
5400 150 58 86 113 127 195 
5400 151 56 84 116 178 
5400 152 110 
5400 153 80 
5400 154 72 79 88 157 165 178 188 199 
5400 155 60 123 163 
5400 156 17 89 
5400 157 33 47 104 114 154 
5400 158 39 54 107 
5400 159 119 189 
5400 160 21 180 
5400 161 22 86 126 189 
5400 162 0 6 58 139 
5400 163 53 108 114 117 155 
5400 164 5 10 21 27 149 
5400 165 21 79 154 195 
5400 166 68 72 123 195 
5400 167 30 31 44 74 119 
5400 168 36 77 83 87 181 183 
5400 169 
5400 170 97 106 192 
5400 171 80 130 
5400 172 3 23 42 54 58 
5400 173 45 138 179 190 
5400 174 67 93 
5400 175 92 94 
5400 176 112 146 181 
5400 177 127 128 
5400 178 48 68 113 135 151 154 
5400 179 63 64 65 67 68 120 173 
5400 180 115 160 
5400 181 20 39 87 113 128 132 148 168 176 189 
5400 182 55 
5400 183 20 25 42 69 99 110 135 168 
5400 184 17 44 63 67 106 143 
5400 185 21 35 110 126 
5400 186 27 115 
5400 187 17 83 
5400 188 27 35 41 42 100 110 154 
5400 189 48 82 99 109 159 161 181 
5400 190 10 46 133 173 
5400 191 3 18 86 148 
5400 192 25 28 170 193 
5400 193 94 192 
5400 194 58 137 
5400 195 35 150 165 166 
5400 196 0 51 72 81 116 
5400 197 46 46 56 57 85 134 
5400 198 27 108 
5400 199 35 38 53 55 84 154 
0 7200 
6000 0 13 55 65 68 144 
6000 1 41 50 171 
6000 2 25 145 181 
6000 3 51 69 141 172 
6000 4 60 65 104 116 
6000 5 46 76 111 151 160 178 197 
6000 6 102 102 117 135 136 147 197 
6000 7 47 109 162 195 
6000 8 121 
6000 9 56 116 
6000 10 26 42 136 189 
6000 11 88 104 141 147 176 
6000 12 106 110 131 
6000 13 0 23 64 107 168 
6000 14 44 106 179 
6000 15 102 
6000 16 63 74 109 128 155 
6000 17 75 175 
6000 18 37 87 162 
6000 19 72 139 148 
6000 20 38 58 137 185 
6000 21 83 165 189 
6000 22 188 
6000 23 13 83 135 167 169 
6000 24 42 57 102 115 149 189 192 
6000 25 2 43 97 104 161 185 192 
6000 26 10 34 138 198 
6000 27 54 100 
6000 28 89 156 183 186 
6000 29 93 109 126 156 189 
6000 30 40 141 
6000 31 48 109 152 
6000 32 66 138 
6000 33 70 185 
6000 34 26 53 75 138 
6000 35 126 154 165 191 
6000 36 81 
6000 37 18 63 
6000 38 20 80 189 
6000 39 141 172 
6000 40 30 79 
6000 41 1 68 80 93 179 192 
6000 42 10 24 81 107 119 161 
6000 43 25 48 68 69 101 161 
6000 44 14 86 159 
6000 45 100 173 
6000 46 5 151 179 
6000 47 7 60 113 141 178 
6000 48 31 43 126 140 165 185 
6000 49 
6000 50 1 78 106 124 
6000 51 3 94 123 143 158 162 199 
6000 52 83 107 134 
6000 53 34 68 73 76 97 151 190 
6000 54 27 65 83 99 121 147 191 
6000 55 0 
6000 56 9 
6000 57 24 173 
6000 58 20 90 104 126 167 
6000 59 64 72 146 146 
6000 60 4 47 108 
6000 61 100 151 
6000 62 66 
6000 63 16 37 68 122 185 195 
6000 64 13 59 141 154 162 
6000 65 0 4 54 118 136 
6000 66 32 62 84 138 173 
6000 67 80 153 160 
6000 68 0 41 43 53 63 83 94 100 104 176 199 
6000 69 3 43 
6000 70 33 90 
6000 71 128 165 
6000 72 19 59 123 154 162 182 
6000 73 53 138 
6000 74 16 88 94 167 181 
6000 75 17 34 95 142 166 
6000 76 5 53 100 142 186 196 
6000 77 83 119 121 160 180 
6000 78 50 81 
6000 79 40 174 
6000 80 38 41 67 103 
6000 81 36 42 78 119 
6000 82 128 178 185 
6000 83 21 23 52 54 68 77 99 116 159 187 
6000 84 66 143 
6000 85 
6000 86 44 
6000 87 18 104 169 
6000 88 11 74 170 181 
6000 89 28 164 
6000 90 58 70 113 161 
6000 91 161 161 
6000 92 105 110 175 
6000 93 29 41 
6000 94 51 68 74 113 140 172 
6000 95 75 153 
6000 96 152 171 183 
6000 97 25 53 140 173 186 
6000 98 173 
6000 99 54 83 100 118 121 
6000 100 27 45 61 68 76 99 115 121 124 140 150 170 
6000 101 43 
6000 102 6 6 15 24 115 158 190 
6000 103 80 
6000 104 4 11 25 58 68 87 119 181 195 
6000 105 92 179 
6000 106 12 14 50 129 153 
6000 107 13 42 52 135 151 
6000 108 60 
6000 109 7 16 29 31 126 155 181 194 
6000 110 12 92 147 
6000 111 5 149 
6000 112 161 172 
6000 113 47 90 94 
6000 114 148 181 
6000 115 24 100 102 151 
6000 116 4 9 83 
6000 117 6 166 
6000 118 65 99 154 
6000 119 42 77 81 104 192 
6000 120 
6000 121 8 54 77 99 100 124 136 138 160 192 
6000 122 63 140 191 
6000 123 51 72 
6000 124 50 100 121 
6000 125 163 
6000 126 29 35 48 58 109 161 
6000 127 
6000 128 16 71 82 155 161 
6000 129 106 149 153 160 
6000 130 
6000 131 12 
6000 132 192 
6000 133 197 
6000 134 52 144 
6000 135 6 23 107 161 
6000 136 6 10 65 121 198 
6000 137 20 
6000 138 26 32 34 66 73 121 
6000 139 19 
6000 140 48 94 97 100 122 143 158 188 
6000 141 3 11 30 39 47 64 157 
6000 142 75 76 
6000 143 51 84 140 173 
6000 144 0 134 192 
6000 145 2 
6000 146 59 59 163 168 
6000 147 6 11 54 110 150 
6000 148 19 114 154 182 
6000 149 24 111 129 173 
6000 150 100 147 151 
6000 151 5 46 53 61 107 115 150 179 
6000 152 31 96 170 
6000 153 67 95 106 129 180 196 
6000 154 35 64 72 118 148 
6000 155 16 109 128 157 
6000 156 28 29 
6000 157 141 155 161 192 194 
6000 158 51 102 140 
6000 159 44 83 175 
6000 160 5 67 77 121 129 183 
6000 161 25 42 43 90 91 91 112 126 128 135 157 
6000 162 7 18 51 64 72 
6000 163 125 146 
6000 164 89 197 
6000 165 21 35 48 71 184 
6000 166 75 117 
6000 167 23 58 74 188 
6000 168 13 146 
6000 169 23 87 
6000 170 88 100 152 184 
6000 171 1 96 
6000 172 3 39 94 112 182 
6000 173 45 57 66 97 98 143 149 
6000 174 79 
6000 175 17 92 159 
6000 176 11 68 181 199 
6000 177 
6000 178 5 47 82 
6000 179 14 41 46 105 151 
6000 180 77 153 
6000 181 2 74 88 104 109 114 176 
6000 182 72 148 172 
6000 183 28 96 160 193 
6000 184 165 170 
6000 185 20 25 33 48 63 82 194 195 
6000 186 28 76 97 
6000 187 83 189 
6000 188 22 140 167 
6000 189 10 21 24 29 38 187 
6000 190 53 102 
6000 191 35 54 122 
6000 192 24 25 41 119 121 132 144 157 
6000 193 183 
6000 194 109 157 185 
6000 195 7 63 104 185 
6000 196 76 153 
6000 197 5 6 133 164 198 
6000 198 26 136 197 
6000 199 51 68 176 
0 7200 
6600 0 118 139 168 
6600 1 28 110 
6600 2 172 
6600 3 4 25 
6600 4 3 59 72 87 150 
6600 5 50 97 149 164 
6600 6 108 144 
6600 7 43 145 148 150 
6600 8 81 132 160 
6600 9 151 
6600 10 48 99 
6600 11 39 79 113 
6600 12 57 
6600 13 67 131 156 
6600 14 31 67 175 189 
6600 15 34 163 
6600 16 19 29 88 145 177 
6600 17 19 112 
6600 18 20 30 128 
6600 19 16 17 76 196 
6600 20 18 37 113 124 194 
6600 21 26 41 68 104 
6600 22 44 78 120 138 172 
6600 23 37 47 56 65 87 150 185 
6600 24 33 41 116 166 
6600 25 3 44 51 57 178 
6600 26 21 
6600 27 35 35 46 
6600 28 1 
6600 29 16 152 
6600 30 18 88 155 
6600 31 14 79 165 172 175 192 195 
6600 32 61 66 102 
6600 33 24 70 83 88 124 161 167 171 
6600 34 15 59 60 64 72 123 172 
6600 35 27 27 46 111 121 
6600 36 134 173 
6600 37 20 23 58 
6600 38 
6600 39 11 60 195 
6600 40 127 
6600 41 21 24 44 159 160 
6600 42 50 58 77 193 193 
6600 43 7 49 63 69 155 
6600 44 22 25 41 80 142 178 
6600 45 182 
6600 46 27 35 134 164 182 
6600 47 23 72 
6600 48 10 50 106 170 193 197 
6600 49 43 192 
6600 50 5 42 48 65 186 
6600 51 25 59 138 143 
6600 52 83 144 187 
6600 53 57 121 151 
6600 54 67 71 193 
6600 55 66 84 107 
6600 56 23 60 102 162 
6600 57 12 25 53 118 140 148 158 162 162 
6600 58 37 42 109 113 162 177 188 195 
6600 59 4 34 51 60 150 151 
6600 60 34 39 56 59 89 148 163 169 
6600 61 32 107 163 170 188 
6600 62 120 198 
6600 63 43 90 176 176 
6600 64 34 146 185 
6600 65 23 50 78 197 
6600 66 32 55 81 85 99 144 
6600 67 13 14 54 160 
6600 68 21 71 108 133 140 
6600 69 43 113 154 167 185 
6600 70 33 157 191 194 
6600 71 54 68 87 146 194 
6600 72 4 34 47 181 196 
6600 73 197 
6600 74 82 100 
6600 75 103 142 164 
6600 76 19 86 126 
6600 77 42 104 
6600 78 22 65 83 85 108 164 197 
6600 79 11 31 86 88 112 127 136 175 
6600 80 44 92 106 182 185 
6600 81 8 66 83 120 
6600 82 74 161 193 
6600 83 33 52 78 81 134 
6600 84 55 111 
6600 85 66 78 121 166 
6600 86 76 79 
6600 87 4 23 71 140 145 178 185 
6600 88 16 30 33 79 113 124 128 
6600 89 60 115 116 144 
6600 90 63 
6600 91 137 
6600 92 80 129 
6600 93 136 
6600 94 96 108 112 126 145 147 154 
6600 95 
6600 96 94 185 
6600 97 5 
6600 98 
6600 99 10 66 111 116 146 
6600 100 74 109 141 145 
6600 101 161 191 
6600 102 32 56 
6600 103 75 110 
6600 104 21 77 
6600 105 110 
6600 106 48 80 184 
6600 107 55 61 122 139 195 
6600 108 6 68 78 94 114 134 164 197 
6600 109 58 100 122 161 163 
6600 110 1 103 105 192 
6600 111 35 84 99 121 182 
6600 112 17 79 94 128 191 
6600 113 11 20 58 69 88 
6600 114 108 144 
6600 115 89 
6600 116 24 89 99 
6600 117 152 
6600 118 0 57 151 154 167 167 195 
6600 119 188 
6600 120 22 62 81 138 182 
6600 121 35 53 85 111 
6600 122 107 109 135 141 
6600 123 34 168 
6600 124 20 33 88 167 
6600 125 
6600 126 76 94 181 
6600 127 40 79 133 178 195 
6600 128 18 88 112 152 
6600 129 92 
6600 130 
6600 131 13 
6600 132 8 
6600 133 68 127 
6600 134 36 46 83 108 
6600 135 122 147 195 
6600 136 79 93 
6600 137 91 
6600 138 22 51 120 167 178 179 
6600 139 0 107 169 
6600 140 57 68 87 181 185 196 
6600 141 100 122 148 188 
6600 142 44 75 144 190 
6600 143 51 
6600 144 6 52 66 89 114 142 146 150 151 
6600 145 7 16 87 94 100 167 
6600 146 64 71 99 144 165 178 
6600 147 94 135 
6600 148 7 57 60 141 
6600 149 5 197 
6600 150 4 7 23 59 144 178 196 199 
6600 151 9 53 59 118 144 191 
6600 152 29 117 128 
6600 153 
6600 154 69 94 118 
6600 155 30 43 177 
6600 156 13 
6600 157 70 
6600 158 57 
6600 159 41 184 191 
6600 160 8 41 67 
6600 161 33 82 101 109 170 178 
6600 162 56 57 57 58 189 
6600 163 15 60 61 109 
6600 164 5 46 75 78 108 184 
6600 165 31 146 
6600 166 24 85 
6600 167 33 69 118 118 124 138 145 182 
6600 168 0 123 
6600 169 60 139 
6600 170 48 61 161 
6600 171 33 174 183 
6600 172 2 22 31 34 
6600 173 36 
6600 174 171 
6600 175 14 31 79 
6600 176 63 63 177 188 
6600 177 16 58 155 176 
6600 178 25 44 87 127 138 146 150 161 
6600 179 138 
6600 180 
6600 181 72 126 140 
6600 182 45 46 80 111 120 167 197 
6600 183 171 
6600 184 106 159 164 
6600 185 23 64 69 80 87 96 140 
6600 186 50 
6600 187 52 
6600 188 58 61 119 141 176 
6600 189 14 162 
6600 190 142 
6600 191 70 101 112 151 159 
6600 192 31 49 110 
6600 193 42 42 48 54 82 
6600 194 20 70 71 
6600 195 31 39 58 107 118 127 135 
6600 196 19 72 140 150 
6600 197 48 65 73 78 108 149 182 
6600 198 62 
6600 199 150 
0 7200 
7200 0 151 155 
7200 1 
7200 2 4 46 97 122 146 158 163 
7200 3 
7200 4 2 107 143 179 
7200 5 6 26 85 
7200 6 5 24 42 136 180 185 
7200 7 107 154 169 
7200 8 99 121 
7200 9 56 
7200 10 31 165 175 
7200 11 33 60 71 88 124 
7200 12 
7200 13 29 117 119 
7200 14 49 74 94 193 
7200 15 
7200 16 42 
7200 17 30 42 97 140 155 192 
7200 18 39 76 124 128 
7200 19 46 94 178 
7200 20 33 128 
7200 21 61 
7200 22 134 176 197 
7200 23 31 
7200 24 6 49 135 197 
7200 25 31 33 42 51 87 89 97 182 
7200 26 5 
7200 27 134 137 198 
7200 28 129 180 
7200 29 13 112 
7200 30 17 126 
7200 31 10 23 25 38 42 44 71 127 181 189 193 
7200 32 139 176 
7200 33 11 20 25 42 49 63 86 152 
7200 34 178 
7200 35 121 132 
7200 36 78 
7200 37 196 
7200 38 31 54 103 153 156 159 175 
7200 39 18 40 56 63 72 86 118 
7200 40 39 
7200 41 44 103 106 186 
7200 42 6 16 17 25 31 33 46 64 71 81 152 161 
7200 43 
7200 44 31 41 121 128 135 146 
7200 45 63 64 100 109 112 178 192 194 
7200 46 2 19 42 71 74 81 
7200 47 89 191 
7200 48 59 180 182 
7200 49 14 24 33 80 127 165 166 
7200 50 125 
7200 51 25 126 127 150 166 191 192 
7200 52 134 137 
7200 53 110 
7200 54 38 
7200 55 
7200 56 9 39 
7200 57 64 135 162 
7200 58 93 118 
7200 59 48 65 120 198 
7200 60 11 63 
7200 61 21 150 155 167 199 
7200 62 108 114 142 
7200 63 33 39 45 60 97 154 
7200 64 42 45 57 82 122 
7200 65 59 77 120 176 
7200 66 
7200 67 103 156 171 193 
7200 68 71 86 149 178 
7200 69 95 95 176 
7200 70 165 
7200 71 11 31 42 46 68 83 143 181 
7200 72 39 123 
7200 73 179 
7200 74 14 46 112 
7200 75 95 
7200 76 18 100 109 167 195 
7200 77 65 98 115 
7200 78 36 
7200 79 183 
7200 80 49 119 133 153 185 
7200 81 42 46 83 132 
7200 82 64 164 
7200 83 71 81 101 143 197 
7200 84 101 
7200 85 5 134 
7200 86 33 39 68 93 138 
7200 87 25 
7200 88 11 113 127 
7200 89 25 47 120 139 174 
7200 90 
7200 91 
7200 92 160 
7200 93 58 86 
7200 94 14 19 162 178 189 
7200 95 69 69 75 103 
7200 96 129 
7200 97 2 17 25 63 143 181 
7200 98 77 114 
7200 99 8 116 118 134 173 186 
7200 100 45 76 
7200 101 83 84 108 
7200 102 
7200 103 38 41 67 95 
7200 104 139 180 184 186 
7200 105 
7200 106 41 125 
7200 107 4 7 
7200 108 62 101 
7200 109 45 76 163 185 
7200 110 53 184 
7200 111 176 
7200 112 29 45 74 
7200 113 88 146 155 167 
7200 114 62 98 
7200 115 77 187 
7200 116 99 
7200 117 13 157 175 
7200 118 39 58 99 154 155 162 
7200 119 13 80 128 175 
7200 120 59 65 89 137 
7200 121 8 35 44 146 
7200 122 2 64 168 196 
7200 123 72 
7200 124 11 18 149 170 189 
7200 125 50 106 183 
7200 126 30 51 
7200 127 31 49 51 88 170 185 193 
7200 128 18 20 44 119 195 196 
7200 129 28 96 156 
7200 130 
7200 131 183 
7200 132 35 81 143 182 
7200 133 80 161 178 
7200 134 22 27 52 85 99 138 
7200 135 24 44 57 139 150 
7200 136 6 157 159 165 
7200 137 27 52 120 
7200 138 86 134 
7200 139 32 89 104 135 144 
7200 140 17 154 
7200 141 150 192 
7200 142 62 173 189 
7200 143 4 71 83 97 132 167 
7200 144 139 172 
7200 145 184 
7200 146 2 44 113 121 147 154 158 165 199 
7200 147 146 173 186 189 
7200 148 
7200 149 68 124 195 
7200 150 51 61 135 141 
7200 151 0 155 
7200 152 33 42 
7200 153 38 80 171 
7200 154 7 63 118 140 146 167 196 
7200 155 0 17 61 113 118 151 158 
7200 156 38 67 129 
7200 157 117 136 164 
7200 158 2 146 155 
7200 159 38 136 
7200 160 92 166 
7200 161 42 133 170 
7200 162 57 94 118 
7200 163 2 109 
7200 164 82 157 175 182 
7200 165 10 49 70 136 146 189 
7200 166 49 51 160 170 180 
7200 167 61 76 113 143 154 185 
7200 168 122 
7200 169 7 
7200 170 124 127 161 166 193 
7200 171 67 153 
7200 172 144 
7200 173 99 142 147 
7200 174 89 
7200 175 10 38 117 119 164 
7200 176 22 32 65 69 111 
7200 177 
7200 178 19 34 45 68 94 133 182 189 194 
7200 179 4 73 
7200 180 6 28 48 104 166 
7200 181 31 71 97 
7200 182 25 48 132 164 178 
7200 183 79 125 131 
7200 184 104 110 145 
7200 185 6 80 109 127 167 195 
7200 186 41 99 104 147 
7200 187 115 
7200 188 192 
7200 189 31 94 124 142 147 165 178 199 
7200 190 198 
7200 191 47 51 
7200 192 17 45 51 141 188 
7200 193 14 31 67 127 170 
7200 194 45 178 
7200 195 76 128 149 185 
7200 196 37 122 128 154 
7200 197 22 24 83 
7200 198 27 59 190 
7200 199 61 146 189 
