0 7200 
0 0 8 15 22 25 29 32 37 44 47 51 56 57 61 62 64 65 71 72 75 77 78 80 84 86 87 90 94 96 101 106 111 115 117 119 120 122 134 136 137 139 143 148 152 153 159 162 167 195 197 200 202 208 214 218 220 227 232 237 242 250 252 253 257 262 263 264 277 279 284 296 299 
0 1 2 4 5 6 9 10 11 12 14 16 20 21 26 28 31 33 34 35 36 41 42 44 49 52 58 59 60 66 67 68 69 70 73 74 76 79 82 83 85 89 91 92 93 95 97 99 102 103 107 109 121 124 125 126 130 131 132 135 140 141 142 147 149 150 151 155 156 158 160 163 164 165 166 169 173 177 178 179 182 184 185 188 190 191 192 193 194 198 199 201 203 205 206 207 212 213 215 219 222 224 225 229 230 231 233 236 238 239 243 244 246 251 254 255 258 259 260 261 265 268 269 271 274 275 276 278 286 290 291 292 293 295 
0 2 1 3 13 18 27 30 39 43 81 98 100 104 105 116 123 128 129 133 144 161 168 170 171 176 183 186 187 189 204 209 211 216 226 241 247 249 267 272 273 280 283 285 288 297 298 
0 3 2 45 113 127 138 154 157 172 181 196 240 245 266 
0 4 1 46 270 282 
0 5 1 54 108 210 248 
0 6 1 
0 7 17 19 23 24 32 38 40 48 50 53 55 63 88 110 112 118 145 146 174 175 180 217 221 223 228 234 235 256 281 287 289 294 
0 8 0 114 
0 9 1 
0 10 1 
0 11 1 
0 12 1 
0 13 2 
0 14 1 
0 15 0 
0 16 1 
0 17 7 
0 18 2 
0 19 7 
0 20 1 
0 21 1 
0 22 0 
0 23 7 
0 24 7 
0 25 0 
0 26 1 
0 27 2 
0 28 1 
0 29 0 
0 30 2 
0 31 1 
0 32 0 7 
0 33 1 
0 34 1 
0 35 1 
0 36 1 
0 37 0 
0 38 7 
0 39 2 
0 40 7 
0 41 1 
0 42 1 
0 43 2 
0 44 0 1 
0 45 3 
0 46 4 
0 47 0 
0 48 7 
0 49 1 
0 50 7 
0 51 0 
0 52 1 
0 53 7 
0 54 5 
0 55 7 
0 56 0 
0 57 0 
0 58 1 
0 59 1 
0 60 1 
0 61 0 
0 62 0 
0 63 7 
0 64 0 
0 65 0 
0 66 1 
0 67 1 
0 68 1 
0 69 1 
0 70 1 
0 71 0 
0 72 0 
0 73 1 
0 74 1 
0 75 0 
0 76 1 
0 77 0 
0 78 0 
0 79 1 
0 80 0 
0 81 2 
0 82 1 
0 83 1 
0 84 0 
0 85 1 
0 86 0 
0 87 0 
0 88 7 
0 89 1 
0 90 0 
0 91 1 
0 92 1 
0 93 1 
0 94 0 
0 95 1 
0 96 0 
0 97 1 
0 98 2 
0 99 1 
0 100 2 
0 101 0 
0 102 1 
0 103 1 
0 104 2 
0 105 2 
0 106 0 
0 107 1 
0 108 5 
0 109 1 
0 110 7 
0 111 0 
0 112 7 
0 113 3 
0 114 8 
0 115 0 
0 116 2 
0 117 0 
0 118 7 
0 119 0 
0 120 0 
0 121 1 
0 122 0 
0 123 2 
0 124 1 
0 125 1 
0 126 1 
0 127 3 
0 128 2 
0 129 2 
0 130 1 
0 131 1 
0 132 1 
0 133 2 
0 134 0 
0 135 1 
0 136 0 
0 137 0 
0 138 3 
0 139 0 
0 140 1 
0 141 1 
0 142 1 
0 143 0 
0 144 2 
0 145 7 
0 146 7 
0 147 1 
0 148 0 
0 149 1 
0 150 1 
0 151 1 
0 152 0 
0 153 0 
0 154 3 
0 155 1 
0 156 1 
0 157 3 
0 158 1 
0 159 0 
0 160 1 
0 161 2 
0 162 0 
0 163 1 
0 164 1 
0 165 1 
0 166 1 
0 167 0 
0 168 2 
0 169 1 
0 170 2 
0 171 2 
0 172 3 
0 173 1 
0 174 7 
0 175 7 
0 176 2 
0 177 1 
0 178 1 
0 179 1 
0 180 7 
0 181 3 
0 182 1 
0 183 2 
0 184 1 
0 185 1 
0 186 2 
0 187 2 
0 188 1 
0 189 2 
0 190 1 
0 191 1 
0 192 1 
0 193 1 
0 194 1 
0 195 0 
0 196 3 
0 197 0 
0 198 1 
0 199 1 
0 200 0 
0 201 1 
0 202 0 
0 203 1 
0 204 2 
0 205 1 
0 206 1 
0 207 1 
0 208 0 
0 209 2 
0 210 5 
0 211 2 
0 212 1 
0 213 1 
0 214 0 
0 215 1 
0 216 2 
0 217 7 
0 218 0 
0 219 1 
0 220 0 
0 221 7 
0 222 1 
0 223 7 
0 224 1 
0 225 1 
0 226 2 
0 227 0 
0 228 7 
0 229 1 
0 230 1 
0 231 1 
0 232 0 
0 233 1 
0 234 7 
0 235 7 
0 236 1 
0 237 0 
0 238 1 
0 239 1 
0 240 3 
0 241 2 
0 242 0 
0 243 1 
0 244 1 
0 245 3 
0 246 1 
0 247 2 
0 248 5 
0 249 2 
0 250 0 
0 251 1 
0 252 0 
0 253 0 
0 254 1 
0 255 1 
0 256 7 
0 257 0 
0 258 1 
0 259 1 
0 260 1 
0 261 1 
0 262 0 
0 263 0 
0 264 0 
0 265 1 
0 266 3 
0 267 2 
0 268 1 
0 269 1 
0 270 4 
0 271 1 
0 272 2 
0 273 2 
0 274 1 
0 275 1 
0 276 1 
0 277 0 
0 278 1 
0 279 0 
0 280 2 
0 281 7 
0 282 4 
0 283 2 
0 284 0 
0 285 2 
0 286 1 
0 287 7 
0 288 2 
0 289 7 
0 290 1 
0 291 1 
0 292 1 
0 293 1 
0 294 7 
0 295 1 
0 296 0 
0 297 2 
0 298 2 
0 299 0 
0 7200 
600 0 8 15 19 22 29 31 33 34 37 44 46 47 51 57 60 61 62 65 71 72 75 77 78 80 84 86 87 90 93 94 96 103 106 111 115 117 120 122 131 134 137 139 143 145 146 148 152 153 158 159 167 172 177 184 195 197 200 202 208 218 220 227 232 237 242 250 252 253 257 262 263 264 277 279 284 296 299 
600 1 2 4 5 8 9 10 11 12 14 16 20 21 25 26 28 35 36 41 42 49 52 56 58 59 64 66 68 69 70 73 74 76 79 82 83 85 91 92 95 97 99 102 107 109 121 123 124 125 126 128 130 132 135 140 142 147 149 150 151 155 156 160 162 163 164 165 166 169 173 178 179 182 185 188 190 191 192 193 194 198 199 201 203 206 207 212 213 214 215 219 224 225 229 230 231 233 236 238 239 243 244 251 254 255 258 259 260 261 265 268 269 271 274 275 276 278 280 290 291 292 293 295 
600 2 1 3 6 13 18 27 30 32 39 43 55 67 81 98 100 101 104 105 116 119 129 133 141 144 154 161 168 170 171 176 183 186 187 189 204 205 211 216 222 226 241 247 249 267 272 273 285 288 297 298 
600 3 2 45 113 127 138 157 181 196 240 245 266 
600 4 1 270 282 
600 5 1 54 89 108 210 248 
600 6 2 
600 7 17 23 24 25 38 40 48 50 53 63 88 110 112 118 136 174 175 180 209 217 221 223 228 234 235 246 256 281 283 286 287 289 294 
600 8 0 1 
600 9 1 
600 10 1 
600 11 1 
600 12 1 
600 13 2 
600 14 1 
600 15 0 114 
600 16 1 
600 17 7 
600 18 2 
600 19 0 
600 20 1 
600 21 1 
600 22 0 
600 23 7 
600 24 7 
600 25 1 7 
600 26 1 
600 27 2 
600 28 1 
600 29 0 
600 30 2 
600 31 0 
600 32 2 
600 33 0 
600 34 0 
600 35 1 
600 36 1 
600 37 0 
600 38 7 
600 39 2 
600 40 7 
600 41 1 
600 42 1 
600 43 2 
600 44 0 
600 45 3 
600 46 0 
600 47 0 
600 48 7 
600 49 1 
600 50 7 
600 51 0 
600 52 1 
600 53 7 
600 54 5 
600 55 2 
600 56 1 
600 57 0 
600 58 1 
600 59 1 
600 60 0 
600 61 0 
600 62 0 
600 63 7 
600 64 1 
600 65 0 
600 66 1 
600 67 2 
600 68 1 
600 69 1 
600 70 1 
600 71 0 
600 72 0 
600 73 1 
600 74 1 
600 75 0 
600 76 1 
600 77 0 
600 78 0 
600 79 1 
600 80 0 
600 81 2 
600 82 1 
600 83 1 
600 84 0 
600 85 1 
600 86 0 
600 87 0 
600 88 7 
600 89 5 
600 90 0 
600 91 1 
600 92 1 
600 93 0 
600 94 0 
600 95 1 
600 96 0 
600 97 1 
600 98 2 
600 99 1 
600 100 2 
600 101 2 
600 102 1 
600 103 0 
600 104 2 
600 105 2 
600 106 0 
600 107 1 
600 108 5 
600 109 1 
600 110 7 
600 111 0 
600 112 7 
600 113 3 
600 114 15 
600 115 0 
600 116 2 
600 117 0 
600 118 7 
600 119 2 
600 120 0 
600 121 1 
600 122 0 
600 123 1 
600 124 1 
600 125 1 
600 126 1 
600 127 3 
600 128 1 
600 129 2 
600 130 1 
600 131 0 
600 132 1 
600 133 2 
600 134 0 
600 135 1 
600 136 7 
600 137 0 
600 138 3 
600 139 0 
600 140 1 
600 141 2 
600 142 1 
600 143 0 
600 144 2 
600 145 0 
600 146 0 
600 147 1 
600 148 0 
600 149 1 
600 150 1 
600 151 1 
600 152 0 
600 153 0 
600 154 2 
600 155 1 
600 156 1 
600 157 3 
600 158 0 
600 159 0 
600 160 1 
600 161 2 
600 162 1 
600 163 1 
600 164 1 
600 165 1 
600 166 1 
600 167 0 
600 168 2 
600 169 1 
600 170 2 
600 171 2 
600 172 0 
600 173 1 
600 174 7 
600 175 7 
600 176 2 
600 177 0 
600 178 1 
600 179 1 
600 180 7 
600 181 3 
600 182 1 
600 183 2 
600 184 0 
600 185 1 
600 186 2 
600 187 2 
600 188 1 
600 189 2 
600 190 1 
600 191 1 
600 192 1 
600 193 1 
600 194 1 
600 195 0 
600 196 3 
600 197 0 
600 198 1 
600 199 1 
600 200 0 
600 201 1 
600 202 0 
600 203 1 
600 204 2 
600 205 2 
600 206 1 
600 207 1 
600 208 0 
600 209 7 
600 210 5 
600 211 2 
600 212 1 
600 213 1 
600 214 1 
600 215 1 
600 216 2 
600 217 7 
600 218 0 
600 219 1 
600 220 0 
600 221 7 
600 222 2 
600 223 7 
600 224 1 
600 225 1 
600 226 2 
600 227 0 
600 228 7 
600 229 1 
600 230 1 
600 231 1 
600 232 0 
600 233 1 
600 234 7 
600 235 7 
600 236 1 
600 237 0 
600 238 1 
600 239 1 
600 240 3 
600 241 2 
600 242 0 
600 243 1 
600 244 1 
600 245 3 
600 246 7 
600 247 2 
600 248 5 
600 249 2 
600 250 0 
600 251 1 
600 252 0 
600 253 0 
600 254 1 
600 255 1 
600 256 7 
600 257 0 
600 258 1 
600 259 1 
600 260 1 
600 261 1 
600 262 0 
600 263 0 
600 264 0 
600 265 1 
600 266 3 
600 267 2 
600 268 1 
600 269 1 
600 270 4 
600 271 1 
600 272 2 
600 273 2 
600 274 1 
600 275 1 
600 276 1 
600 277 0 
600 278 1 
600 279 0 
600 280 1 
600 281 7 
600 282 4 
600 283 7 
600 284 0 
600 285 2 
600 286 7 
600 287 7 
600 288 2 
600 289 7 
600 290 1 
600 291 1 
600 292 1 
600 293 1 
600 294 7 
600 295 1 
600 296 0 
600 297 2 
600 298 2 
600 299 0 
0 7200 
1200 0 6 22 29 31 33 34 37 44 46 47 51 57 60 71 72 75 78 80 84 87 89 90 93 94 98 103 106 111 115 117 120 131 134 140 145 146 153 158 159 167 172 177 184 195 196 197 200 201 202 208 215 218 220 227 232 237 242 250 252 253 263 264 265 277 279 284 291 296 299 
1200 1 2 4 5 8 9 10 11 12 14 15 16 18 21 23 25 26 28 35 41 42 44 49 52 56 58 59 61 64 65 66 67 68 69 70 73 74 76 79 82 83 85 91 92 95 96 97 99 100 102 107 109 110 121 123 124 125 126 128 130 132 135 139 142 143 147 148 149 150 151 155 156 160 162 164 165 166 168 169 173 178 179 181 182 185 186 188 190 191 192 193 194 198 199 203 206 207 212 213 214 217 219 229 230 231 233 236 238 239 243 244 251 254 255 258 259 260 261 266 267 268 269 271 274 275 276 278 280 290 292 293 295 
1200 2 1 3 13 20 27 30 32 36 39 43 55 77 81 101 104 105 116 119 122 129 133 137 141 144 152 154 161 163 170 171 176 183 187 189 205 211 216 224 226 241 247 249 272 273 285 297 298 
1200 3 2 45 86 113 127 138 157 204 225 240 245 257 262 281 288 
1200 4 1 270 282 
1200 5 1 54 108 210 248 
1200 6 0 
1200 7 17 19 24 25 38 40 48 50 53 62 63 88 112 118 136 174 175 180 209 221 222 223 228 234 235 246 256 283 286 287 289 294 
1200 8 1 
1200 9 1 
1200 10 1 
1200 11 1 
1200 12 1 
1200 13 2 
1200 14 1 
1200 15 1 
1200 16 1 
1200 17 7 
1200 18 1 
1200 19 7 
1200 20 2 114 
1200 21 1 
1200 22 0 
1200 23 1 
1200 24 7 
1200 25 1 7 
1200 26 1 
1200 27 2 
1200 28 1 
1200 29 0 
1200 30 2 
1200 31 0 
1200 32 2 
1200 33 0 
1200 34 0 
1200 35 1 
1200 36 2 
1200 37 0 
1200 38 7 
1200 39 2 
1200 40 7 
1200 41 1 
1200 42 1 
1200 43 2 
1200 44 0 1 
1200 45 3 
1200 46 0 
1200 47 0 
1200 48 7 
1200 49 1 
1200 50 7 
1200 51 0 
1200 52 1 
1200 53 7 
1200 54 5 
1200 55 2 
1200 56 1 
1200 57 0 
1200 58 1 
1200 59 1 
1200 60 0 
1200 61 1 
1200 62 7 
1200 63 7 
1200 64 1 
1200 65 1 
1200 66 1 
1200 67 1 
1200 68 1 
1200 69 1 
1200 70 1 
1200 71 0 
1200 72 0 
1200 73 1 
1200 74 1 
1200 75 0 
1200 76 1 
1200 77 2 
1200 78 0 
1200 79 1 
1200 80 0 
1200 81 2 
1200 82 1 
1200 83 1 
1200 84 0 
1200 85 1 
1200 86 3 
1200 87 0 
1200 88 7 
1200 89 0 
1200 90 0 
1200 91 1 
1200 92 1 
1200 93 0 
1200 94 0 
1200 95 1 
1200 96 1 
1200 97 1 
1200 98 0 
1200 99 1 
1200 100 1 
1200 101 2 
1200 102 1 
1200 103 0 
1200 104 2 
1200 105 2 
1200 106 0 
1200 107 1 
1200 108 5 
1200 109 1 
1200 110 1 
1200 111 0 
1200 112 7 
1200 113 3 
1200 114 20 
1200 115 0 
1200 116 2 
1200 117 0 
1200 118 7 
1200 119 2 
1200 120 0 
1200 121 1 
1200 122 2 
1200 123 1 
1200 124 1 
1200 125 1 
1200 126 1 
1200 127 3 
1200 128 1 
1200 129 2 
1200 130 1 
1200 131 0 
1200 132 1 
1200 133 2 
1200 134 0 
1200 135 1 
1200 136 7 
1200 137 2 
1200 138 3 
1200 139 1 
1200 140 0 
1200 141 2 
1200 142 1 
1200 143 1 
1200 144 2 
1200 145 0 
1200 146 0 
1200 147 1 
1200 148 1 
1200 149 1 
1200 150 1 
1200 151 1 
1200 152 2 
1200 153 0 
1200 154 2 
1200 155 1 
1200 156 1 
1200 157 3 
1200 158 0 
1200 159 0 
1200 160 1 
1200 161 2 
1200 162 1 
1200 163 2 
1200 164 1 
1200 165 1 
1200 166 1 
1200 167 0 
1200 168 1 
1200 169 1 
1200 170 2 
1200 171 2 
1200 172 0 
1200 173 1 
1200 174 7 
1200 175 7 
1200 176 2 
1200 177 0 
1200 178 1 
1200 179 1 
1200 180 7 
1200 181 1 
1200 182 1 
1200 183 2 
1200 184 0 
1200 185 1 
1200 186 1 
1200 187 2 
1200 188 1 
1200 189 2 
1200 190 1 
1200 191 1 
1200 192 1 
1200 193 1 
1200 194 1 
1200 195 0 
1200 196 0 
1200 197 0 
1200 198 1 
1200 199 1 
1200 200 0 
1200 201 0 
1200 202 0 
1200 203 1 
1200 204 3 
1200 205 2 
1200 206 1 
1200 207 1 
1200 208 0 
1200 209 7 
1200 210 5 
1200 211 2 
1200 212 1 
1200 213 1 
1200 214 1 
1200 215 0 
1200 216 2 
1200 217 1 
1200 218 0 
1200 219 1 
1200 220 0 
1200 221 7 
1200 222 7 
1200 223 7 
1200 224 2 
1200 225 3 
1200 226 2 
1200 227 0 
1200 228 7 
1200 229 1 
1200 230 1 
1200 231 1 
1200 232 0 
1200 233 1 
1200 234 7 
1200 235 7 
1200 236 1 
1200 237 0 
1200 238 1 
1200 239 1 
1200 240 3 
1200 241 2 
1200 242 0 
1200 243 1 
1200 244 1 
1200 245 3 
1200 246 7 
1200 247 2 
1200 248 5 
1200 249 2 
1200 250 0 
1200 251 1 
1200 252 0 
1200 253 0 
1200 254 1 
1200 255 1 
1200 256 7 
1200 257 3 
1200 258 1 
1200 259 1 
1200 260 1 
1200 261 1 
1200 262 3 
1200 263 0 
1200 264 0 
1200 265 0 
1200 266 1 
1200 267 1 
1200 268 1 
1200 269 1 
1200 270 4 
1200 271 1 
1200 272 2 
1200 273 2 
1200 274 1 
1200 275 1 
1200 276 1 
1200 277 0 
1200 278 1 
1200 279 0 
1200 280 1 
1200 281 3 
1200 282 4 
1200 283 7 
1200 284 0 
1200 285 2 
1200 286 7 
1200 287 7 
1200 288 3 
1200 289 7 
1200 290 1 
1200 291 0 
1200 292 1 
1200 293 1 
1200 294 7 
1200 295 1 
1200 296 0 
1200 297 2 
1200 298 2 
1200 299 0 
0 7200 
1800 0 9 17 29 31 33 34 37 38 44 46 47 48 57 60 66 70 71 72 75 78 80 84 87 89 90 93 94 98 103 106 109 111 113 115 117 120 121 131 137 140 143 145 146 153 158 159 167 172 177 184 195 197 200 201 202 208 215 218 232 242 250 252 253 264 265 270 277 279 284 290 291 296 299 
1800 1 2 4 5 8 10 12 13 14 15 16 18 20 21 22 23 26 28 35 36 40 41 42 44 49 56 58 59 61 62 64 65 68 69 73 74 76 82 83 85 91 92 95 96 97 99 100 102 105 107 110 123 124 125 126 128 130 132 134 135 139 141 142 147 148 150 151 155 156 160 162 164 165 166 168 169 170 173 178 179 181 182 185 186 188 190 191 192 193 194 196 198 199 203 206 207 212 213 214 217 219 220 225 229 230 231 233 236 238 243 244 251 254 255 258 259 260 261 266 267 268 269 274 275 276 278 280 292 293 295 
1800 2 1 3 6 11 27 30 32 39 43 55 67 77 79 81 101 104 116 119 122 129 133 144 152 154 161 163 171 176 183 187 189 205 211 216 222 224 226 239 241 247 248 249 272 273 285 287 297 298 
1800 3 2 25 45 86 127 138 157 204 227 240 245 257 262 281 288 
1800 4 1 282 
1800 5 1 54 108 210 
1800 6 2 114 
1800 7 15 19 24 50 51 52 53 63 88 112 118 136 149 174 175 180 209 221 223 228 234 235 237 246 256 263 271 283 286 289 294 
1800 8 1 
1800 9 0 
1800 10 1 
1800 11 2 
1800 12 1 
1800 13 1 
1800 14 1 
1800 15 1 7 
1800 16 1 
1800 17 0 
1800 18 1 
1800 19 7 
1800 20 1 
1800 21 1 
1800 22 1 
1800 23 1 
1800 24 7 
1800 25 3 
1800 26 1 
1800 27 2 
1800 28 1 
1800 29 0 
1800 30 2 
1800 31 0 
1800 32 2 
1800 33 0 
1800 34 0 
1800 35 1 
1800 36 1 
1800 37 0 
1800 38 0 
1800 39 2 
1800 40 1 
1800 41 1 
1800 42 1 
1800 43 2 
1800 44 0 1 
1800 45 3 
1800 46 0 
1800 47 0 
1800 48 0 
1800 49 1 
1800 50 7 
1800 51 7 
1800 52 7 
1800 53 7 
1800 54 5 
1800 55 2 
1800 56 1 
1800 57 0 
1800 58 1 
1800 59 1 
1800 60 0 
1800 61 1 
1800 62 1 
1800 63 7 
1800 64 1 
1800 65 1 
1800 66 0 
1800 67 2 
1800 68 1 
1800 69 1 
1800 70 0 
1800 71 0 
1800 72 0 
1800 73 1 
1800 74 1 
1800 75 0 
1800 76 1 
1800 77 2 
1800 78 0 
1800 79 2 
1800 80 0 
1800 81 2 
1800 82 1 
1800 83 1 
1800 84 0 
1800 85 1 
1800 86 3 
1800 87 0 
1800 88 7 
1800 89 0 
1800 90 0 
1800 91 1 
1800 92 1 
1800 93 0 
1800 94 0 
1800 95 1 
1800 96 1 
1800 97 1 
1800 98 0 
1800 99 1 
1800 100 1 
1800 101 2 
1800 102 1 
1800 103 0 
1800 104 2 
1800 105 1 
1800 106 0 
1800 107 1 
1800 108 5 
1800 109 0 
1800 110 1 
1800 111 0 
1800 112 7 
1800 113 0 
1800 114 6 
1800 115 0 
1800 116 2 
1800 117 0 
1800 118 7 
1800 119 2 
1800 120 0 
1800 121 0 
1800 122 2 
1800 123 1 
1800 124 1 
1800 125 1 
1800 126 1 
1800 127 3 
1800 128 1 
1800 129 2 
1800 130 1 
1800 131 0 
1800 132 1 
1800 133 2 
1800 134 1 
1800 135 1 
1800 136 7 
1800 137 0 
1800 138 3 
1800 139 1 
1800 140 0 
1800 141 1 
1800 142 1 
1800 143 0 
1800 144 2 
1800 145 0 
1800 146 0 
1800 147 1 
1800 148 1 
1800 149 7 
1800 150 1 
1800 151 1 
1800 152 2 
1800 153 0 
1800 154 2 
1800 155 1 
1800 156 1 
1800 157 3 
1800 158 0 
1800 159 0 
1800 160 1 
1800 161 2 
1800 162 1 
1800 163 2 
1800 164 1 
1800 165 1 
1800 166 1 
1800 167 0 
1800 168 1 
1800 169 1 
1800 170 1 
1800 171 2 
1800 172 0 
1800 173 1 
1800 174 7 
1800 175 7 
1800 176 2 
1800 177 0 
1800 178 1 
1800 179 1 
1800 180 7 
1800 181 1 
1800 182 1 
1800 183 2 
1800 184 0 
1800 185 1 
1800 186 1 
1800 187 2 
1800 188 1 
1800 189 2 
1800 190 1 
1800 191 1 
1800 192 1 
1800 193 1 
1800 194 1 
1800 195 0 
1800 196 1 
1800 197 0 
1800 198 1 
1800 199 1 
1800 200 0 
1800 201 0 
1800 202 0 
1800 203 1 
1800 204 3 
1800 205 2 
1800 206 1 
1800 207 1 
1800 208 0 
1800 209 7 
1800 210 5 
1800 211 2 
1800 212 1 
1800 213 1 
1800 214 1 
1800 215 0 
1800 216 2 
1800 217 1 
1800 218 0 
1800 219 1 
1800 220 1 
1800 221 7 
1800 222 2 
1800 223 7 
1800 224 2 
1800 225 1 
1800 226 2 
1800 227 3 
1800 228 7 
1800 229 1 
1800 230 1 
1800 231 1 
1800 232 0 
1800 233 1 
1800 234 7 
1800 235 7 
1800 236 1 
1800 237 7 
1800 238 1 
1800 239 2 
1800 240 3 
1800 241 2 
1800 242 0 
1800 243 1 
1800 244 1 
1800 245 3 
1800 246 7 
1800 247 2 
1800 248 2 
1800 249 2 
1800 250 0 
1800 251 1 
1800 252 0 
1800 253 0 
1800 254 1 
1800 255 1 
1800 256 7 
1800 257 3 
1800 258 1 
1800 259 1 
1800 260 1 
1800 261 1 
1800 262 3 
1800 263 7 
1800 264 0 
1800 265 0 
1800 266 1 
1800 267 1 
1800 268 1 
1800 269 1 
1800 270 0 
1800 271 7 
1800 272 2 
1800 273 2 
1800 274 1 
1800 275 1 
1800 276 1 
1800 277 0 
1800 278 1 
1800 279 0 
1800 280 1 
1800 281 3 
1800 282 4 
1800 283 7 
1800 284 0 
1800 285 2 
1800 286 7 
1800 287 2 
1800 288 3 
1800 289 7 
1800 290 0 
1800 291 0 
1800 292 1 
1800 293 1 
1800 294 7 
1800 295 1 
1800 296 0 
1800 297 2 
1800 298 2 
1800 299 0 
0 7200 
2400 0 7 9 13 17 26 29 31 33 37 38 44 46 47 48 57 63 66 70 71 72 75 78 80 84 87 89 90 93 94 98 102 103 106 109 111 113 115 117 120 121 131 137 140 145 146 153 158 159 167 172 177 184 195 197 200 201 202 215 218 223 232 247 250 251 253 256 264 265 277 284 290 291 
2400 1 2 4 5 6 8 10 12 14 15 16 18 21 22 23 28 35 36 40 41 42 44 49 56 59 60 61 62 64 65 68 69 73 76 82 83 85 91 95 96 97 99 105 107 110 123 124 125 126 128 130 132 134 135 138 139 141 143 147 148 150 151 155 156 160 162 164 165 166 168 169 170 173 178 179 181 182 186 187 188 190 191 192 193 194 196 198 199 203 206 207 209 210 212 213 214 217 219 229 230 231 233 236 242 243 244 246 252 254 255 258 259 261 266 267 268 269 274 275 276 280 292 293 295 296 299 
2400 2 1 3 11 20 27 30 32 34 39 43 55 67 77 79 81 92 100 101 104 116 119 122 129 133 142 144 152 161 163 171 176 183 185 189 205 208 211 222 224 226 238 239 241 248 249 260 262 270 272 273 278 285 287 297 298 
2400 3 2 25 45 74 86 127 154 157 204 216 227 240 245 257 281 288 
2400 4 1 282 
2400 5 1 54 108 
2400 6 1 
2400 7 0 114 
2400 8 1 
2400 9 0 51 52 118 221 228 234 
2400 10 1 175 289 
2400 11 2 
2400 12 1 
2400 13 0 
2400 14 1 
2400 15 1 19 24 50 53 58 88 112 136 149 174 180 220 225 235 237 263 271 279 283 286 294 
2400 16 1 
2400 17 0 
2400 18 1 
2400 19 15 
2400 20 2 
2400 21 1 
2400 22 1 
2400 23 1 
2400 24 15 
2400 25 3 
2400 26 0 
2400 27 2 
2400 28 1 
2400 29 0 
2400 30 2 
2400 31 0 
2400 32 2 
2400 33 0 
2400 34 2 
2400 35 1 
2400 36 1 
2400 37 0 
2400 38 0 
2400 39 2 
2400 40 1 
2400 41 1 
2400 42 1 
2400 43 2 
2400 44 0 1 
2400 45 3 
2400 46 0 
2400 47 0 
2400 48 0 
2400 49 1 
2400 50 15 
2400 51 9 
2400 52 9 
2400 53 15 
2400 54 5 
2400 55 2 
2400 56 1 
2400 57 0 
2400 58 15 
2400 59 1 
2400 60 1 
2400 61 1 
2400 62 1 
2400 63 0 
2400 64 1 
2400 65 1 
2400 66 0 
2400 67 2 
2400 68 1 
2400 69 1 
2400 70 0 
2400 71 0 
2400 72 0 
2400 73 1 
2400 74 3 
2400 75 0 
2400 76 1 
2400 77 2 
2400 78 0 
2400 79 2 
2400 80 0 
2400 81 2 
2400 82 1 
2400 83 1 
2400 84 0 
2400 85 1 
2400 86 3 
2400 87 0 
2400 88 15 
2400 89 0 
2400 90 0 
2400 91 1 
2400 92 2 
2400 93 0 
2400 94 0 
2400 95 1 
2400 96 1 
2400 97 1 
2400 98 0 
2400 99 1 
2400 100 2 
2400 101 2 
2400 102 0 
2400 103 0 
2400 104 2 
2400 105 1 
2400 106 0 
2400 107 1 
2400 108 5 
2400 109 0 
2400 110 1 
2400 111 0 
2400 112 15 
2400 113 0 
2400 114 7 
2400 115 0 
2400 116 2 
2400 117 0 
2400 118 9 
2400 119 2 
2400 120 0 
2400 121 0 
2400 122 2 
2400 123 1 
2400 124 1 
2400 125 1 
2400 126 1 
2400 127 3 
2400 128 1 
2400 129 2 
2400 130 1 
2400 131 0 
2400 132 1 
2400 133 2 
2400 134 1 
2400 135 1 
2400 136 15 
2400 137 0 
2400 138 1 
2400 139 1 
2400 140 0 
2400 141 1 
2400 142 2 
2400 143 1 
2400 144 2 
2400 145 0 
2400 146 0 
2400 147 1 
2400 148 1 
2400 149 15 
2400 150 1 
2400 151 1 
2400 152 2 
2400 153 0 
2400 154 3 
2400 155 1 
2400 156 1 
2400 157 3 
2400 158 0 
2400 159 0 
2400 160 1 
2400 161 2 
2400 162 1 
2400 163 2 
2400 164 1 
2400 165 1 
2400 166 1 
2400 167 0 
2400 168 1 
2400 169 1 
2400 170 1 
2400 171 2 
2400 172 0 
2400 173 1 
2400 174 15 
2400 175 10 
2400 176 2 
2400 177 0 
2400 178 1 
2400 179 1 
2400 180 15 
2400 181 1 
2400 182 1 
2400 183 2 
2400 184 0 
2400 185 2 
2400 186 1 
2400 187 1 
2400 188 1 
2400 189 2 
2400 190 1 
2400 191 1 
2400 192 1 
2400 193 1 
2400 194 1 
2400 195 0 
2400 196 1 
2400 197 0 
2400 198 1 
2400 199 1 
2400 200 0 
2400 201 0 
2400 202 0 
2400 203 1 
2400 204 3 
2400 205 2 
2400 206 1 
2400 207 1 
2400 208 2 
2400 209 1 
2400 210 1 
2400 211 2 
2400 212 1 
2400 213 1 
2400 214 1 
2400 215 0 
2400 216 3 
2400 217 1 
2400 218 0 
2400 219 1 
2400 220 15 
2400 221 9 
2400 222 2 
2400 223 0 
2400 224 2 
2400 225 15 
2400 226 2 
2400 227 3 
2400 228 9 
2400 229 1 
2400 230 1 
2400 231 1 
2400 232 0 
2400 233 1 
2400 234 9 
2400 235 15 
2400 236 1 
2400 237 15 
2400 238 2 
2400 239 2 
2400 240 3 
2400 241 2 
2400 242 1 
2400 243 1 
2400 244 1 
2400 245 3 
2400 246 1 
2400 247 0 
2400 248 2 
2400 249 2 
2400 250 0 
2400 251 0 
2400 252 1 
2400 253 0 
2400 254 1 
2400 255 1 
2400 256 0 
2400 257 3 
2400 258 1 
2400 259 1 
2400 260 2 
2400 261 1 
2400 262 2 
2400 263 15 
2400 264 0 
2400 265 0 
2400 266 1 
2400 267 1 
2400 268 1 
2400 269 1 
2400 270 2 
2400 271 15 
2400 272 2 
2400 273 2 
2400 274 1 
2400 275 1 
2400 276 1 
2400 277 0 
2400 278 2 
2400 279 15 
2400 280 1 
2400 281 3 
2400 282 4 
2400 283 15 
2400 284 0 
2400 285 2 
2400 286 15 
2400 287 2 
2400 288 3 
2400 289 10 
2400 290 0 
2400 291 0 
2400 292 1 
2400 293 1 
2400 294 15 
2400 295 1 
2400 296 1 
2400 297 2 
2400 298 2 
2400 299 1 
0 7200 
3000 0 7 13 17 21 26 27 29 31 33 38 44 46 48 57 63 70 72 77 78 80 84 86 87 89 90 93 94 98 102 106 107 111 113 115 117 118 120 121 128 131 137 140 145 146 148 153 158 159 167 177 194 195 200 201 202 205 215 216 218 232 247 251 253 254 256 260 264 268 271 274 277 284 290 
3000 1 2 4 5 6 8 9 10 12 14 16 18 22 23 28 35 36 41 42 44 47 49 56 59 60 61 62 64 65 66 68 69 71 73 75 76 82 83 85 91 95 96 97 99 105 110 123 124 125 126 130 132 134 135 138 141 143 147 150 151 155 156 160 162 164 165 166 168 169 170 172 173 178 179 181 182 186 187 188 190 191 193 196 198 199 203 204 206 207 209 210 212 213 214 217 219 223 229 230 233 236 239 242 243 245 246 252 255 257 258 259 261 265 275 276 280 288 291 292 293 
3000 2 1 3 11 20 30 32 34 37 39 43 55 67 79 81 92 100 101 104 109 116 119 122 129 133 142 144 152 161 163 171 176 183 184 185 189 197 208 211 222 224 226 238 241 244 248 249 262 266 267 269 270 272 273 278 285 287 295 296 297 298 
3000 3 2 25 40 45 50 74 127 154 157 227 240 281 299 
3000 4 1 139 282 
3000 5 1 54 108 
3000 6 1 
3000 7 0 114 
3000 8 1 
3000 9 1 
3000 10 1 175 289 
3000 11 2 
3000 12 1 
3000 13 0 
3000 14 1 51 192 
3000 15 19 24 46 52 53 58 88 103 112 136 149 174 180 220 221 225 228 231 234 235 237 250 263 279 283 286 294 
3000 16 1 
3000 17 0 
3000 18 1 
3000 19 15 
3000 20 2 
3000 21 0 
3000 22 1 
3000 23 1 
3000 24 15 
3000 25 3 
3000 26 0 
3000 27 0 
3000 28 1 
3000 29 0 
3000 30 2 
3000 31 0 
3000 32 2 
3000 33 0 
3000 34 2 
3000 35 1 
3000 36 1 
3000 37 2 
3000 38 0 
3000 39 2 
3000 40 3 
3000 41 1 
3000 42 1 
3000 43 2 
3000 44 0 1 
3000 45 3 
3000 46 0 15 
3000 47 1 
3000 48 0 
3000 49 1 
3000 50 3 
3000 51 14 
3000 52 15 
3000 53 15 
3000 54 5 
3000 55 2 
3000 56 1 
3000 57 0 
3000 58 15 
3000 59 1 
3000 60 1 
3000 61 1 
3000 62 1 
3000 63 0 
3000 64 1 
3000 65 1 
3000 66 1 
3000 67 2 
3000 68 1 
3000 69 1 
3000 70 0 
3000 71 1 
3000 72 0 
3000 73 1 
3000 74 3 
3000 75 1 
3000 76 1 
3000 77 0 
3000 78 0 
3000 79 2 
3000 80 0 
3000 81 2 
3000 82 1 
3000 83 1 
3000 84 0 
3000 85 1 
3000 86 0 
3000 87 0 
3000 88 15 
3000 89 0 
3000 90 0 
3000 91 1 
3000 92 2 
3000 93 0 
3000 94 0 
3000 95 1 
3000 96 1 
3000 97 1 
3000 98 0 
3000 99 1 
3000 100 2 
3000 101 2 
3000 102 0 
3000 103 15 
3000 104 2 
3000 105 1 
3000 106 0 
3000 107 0 
3000 108 5 
3000 109 2 
3000 110 1 
3000 111 0 
3000 112 15 
3000 113 0 
3000 114 7 
3000 115 0 
3000 116 2 
3000 117 0 
3000 118 0 
3000 119 2 
3000 120 0 
3000 121 0 
3000 122 2 
3000 123 1 
3000 124 1 
3000 125 1 
3000 126 1 
3000 127 3 
3000 128 0 
3000 129 2 
3000 130 1 
3000 131 0 
3000 132 1 
3000 133 2 
3000 134 1 
3000 135 1 
3000 136 15 
3000 137 0 
3000 138 1 
3000 139 4 
3000 140 0 
3000 141 1 
3000 142 2 
3000 143 1 
3000 144 2 
3000 145 0 
3000 146 0 
3000 147 1 
3000 148 0 
3000 149 15 
3000 150 1 
3000 151 1 
3000 152 2 
3000 153 0 
3000 154 3 
3000 155 1 
3000 156 1 
3000 157 3 
3000 158 0 
3000 159 0 
3000 160 1 
3000 161 2 
3000 162 1 
3000 163 2 
3000 164 1 
3000 165 1 
3000 166 1 
3000 167 0 
3000 168 1 
3000 169 1 
3000 170 1 
3000 171 2 
3000 172 1 
3000 173 1 
3000 174 15 
3000 175 10 
3000 176 2 
3000 177 0 
3000 178 1 
3000 179 1 
3000 180 15 
3000 181 1 
3000 182 1 
3000 183 2 
3000 184 2 
3000 185 2 
3000 186 1 
3000 187 1 
3000 188 1 
3000 189 2 
3000 190 1 
3000 191 1 
3000 192 14 
3000 193 1 
3000 194 0 
3000 195 0 
3000 196 1 
3000 197 2 
3000 198 1 
3000 199 1 
3000 200 0 
3000 201 0 
3000 202 0 
3000 203 1 
3000 204 1 
3000 205 0 
3000 206 1 
3000 207 1 
3000 208 2 
3000 209 1 
3000 210 1 
3000 211 2 
3000 212 1 
3000 213 1 
3000 214 1 
3000 215 0 
3000 216 0 
3000 217 1 
3000 218 0 
3000 219 1 
3000 220 15 
3000 221 15 
3000 222 2 
3000 223 1 
3000 224 2 
3000 225 15 
3000 226 2 
3000 227 3 
3000 228 15 
3000 229 1 
3000 230 1 
3000 231 15 
3000 232 0 
3000 233 1 
3000 234 15 
3000 235 15 
3000 236 1 
3000 237 15 
3000 238 2 
3000 239 1 
3000 240 3 
3000 241 2 
3000 242 1 
3000 243 1 
3000 244 2 
3000 245 1 
3000 246 1 
3000 247 0 
3000 248 2 
3000 249 2 
3000 250 15 
3000 251 0 
3000 252 1 
3000 253 0 
3000 254 0 
3000 255 1 
3000 256 0 
3000 257 1 
3000 258 1 
3000 259 1 
3000 260 0 
3000 261 1 
3000 262 2 
3000 263 15 
3000 264 0 
3000 265 1 
3000 266 2 
3000 267 2 
3000 268 0 
3000 269 2 
3000 270 2 
3000 271 0 
3000 272 2 
3000 273 2 
3000 274 0 
3000 275 1 
3000 276 1 
3000 277 0 
3000 278 2 
3000 279 15 
3000 280 1 
3000 281 3 
3000 282 4 
3000 283 15 
3000 284 0 
3000 285 2 
3000 286 15 
3000 287 2 
3000 288 1 
3000 289 10 
3000 290 0 
3000 291 1 
3000 292 1 
3000 293 1 
3000 294 15 
3000 295 2 
3000 296 2 
3000 297 2 
3000 298 2 
3000 299 3 
0 7200 
3600 0 6 7 13 17 26 29 31 38 44 46 48 52 55 57 63 70 71 72 77 78 80 84 86 87 89 90 98 102 106 107 111 113 115 117 118 120 121 131 137 140 145 146 148 153 159 167 177 194 195 199 200 201 205 215 216 232 247 250 251 253 254 256 260 268 271 274 290 291 
3600 1 2 4 5 8 9 10 12 16 18 21 22 23 27 28 33 35 36 41 42 44 47 49 54 56 59 60 61 62 64 65 66 68 69 73 76 82 83 85 91 92 93 95 96 97 99 105 123 124 125 126 130 132 134 135 138 141 147 155 156 158 160 162 164 165 166 168 169 170 172 173 178 179 181 182 184 187 188 190 191 193 196 198 204 206 209 210 212 213 214 217 218 219 223 225 229 236 239 242 243 244 245 246 249 252 255 257 258 259 261 265 275 276 277 280 281 284 288 292 293 296 
3600 2 1 3 11 14 20 30 32 34 37 39 43 67 75 79 81 100 101 104 109 116 119 122 128 129 133 142 144 151 152 161 163 171 176 183 185 186 189 197 208 211 222 224 226 233 238 241 248 262 264 266 267 269 270 272 273 285 287 289 295 297 298 
3600 3 2 25 40 45 50 74 127 154 157 203 207 227 230 240 299 
3600 4 1 139 282 
3600 5 1 108 
3600 6 0 19 24 51 58 88 94 103 110 112 136 143 150 174 175 180 192 202 220 221 228 231 234 235 237 263 283 286 294 
3600 7 0 114 
3600 8 1 
3600 9 1 
3600 10 1 
3600 11 2 
3600 12 1 
3600 13 0 
3600 14 2 
3600 15 19 53 149 278 279 
3600 16 1 
3600 17 0 
3600 18 1 
3600 19 6 15 
3600 20 2 
3600 21 1 
3600 22 1 
3600 23 1 
3600 24 6 
3600 25 3 
3600 26 0 
3600 27 1 
3600 28 1 
3600 29 0 
3600 30 2 
3600 31 0 
3600 32 2 
3600 33 1 
3600 34 2 
3600 35 1 
3600 36 1 
3600 37 2 
3600 38 0 
3600 39 2 
3600 40 3 
3600 41 1 
3600 42 1 
3600 43 2 
3600 44 0 1 
3600 45 3 
3600 46 0 
3600 47 1 
3600 48 0 
3600 49 1 
3600 50 3 
3600 51 6 
3600 52 0 
3600 53 15 
3600 54 1 
3600 55 0 
3600 56 1 
3600 57 0 
3600 58 6 
3600 59 1 
3600 60 1 
3600 61 1 
3600 62 1 
3600 63 0 
3600 64 1 
3600 65 1 
3600 66 1 
3600 67 2 
3600 68 1 
3600 69 1 
3600 70 0 
3600 71 0 
3600 72 0 
3600 73 1 
3600 74 3 
3600 75 2 
3600 76 1 
3600 77 0 
3600 78 0 
3600 79 2 
3600 80 0 
3600 81 2 
3600 82 1 
3600 83 1 
3600 84 0 
3600 85 1 
3600 86 0 
3600 87 0 
3600 88 6 
3600 89 0 
3600 90 0 
3600 91 1 
3600 92 1 
3600 93 1 
3600 94 6 
3600 95 1 
3600 96 1 
3600 97 1 
3600 98 0 
3600 99 1 
3600 100 2 
3600 101 2 
3600 102 0 
3600 103 6 
3600 104 2 
3600 105 1 
3600 106 0 
3600 107 0 
3600 108 5 
3600 109 2 
3600 110 6 
3600 111 0 
3600 112 6 
3600 113 0 
3600 114 7 
3600 115 0 
3600 116 2 
3600 117 0 
3600 118 0 
3600 119 2 
3600 120 0 
3600 121 0 
3600 122 2 
3600 123 1 
3600 124 1 
3600 125 1 
3600 126 1 
3600 127 3 
3600 128 2 
3600 129 2 
3600 130 1 
3600 131 0 
3600 132 1 
3600 133 2 
3600 134 1 
3600 135 1 
3600 136 6 
3600 137 0 
3600 138 1 
3600 139 4 
3600 140 0 
3600 141 1 
3600 142 2 
3600 143 6 
3600 144 2 
3600 145 0 
3600 146 0 
3600 147 1 
3600 148 0 
3600 149 15 
3600 150 6 
3600 151 2 
3600 152 2 
3600 153 0 
3600 154 3 
3600 155 1 
3600 156 1 
3600 157 3 
3600 158 1 
3600 159 0 
3600 160 1 
3600 161 2 
3600 162 1 
3600 163 2 
3600 164 1 
3600 165 1 
3600 166 1 
3600 167 0 
3600 168 1 
3600 169 1 
3600 170 1 
3600 171 2 
3600 172 1 
3600 173 1 
3600 174 6 
3600 175 6 
3600 176 2 
3600 177 0 
3600 178 1 
3600 179 1 
3600 180 6 
3600 181 1 
3600 182 1 
3600 183 2 
3600 184 1 
3600 185 2 
3600 186 2 
3600 187 1 
3600 188 1 
3600 189 2 
3600 190 1 
3600 191 1 
3600 192 6 
3600 193 1 
3600 194 0 
3600 195 0 
3600 196 1 
3600 197 2 
3600 198 1 
3600 199 0 
3600 200 0 
3600 201 0 
3600 202 6 
3600 203 3 
3600 204 1 
3600 205 0 
3600 206 1 
3600 207 3 
3600 208 2 
3600 209 1 
3600 210 1 
3600 211 2 
3600 212 1 
3600 213 1 
3600 214 1 
3600 215 0 
3600 216 0 
3600 217 1 
3600 218 1 
3600 219 1 
3600 220 6 
3600 221 6 
3600 222 2 
3600 223 1 
3600 224 2 
3600 225 1 
3600 226 2 
3600 227 3 
3600 228 6 
3600 229 1 
3600 230 3 
3600 231 6 
3600 232 0 
3600 233 2 
3600 234 6 
3600 235 6 
3600 236 1 
3600 237 6 
3600 238 2 
3600 239 1 
3600 240 3 
3600 241 2 
3600 242 1 
3600 243 1 
3600 244 1 
3600 245 1 
3600 246 1 
3600 247 0 
3600 248 2 
3600 249 1 
3600 250 0 
3600 251 0 
3600 252 1 
3600 253 0 
3600 254 0 
3600 255 1 
3600 256 0 
3600 257 1 
3600 258 1 
3600 259 1 
3600 260 0 
3600 261 1 
3600 262 2 
3600 263 6 
3600 264 2 
3600 265 1 
3600 266 2 
3600 267 2 
3600 268 0 
3600 269 2 
3600 270 2 
3600 271 0 
3600 272 2 
3600 273 2 
3600 274 0 
3600 275 1 
3600 276 1 
3600 277 1 
3600 278 15 
3600 279 15 
3600 280 1 
3600 281 1 
3600 282 4 
3600 283 6 
3600 284 1 
3600 285 2 
3600 286 6 
3600 287 2 
3600 288 1 
3600 289 2 
3600 290 0 
3600 291 0 
3600 292 1 
3600 293 1 
3600 294 6 
3600 295 2 
3600 296 1 
3600 297 2 
3600 298 2 
3600 299 3 
0 7200 
4200 0 16 17 26 31 36 44 46 48 52 57 62 63 70 71 72 77 78 80 82 86 87 89 90 93 94 96 98 102 106 107 111 113 118 121 131 140 145 146 148 159 160 167 177 185 194 195 199 201 205 215 216 224 225 232 247 250 253 254 256 260 268 270 271 275 288 290 291 
4200 1 2 4 5 6 8 9 10 12 18 19 21 22 23 27 28 29 33 35 38 41 42 44 47 49 54 55 56 59 60 64 65 66 68 69 73 76 83 84 85 91 92 95 97 99 105 110 115 120 123 124 125 126 130 132 134 135 137 138 141 143 147 153 155 156 158 162 164 165 166 168 169 170 172 173 178 179 181 182 184 187 188 190 191 193 196 197 198 202 204 209 210 212 213 214 217 218 219 223 229 236 239 240 242 243 244 245 246 249 252 255 257 258 259 261 265 267 272 274 276 277 278 280 281 293 296 
4200 2 1 3 7 11 13 14 20 24 30 32 34 37 39 43 61 67 75 79 81 100 101 104 109 116 117 119 122 128 129 142 144 151 152 161 163 171 176 183 186 189 211 222 226 231 233 238 241 248 262 264 266 269 273 284 285 287 289 295 297 298 
4200 3 2 25 40 45 50 74 127 154 157 203 206 207 230 251 299 
4200 4 1 139 282 
4200 5 1 108 
4200 6 1 
4200 7 2 
4200 8 1 
4200 9 1 
4200 10 1 175 200 
4200 11 2 
4200 12 1 
4200 13 2 
4200 14 2 
4200 15 46 51 53 58 88 103 112 133 136 149 150 174 180 192 208 220 221 227 228 234 235 237 263 279 283 286 292 294 
4200 16 0 
4200 17 0 114 
4200 18 1 
4200 19 1 
4200 20 2 
4200 21 1 
4200 22 1 
4200 23 1 
4200 24 2 
4200 25 3 
4200 26 0 
4200 27 1 
4200 28 1 
4200 29 1 
4200 30 2 
4200 31 0 
4200 32 2 
4200 33 1 
4200 34 2 
4200 35 1 
4200 36 0 
4200 37 2 
4200 38 1 
4200 39 2 
4200 40 3 
4200 41 1 
4200 42 1 
4200 43 2 
4200 44 0 1 
4200 45 3 
4200 46 0 15 
4200 47 1 
4200 48 0 
4200 49 1 
4200 50 3 
4200 51 15 
4200 52 0 
4200 53 15 
4200 54 1 
4200 55 1 
4200 56 1 
4200 57 0 
4200 58 15 
4200 59 1 
4200 60 1 
4200 61 2 
4200 62 0 
4200 63 0 
4200 64 1 
4200 65 1 
4200 66 1 
4200 67 2 
4200 68 1 
4200 69 1 
4200 70 0 
4200 71 0 
4200 72 0 
4200 73 1 
4200 74 3 
4200 75 2 
4200 76 1 
4200 77 0 
4200 78 0 
4200 79 2 
4200 80 0 
4200 81 2 
4200 82 0 
4200 83 1 
4200 84 1 
4200 85 1 
4200 86 0 
4200 87 0 
4200 88 15 
4200 89 0 
4200 90 0 
4200 91 1 
4200 92 1 
4200 93 0 
4200 94 0 
4200 95 1 
4200 96 0 
4200 97 1 
4200 98 0 
4200 99 1 
4200 100 2 
4200 101 2 
4200 102 0 
4200 103 15 
4200 104 2 
4200 105 1 
4200 106 0 
4200 107 0 
4200 108 5 
4200 109 2 
4200 110 1 
4200 111 0 
4200 112 15 
4200 113 0 
4200 114 17 
4200 115 1 
4200 116 2 
4200 117 2 
4200 118 0 
4200 119 2 
4200 120 1 
4200 121 0 
4200 122 2 
4200 123 1 
4200 124 1 
4200 125 1 
4200 126 1 
4200 127 3 
4200 128 2 
4200 129 2 
4200 130 1 
4200 131 0 
4200 132 1 
4200 133 15 
4200 134 1 
4200 135 1 
4200 136 15 
4200 137 1 
4200 138 1 
4200 139 4 
4200 140 0 
4200 141 1 
4200 142 2 
4200 143 1 
4200 144 2 
4200 145 0 
4200 146 0 
4200 147 1 
4200 148 0 
4200 149 15 
4200 150 15 
4200 151 2 
4200 152 2 
4200 153 1 
4200 154 3 
4200 155 1 
4200 156 1 
4200 157 3 
4200 158 1 
4200 159 0 
4200 160 0 
4200 161 2 
4200 162 1 
4200 163 2 
4200 164 1 
4200 165 1 
4200 166 1 
4200 167 0 
4200 168 1 
4200 169 1 
4200 170 1 
4200 171 2 
4200 172 1 
4200 173 1 
4200 174 15 
4200 175 10 
4200 176 2 
4200 177 0 
4200 178 1 
4200 179 1 
4200 180 15 
4200 181 1 
4200 182 1 
4200 183 2 
4200 184 1 
4200 185 0 
4200 186 2 
4200 187 1 
4200 188 1 
4200 189 2 
4200 190 1 
4200 191 1 
4200 192 15 
4200 193 1 
4200 194 0 
4200 195 0 
4200 196 1 
4200 197 1 
4200 198 1 
4200 199 0 
4200 200 10 
4200 201 0 
4200 202 1 
4200 203 3 
4200 204 1 
4200 205 0 
4200 206 3 
4200 207 3 
4200 208 15 
4200 209 1 
4200 210 1 
4200 211 2 
4200 212 1 
4200 213 1 
4200 214 1 
4200 215 0 
4200 216 0 
4200 217 1 
4200 218 1 
4200 219 1 
4200 220 15 
4200 221 15 
4200 222 2 
4200 223 1 
4200 224 0 
4200 225 0 
4200 226 2 
4200 227 15 
4200 228 15 
4200 229 1 
4200 230 3 
4200 231 2 
4200 232 0 
4200 233 2 
4200 234 15 
4200 235 15 
4200 236 1 
4200 237 15 
4200 238 2 
4200 239 1 
4200 240 1 
4200 241 2 
4200 242 1 
4200 243 1 
4200 244 1 
4200 245 1 
4200 246 1 
4200 247 0 
4200 248 2 
4200 249 1 
4200 250 0 
4200 251 3 
4200 252 1 
4200 253 0 
4200 254 0 
4200 255 1 
4200 256 0 
4200 257 1 
4200 258 1 
4200 259 1 
4200 260 0 
4200 261 1 
4200 262 2 
4200 263 15 
4200 264 2 
4200 265 1 
4200 266 2 
4200 267 1 
4200 268 0 
4200 269 2 
4200 270 0 
4200 271 0 
4200 272 1 
4200 273 2 
4200 274 1 
4200 275 0 
4200 276 1 
4200 277 1 
4200 278 1 
4200 279 15 
4200 280 1 
4200 281 1 
4200 282 4 
4200 283 15 
4200 284 2 
4200 285 2 
4200 286 15 
4200 287 2 
4200 288 0 
4200 289 2 
4200 290 0 
4200 291 0 
4200 292 15 
4200 293 1 
4200 294 15 
4200 295 2 
4200 296 1 
4200 297 2 
4200 298 2 
4200 299 3 
0 7200 
4800 0 11 16 26 31 43 44 46 48 52 57 62 63 70 72 73 78 80 82 84 86 89 92 93 94 96 98 102 107 111 113 115 118 121 131 132 140 142 146 148 160 161 163 177 185 194 195 201 205 206 209 210 215 216 221 224 225 247 250 253 254 256 258 260 268 270 271 275 290 
4800 1 2 4 5 6 8 9 10 12 13 17 18 19 21 22 23 27 28 29 32 33 35 38 41 42 44 49 55 56 59 60 61 64 65 66 68 69 76 77 85 87 90 91 95 97 99 105 106 117 120 123 124 125 126 130 134 135 137 138 141 143 147 153 155 156 158 159 162 164 165 166 168 170 172 173 176 178 179 181 182 187 188 190 191 193 196 197 198 199 202 204 212 213 214 217 218 219 223 229 232 236 239 240 242 243 244 245 246 249 252 255 259 261 265 272 274 276 277 280 281 293 296 
4800 2 1 3 7 14 20 24 30 34 36 37 39 47 54 67 71 75 79 81 83 100 101 104 109 110 114 116 119 122 128 129 144 151 152 167 171 183 186 189 211 222 226 231 233 238 241 248 262 264 266 269 273 284 285 287 288 289 291 295 297 298 
4800 3 2 25 40 45 50 74 108 127 145 150 154 157 192 203 207 230 251 257 267 299 
4800 4 1 282 
4800 5 1 169 
4800 6 1 
4800 7 2 
4800 8 1 
4800 9 1 
4800 10 1 175 200 
4800 11 0 51 
4800 12 1 
4800 13 1 15 53 58 88 103 112 133 136 139 149 174 180 184 208 220 227 228 234 235 237 263 278 279 283 286 292 294 
4800 14 2 
4800 15 13 
4800 16 0 
4800 17 1 
4800 18 1 
4800 19 1 
4800 20 2 
4800 21 1 
4800 22 1 
4800 23 1 
4800 24 2 
4800 25 3 
4800 26 0 
4800 27 1 
4800 28 1 
4800 29 1 
4800 30 2 
4800 31 0 
4800 32 1 
4800 33 1 
4800 34 2 
4800 35 1 
4800 36 2 
4800 37 2 
4800 38 1 
4800 39 2 
4800 40 3 
4800 41 1 
4800 42 1 
4800 43 0 
4800 44 0 1 
4800 45 3 
4800 46 0 
4800 47 2 
4800 48 0 
4800 49 1 
4800 50 3 
4800 51 11 
4800 52 0 
4800 53 13 
4800 54 2 
4800 55 1 
4800 56 1 
4800 57 0 
4800 58 13 
4800 59 1 
4800 60 1 
4800 61 1 
4800 62 0 
4800 63 0 
4800 64 1 
4800 65 1 
4800 66 1 
4800 67 2 
4800 68 1 
4800 69 1 
4800 70 0 
4800 71 2 
4800 72 0 
4800 73 0 
4800 74 3 
4800 75 2 
4800 76 1 
4800 77 1 
4800 78 0 
4800 79 2 
4800 80 0 
4800 81 2 
4800 82 0 
4800 83 2 
4800 84 0 
4800 85 1 
4800 86 0 
4800 87 1 
4800 88 13 
4800 89 0 
4800 90 1 
4800 91 1 
4800 92 0 
4800 93 0 
4800 94 0 
4800 95 1 
4800 96 0 
4800 97 1 
4800 98 0 
4800 99 1 
4800 100 2 
4800 101 2 
4800 102 0 
4800 103 13 
4800 104 2 
4800 105 1 
4800 106 1 
4800 107 0 
4800 108 3 
4800 109 2 
4800 110 2 
4800 111 0 
4800 112 13 
4800 113 0 
4800 114 2 
4800 115 0 
4800 116 2 
4800 117 1 
4800 118 0 
4800 119 2 
4800 120 1 
4800 121 0 
4800 122 2 
4800 123 1 
4800 124 1 
4800 125 1 
4800 126 1 
4800 127 3 
4800 128 2 
4800 129 2 
4800 130 1 
4800 131 0 
4800 132 0 
4800 133 13 
4800 134 1 
4800 135 1 
4800 136 13 
4800 137 1 
4800 138 1 
4800 139 13 
4800 140 0 
4800 141 1 
4800 142 0 
4800 143 1 
4800 144 2 
4800 145 3 
4800 146 0 
4800 147 1 
4800 148 0 
4800 149 13 
4800 150 3 
4800 151 2 
4800 152 2 
4800 153 1 
4800 154 3 
4800 155 1 
4800 156 1 
4800 157 3 
4800 158 1 
4800 159 1 
4800 160 0 
4800 161 0 
4800 162 1 
4800 163 0 
4800 164 1 
4800 165 1 
4800 166 1 
4800 167 2 
4800 168 1 
4800 169 5 
4800 170 1 
4800 171 2 
4800 172 1 
4800 173 1 
4800 174 13 
4800 175 10 
4800 176 1 
4800 177 0 
4800 178 1 
4800 179 1 
4800 180 13 
4800 181 1 
4800 182 1 
4800 183 2 
4800 184 13 
4800 185 0 
4800 186 2 
4800 187 1 
4800 188 1 
4800 189 2 
4800 190 1 
4800 191 1 
4800 192 3 
4800 193 1 
4800 194 0 
4800 195 0 
4800 196 1 
4800 197 1 
4800 198 1 
4800 199 1 
4800 200 10 
4800 201 0 
4800 202 1 
4800 203 3 
4800 204 1 
4800 205 0 
4800 206 0 
4800 207 3 
4800 208 13 
4800 209 0 
4800 210 0 
4800 211 2 
4800 212 1 
4800 213 1 
4800 214 1 
4800 215 0 
4800 216 0 
4800 217 1 
4800 218 1 
4800 219 1 
4800 220 13 
4800 221 0 
4800 222 2 
4800 223 1 
4800 224 0 
4800 225 0 
4800 226 2 
4800 227 13 
4800 228 13 
4800 229 1 
4800 230 3 
4800 231 2 
4800 232 1 
4800 233 2 
4800 234 13 
4800 235 13 
4800 236 1 
4800 237 13 
4800 238 2 
4800 239 1 
4800 240 1 
4800 241 2 
4800 242 1 
4800 243 1 
4800 244 1 
4800 245 1 
4800 246 1 
4800 247 0 
4800 248 2 
4800 249 1 
4800 250 0 
4800 251 3 
4800 252 1 
4800 253 0 
4800 254 0 
4800 255 1 
4800 256 0 
4800 257 3 
4800 258 0 
4800 259 1 
4800 260 0 
4800 261 1 
4800 262 2 
4800 263 13 
4800 264 2 
4800 265 1 
4800 266 2 
4800 267 3 
4800 268 0 
4800 269 2 
4800 270 0 
4800 271 0 
4800 272 1 
4800 273 2 
4800 274 1 
4800 275 0 
4800 276 1 
4800 277 1 
4800 278 13 
4800 279 13 
4800 280 1 
4800 281 1 
4800 282 4 
4800 283 13 
4800 284 2 
4800 285 2 
4800 286 13 
4800 287 2 
4800 288 2 
4800 289 2 
4800 290 0 
4800 291 2 
4800 292 13 
4800 293 1 
4800 294 13 
4800 295 2 
4800 296 1 
4800 297 2 
4800 298 2 
4800 299 3 
0 7200 
5400 0 11 16 18 20 26 31 34 43 46 48 52 57 62 63 64 70 80 82 84 86 87 93 94 98 102 107 111 113 115 118 131 132 140 142 146 148 150 160 161 163 166 177 182 185 194 195 201 202 205 206 209 210 215 216 221 224 225 237 242 250 251 253 254 256 258 260 268 270 275 285 290 
5400 1 2 4 5 8 9 10 12 13 17 19 21 22 23 24 27 28 29 32 33 35 41 49 55 56 60 61 65 66 68 69 72 73 76 77 85 89 90 91 95 99 105 106 107 110 117 123 124 125 126 130 134 135 137 138 141 143 147 153 155 156 158 159 164 165 168 170 172 173 176 178 179 181 188 190 193 196 199 204 212 213 214 217 218 219 223 229 232 236 239 240 243 244 245 247 249 252 255 259 261 265 272 274 276 277 280 281 291 293 296 
5400 2 1 3 6 7 14 36 37 38 47 54 59 67 71 75 78 79 81 83 96 101 104 109 114 116 119 120 121 128 129 144 151 152 167 171 183 186 187 189 191 198 211 222 226 231 233 238 241 246 248 262 264 266 269 273 284 287 288 289 295 298 
5400 3 2 25 40 44 45 50 74 108 112 122 127 154 157 180 192 203 207 230 257 267 299 
5400 4 1 97 282 
5400 5 1 162 169 197 
5400 6 2 145 
5400 7 2 
5400 8 1 
5400 9 1 
5400 10 1 175 200 
5400 11 0 51 
5400 12 1 
5400 13 1 15 30 39 42 53 58 88 92 100 103 133 136 139 149 174 184 208 220 227 228 234 235 263 271 278 279 283 286 292 294 297 
5400 14 2 
5400 15 13 
5400 16 0 
5400 17 1 
5400 18 0 
5400 19 1 
5400 20 0 
5400 21 1 
5400 22 1 
5400 23 1 
5400 24 1 
5400 25 3 
5400 26 0 
5400 27 1 
5400 28 1 
5400 29 1 
5400 30 13 
5400 31 0 
5400 32 1 
5400 33 1 
5400 34 0 
5400 35 1 
5400 36 2 
5400 37 2 
5400 38 2 
5400 39 13 
5400 40 3 
5400 41 1 
5400 42 13 
5400 43 0 
5400 44 3 
5400 45 3 
5400 46 0 
5400 47 2 
5400 48 0 
5400 49 1 
5400 50 3 
5400 51 11 
5400 52 0 
5400 53 13 
5400 54 2 
5400 55 1 
5400 56 1 
5400 57 0 
5400 58 13 
5400 59 2 
5400 60 1 
5400 61 1 
5400 62 0 
5400 63 0 
5400 64 0 
5400 65 1 
5400 66 1 
5400 67 2 
5400 68 1 
5400 69 1 
5400 70 0 
5400 71 2 
5400 72 1 
5400 73 1 
5400 74 3 
5400 75 2 
5400 76 1 
5400 77 1 
5400 78 2 
5400 79 2 
5400 80 0 
5400 81 2 
5400 82 0 
5400 83 2 
5400 84 0 
5400 85 1 
5400 86 0 
5400 87 0 
5400 88 13 
5400 89 1 
5400 90 1 
5400 91 1 
5400 92 13 
5400 93 0 
5400 94 0 
5400 95 1 
5400 96 2 
5400 97 4 
5400 98 0 
5400 99 1 
5400 100 13 
5400 101 2 
5400 102 0 
5400 103 13 
5400 104 2 
5400 105 1 
5400 106 1 
5400 107 0 1 
5400 108 3 
5400 109 2 
5400 110 1 
5400 111 0 
5400 112 3 
5400 113 0 
5400 114 2 
5400 115 0 
5400 116 2 
5400 117 1 
5400 118 0 
5400 119 2 
5400 120 2 
5400 121 2 
5400 122 3 
5400 123 1 
5400 124 1 
5400 125 1 
5400 126 1 
5400 127 3 
5400 128 2 
5400 129 2 
5400 130 1 
5400 131 0 
5400 132 0 
5400 133 13 
5400 134 1 
5400 135 1 
5400 136 13 
5400 137 1 
5400 138 1 
5400 139 13 
5400 140 0 
5400 141 1 
5400 142 0 
5400 143 1 
5400 144 2 
5400 145 6 
5400 146 0 
5400 147 1 
5400 148 0 
5400 149 13 
5400 150 0 
5400 151 2 
5400 152 2 
5400 153 1 
5400 154 3 
5400 155 1 
5400 156 1 
5400 157 3 
5400 158 1 
5400 159 1 
5400 160 0 
5400 161 0 
5400 162 5 
5400 163 0 
5400 164 1 
5400 165 1 
5400 166 0 
5400 167 2 
5400 168 1 
5400 169 5 
5400 170 1 
5400 171 2 
5400 172 1 
5400 173 1 
5400 174 13 
5400 175 10 
5400 176 1 
5400 177 0 
5400 178 1 
5400 179 1 
5400 180 3 
5400 181 1 
5400 182 0 
5400 183 2 
5400 184 13 
5400 185 0 
5400 186 2 
5400 187 2 
5400 188 1 
5400 189 2 
5400 190 1 
5400 191 2 
5400 192 3 
5400 193 1 
5400 194 0 
5400 195 0 
5400 196 1 
5400 197 5 
5400 198 2 
5400 199 1 
5400 200 10 
5400 201 0 
5400 202 0 
5400 203 3 
5400 204 1 
5400 205 0 
5400 206 0 
5400 207 3 
5400 208 13 
5400 209 0 
5400 210 0 
5400 211 2 
5400 212 1 
5400 213 1 
5400 214 1 
5400 215 0 
5400 216 0 
5400 217 1 
5400 218 1 
5400 219 1 
5400 220 13 
5400 221 0 
5400 222 2 
5400 223 1 
5400 224 0 
5400 225 0 
5400 226 2 
5400 227 13 
5400 228 13 
5400 229 1 
5400 230 3 
5400 231 2 
5400 232 1 
5400 233 2 
5400 234 13 
5400 235 13 
5400 236 1 
5400 237 0 
5400 238 2 
5400 239 1 
5400 240 1 
5400 241 2 
5400 242 0 
5400 243 1 
5400 244 1 
5400 245 1 
5400 246 2 
5400 247 1 
5400 248 2 
5400 249 1 
5400 250 0 
5400 251 0 
5400 252 1 
5400 253 0 
5400 254 0 
5400 255 1 
5400 256 0 
5400 257 3 
5400 258 0 
5400 259 1 
5400 260 0 
5400 261 1 
5400 262 2 
5400 263 13 
5400 264 2 
5400 265 1 
5400 266 2 
5400 267 3 
5400 268 0 
5400 269 2 
5400 270 0 
5400 271 13 
5400 272 1 
5400 273 2 
5400 274 1 
5400 275 0 
5400 276 1 
5400 277 1 
5400 278 13 
5400 279 13 
5400 280 1 
5400 281 1 
5400 282 4 
5400 283 13 
5400 284 2 
5400 285 0 
5400 286 13 
5400 287 2 
5400 288 2 
5400 289 2 
5400 290 0 
5400 291 1 
5400 292 13 
5400 293 1 
5400 294 13 
5400 295 2 
5400 296 1 
5400 297 13 
5400 298 2 
5400 299 3 
0 7200 
6000 0 11 16 18 20 26 31 34 43 46 48 52 57 63 64 70 80 82 84 86 87 93 94 98 102 107 118 131 132 140 142 146 148 150 154 156 158 160 161 166 177 180 182 185 194 195 201 202 206 209 210 215 216 221 224 225 237 242 245 250 251 256 258 260 261 264 267 270 275 278 290 
6000 1 2 4 5 8 9 10 12 13 17 19 21 22 23 24 27 28 29 32 35 41 49 55 56 60 61 65 66 68 69 72 73 75 76 77 85 89 90 91 95 99 100 105 106 107 110 117 123 124 125 126 130 134 135 137 138 141 143 147 153 155 159 164 165 168 170 171 172 173 176 178 179 181 188 190 193 199 204 205 212 214 217 218 219 229 230 232 236 239 240 243 244 247 249 252 253 254 255 259 263 265 268 272 274 276 277 280 281 282 285 286 291 293 296 
6000 2 1 3 7 14 33 36 37 38 47 54 59 67 71 79 81 83 96 101 104 109 113 116 119 120 121 122 128 129 144 151 152 167 183 186 187 189 191 192 198 211 213 222 223 226 231 233 238 246 248 262 266 269 273 284 287 288 289 295 298 
6000 3 2 25 40 45 50 58 62 74 108 112 127 157 163 196 203 207 257 299 
6000 4 1 97 
6000 5 1 6 162 169 197 
6000 6 5 15 30 39 42 44 51 53 78 88 92 111 114 115 133 136 139 149 174 175 184 200 208 220 227 228 234 235 241 271 279 283 292 294 297 
6000 7 2 
6000 8 1 
6000 9 1 
6000 10 1 
6000 11 0 145 
6000 12 1 
6000 13 1 103 
6000 14 2 
6000 15 6 
6000 16 0 
6000 17 1 
6000 18 0 
6000 19 1 
6000 20 0 
6000 21 1 
6000 22 1 
6000 23 1 
6000 24 1 
6000 25 3 
6000 26 0 
6000 27 1 
6000 28 1 
6000 29 1 
6000 30 6 
6000 31 0 
6000 32 1 
6000 33 2 
6000 34 0 
6000 35 1 
6000 36 2 
6000 37 2 
6000 38 2 
6000 39 6 
6000 40 3 
6000 41 1 
6000 42 6 
6000 43 0 
6000 44 6 
6000 45 3 
6000 46 0 
6000 47 2 
6000 48 0 
6000 49 1 
6000 50 3 
6000 51 6 
6000 52 0 
6000 53 6 
6000 54 2 
6000 55 1 
6000 56 1 
6000 57 0 
6000 58 3 
6000 59 2 
6000 60 1 
6000 61 1 
6000 62 3 
6000 63 0 
6000 64 0 
6000 65 1 
6000 66 1 
6000 67 2 
6000 68 1 
6000 69 1 
6000 70 0 
6000 71 2 
6000 72 1 
6000 73 1 
6000 74 3 
6000 75 1 
6000 76 1 
6000 77 1 
6000 78 6 
6000 79 2 
6000 80 0 
6000 81 2 
6000 82 0 
6000 83 2 
6000 84 0 
6000 85 1 
6000 86 0 
6000 87 0 
6000 88 6 
6000 89 1 
6000 90 1 
6000 91 1 
6000 92 6 
6000 93 0 
6000 94 0 
6000 95 1 
6000 96 2 
6000 97 4 
6000 98 0 
6000 99 1 
6000 100 1 
6000 101 2 
6000 102 0 
6000 103 13 
6000 104 2 
6000 105 1 
6000 106 1 
6000 107 0 1 
6000 108 3 
6000 109 2 
6000 110 1 
6000 111 6 
6000 112 3 
6000 113 2 
6000 114 6 
6000 115 6 
6000 116 2 
6000 117 1 
6000 118 0 
6000 119 2 
6000 120 2 
6000 121 2 
6000 122 2 
6000 123 1 
6000 124 1 
6000 125 1 
6000 126 1 
6000 127 3 
6000 128 2 
6000 129 2 
6000 130 1 
6000 131 0 
6000 132 0 
6000 133 6 
6000 134 1 
6000 135 1 
6000 136 6 
6000 137 1 
6000 138 1 
6000 139 6 
6000 140 0 
6000 141 1 
6000 142 0 
6000 143 1 
6000 144 2 
6000 145 11 
6000 146 0 
6000 147 1 
6000 148 0 
6000 149 6 
6000 150 0 
6000 151 2 
6000 152 2 
6000 153 1 
6000 154 0 
6000 155 1 
6000 156 0 
6000 157 3 
6000 158 0 
6000 159 1 
6000 160 0 
6000 161 0 
6000 162 5 
6000 163 3 
6000 164 1 
6000 165 1 
6000 166 0 
6000 167 2 
6000 168 1 
6000 169 5 
6000 170 1 
6000 171 1 
6000 172 1 
6000 173 1 
6000 174 6 
6000 175 6 
6000 176 1 
6000 177 0 
6000 178 1 
6000 179 1 
6000 180 0 
6000 181 1 
6000 182 0 
6000 183 2 
6000 184 6 
6000 185 0 
6000 186 2 
6000 187 2 
6000 188 1 
6000 189 2 
6000 190 1 
6000 191 2 
6000 192 2 
6000 193 1 
6000 194 0 
6000 195 0 
6000 196 3 
6000 197 5 
6000 198 2 
6000 199 1 
6000 200 6 
6000 201 0 
6000 202 0 
6000 203 3 
6000 204 1 
6000 205 1 
6000 206 0 
6000 207 3 
6000 208 6 
6000 209 0 
6000 210 0 
6000 211 2 
6000 212 1 
6000 213 2 
6000 214 1 
6000 215 0 
6000 216 0 
6000 217 1 
6000 218 1 
6000 219 1 
6000 220 6 
6000 221 0 
6000 222 2 
6000 223 2 
6000 224 0 
6000 225 0 
6000 226 2 
6000 227 6 
6000 228 6 
6000 229 1 
6000 230 1 
6000 231 2 
6000 232 1 
6000 233 2 
6000 234 6 
6000 235 6 
6000 236 1 
6000 237 0 
6000 238 2 
6000 239 1 
6000 240 1 
6000 241 6 
6000 242 0 
6000 243 1 
6000 244 1 
6000 245 0 
6000 246 2 
6000 247 1 
6000 248 2 
6000 249 1 
6000 250 0 
6000 251 0 
6000 252 1 
6000 253 1 
6000 254 1 
6000 255 1 
6000 256 0 
6000 257 3 
6000 258 0 
6000 259 1 
6000 260 0 
6000 261 0 
6000 262 2 
6000 263 1 
6000 264 0 
6000 265 1 
6000 266 2 
6000 267 0 
6000 268 1 
6000 269 2 
6000 270 0 
6000 271 6 
6000 272 1 
6000 273 2 
6000 274 1 
6000 275 0 
6000 276 1 
6000 277 1 
6000 278 0 
6000 279 6 
6000 280 1 
6000 281 1 
6000 282 1 
6000 283 6 
6000 284 2 
6000 285 1 
6000 286 1 
6000 287 2 
6000 288 2 
6000 289 2 
6000 290 0 
6000 291 1 
6000 292 6 
6000 293 1 
6000 294 6 
6000 295 2 
6000 296 1 
6000 297 6 
6000 298 2 
6000 299 3 
0 7200 
6600 0 6 13 18 20 26 34 46 48 52 57 63 64 70 80 82 84 86 87 93 94 98 102 107 118 131 132 142 143 146 148 150 154 156 158 160 161 166 169 177 182 185 194 195 196 200 201 202 209 210 215 216 217 221 224 227 237 240 241 242 250 251 256 258 260 261 264 265 267 270 272 275 276 278 280 290 
6600 1 2 4 5 8 9 10 12 15 17 19 21 22 23 24 27 28 29 31 32 35 49 56 58 59 61 65 66 68 69 72 73 75 76 77 85 89 90 91 95 99 103 105 106 107 109 110 117 122 123 124 125 126 130 135 137 138 140 141 147 153 155 159 164 165 168 170 171 172 173 176 178 179 181 188 190 199 203 204 205 206 212 214 218 219 225 229 232 236 239 243 244 245 247 249 252 253 254 255 259 263 268 274 281 282 284 286 287 291 293 296 
6600 2 1 3 7 14 16 33 36 37 38 41 47 53 54 67 71 79 81 83 96 100 101 104 113 116 119 120 121 128 129 134 144 151 152 167 180 183 186 187 189 191 192 198 211 213 222 223 226 230 231 233 238 246 248 262 266 269 273 277 279 285 288 289 295 298 
6600 3 2 25 40 43 45 50 55 62 74 108 112 127 157 163 207 257 299 
6600 4 1 97 
6600 5 1 11 162 197 
6600 6 0 30 42 44 51 88 92 114 115 133 136 175 193 220 228 234 235 271 283 294 
6600 7 2 
6600 8 1 
6600 9 1 
6600 10 1 39 
6600 11 5 60 78 111 139 149 174 184 208 292 297 
6600 12 1 
6600 13 0 145 
6600 14 2 
6600 15 1 
6600 16 2 
6600 17 1 
6600 18 0 
6600 19 1 
6600 20 0 
6600 21 1 
6600 22 1 
6600 23 1 
6600 24 1 
6600 25 3 
6600 26 0 
6600 27 1 
6600 28 1 
6600 29 1 
6600 30 6 
6600 31 1 
6600 32 1 
6600 33 2 
6600 34 0 
6600 35 1 
6600 36 2 
6600 37 2 
6600 38 2 
6600 39 10 
6600 40 3 
6600 41 2 
6600 42 6 
6600 43 3 
6600 44 6 
6600 45 3 
6600 46 0 
6600 47 2 
6600 48 0 
6600 49 1 
6600 50 3 
6600 51 6 
6600 52 0 
6600 53 2 
6600 54 2 
6600 55 3 
6600 56 1 
6600 57 0 
6600 58 1 
6600 59 1 
6600 60 11 
6600 61 1 
6600 62 3 
6600 63 0 
6600 64 0 
6600 65 1 
6600 66 1 
6600 67 2 
6600 68 1 
6600 69 1 
6600 70 0 
6600 71 2 
6600 72 1 
6600 73 1 
6600 74 3 
6600 75 1 
6600 76 1 
6600 77 1 
6600 78 11 
6600 79 2 
6600 80 0 
6600 81 2 
6600 82 0 
6600 83 2 
6600 84 0 
6600 85 1 
6600 86 0 
6600 87 0 
6600 88 6 
6600 89 1 
6600 90 1 
6600 91 1 
6600 92 6 
6600 93 0 
6600 94 0 
6600 95 1 
6600 96 2 
6600 97 4 
6600 98 0 
6600 99 1 
6600 100 2 
6600 101 2 
6600 102 0 
6600 103 1 
6600 104 2 
6600 105 1 
6600 106 1 
6600 107 0 1 
6600 108 3 
6600 109 1 
6600 110 1 
6600 111 11 
6600 112 3 
6600 113 2 
6600 114 6 
6600 115 6 
6600 116 2 
6600 117 1 
6600 118 0 
6600 119 2 
6600 120 2 
6600 121 2 
6600 122 1 
6600 123 1 
6600 124 1 
6600 125 1 
6600 126 1 
6600 127 3 
6600 128 2 
6600 129 2 
6600 130 1 
6600 131 0 
6600 132 0 
6600 133 6 
6600 134 2 
6600 135 1 
6600 136 6 
6600 137 1 
6600 138 1 
6600 139 11 
6600 140 1 
6600 141 1 
6600 142 0 
6600 143 0 
6600 144 2 
6600 145 13 
6600 146 0 
6600 147 1 
6600 148 0 
6600 149 11 
6600 150 0 
6600 151 2 
6600 152 2 
6600 153 1 
6600 154 0 
6600 155 1 
6600 156 0 
6600 157 3 
6600 158 0 
6600 159 1 
6600 160 0 
6600 161 0 
6600 162 5 
6600 163 3 
6600 164 1 
6600 165 1 
6600 166 0 
6600 167 2 
6600 168 1 
6600 169 0 
6600 170 1 
6600 171 1 
6600 172 1 
6600 173 1 
6600 174 11 
6600 175 6 
6600 176 1 
6600 177 0 
6600 178 1 
6600 179 1 
6600 180 2 
6600 181 1 
6600 182 0 
6600 183 2 
6600 184 11 
6600 185 0 
6600 186 2 
6600 187 2 
6600 188 1 
6600 189 2 
6600 190 1 
6600 191 2 
6600 192 2 
6600 193 6 
6600 194 0 
6600 195 0 
6600 196 0 
6600 197 5 
6600 198 2 
6600 199 1 
6600 200 0 
6600 201 0 
6600 202 0 
6600 203 1 
6600 204 1 
6600 205 1 
6600 206 1 
6600 207 3 
6600 208 11 
6600 209 0 
6600 210 0 
6600 211 2 
6600 212 1 
6600 213 2 
6600 214 1 
6600 215 0 
6600 216 0 
6600 217 0 
6600 218 1 
6600 219 1 
6600 220 6 
6600 221 0 
6600 222 2 
6600 223 2 
6600 224 0 
6600 225 1 
6600 226 2 
6600 227 0 
6600 228 6 
6600 229 1 
6600 230 2 
6600 231 2 
6600 232 1 
6600 233 2 
6600 234 6 
6600 235 6 
6600 236 1 
6600 237 0 
6600 238 2 
6600 239 1 
6600 240 0 
6600 241 0 
6600 242 0 
6600 243 1 
6600 244 1 
6600 245 1 
6600 246 2 
6600 247 1 
6600 248 2 
6600 249 1 
6600 250 0 
6600 251 0 
6600 252 1 
6600 253 1 
6600 254 1 
6600 255 1 
6600 256 0 
6600 257 3 
6600 258 0 
6600 259 1 
6600 260 0 
6600 261 0 
6600 262 2 
6600 263 1 
6600 264 0 
6600 265 0 
6600 266 2 
6600 267 0 
6600 268 1 
6600 269 2 
6600 270 0 
6600 271 6 
6600 272 0 
6600 273 2 
6600 274 1 
6600 275 0 
6600 276 0 
6600 277 2 
6600 278 0 
6600 279 2 
6600 280 0 
6600 281 1 
6600 282 1 
6600 283 6 
6600 284 1 
6600 285 2 
6600 286 1 
6600 287 1 
6600 288 2 
6600 289 2 
6600 290 0 
6600 291 1 
6600 292 11 
6600 293 1 
6600 294 6 
6600 295 2 
6600 296 1 
6600 297 11 
6600 298 2 
6600 299 3 
0 7200 
7200 0 6 13 15 18 20 26 32 52 57 58 60 63 70 80 82 84 86 87 92 93 94 98 102 107 118 129 131 132 142 143 146 148 150 154 156 158 160 164 166 169 171 172 173 177 182 196 200 201 202 209 215 216 217 222 237 241 242 250 251 258 260 261 264 265 267 270 272 275 278 280 281 290 
7200 1 2 4 5 8 9 10 12 17 19 21 22 23 24 27 28 29 31 34 35 36 48 49 56 59 61 64 65 66 69 72 73 75 76 77 79 85 89 90 91 92 95 99 103 105 106 109 110 112 117 122 123 124 125 126 130 135 136 138 140 141 147 153 155 157 159 165 168 170 175 176 178 179 181 185 186 188 190 194 195 199 203 204 205 206 212 214 218 219 221 225 227 229 232 236 239 240 243 244 245 247 252 253 254 255 256 257 259 263 268 274 282 284 286 287 288 292 293 294 296 299 
7200 2 1 3 7 14 16 37 38 41 46 47 53 54 67 68 71 81 83 100 101 104 116 119 120 121 128 134 137 144 151 152 167 180 183 187 191 192 198 211 213 223 226 228 230 231 233 238 246 262 266 269 273 277 279 285 289 295 298 
7200 3 2 25 40 43 45 50 55 74 108 113 127 163 189 207 
7200 4 1 97 
7200 5 1 11 162 197 
7200 6 0 30 42 44 51 88 96 114 115 133 161 193 210 224 234 235 248 249 271 283 
7200 7 2 
7200 8 1 
7200 9 1 
7200 10 1 39 
7200 11 5 33 62 78 111 139 149 174 184 208 220 276 291 297 
7200 12 1 
7200 13 0 145 
7200 14 2 
7200 15 0 
7200 16 2 
7200 17 1 
7200 18 0 
7200 19 1 
7200 20 0 
7200 21 1 
7200 22 1 
7200 23 1 
7200 24 1 
7200 25 3 
7200 26 0 
7200 27 1 
7200 28 1 
7200 29 1 
7200 30 6 
7200 31 1 
7200 32 0 
7200 33 11 
7200 34 1 
7200 35 1 
7200 36 1 
7200 37 2 
7200 38 2 
7200 39 10 
7200 40 3 
7200 41 2 
7200 42 6 
7200 43 3 
7200 44 6 
7200 45 3 
7200 46 2 
7200 47 2 
7200 48 1 
7200 49 1 
7200 50 3 
7200 51 6 
7200 52 0 
7200 53 2 
7200 54 2 
7200 55 3 
7200 56 1 
7200 57 0 
7200 58 0 
7200 59 1 
7200 60 0 
7200 61 1 
7200 62 11 
7200 63 0 
7200 64 1 
7200 65 1 
7200 66 1 
7200 67 2 
7200 68 2 
7200 69 1 
7200 70 0 
7200 71 2 
7200 72 1 
7200 73 1 
7200 74 3 
7200 75 1 
7200 76 1 
7200 77 1 
7200 78 11 
7200 79 1 
7200 80 0 
7200 81 2 
7200 82 0 
7200 83 2 
7200 84 0 
7200 85 1 
7200 86 0 
7200 87 0 
7200 88 6 
7200 89 1 
7200 90 1 
7200 91 1 
7200 92 0 1 
7200 93 0 
7200 94 0 
7200 95 1 
7200 96 6 
7200 97 4 
7200 98 0 
7200 99 1 
7200 100 2 
7200 101 2 
7200 102 0 
7200 103 1 
7200 104 2 
7200 105 1 
7200 106 1 
7200 107 0 
7200 108 3 
7200 109 1 
7200 110 1 
7200 111 11 
7200 112 1 
7200 113 3 
7200 114 6 
7200 115 6 
7200 116 2 
7200 117 1 
7200 118 0 
7200 119 2 
7200 120 2 
7200 121 2 
7200 122 1 
7200 123 1 
7200 124 1 
7200 125 1 
7200 126 1 
7200 127 3 
7200 128 2 
7200 129 0 
7200 130 1 
7200 131 0 
7200 132 0 
7200 133 6 
7200 134 2 
7200 135 1 
7200 136 1 
7200 137 2 
7200 138 1 
7200 139 11 
7200 140 1 
7200 141 1 
7200 142 0 
7200 143 0 
7200 144 2 
7200 145 13 
7200 146 0 
7200 147 1 
7200 148 0 
7200 149 11 
7200 150 0 
7200 151 2 
7200 152 2 
7200 153 1 
7200 154 0 
7200 155 1 
7200 156 0 
7200 157 1 
7200 158 0 
7200 159 1 
7200 160 0 
7200 161 6 
7200 162 5 
7200 163 3 
7200 164 0 
7200 165 1 
7200 166 0 
7200 167 2 
7200 168 1 
7200 169 0 
7200 170 1 
7200 171 0 
7200 172 0 
7200 173 0 
7200 174 11 
7200 175 1 
7200 176 1 
7200 177 0 
7200 178 1 
7200 179 1 
7200 180 2 
7200 181 1 
7200 182 0 
7200 183 2 
7200 184 11 
7200 185 1 
7200 186 1 
7200 187 2 
7200 188 1 
7200 189 3 
7200 190 1 
7200 191 2 
7200 192 2 
7200 193 6 
7200 194 1 
7200 195 1 
7200 196 0 
7200 197 5 
7200 198 2 
7200 199 1 
7200 200 0 
7200 201 0 
7200 202 0 
7200 203 1 
7200 204 1 
7200 205 1 
7200 206 1 
7200 207 3 
7200 208 11 
7200 209 0 
7200 210 6 
7200 211 2 
7200 212 1 
7200 213 2 
7200 214 1 
7200 215 0 
7200 216 0 
7200 217 0 
7200 218 1 
7200 219 1 
7200 220 11 
7200 221 1 
7200 222 0 
7200 223 2 
7200 224 6 
7200 225 1 
7200 226 2 
7200 227 1 
7200 228 2 
7200 229 1 
7200 230 2 
7200 231 2 
7200 232 1 
7200 233 2 
7200 234 6 
7200 235 6 
7200 236 1 
7200 237 0 
7200 238 2 
7200 239 1 
7200 240 1 
7200 241 0 
7200 242 0 
7200 243 1 
7200 244 1 
7200 245 1 
7200 246 2 
7200 247 1 
7200 248 6 
7200 249 6 
7200 250 0 
7200 251 0 
7200 252 1 
7200 253 1 
7200 254 1 
7200 255 1 
7200 256 1 
7200 257 1 
7200 258 0 
7200 259 1 
7200 260 0 
7200 261 0 
7200 262 2 
7200 263 1 
7200 264 0 
7200 265 0 
7200 266 2 
7200 267 0 
7200 268 1 
7200 269 2 
7200 270 0 
7200 271 6 
7200 272 0 
7200 273 2 
7200 274 1 
7200 275 0 
7200 276 11 
7200 277 2 
7200 278 0 
7200 279 2 
7200 280 0 
7200 281 0 
7200 282 1 
7200 283 6 
7200 284 1 
7200 285 2 
7200 286 1 
7200 287 1 
7200 288 1 
7200 289 2 
7200 290 0 
7200 291 11 
7200 292 1 
7200 293 1 
7200 294 1 
7200 295 2 
7200 296 1 
7200 297 11 
7200 298 2 
7200 299 1 
