0 0 
0 1 
0 2 
0 3 2 11 
0 4 1 2 
0 5 
0 6 3 14 
0 7 
0 8 11 13 
0 9 10 18 
0 10 1 9 
0 11 1 4 
0 12 
0 13 
0 14 11 141 
0 15 
0 16 
0 17 
0 18 
0 19 
0 20 
0 21 
0 22 0 1 
0 23 0 1 2 3 
0 24 2 18 
0 25 0 1 
0 26 2 5 8 10 12 17 21 
0 27 0 1 7 
0 28 
0 29 4 9 10 13 15 16 18 
0 31 1 2 3 4 5 6 8 9 10 11 12 13 14 16 
0 32 260 82 4 28 
0 33 2 3 4 5 6 8 12 17 19 
0 34 1 2 260 5 8 10 12 17 82 21 
0 35 0 1 7 
0 37 0 1 2 3 7 
0 38 0 6 
0 39 0 1 
0 40 132 34 244 260 
0 41 0 1 7 
0 42 2 3 4 5 6 8 9 10 11 12 13 14 16 19 
0 43 3 4 
0 44 0 1 
0 47 0 1 6 7 
0 49 0 4 
0 50 2 3 4 5 8 10 12 14 16 
0 51 2 3 5 6 
0 52 2 3 6 12 13 20 
0 53 0 1 
0 54 9 10 4 
0 55 0 1 
0 56 0 1 4 
0 57 0 2 4 
0 58 8 18 
0 59 0 1 
0 60 3 6 
0 62 20 4 12 9 
0 63 0 17 2 3 4 
0 64 2 3 4 5 6 8 9 10 11 12 13 19 
0 65 11 3 14 
0 66 0 18 
0 67 0 12 
0 68 2 3 4 5 
0 69 0 1 
0 70 2 3 4 5 
0 71 0 1 7 
0 72 2 3 4 5 
0 74 0 1 2 5 
0 75 0 1 7 
0 76 18 3 
0 77 1 2 260 5 8 9 10 13 17 244 21 20 28 
0 78 0 1 7 
0 79 18 6 
0 80 2 3 4 5 
0 81 0 3 6 
0 82 1 2 5 8 10 12 17 21 
0 83 0 18 
0 84 0 1 
0 85 1 2 3 5 6 8 9 10 11 13 14 16 19 
0 86 8 18 11 14 
0 87 0 1 6 
0 88 0 1 
0 89 2 3 4 5 6 8 19 
0 90 0 1 7 
0 91 0 9 
0 92 0 19 
0 93 2 10 11 12 141 14 15 20 
0 94 0 1 
0 95 2 3 4 5 6 8 12 17 19 
0 96 0 21 
0 97 0 20 4 
0 98 0 2 
0 99 0 1 
0 100 132 7 
0 101 2 4 5 
0 102 1 2 3 4 5 6 8 10 11 13 14 16 
0 103 4 21 
0 104 2 3 4 6 
0 105 2 18 
0 106 0 1 2 3 5 7 
0 107 1 2 5 
0 108 0 2 
0 110 0 1 7 
0 111 34 132 82 
0 112 0 21 
0 113 0 6 
0 114 2 4 9 10 12 141 14 13 16 21 122 
0 115 0 10 
0 116 0 11 7 
0 117 0 1 7 
0 118 0 3 
0 119 141 15 
0 120 0 1 
0 121 0 1 7 
0 122 
0 123 10 4 13 15 
0 124 2 4 5 
0 125 1 2 3 4 5 6 8 10 11 13 14 16 
0 126 0 1 3 
0 127 0 1 2 3 
0 128 0 2 7 
0 129 14 6 
0 130 2 3 5 9 10 11 12 13 
0 131 1 2 3 4 5 6 8 9 10 11 12 13 14 16 17 19 
0 132 1 2 260 5 8 9 10 13 17 244 21 20 28 
0 133 0 1 2 5 
0 134 8 17 3 6 11 
0 135 2 12 
0 136 0 1 2 3 
0 137 3 6 
0 138 132 7 
0 139 2 3 5 9 10 11 12 13 
0 140 12 2 20 
0 141 
0 142 0 1 
0 143 2 12 141 14 20 21 
0 144 0 1 
0 145 0 15 
0 146 20 4 12 9 
0 147 0 1 2 5 15 
0 148 28 3 20 
0 149 2 5 8 9 10 13 17 20 21 28 
0 150 0 1 
0 151 0 1 2 
0 152 0 11 
0 153 2 3 4 5 
0 154 0 1 7 
0 155 2 5 
0 156 0 6 
0 157 0 1 3 6 7 18 
0 158 0 7 
0 159 2 4 15 
0 160 0 2 
0 161 0 1 
0 162 0 1 
0 163 11 9 2 3 
0 164 2 3 5 6 
0 165 0 1 2 
0 166 0 2 
0 167 0 1 2 
0 168 0 12 
0 169 2 5 
0 170 3 13 6 15 
0 171 2 3 4 5 6 8 19 
0 172 0 1 4 7 
0 173 0 1 2 3 5 
0 174 0 1 
0 176 0 1 
0 177 0 1 3 7 
0 178 10 6 
0 179 0 11 6 7 
0 180 2 3 4 5 6 8 9 10 11 12 13 14 16 17 19 122 
0 181 0 1 3 
0 182 9 10 13 
0 183 0 4 
0 184 0 4 15 
0 185 0 1 7 
0 186 0 1 
0 187 0 1 
0 188 0 4 6 
0 189 0 1 
0 190 8 3 21 6 
0 191 9 20 12 15 
0 192 1 2 3 4 5 6 8 9 10 11 12 13 14 16 17 19 
0 193 3 6 
0 194 2 3 4 5 8 16 19 
0 195 8 2 3 12 
0 196 82 3 244 
0 197 2 15 
0 198 20 141 
0 199 1 2 5 
0 200 9 4 13 
0 201 0 1 
0 202 0 1 7 
0 203 0 1 6 7 
0 204 2 3 4 
0 205 0 1 
0 206 0 1 
0 207 0 3 
0 208 8 17 3 6 11 
0 209 0 2 
0 210 2 3 4 5 6 8 9 10 12 141 14 13 16 17 19 21 122 
0 211 0 1 
0 212 2 3 9 10 11 12 141 14 13 15 
0 213 0 7 
0 214 0 1 
0 215 0 1 
0 216 1 2 3 4 5 6 8 10 11 13 14 16 
0 217 0 1 2 7 
0 218 0 1 2 7 
0 219 0 1 
0 220 0 1 7 
0 221 2 3 
0 222 8 2 3 5 
0 223 3 12 
0 224 2 3 5 9 10 11 12 13 
0 225 8 0 
0 226 0 1 
0 227 2 3 5 6 8 9 10 11 14 16 19 122 
0 228 1 2 5 
0 229 0 6 
0 230 0 1 
0 231 0 1 
0 232 0 1 2 3 
0 233 0 3 
0 234 0 3 
0 235 0 3 
0 237 0 1 7 
0 238 0 1 2 3 6 7 
0 239 0 1 3 6 
0 240 0 4 
0 241 0 1 
0 242 0 1 
0 244 16 20 10 4 
0 245 9 4 15 
0 246 0 1 2 7 
0 247 3 13 6 15 
0 248 11 9 2 3 
0 249 0 9 
0 250 0 1 2 3 5 7 
0 251 0 1 2 
0 252 0 1 
0 253 11 3 
0 254 0 1 
0 255 1 18 
0 256 9 132 
0 258 9 4 15 
0 259 2 3 6 9 12 14 
0 260 
0 261 0 1 
0 262 2 3 4 
0 263 1 18 
0 265 0 1 4 7 
0 266 8 11 3 
0 267 2 3 8 10 11 12 13 
0 268 8 0 
0 269 0 1 
0 270 0 1 
0 271 0 141 
0 272 0 1 
0 273 0 6 
0 274 0 1 7 
0 275 0 1 3 6 
0 276 0 1 3 6 7 
0 277 2 4 
0 278 0 1 
0 279 11 3 
0 280 0 1 
0 281 0 13 
0 282 0 1 7 
0 283 0 1 7 
0 284 0 1 7 
0 285 0 1 
0 286 0 1 2 
0 287 0 1 2 
0 288 0 11 7 
0 289 0 1 11 
0 290 15 3 13 7 
0 291 8 0 
0 292 0 1 
0 293 9 4 13 
0 294 8 17 
0 295 0 1 2 3 7 
0 296 0 1 
0 297 0 1 2 5 15 
0 298 0 1 2 
0 299 0 1 
900 0 
900 1 
900 2 
900 3 2 11 
900 4 1 2 
900 5 
900 6 3 14 
900 7 
900 8 11 13 
900 9 10 18 
900 10 1 9 
900 11 1 4 
900 12 
900 13 
900 14 11 141 
900 15 
900 16 
900 17 
900 18 
900 19 
900 20 
900 21 
900 22 0 1 
900 23 0 1 2 3 
900 24 2 18 
900 25 0 1 
900 27 0 1 7 
900 28 
900 29 4 9 10 13 15 16 18 
900 31 1 2 3 4 5 6 8 9 10 11 12 13 14 16 
900 32 260 82 4 28 
900 33 2 3 4 5 6 8 12 17 19 
900 34 1 2 260 5 8 10 12 17 82 21 
900 35 0 1 7 
900 37 0 1 2 3 7 
900 38 0 6 
900 39 0 1 
900 40 132 34 244 260 
900 41 0 1 7 
900 42 2 3 4 5 6 8 9 10 11 12 13 14 16 19 
900 43 3 4 
900 44 0 1 
900 47 0 1 6 7 
900 50 2 3 4 5 8 10 12 14 16 
900 51 2 3 5 6 
900 52 2 3 6 12 13 20 
900 53 0 1 
900 54 9 10 4 
900 55 0 1 
900 57 0 2 4 
900 58 8 18 
900 59 0 1 
900 60 3 6 
900 62 20 4 12 9 
900 64 2 3 4 5 6 8 9 10 11 12 13 19 
900 65 11 3 14 
900 66 0 18 
900 67 0 12 
900 68 2 3 4 5 
900 69 0 1 
900 70 2 3 4 5 
900 71 0 1 7 
900 72 2 3 4 5 
900 74 0 1 2 5 
900 75 0 1 7 
900 76 18 3 
900 77 1 2 260 5 8 9 10 13 17 244 21 20 28 
900 78 0 1 7 
900 79 18 6 
900 80 2 3 4 5 
900 81 0 3 6 
900 82 1 2 5 8 10 12 17 21 
900 83 0 18 
900 84 0 1 
900 85 1 2 3 5 6 8 9 10 11 13 14 16 19 
900 86 8 18 11 14 
900 87 0 1 6 
900 88 0 1 
900 89 2 3 4 5 6 8 19 
900 90 0 1 7 
900 91 0 9 
900 92 0 19 
900 93 2 10 11 12 141 14 15 20 
900 94 0 1 
900 95 2 3 4 5 6 8 12 17 19 
900 96 0 21 
900 97 0 20 4 
900 98 0 2 
900 99 0 1 
900 100 132 7 
900 101 2 4 5 
900 102 1 2 3 4 5 6 8 10 11 13 14 16 
900 103 4 21 
900 104 2 3 4 6 
900 105 2 18 
900 106 0 1 2 3 5 7 
900 107 1 2 5 
900 108 0 2 
900 110 0 1 7 
900 111 34 132 82 
900 112 0 21 
900 113 0 6 
900 114 2 4 9 10 12 141 14 13 16 21 122 
900 115 0 10 
900 116 0 11 7 
900 117 0 1 7 
900 118 0 3 
900 119 141 15 
900 120 0 1 
900 121 0 1 7 
900 122 
900 123 10 4 13 15 
900 124 2 4 5 
900 125 1 2 3 4 5 6 8 10 11 13 14 16 
900 126 0 1 3 
900 127 0 1 2 3 
900 128 0 2 7 
900 129 14 6 
900 130 2 3 5 9 10 11 12 13 
900 131 1 2 3 4 5 6 8 9 10 11 12 13 14 16 17 19 
900 132 1 2 260 5 8 9 10 13 17 244 21 20 28 
900 133 0 1 2 5 
900 134 8 17 3 6 11 
900 135 2 12 
900 136 0 1 2 3 
900 137 3 6 
900 138 132 7 
900 139 2 3 5 9 10 11 12 13 
900 140 12 2 20 
900 141 
900 142 0 1 
900 143 2 12 141 14 20 21 
900 144 0 1 
900 145 0 15 
900 146 20 4 12 9 
900 147 0 1 2 5 15 
900 149 2 5 8 9 10 13 17 20 21 28 
900 150 0 1 
900 151 0 1 2 
900 152 0 11 
900 154 0 1 7 
900 155 2 5 
900 158 0 7 
900 159 2 4 15 
900 160 0 2 
900 161 0 1 
900 162 0 1 
900 163 11 9 2 3 
900 164 2 3 5 6 
900 165 0 1 2 
900 166 0 2 
900 167 0 1 2 
900 168 0 12 
900 169 2 5 
900 170 3 13 6 15 
900 171 2 3 4 5 6 8 19 
900 172 0 1 4 7 
900 173 0 1 2 3 5 
900 174 0 1 
900 176 0 1 
900 177 0 1 3 7 
900 178 10 6 
900 179 0 11 6 7 
900 180 2 3 4 5 6 8 9 10 11 12 13 14 16 17 19 122 
900 181 0 1 3 
900 182 9 10 13 
900 183 0 4 
900 184 0 4 15 
900 185 0 1 7 
900 187 0 1 
900 188 0 4 6 
900 189 0 1 
900 190 8 3 21 6 
900 191 9 20 12 15 
900 192 1 2 3 4 5 6 8 9 10 11 12 13 14 16 17 19 
900 193 3 6 
900 194 2 3 4 5 8 16 19 
900 195 8 2 3 12 
900 196 82 3 244 
900 197 2 15 
900 198 20 141 
900 199 1 2 5 
900 200 9 4 13 
900 201 0 1 
900 202 0 1 7 
900 203 0 1 6 7 
900 204 2 3 4 
900 205 0 1 
900 206 0 1 
900 207 0 3 
900 208 8 17 3 6 11 
900 209 0 2 
900 210 2 3 4 5 6 8 9 10 12 141 14 13 16 17 19 21 122 
900 211 0 1 
900 212 2 3 9 10 11 12 141 14 13 15 
900 213 0 7 
900 214 0 1 
900 215 0 1 
900 216 1 2 3 4 5 6 8 10 11 13 14 16 
900 217 0 1 2 7 
900 218 0 1 2 7 
900 219 0 1 
900 220 0 1 7 
900 223 3 12 
900 224 2 3 5 9 10 11 12 13 
900 225 8 0 
900 226 0 1 
900 227 2 3 5 6 8 9 10 11 14 16 19 122 
900 228 1 2 5 
900 229 0 6 
900 230 0 1 
900 231 0 1 
900 232 0 1 2 3 
900 234 0 3 
900 235 0 3 
900 237 0 1 7 
900 238 0 1 2 3 6 7 
900 239 0 1 3 6 
900 240 0 4 
900 241 0 1 
900 242 0 1 
900 244 16 20 10 4 
900 245 9 4 15 
900 246 0 1 2 7 
900 247 3 13 6 15 
900 248 11 9 2 3 
900 249 0 9 
900 250 0 1 2 3 5 7 
900 251 0 1 2 
900 252 0 1 
900 253 11 3 
900 254 0 1 
900 255 1 18 
900 256 9 132 
900 258 9 4 15 
900 259 2 3 6 9 12 14 
900 260 
900 261 0 1 
900 262 2 3 4 
900 263 1 18 
900 265 0 1 4 7 
900 266 8 11 3 
900 267 2 3 8 10 11 12 13 
900 268 8 0 
900 269 0 1 
900 270 0 1 
900 271 0 141 
900 272 0 1 
900 273 0 6 
900 274 0 1 7 
900 276 0 1 3 6 7 
900 277 2 4 
900 278 0 1 
900 279 11 3 
900 280 0 1 
900 281 0 13 
900 282 0 1 7 
900 283 0 1 7 
900 284 0 1 7 
900 285 0 1 
900 286 0 1 2 
900 287 0 1 2 
900 288 0 11 7 
900 289 0 1 11 
900 290 15 3 13 7 
900 291 8 0 
900 292 0 1 
900 293 9 4 13 
900 294 8 17 
900 295 0 1 2 3 7 
900 296 0 1 
900 297 0 1 2 5 15 
900 298 0 1 2 
900 299 0 1 
1800 0 
1800 1 
1800 2 
1800 3 2 11 
1800 4 1 2 
1800 5 
1800 6 3 14 
1800 7 
1800 8 11 13 
1800 9 10 18 
1800 10 1 9 
1800 11 1 4 
1800 12 
1800 13 
1800 14 11 141 
1800 15 
1800 16 
1800 17 
1800 18 
1800 19 
1800 20 
1800 21 
1800 22 0 1 
1800 23 0 1 2 3 
1800 24 2 18 
1800 25 0 1 
1800 27 0 1 7 
1800 28 
1800 29 4 9 10 13 15 16 18 
1800 31 1 2 3 4 5 6 8 9 10 11 12 13 14 16 
1800 32 260 82 4 28 
1800 33 2 3 4 5 6 8 12 17 19 
1800 34 1 2 260 5 8 10 12 17 82 21 
1800 35 0 1 7 
1800 37 0 1 2 3 7 
1800 38 0 6 
1800 39 0 1 
1800 40 132 34 244 260 
1800 41 0 1 7 
1800 42 2 3 4 5 6 8 9 10 11 12 13 14 16 19 
1800 43 3 4 
1800 44 0 1 
1800 47 0 1 6 7 
1800 50 2 3 4 5 8 10 12 14 16 
1800 51 2 3 5 6 
1800 52 2 3 6 12 13 20 
1800 53 0 1 
1800 54 9 10 4 
1800 55 0 1 
1800 57 0 2 4 
1800 58 8 18 
1800 59 0 1 
1800 60 3 6 
1800 62 20 4 12 9 
1800 64 2 3 4 5 6 8 9 10 11 12 13 19 
1800 65 11 3 14 
1800 66 0 18 
1800 67 0 12 
1800 68 2 3 4 5 
1800 69 0 1 
1800 70 2 3 4 5 
1800 71 0 1 7 
1800 72 2 3 4 5 
1800 74 0 1 2 5 
1800 75 0 1 7 
1800 76 18 3 
1800 77 1 2 260 5 8 9 10 13 17 244 21 20 28 
1800 78 0 1 7 
1800 79 18 6 
1800 80 2 3 4 5 
1800 81 0 3 6 
1800 82 1 2 5 8 10 12 17 21 
1800 83 0 18 
1800 84 0 1 
1800 85 1 2 3 5 6 8 9 10 11 13 14 16 19 
1800 86 8 18 11 14 
1800 88 0 1 
1800 89 2 3 4 5 6 8 19 
1800 90 0 1 7 
1800 91 0 9 
1800 92 0 19 
1800 93 2 10 11 12 141 14 15 20 
1800 94 0 1 
1800 96 0 21 
1800 97 0 20 4 
1800 98 0 2 
1800 99 0 1 
1800 100 132 7 
1800 101 2 4 5 
1800 102 1 2 3 4 5 6 8 10 11 13 14 16 
1800 103 4 21 
1800 104 2 3 4 6 
1800 105 2 18 
1800 106 0 1 2 3 5 7 
1800 107 1 2 5 
1800 108 0 2 
1800 110 0 1 7 
1800 111 34 132 82 
1800 112 0 21 
1800 113 0 6 
1800 114 2 4 9 10 12 141 14 13 16 21 122 
1800 115 0 10 
1800 117 0 1 7 
1800 118 0 3 
1800 119 141 15 
1800 120 0 1 
1800 121 0 1 7 
1800 122 
1800 123 10 4 13 15 
1800 124 2 4 5 
1800 125 1 2 3 4 5 6 8 10 11 13 14 16 
1800 126 0 1 3 
1800 127 0 1 2 3 
1800 128 0 2 7 
1800 129 14 6 
1800 132 1 2 260 5 8 9 10 13 17 244 21 20 28 
1800 133 0 1 2 5 
1800 134 8 17 3 6 11 
1800 135 2 12 
1800 136 0 1 2 3 
1800 137 3 6 
1800 138 132 7 
1800 139 2 3 5 9 10 11 12 13 
1800 140 12 2 20 
1800 141 
1800 142 0 1 
1800 143 2 12 141 14 20 21 
1800 144 0 1 
1800 145 0 15 
1800 146 20 4 12 9 
1800 147 0 1 2 5 15 
1800 149 2 5 8 9 10 13 17 20 21 28 
1800 151 0 1 2 
1800 152 0 11 
1800 154 0 1 7 
1800 155 2 5 
1800 158 0 7 
1800 159 2 4 15 
1800 160 0 2 
1800 161 0 1 
1800 162 0 1 
1800 163 11 9 2 3 
1800 164 2 3 5 6 
1800 165 0 1 2 
1800 166 0 2 
1800 167 0 1 2 
1800 168 0 12 
1800 169 2 5 
1800 170 3 13 6 15 
1800 171 2 3 4 5 6 8 19 
1800 172 0 1 4 7 
1800 174 0 1 
1800 176 0 1 
1800 177 0 1 3 7 
1800 178 10 6 
1800 179 0 11 6 7 
1800 180 2 3 4 5 6 8 9 10 11 12 13 14 16 17 19 122 
1800 182 9 10 13 
1800 183 0 4 
1800 184 0 4 15 
1800 185 0 1 7 
1800 187 0 1 
1800 188 0 4 6 
1800 189 0 1 
1800 190 8 3 21 6 
1800 191 9 20 12 15 
1800 192 1 2 3 4 5 6 8 9 10 11 12 13 14 16 17 19 
1800 193 3 6 
1800 194 2 3 4 5 8 16 19 
1800 195 8 2 3 12 
1800 196 82 3 244 
1800 197 2 15 
1800 198 20 141 
1800 199 1 2 5 
1800 201 0 1 
1800 202 0 1 7 
1800 203 0 1 6 7 
1800 204 2 3 4 
1800 205 0 1 
1800 206 0 1 
1800 207 0 3 
1800 208 8 17 3 6 11 
1800 209 0 2 
1800 210 2 3 4 5 6 8 9 10 12 141 14 13 16 17 19 21 122 
1800 211 0 1 
1800 212 2 3 9 10 11 12 141 14 13 15 
1800 213 0 7 
1800 214 0 1 
1800 215 0 1 
1800 216 1 2 3 4 5 6 8 10 11 13 14 16 
1800 217 0 1 2 7 
1800 218 0 1 2 7 
1800 219 0 1 
1800 220 0 1 7 
1800 223 3 12 
1800 224 2 3 5 9 10 11 12 13 
1800 225 8 0 
1800 226 0 1 
1800 227 2 3 5 6 8 9 10 11 14 16 19 122 
1800 228 1 2 5 
1800 229 0 6 
1800 230 0 1 
1800 231 0 1 
1800 232 0 1 2 3 
1800 234 0 3 
1800 235 0 3 
1800 237 0 1 7 
1800 238 0 1 2 3 6 7 
1800 240 0 4 
1800 241 0 1 
1800 242 0 1 
1800 244 16 20 10 4 
1800 245 9 4 15 
1800 246 0 1 2 7 
1800 247 3 13 6 15 
1800 248 11 9 2 3 
1800 249 0 9 
1800 250 0 1 2 3 5 7 
1800 251 0 1 2 
1800 253 11 3 
1800 254 0 1 
1800 255 1 18 
1800 256 9 132 
1800 258 9 4 15 
1800 259 2 3 6 9 12 14 
1800 260 
1800 261 0 1 
1800 262 2 3 4 
1800 263 1 18 
1800 265 0 1 4 7 
1800 266 8 11 3 
1800 267 2 3 8 10 11 12 13 
1800 268 8 0 
1800 269 0 1 
1800 270 0 1 
1800 271 0 141 
1800 272 0 1 
1800 273 0 6 
1800 274 0 1 7 
1800 276 0 1 3 6 7 
1800 277 2 4 
1800 278 0 1 
1800 279 11 3 
1800 280 0 1 
1800 281 0 13 
1800 282 0 1 7 
1800 283 0 1 7 
1800 284 0 1 7 
1800 285 0 1 
1800 287 0 1 2 
1800 288 0 11 7 
1800 290 15 3 13 7 
1800 291 8 0 
1800 292 0 1 
1800 293 9 4 13 
1800 294 8 17 
1800 295 0 1 2 3 7 
1800 296 0 1 
1800 297 0 1 2 5 15 
1800 298 0 1 2 
1800 299 0 1 
2700 0 
2700 1 
2700 2 
2700 3 2 11 
2700 4 1 2 
2700 5 
2700 6 3 14 
2700 7 
2700 8 11 13 
2700 9 10 18 
2700 10 1 9 
2700 11 1 4 
2700 12 
2700 13 
2700 14 11 141 
2700 15 
2700 16 
2700 17 
2700 18 
2700 19 
2700 20 
2700 21 
2700 22 0 1 
2700 23 0 1 2 3 
2700 24 2 18 
2700 25 0 1 
2700 27 0 1 7 
2700 28 
2700 29 4 9 10 13 15 16 18 
2700 31 1 2 3 4 5 6 8 9 10 11 12 13 14 16 
2700 32 28 82 4 
2700 33 2 3 4 5 6 8 12 17 19 
2700 34 1 2 5 8 10 12 17 82 21 
2700 35 0 1 7 
2700 37 0 1 2 3 7 
2700 38 0 6 
2700 39 0 1 
2700 40 132 34 244 
2700 41 0 1 7 
2700 42 2 3 4 5 6 8 9 10 11 12 13 14 16 19 
2700 43 3 4 
2700 44 0 1 
2700 47 0 1 6 7 
2700 50 2 3 4 5 8 10 12 14 16 
2700 51 2 3 5 6 
2700 52 2 3 6 12 13 20 
2700 53 0 1 
2700 54 9 10 4 
2700 55 0 1 
2700 57 0 2 4 
2700 58 8 18 
2700 59 0 1 
2700 60 3 6 
2700 62 20 4 12 9 
2700 64 2 3 4 5 6 8 9 10 11 12 13 19 
2700 65 11 3 14 
2700 66 0 18 
2700 67 0 12 
2700 69 0 1 
2700 71 0 1 7 
2700 72 2 3 4 5 
2700 74 0 1 2 5 
2700 75 0 1 7 
2700 76 18 3 
2700 77 1 2 5 8 9 10 13 17 244 21 20 28 
2700 78 0 1 7 
2700 79 18 6 
2700 80 2 3 4 5 
2700 81 0 3 6 
2700 82 1 2 5 8 10 12 17 21 
2700 83 0 18 
2700 84 0 1 
2700 85 1 2 3 5 6 8 9 10 11 13 14 16 19 
2700 86 8 18 11 14 
2700 88 0 1 
2700 89 2 3 4 5 6 8 19 
2700 90 0 1 7 
2700 91 0 9 
2700 92 0 19 
2700 93 2 10 11 12 141 14 15 20 
2700 94 0 1 
2700 96 0 21 
2700 97 0 20 4 
2700 98 0 2 
2700 99 0 1 
2700 100 132 7 
2700 101 2 4 5 
2700 102 1 2 3 4 5 6 8 10 11 13 14 16 
2700 103 4 21 
2700 104 2 3 4 6 
2700 105 2 18 
2700 106 0 1 2 3 5 7 
2700 107 1 2 5 
2700 108 0 2 
2700 110 0 1 7 
2700 111 34 132 82 
2700 112 0 21 
2700 113 0 6 
2700 114 2 4 9 10 12 141 14 13 16 21 
2700 117 0 1 7 
2700 118 0 3 
2700 119 141 15 
2700 120 0 1 
2700 121 0 1 7 
2700 123 10 4 13 15 
2700 124 2 4 5 
2700 125 1 2 3 4 5 6 8 10 11 13 14 16 
2700 126 0 1 3 
2700 127 0 1 2 3 
2700 128 0 2 7 
2700 129 14 6 
2700 132 1 2 5 8 9 10 13 17 244 21 20 28 
2700 133 0 1 2 5 
2700 134 8 17 3 6 11 
2700 135 2 12 
2700 136 0 1 2 3 
2700 138 132 7 
2700 139 2 3 5 9 10 11 12 13 
2700 140 12 2 20 
2700 141 
2700 142 0 1 
2700 143 2 12 141 14 20 21 
2700 144 0 1 
2700 145 0 15 
2700 146 20 4 12 9 
2700 147 0 1 2 5 15 
2700 149 2 5 8 9 10 13 17 20 21 28 
2700 151 0 1 2 
2700 152 0 11 
2700 154 0 1 7 
2700 155 2 5 
2700 158 0 7 
2700 159 2 4 15 
2700 160 0 2 
2700 161 0 1 
2700 162 0 1 
2700 163 11 9 2 3 
2700 164 2 3 5 6 
2700 165 0 1 2 
2700 166 0 2 
2700 167 0 1 2 
2700 168 0 12 
2700 169 2 5 
2700 170 3 13 6 15 
2700 171 2 3 4 5 6 8 19 
2700 174 0 1 
2700 176 0 1 
2700 177 0 1 3 7 
2700 178 10 6 
2700 179 0 11 6 7 
2700 180 2 3 4 5 6 8 9 10 11 12 13 14 16 17 19 
2700 182 9 10 13 
2700 183 0 4 
2700 184 0 4 15 
2700 185 0 1 7 
2700 187 0 1 
2700 188 0 4 6 
2700 189 0 1 
2700 190 8 3 21 6 
2700 191 9 20 12 15 
2700 192 1 2 3 4 5 6 8 9 10 11 12 13 14 16 17 19 
2700 193 3 6 
2700 194 2 3 4 5 8 16 19 
2700 195 8 2 3 12 
2700 196 82 3 244 
2700 197 2 15 
2700 198 20 141 
2700 199 1 2 5 
2700 201 0 1 
2700 202 0 1 7 
2700 203 0 1 6 7 
2700 204 2 3 4 
2700 205 0 1 
2700 206 0 1 
2700 207 0 3 
2700 208 8 17 3 6 11 
2700 209 0 2 
2700 210 2 3 4 5 6 8 9 10 12 141 14 13 16 17 19 21 
2700 211 0 1 
2700 213 0 7 
2700 214 0 1 
2700 215 0 1 
2700 216 1 2 3 4 5 6 8 10 11 13 14 16 
2700 217 0 1 2 7 
2700 218 0 1 2 7 
2700 219 0 1 
2700 220 0 1 7 
2700 224 2 3 5 9 10 11 12 13 
2700 225 8 0 
2700 226 0 1 
2700 227 2 3 5 6 8 9 10 11 14 16 19 
2700 228 1 2 5 
2700 229 0 6 
2700 231 0 1 
2700 232 0 1 2 3 
2700 234 0 3 
2700 235 0 3 
2700 237 0 1 7 
2700 238 0 1 2 3 6 7 
2700 240 0 4 
2700 241 0 1 
2700 242 0 1 
2700 244 16 20 10 4 
2700 245 9 4 15 
2700 246 0 1 2 7 
2700 247 3 13 6 15 
2700 248 11 9 2 3 
2700 249 0 9 
2700 250 0 1 2 3 5 7 
2700 251 0 1 2 
2700 253 11 3 
2700 255 1 18 
2700 256 9 132 
2700 258 9 4 15 
2700 259 2 3 6 9 12 14 
2700 261 0 1 
2700 262 2 3 4 
2700 263 1 18 
2700 265 0 1 4 7 
2700 267 2 3 8 10 11 12 13 
2700 268 8 0 
2700 269 0 1 
2700 270 0 1 
2700 271 0 141 
2700 272 0 1 
2700 273 0 6 
2700 274 0 1 7 
2700 276 0 1 3 6 7 
2700 277 2 4 
2700 278 0 1 
2700 279 11 3 
2700 280 0 1 
2700 281 0 13 
2700 282 0 1 7 
2700 283 0 1 7 
2700 284 0 1 7 
2700 285 0 1 
2700 287 0 1 2 
2700 288 0 11 7 
2700 290 15 3 13 7 
2700 291 8 0 
2700 293 9 4 13 
2700 294 8 17 
2700 295 0 1 2 3 7 
2700 296 0 1 
2700 297 0 1 2 5 15 
2700 298 0 1 2 
2700 299 0 1 
3600 0 
3600 1 
3600 2 
3600 3 2 11 
3600 4 1 2 
3600 5 
3600 6 3 14 
3600 7 
3600 8 11 13 
3600 9 10 18 
3600 10 1 9 
3600 11 1 4 
3600 12 
3600 13 
3600 14 11 141 
3600 15 
3600 16 
3600 17 
3600 18 
3600 19 
3600 20 
3600 21 
3600 22 0 1 
3600 23 0 1 2 3 
3600 24 2 18 
3600 25 0 1 
3600 27 0 1 7 
3600 28 
3600 29 4 9 10 13 15 16 18 
3600 31 1 2 3 4 5 6 8 9 10 11 12 13 14 16 
3600 32 28 82 4 
3600 33 2 3 4 5 6 8 12 17 19 
3600 34 1 2 5 8 10 12 17 82 21 
3600 35 0 1 7 
3600 37 0 1 2 3 7 
3600 38 0 6 
3600 39 0 1 
3600 41 0 1 7 
3600 42 2 3 4 5 6 8 9 10 11 12 13 14 16 19 
3600 47 0 1 6 7 
3600 50 2 3 4 5 8 10 12 14 16 
3600 51 2 3 5 6 
3600 52 2 3 6 12 13 20 
3600 53 0 1 
3600 54 9 10 4 
3600 55 0 1 
3600 57 0 2 4 
3600 58 8 18 
3600 59 0 1 
3600 60 3 6 
3600 64 2 3 4 5 6 8 9 10 11 12 13 19 
3600 65 11 3 14 
3600 67 0 12 
3600 69 0 1 
3600 71 0 1 7 
3600 72 2 3 4 5 
3600 74 0 1 2 5 
3600 75 0 1 7 
3600 76 18 3 
3600 77 1 2 5 8 9 10 13 17 244 21 20 28 
3600 78 0 1 7 
3600 79 18 6 
3600 80 2 3 4 5 
3600 81 0 3 6 
3600 82 1 2 5 8 10 12 17 21 
3600 83 0 18 
3600 84 0 1 
3600 85 1 2 3 5 6 8 9 10 11 13 14 16 19 
3600 86 8 18 11 14 
3600 88 0 1 
3600 89 2 3 4 5 6 8 19 
3600 90 0 1 7 
3600 91 0 9 
3600 92 0 19 
3600 93 2 10 11 12 141 14 15 20 
3600 94 0 1 
3600 97 0 20 4 
3600 98 0 2 
3600 99 0 1 
3600 100 132 7 
3600 101 2 4 5 
3600 102 1 2 3 4 5 6 8 10 11 13 14 16 
3600 103 4 21 
3600 105 2 18 
3600 106 0 1 2 3 5 7 
3600 107 1 2 5 
3600 108 0 2 
3600 110 0 1 7 
3600 111 34 132 82 
3600 112 0 21 
3600 113 0 6 
3600 114 2 4 9 10 12 141 14 13 16 21 
3600 117 0 1 7 
3600 118 0 3 
3600 119 141 15 
3600 120 0 1 
3600 121 0 1 7 
3600 123 10 4 13 15 
3600 124 2 4 5 
3600 125 1 2 3 4 5 6 8 10 11 13 14 16 
3600 126 0 1 3 
3600 127 0 1 2 3 
3600 128 0 2 7 
3600 129 14 6 
3600 132 1 2 5 8 9 10 13 17 244 21 20 28 
3600 133 0 1 2 5 
3600 134 8 17 3 6 11 
3600 135 2 12 
3600 136 0 1 2 3 
3600 138 132 7 
3600 139 2 3 5 9 10 11 12 13 
3600 140 12 2 20 
3600 141 
3600 142 0 1 
3600 143 2 12 141 14 20 21 
3600 144 0 1 
3600 145 0 15 
3600 146 20 4 12 9 
3600 147 0 1 2 5 15 
3600 149 2 5 8 9 10 13 17 20 21 28 
3600 151 0 1 2 
3600 152 0 11 
3600 154 0 1 7 
3600 155 2 5 
3600 158 0 7 
3600 159 2 4 15 
3600 160 0 2 
3600 161 0 1 
3600 162 0 1 
3600 163 11 9 2 3 
3600 164 2 3 5 6 
3600 165 0 1 2 
3600 166 0 2 
3600 167 0 1 2 
3600 168 0 12 
3600 169 2 5 
3600 170 3 13 6 15 
3600 171 2 3 4 5 6 8 19 
3600 174 0 1 
3600 176 0 1 
3600 177 0 1 3 7 
3600 178 10 6 
3600 179 0 11 6 7 
3600 180 2 3 4 5 6 8 9 10 11 12 13 14 16 17 19 
3600 182 9 10 13 
3600 183 0 4 
3600 184 0 4 15 
3600 185 0 1 7 
3600 187 0 1 
3600 188 0 4 6 
3600 189 0 1 
3600 190 8 3 21 6 
3600 191 9 20 12 15 
3600 192 1 2 3 4 5 6 8 9 10 11 12 13 14 16 17 19 
3600 193 3 6 
3600 194 2 3 4 5 8 16 19 
3600 196 82 3 244 
3600 197 2 15 
3600 198 20 141 
3600 199 1 2 5 
3600 201 0 1 
3600 202 0 1 7 
3600 203 0 1 6 7 
3600 204 2 3 4 
3600 205 0 1 
3600 206 0 1 
3600 207 0 3 
3600 208 8 17 3 6 11 
3600 209 0 2 
3600 210 2 3 4 5 6 8 9 10 12 141 14 13 16 17 19 21 
3600 211 0 1 
3600 213 0 7 
3600 214 0 1 
3600 215 0 1 
3600 216 1 2 3 4 5 6 8 10 11 13 14 16 
3600 217 0 1 2 7 
3600 218 0 1 2 7 
3600 219 0 1 
3600 220 0 1 7 
3600 224 2 3 5 9 10 11 12 13 
3600 225 8 0 
3600 226 0 1 
3600 227 2 3 5 6 8 9 10 11 14 16 19 
3600 228 1 2 5 
3600 229 0 6 
3600 231 0 1 
3600 232 0 1 2 3 
3600 234 0 3 
3600 235 0 3 
3600 237 0 1 7 
3600 238 0 1 2 3 6 7 
3600 240 0 4 
3600 241 0 1 
3600 242 0 1 
3600 244 16 20 10 4 
3600 245 9 4 15 
3600 248 11 9 2 3 
3600 249 0 9 
3600 250 0 1 2 3 5 7 
3600 251 0 1 2 
3600 253 11 3 
3600 255 1 18 
3600 256 9 132 
3600 258 9 4 15 
3600 259 2 3 6 9 12 14 
3600 261 0 1 
3600 262 2 3 4 
3600 263 1 18 
3600 268 8 0 
3600 269 0 1 
3600 270 0 1 
3600 271 0 141 
3600 272 0 1 
3600 273 0 6 
3600 274 0 1 7 
3600 276 0 1 3 6 7 
3600 277 2 4 
3600 278 0 1 
3600 279 11 3 
3600 280 0 1 
3600 281 0 13 
3600 282 0 1 7 
3600 283 0 1 7 
3600 284 0 1 7 
3600 285 0 1 
3600 287 0 1 2 
3600 288 0 11 7 
3600 290 15 3 13 7 
3600 291 8 0 
3600 293 9 4 13 
3600 294 8 17 
3600 295 0 1 2 3 7 
3600 296 0 1 
3600 297 0 1 2 5 15 
3600 299 0 1 
4500 0 
4500 1 
4500 2 
4500 3 2 11 
4500 4 1 2 
4500 5 
4500 6 3 14 
4500 7 
4500 8 11 13 
4500 9 10 18 
4500 10 1 9 
4500 11 1 4 
4500 12 
4500 13 
4500 14 11 141 
4500 15 
4500 16 
4500 17 
4500 18 
4500 19 
4500 20 
4500 21 
4500 22 0 1 
4500 24 2 18 
4500 25 0 1 
4500 27 0 1 7 
4500 28 
4500 29 4 9 10 13 15 16 18 
4500 31 1 2 3 4 5 6 8 9 10 11 12 13 14 16 
4500 32 28 82 4 
4500 34 1 2 5 8 10 12 17 82 21 
4500 35 0 1 7 
4500 37 0 1 2 3 7 
4500 41 0 1 7 
4500 42 2 3 4 5 6 8 9 10 11 12 13 14 16 19 
4500 47 0 1 6 7 
4500 50 2 3 4 5 8 10 12 14 16 
4500 51 2 3 5 6 
4500 52 2 3 6 12 13 20 
4500 53 0 1 
4500 54 9 10 4 
4500 55 0 1 
4500 57 0 2 4 
4500 58 8 18 
4500 60 3 6 
4500 64 2 3 4 5 6 8 9 10 11 12 13 19 
4500 65 11 3 14 
4500 67 0 12 
4500 69 0 1 
4500 71 0 1 7 
4500 72 2 3 4 5 
4500 74 0 1 2 5 
4500 75 0 1 7 
4500 76 18 3 
4500 77 1 2 5 8 9 10 13 17 244 21 20 28 
4500 78 0 1 7 
4500 79 18 6 
4500 80 2 3 4 5 
4500 81 0 3 6 
4500 82 1 2 5 8 10 12 17 21 
4500 83 0 18 
4500 84 0 1 
4500 85 1 2 3 5 6 8 9 10 11 13 14 16 19 
4500 86 8 18 11 14 
4500 88 0 1 
4500 89 2 3 4 5 6 8 19 
4500 90 0 1 7 
4500 91 0 9 
4500 92 0 19 
4500 94 0 1 
4500 97 0 20 4 
4500 98 0 2 
4500 99 0 1 
4500 100 132 7 
4500 101 2 4 5 
4500 102 1 2 3 4 5 6 8 10 11 13 14 16 
4500 103 4 21 
4500 105 2 18 
4500 106 0 1 2 3 5 7 
4500 107 1 2 5 
4500 108 0 2 
4500 110 0 1 7 
4500 112 0 21 
4500 113 0 6 
4500 114 2 4 9 10 12 141 14 13 16 21 
4500 117 0 1 7 
4500 118 0 3 
4500 119 141 15 
4500 120 0 1 
4500 121 0 1 7 
4500 123 10 4 13 15 
4500 124 2 4 5 
4500 125 1 2 3 4 5 6 8 10 11 13 14 16 
4500 126 0 1 3 
4500 127 0 1 2 3 
4500 128 0 2 7 
4500 129 14 6 
4500 132 1 2 5 8 9 10 13 17 244 21 20 28 
4500 133 0 1 2 5 
4500 134 8 17 3 6 11 
4500 135 2 12 
4500 136 0 1 2 3 
4500 138 132 7 
4500 139 2 3 5 9 10 11 12 13 
4500 140 12 2 20 
4500 141 
4500 142 0 1 
4500 143 2 12 141 14 20 21 
4500 144 0 1 
4500 145 0 15 
4500 146 20 4 12 9 
4500 147 0 1 2 5 15 
4500 149 2 5 8 9 10 13 17 20 21 28 
4500 151 0 1 2 
4500 152 0 11 
4500 154 0 1 7 
4500 155 2 5 
4500 158 0 7 
4500 159 2 4 15 
4500 160 0 2 
4500 161 0 1 
4500 162 0 1 
4500 163 11 9 2 3 
4500 164 2 3 5 6 
4500 165 0 1 2 
4500 166 0 2 
4500 167 0 1 2 
4500 168 0 12 
4500 169 2 5 
4500 170 3 13 6 15 
4500 171 2 3 4 5 6 8 19 
4500 174 0 1 
4500 176 0 1 
4500 177 0 1 3 7 
4500 178 10 6 
4500 179 0 11 6 7 
4500 180 2 3 4 5 6 8 9 10 11 12 13 14 16 17 19 
4500 182 9 10 13 
4500 183 0 4 
4500 184 0 4 15 
4500 185 0 1 7 
4500 187 0 1 
4500 188 0 4 6 
4500 189 0 1 
4500 190 8 3 21 6 
4500 191 9 20 12 15 
4500 192 1 2 3 4 5 6 8 9 10 11 12 13 14 16 17 19 
4500 193 3 6 
4500 194 2 3 4 5 8 16 19 
4500 196 82 3 244 
4500 197 2 15 
4500 198 20 141 
4500 199 1 2 5 
4500 201 0 1 
4500 202 0 1 7 
4500 203 0 1 6 7 
4500 204 2 3 4 
4500 205 0 1 
4500 206 0 1 
4500 207 0 3 
4500 208 8 17 3 6 11 
4500 209 0 2 
4500 210 2 3 4 5 6 8 9 10 12 141 14 13 16 17 19 21 
4500 211 0 1 
4500 213 0 7 
4500 214 0 1 
4500 215 0 1 
4500 216 1 2 3 4 5 6 8 10 11 13 14 16 
4500 217 0 1 2 7 
4500 219 0 1 
4500 220 0 1 7 
4500 224 2 3 5 9 10 11 12 13 
4500 225 8 0 
4500 226 0 1 
4500 228 1 2 5 
4500 229 0 6 
4500 231 0 1 
4500 232 0 1 2 3 
4500 234 0 3 
4500 235 0 3 
4500 237 0 1 7 
4500 238 0 1 2 3 6 7 
4500 240 0 4 
4500 241 0 1 
4500 242 0 1 
4500 244 16 20 10 4 
4500 245 9 4 15 
4500 248 11 9 2 3 
4500 250 0 1 2 3 5 7 
4500 251 0 1 2 
4500 253 11 3 
4500 255 1 18 
4500 256 9 132 
4500 259 2 3 6 9 12 14 
4500 261 0 1 
4500 262 2 3 4 
4500 263 1 18 
4500 269 0 1 
4500 270 0 1 
4500 271 0 141 
4500 272 0 1 
4500 273 0 6 
4500 274 0 1 7 
4500 276 0 1 3 6 7 
4500 277 2 4 
4500 278 0 1 
4500 279 11 3 
4500 280 0 1 
4500 281 0 13 
4500 282 0 1 7 
4500 283 0 1 7 
4500 284 0 1 7 
4500 285 0 1 
4500 287 0 1 2 
4500 290 15 3 13 7 
4500 291 8 0 
4500 293 9 4 13 
4500 294 8 17 
4500 295 0 1 2 3 7 
4500 296 0 1 
4500 297 0 1 2 5 15 
4500 299 0 1 
5400 0 
5400 1 
5400 2 
5400 3 2 11 
5400 4 1 2 
5400 5 
5400 6 3 14 
5400 7 
5400 8 11 13 
5400 9 10 18 
5400 10 1 9 
5400 11 1 4 
5400 12 
5400 13 
5400 14 11 141 
5400 15 
5400 16 
5400 17 
5400 18 
5400 19 
5400 20 
5400 21 
5400 22 0 1 
5400 25 0 1 
5400 27 0 1 7 
5400 28 
5400 29 4 9 10 13 15 16 18 
5400 31 1 2 3 4 5 6 8 9 10 11 12 13 14 16 
5400 32 28 4 
5400 34 1 2 5 8 10 12 17 21 
5400 35 0 1 7 
5400 37 0 1 2 3 7 
5400 41 0 1 7 
5400 42 2 3 4 5 6 8 9 10 11 12 13 14 16 19 
5400 47 0 1 6 7 
5400 50 2 3 4 5 8 10 12 14 16 
5400 51 2 3 5 6 
5400 52 2 3 6 12 13 20 
5400 53 0 1 
5400 54 9 10 4 
5400 55 0 1 
5400 57 0 2 4 
5400 58 8 18 
5400 60 3 6 
5400 65 11 3 14 
5400 67 0 12 
5400 69 0 1 
5400 71 0 1 7 
5400 72 2 3 4 5 
5400 74 0 1 2 5 
5400 75 0 1 7 
5400 76 18 3 
5400 77 1 2 5 8 9 10 13 17 244 21 20 28 
5400 78 0 1 7 
5400 79 18 6 
5400 80 2 3 4 5 
5400 81 0 3 6 
5400 83 0 18 
5400 84 0 1 
5400 85 1 2 3 5 6 8 9 10 11 13 14 16 19 
5400 86 8 18 11 14 
5400 88 0 1 
5400 89 2 3 4 5 6 8 19 
5400 91 0 9 
5400 92 0 19 
5400 94 0 1 
5400 97 0 20 4 
5400 98 0 2 
5400 99 0 1 
5400 100 132 7 
5400 101 2 4 5 
5400 102 1 2 3 4 5 6 8 10 11 13 14 16 
5400 103 4 21 
5400 105 2 18 
5400 106 0 1 2 3 5 7 
5400 107 1 2 5 
5400 108 0 2 
5400 110 0 1 7 
5400 113 0 6 
5400 114 2 4 9 10 12 141 14 13 16 21 
5400 117 0 1 7 
5400 118 0 3 
5400 119 141 15 
5400 120 0 1 
5400 121 0 1 7 
5400 123 10 4 13 15 
5400 124 2 4 5 
5400 125 1 2 3 4 5 6 8 10 11 13 14 16 
5400 126 0 1 3 
5400 127 0 1 2 3 
5400 128 0 2 7 
5400 129 14 6 
5400 132 1 2 5 8 9 10 13 17 244 21 20 28 
5400 133 0 1 2 5 
5400 134 8 17 3 6 11 
5400 135 2 12 
5400 136 0 1 2 3 
5400 138 132 7 
5400 139 2 3 5 9 10 11 12 13 
5400 140 12 2 20 
5400 141 
5400 142 0 1 
5400 143 2 12 141 14 20 21 
5400 144 0 1 
5400 145 0 15 
5400 147 0 1 2 5 15 
5400 149 2 5 8 9 10 13 17 20 21 28 
5400 151 0 1 2 
5400 152 0 11 
5400 154 0 1 7 
5400 155 2 5 
5400 158 0 7 
5400 159 2 4 15 
5400 160 0 2 
5400 161 0 1 
5400 162 0 1 
5400 163 11 9 2 3 
5400 164 2 3 5 6 
5400 165 0 1 2 
5400 166 0 2 
5400 167 0 1 2 
5400 168 0 12 
5400 169 2 5 
5400 170 3 13 6 15 
5400 171 2 3 4 5 6 8 19 
5400 174 0 1 
5400 176 0 1 
5400 177 0 1 3 7 
5400 178 10 6 
5400 179 0 11 6 7 
5400 182 9 10 13 
5400 183 0 4 
5400 184 0 4 15 
5400 185 0 1 7 
5400 187 0 1 
5400 188 0 4 6 
5400 189 0 1 
5400 190 8 3 21 6 
5400 192 1 2 3 4 5 6 8 9 10 11 12 13 14 16 17 19 
5400 193 3 6 
5400 194 2 3 4 5 8 16 19 
5400 196 3 244 
5400 197 2 15 
5400 198 20 141 
5400 201 0 1 
5400 202 0 1 7 
5400 203 0 1 6 7 
5400 204 2 3 4 
5400 205 0 1 
5400 206 0 1 
5400 207 0 3 
5400 208 8 17 3 6 11 
5400 209 0 2 
5400 211 0 1 
5400 213 0 7 
5400 214 0 1 
5400 215 0 1 
5400 216 1 2 3 4 5 6 8 10 11 13 14 16 
5400 217 0 1 2 7 
5400 219 0 1 
5400 220 0 1 7 
5400 224 2 3 5 9 10 11 12 13 
5400 225 8 0 
5400 226 0 1 
5400 228 1 2 5 
5400 229 0 6 
5400 231 0 1 
5400 232 0 1 2 3 
5400 234 0 3 
5400 235 0 3 
5400 237 0 1 7 
5400 238 0 1 2 3 6 7 
5400 240 0 4 
5400 241 0 1 
5400 242 0 1 
5400 244 16 20 10 4 
5400 245 9 4 15 
5400 248 11 9 2 3 
5400 250 0 1 2 3 5 7 
5400 253 11 3 
5400 255 1 18 
5400 256 9 132 
5400 259 2 3 6 9 12 14 
5400 261 0 1 
5400 262 2 3 4 
5400 263 1 18 
5400 269 0 1 
5400 270 0 1 
5400 272 0 1 
5400 273 0 6 
5400 274 0 1 7 
5400 276 0 1 3 6 7 
5400 277 2 4 
5400 278 0 1 
5400 279 11 3 
5400 280 0 1 
5400 281 0 13 
5400 282 0 1 7 
5400 283 0 1 7 
5400 284 0 1 7 
5400 285 0 1 
5400 287 0 1 2 
5400 290 15 3 13 7 
5400 291 8 0 
5400 294 8 17 
5400 295 0 1 2 3 7 
5400 296 0 1 
5400 297 0 1 2 5 15 
5400 299 0 1 
6300 0 
6300 1 
6300 2 
6300 3 2 11 
6300 4 1 2 
6300 5 
6300 6 3 14 
6300 7 
6300 8 11 13 
6300 9 10 18 
6300 10 1 9 
6300 11 1 4 
6300 12 
6300 13 
6300 14 11 141 
6300 15 
6300 16 
6300 17 
6300 18 
6300 19 
6300 20 
6300 21 
6300 22 0 1 
6300 25 0 1 
6300 27 0 1 7 
6300 29 4 9 10 13 15 16 18 
6300 31 1 2 3 4 5 6 8 9 10 11 12 13 14 16 
6300 32 4 
6300 34 1 2 5 8 10 12 17 21 
6300 35 0 1 7 
6300 37 0 1 2 3 7 
6300 41 0 1 7 
6300 42 2 3 4 5 6 8 9 10 11 12 13 14 16 19 
6300 47 0 1 6 7 
6300 51 2 3 5 6 
6300 52 2 3 6 12 13 20 
6300 53 0 1 
6300 54 9 10 4 
6300 55 0 1 
6300 57 0 2 4 
6300 58 8 18 
6300 60 3 6 
6300 65 11 3 14 
6300 67 0 12 
6300 69 0 1 
6300 71 0 1 7 
6300 72 2 3 4 5 
6300 74 0 1 2 5 
6300 75 0 1 7 
6300 76 18 3 
6300 77 1 2 5 8 9 10 13 17 244 21 20 
6300 78 0 1 7 
6300 80 2 3 4 5 
6300 81 0 3 6 
6300 83 0 18 
6300 84 0 1 
6300 86 8 18 11 14 
6300 88 0 1 
6300 89 2 3 4 5 6 8 19 
6300 91 0 9 
6300 92 0 19 
6300 94 0 1 
6300 97 0 20 4 
6300 98 0 2 
6300 99 0 1 
6300 100 132 7 
6300 101 2 4 5 
6300 102 1 2 3 4 5 6 8 10 11 13 14 16 
6300 103 4 21 
6300 105 2 18 
6300 106 0 1 2 3 5 7 
6300 107 1 2 5 
6300 108 0 2 
6300 110 0 1 7 
6300 113 0 6 
6300 114 2 4 9 10 12 141 14 13 16 21 
6300 117 0 1 7 
6300 118 0 3 
6300 119 141 15 
6300 120 0 1 
6300 121 0 1 7 
6300 123 10 4 13 15 
6300 124 2 4 5 
6300 125 1 2 3 4 5 6 8 10 11 13 14 16 
6300 126 0 1 3 
6300 127 0 1 2 3 
6300 128 0 2 7 
6300 129 14 6 
6300 132 1 2 5 8 9 10 13 17 244 21 20 
6300 133 0 1 2 5 
6300 134 8 17 3 6 11 
6300 135 2 12 
6300 136 0 1 2 3 
6300 138 132 7 
6300 139 2 3 5 9 10 11 12 13 
6300 140 12 2 20 
6300 141 
6300 142 0 1 
6300 143 2 12 141 14 20 21 
6300 144 0 1 
6300 145 0 15 
6300 147 0 1 2 5 15 
6300 149 2 5 8 9 10 13 17 20 21 
6300 151 0 1 2 
6300 152 0 11 
6300 154 0 1 7 
6300 158 0 7 
6300 159 2 4 15 
6300 160 0 2 
6300 161 0 1 
6300 162 0 1 
6300 163 11 9 2 3 
6300 164 2 3 5 6 
6300 166 0 2 
6300 167 0 1 2 
6300 168 0 12 
6300 169 2 5 
6300 170 3 13 6 15 
6300 171 2 3 4 5 6 8 19 
6300 174 0 1 
6300 176 0 1 
6300 177 0 1 3 7 
6300 178 10 6 
6300 179 0 11 6 7 
6300 183 0 4 
6300 184 0 4 15 
6300 185 0 1 7 
6300 187 0 1 
6300 188 0 4 6 
6300 189 0 1 
6300 190 8 3 21 6 
6300 192 1 2 3 4 5 6 8 9 10 11 12 13 14 16 17 19 
6300 193 3 6 
6300 194 2 3 4 5 8 16 19 
6300 196 3 244 
6300 198 20 141 
6300 201 0 1 
6300 202 0 1 7 
6300 203 0 1 6 7 
6300 204 2 3 4 
6300 205 0 1 
6300 206 0 1 
6300 207 0 3 
6300 208 8 17 3 6 11 
6300 209 0 2 
6300 211 0 1 
6300 213 0 7 
6300 214 0 1 
6300 215 0 1 
6300 216 1 2 3 4 5 6 8 10 11 13 14 16 
6300 217 0 1 2 7 
6300 219 0 1 
6300 220 0 1 7 
6300 224 2 3 5 9 10 11 12 13 
6300 225 8 0 
6300 226 0 1 
6300 228 1 2 5 
6300 229 0 6 
6300 231 0 1 
6300 234 0 3 
6300 235 0 3 
6300 237 0 1 7 
6300 238 0 1 2 3 6 7 
6300 240 0 4 
6300 241 0 1 
6300 242 0 1 
6300 244 16 20 10 4 
6300 245 9 4 15 
6300 253 11 3 
6300 255 1 18 
6300 256 9 132 
6300 259 2 3 6 9 12 14 
6300 261 0 1 
6300 262 2 3 4 
6300 263 1 18 
6300 269 0 1 
6300 270 0 1 
6300 272 0 1 
6300 274 0 1 7 
6300 276 0 1 3 6 7 
6300 277 2 4 
6300 278 0 1 
6300 280 0 1 
6300 281 0 13 
6300 282 0 1 7 
6300 283 0 1 7 
6300 284 0 1 7 
6300 285 0 1 
6300 287 0 1 2 
6300 290 15 3 13 7 
6300 291 8 0 
6300 294 8 17 
6300 295 0 1 2 3 7 
6300 296 0 1 
6300 297 0 1 2 5 15 
6300 299 0 1 
