0 0 90 237 215 
0 1 139 135 237 247 
0 2 237 215 
0 3 256 133 135 201 234 139 15 90 190 
0 4 237 215 
0 5 256 139 100 37 135 234 23 173 15 81 215 90 155 
0 6 237 215 
0 7 139 135 
0 8 256 139 100 37 135 201 234 23 173 81 215 90 155 190 
0 9 256 139 100 37 135 201 234 23 81 215 90 155 
0 10 256 90 237 215 
0 11 237 
0 12 256 100 135 173 81 90 155 190 
0 13 58 237 215 
0 14 90 237 215 
0 15 
0 16 90 237 215 
0 17 237 215 
0 18 237 
0 19 237 
0 20 100 135 
0 21 256 100 37 135 234 139 173 15 213 23 90 155 
0 22 90 190 247 
0 23 100 247 
0 24 58 139 237 215 
0 25 58 116 
0 26 237 
0 27 237 215 
0 28 237 215 
0 29 237 215 
0 31 135 100 23 
0 32 237 215 
0 33 58 237 215 
0 34 201 237 113 
0 35 81 139 113 135 247 
0 37 
0 38 234 100 135 
0 39 135 237 215 
0 40 237 215 
0 41 58 237 215 
0 42 237 215 
0 43 139 135 237 215 
0 44 201 135 
0 47 237 215 
0 49 90 237 215 
0 50 256 201 90 135 
0 51 58 237 215 
0 52 201 90 237 
0 53 139 237 
0 54 256 234 90 135 
0 55 256 133 234 90 155 190 
0 56 237 
0 57 90 135 
0 58 
0 59 201 173 190 
0 60 58 90 237 215 
0 62 256 139 100 133 135 201 234 23 173 15 81 215 90 155 190 37 
0 63 256 90 139 135 
0 64 237 
0 65 237 215 
0 66 81 201 155 113 247 
0 67 237 
0 68 100 247 113 23 90 155 190 
0 69 191 
0 70 100 135 
0 71 234 139 100 133 135 
0 72 256 90 215 
0 74 256 90 215 
0 75 237 
0 76 58 237 
0 77 58 237 215 
0 78 
0 79 237 215 
0 80 116 173 
0 81 
0 82 
0 83 237 215 
0 84 237 215 
0 85 237 215 
0 86 90 135 237 215 
0 87 237 215 
0 88 237 
0 89 256 113 90 237 215 
0 90 
0 91 201 237 247 
0 92 58 237 215 
0 93 113 135 23 173 81 247 100 90 155 190 
0 94 237 
0 95 90 237 
0 96 256 130 133 234 78 215 90 155 190 
0 97 135 139 81 247 90 190 
0 98 58 237 215 
0 99 58 237 215 
0 100 201 
0 101 81 139 113 135 247 
0 102 256 201 90 135 
0 103 234 191 100 23 
0 104 256 100 135 201 234 139 173 15 81 90 155 190 
0 105 256 201 90 
0 106 96 130 116 
0 107 234 139 135 
0 108 256 135 201 234 139 15 90 
0 110 237 
0 111 237 215 
0 112 58 237 215 
0 113 
0 114 237 215 
0 115 256 133 135 201 234 139 15 90 190 
0 116 256 219 133 234 173 78 81 82 215 90 155 
0 117 58 90 237 
0 118 256 135 237 215 58 90 
0 119 82 135 
0 120 256 139 37 135 201 234 23 173 15 81 213 247 90 155 190 133 
0 121 237 
0 122 237 
0 123 90 237 215 
0 124 237 215 
0 125 58 237 215 
0 126 256 139 100 37 135 201 234 23 81 215 90 155 
0 127 237 
0 128 201 173 190 
0 129 237 
0 130 256 133 234 215 90 155 190 
0 131 237 
0 132 191 
0 133 
0 134 81 155 173 
0 135 100 
0 136 58 237 
0 137 96 219 116 78 
0 138 237 
0 139 23 
0 140 100 135 234 81 90 155 190 
0 141 135 139 173 23 90 190 
0 142 37 113 201 173 81 155 191 
0 143 256 113 90 237 215 
0 144 58 237 215 
0 145 256 100 133 135 201 234 139 173 15 81 213 23 90 155 190 37 
0 146 139 135 
0 147 237 215 
0 148 237 
0 149 237 215 
0 150 58 100 237 
0 151 135 237 215 
0 152 237 215 
0 153 139 135 237 215 
0 154 201 
0 155 173 
0 156 237 215 
0 157 113 90 
0 158 58 237 215 
0 159 237 
0 160 237 
0 161 58 237 215 
0 162 234 90 190 135 
0 163 256 90 237 215 
0 164 237 215 
0 165 135 139 237 215 58 191 
0 166 37 201 23 173 81 213 247 90 155 190 
0 167 201 58 237 215 
0 168 256 90 215 
0 169 58 237 215 
0 170 190 135 
0 171 139 237 
0 172 234 139 100 133 135 
0 173 155 
0 174 237 
0 176 237 
0 177 237 215 
0 178 201 90 135 237 133 
0 179 237 
0 180 90 135 237 215 
0 181 201 139 237 
0 182 90 100 173 135 
0 183 58 139 237 215 135 
0 184 237 
0 185 90 237 
0 186 201 173 113 
0 187 256 219 133 234 173 78 81 82 215 90 155 
0 188 155 139 
0 189 256 100 135 173 81 90 155 190 
0 190 
0 191 
0 192 247 
0 193 237 215 
0 194 237 215 
0 195 237 
0 196 58 135 90 237 215 
0 197 96 130 116 
0 198 256 90 215 
0 199 237 215 
0 200 237 
0 201 215 
0 202 81 173 201 
0 203 256 201 90 
0 204 237 
0 205 256 133 234 173 81 82 90 155 
0 206 256 90 
0 207 201 90 135 
0 208 237 215 
0 209 237 
0 210 58 237 215 
0 211 201 237 215 
0 212 256 37 135 201 234 23 90 155 190 
0 213 
0 214 237 215 
0 215 
0 216 256 90 135 237 215 
0 217 201 58 237 215 
0 218 201 90 135 
0 219 201 155 37 
0 220 113 201 173 247 
0 221 90 100 173 135 
0 222 256 37 135 201 234 15 90 
0 223 237 215 
0 224 237 215 
0 225 58 237 215 
0 226 139 237 215 
0 227 237 
0 228 256 90 
0 229 201 90 113 
0 230 237 
0 231 256 90 139 135 
0 232 201 130 82 78 
0 233 237 
0 234 100 
0 235 237 215 
0 237 
0 238 191 
0 239 237 
0 240 237 
0 241 237 215 
0 242 191 
0 244 237 215 
0 245 256 139 100 37 135 201 234 23 81 215 90 155 
0 246 256 100 135 173 81 90 155 190 
0 247 
0 248 58 135 90 237 215 
0 249 58 139 100 237 
0 250 90 135 237 215 
0 251 90 237 215 
0 252 237 
0 253 237 191 
0 254 113 173 190 
0 255 237 
0 256 
0 258 58 237 215 
0 259 58 139 237 215 
0 260 256 135 237 215 58 90 
0 261 201 90 139 135 
0 262 191 
0 263 237 
0 265 100 237 215 
0 266 237 215 
0 267 191 
0 268 237 191 
0 269 237 
0 270 58 116 
0 271 237 
0 272 90 135 237 215 
0 273 256 201 90 135 
0 274 237 
0 275 81 58 135 113 
0 276 135 139 237 215 90 58 
0 277 113 247 
0 278 256 201 90 135 
0 279 237 
0 280 58 90 237 215 
0 281 237 
0 282 256 135 201 234 139 15 90 
0 283 237 
0 284 90 23 190 247 
0 285 191 
0 286 237 215 
0 287 237 
0 288 139 135 
0 289 201 155 173 
0 290 58 237 215 
0 291 58 90 237 215 
0 292 90 237 215 
0 293 201 90 
0 294 234 133 
0 295 139 23 
0 296 130 219 135 
0 297 58 237 215 
0 298 256 201 90 135 
0 299 139 135 
900 0 90 237 215 
900 1 139 135 237 247 
900 2 237 215 
900 3 256 133 135 201 234 139 15 90 190 
900 4 237 215 
900 5 256 139 100 37 135 234 23 173 15 81 215 90 155 
900 6 237 215 
900 7 139 135 
900 8 256 139 100 37 135 201 234 23 173 81 215 90 155 190 
900 9 256 139 100 37 135 201 234 23 81 215 90 155 
900 10 256 90 237 215 
900 11 237 
900 12 256 100 135 173 81 90 155 190 
900 13 58 237 215 
900 14 90 237 215 
900 15 
900 16 90 237 215 
900 17 237 215 
900 18 237 
900 19 237 
900 20 100 135 
900 21 256 100 37 135 234 139 173 15 213 23 90 155 
900 22 90 190 247 
900 23 100 247 
900 24 58 139 237 215 
900 25 58 116 
900 27 237 215 
900 28 237 215 
900 29 237 215 
900 31 135 100 23 
900 32 237 215 
900 33 58 237 215 
900 34 201 237 113 
900 35 81 139 113 135 247 
900 37 
900 38 234 100 135 
900 39 135 237 215 
900 40 237 215 
900 41 58 237 215 
900 42 237 215 
900 43 139 135 237 215 
900 44 201 135 
900 47 237 215 
900 50 256 201 90 135 
900 51 58 237 215 
900 52 201 90 237 
900 53 139 237 
900 54 256 234 90 135 
900 55 256 133 234 90 155 190 
900 57 90 135 
900 58 
900 59 201 173 190 
900 60 58 90 237 215 
900 62 256 139 100 133 135 201 234 23 173 15 81 215 90 155 190 37 
900 64 237 
900 65 237 215 
900 66 81 201 155 113 247 
900 67 237 
900 68 100 247 113 23 90 155 190 
900 69 191 
900 70 100 135 
900 71 234 139 100 133 135 
900 72 256 90 215 
900 74 256 90 215 
900 75 237 
900 76 58 237 
900 77 58 237 215 
900 78 
900 79 237 215 
900 80 116 173 
900 81 
900 82 
900 83 237 215 
900 84 237 215 
900 85 237 215 
900 86 90 135 237 215 
900 87 237 215 
900 88 237 
900 89 256 113 90 237 215 
900 90 
900 91 201 237 247 
900 92 58 237 215 
900 93 113 135 23 173 81 247 100 90 155 190 
900 94 237 
900 95 90 237 
900 96 256 130 133 234 78 215 90 155 190 
900 97 135 139 81 247 90 190 
900 98 58 237 215 
900 99 58 237 215 
900 100 201 
900 101 81 139 113 135 247 
900 102 256 201 90 135 
900 103 234 191 100 23 
900 104 256 100 135 201 234 139 173 15 81 90 155 190 
900 105 256 201 90 
900 106 96 130 116 
900 107 234 139 135 
900 108 256 135 201 234 139 15 90 
900 110 237 
900 111 237 215 
900 112 58 237 215 
900 113 
900 114 237 215 
900 115 256 133 135 201 234 139 15 90 190 
900 116 256 219 133 234 173 78 81 82 215 90 155 
900 117 58 90 237 
900 118 256 135 237 215 58 90 
900 119 82 135 
900 120 256 139 37 135 201 234 23 173 15 81 213 247 90 155 190 133 
900 121 237 
900 122 237 
900 123 90 237 215 
900 124 237 215 
900 125 58 237 215 
900 126 256 139 100 37 135 201 234 23 81 215 90 155 
900 127 237 
900 128 201 173 190 
900 129 237 
900 130 256 133 234 215 90 155 190 
900 131 237 
900 132 191 
900 133 
900 134 81 155 173 
900 135 100 
900 136 58 237 
900 137 96 219 116 78 
900 138 237 
900 139 23 
900 140 100 135 234 81 90 155 190 
900 141 135 139 173 23 90 190 
900 142 37 113 201 173 81 155 191 
900 143 256 113 90 237 215 
900 144 58 237 215 
900 145 256 100 133 135 201 234 139 173 15 81 213 23 90 155 190 37 
900 146 139 135 
900 147 237 215 
900 149 237 215 
900 150 58 100 237 
900 151 135 237 215 
900 152 237 215 
900 154 201 
900 155 173 
900 158 58 237 215 
900 159 237 
900 160 237 
900 161 58 237 215 
900 162 234 90 190 135 
900 163 256 90 237 215 
900 164 237 215 
900 165 135 139 237 215 58 191 
900 166 37 201 23 173 81 213 247 90 155 190 
900 167 201 58 237 215 
900 168 256 90 215 
900 169 58 237 215 
900 170 190 135 
900 171 139 237 
900 172 234 139 100 133 135 
900 173 155 
900 174 237 
900 176 237 
900 177 237 215 
900 178 201 90 135 237 133 
900 179 237 
900 180 90 135 237 215 
900 181 201 139 237 
900 182 90 100 173 135 
900 183 58 139 237 215 135 
900 184 237 
900 185 90 237 
900 187 256 219 133 234 173 78 81 82 215 90 155 
900 188 155 139 
900 189 256 100 135 173 81 90 155 190 
900 190 
900 191 
900 192 247 
900 193 237 215 
900 194 237 215 
900 195 237 
900 196 58 135 90 237 215 
900 197 96 130 116 
900 198 256 90 215 
900 199 237 215 
900 200 237 
900 201 215 
900 202 81 173 201 
900 203 256 201 90 
900 204 237 
900 205 256 133 234 173 81 82 90 155 
900 206 256 90 
900 207 201 90 135 
900 208 237 215 
900 209 237 
900 210 58 237 215 
900 211 201 237 215 
900 212 256 37 135 201 234 23 90 155 190 
900 213 
900 214 237 215 
900 215 
900 216 256 90 135 237 215 
900 217 201 58 237 215 
900 218 201 90 135 
900 219 201 155 37 
900 220 113 201 173 247 
900 223 237 215 
900 224 237 215 
900 225 58 237 215 
900 226 139 237 215 
900 227 237 
900 228 256 90 
900 229 201 90 113 
900 230 237 
900 231 256 90 139 135 
900 232 201 130 82 78 
900 234 100 
900 235 237 215 
900 237 
900 238 191 
900 239 237 
900 240 237 
900 241 237 215 
900 242 191 
900 244 237 215 
900 245 256 139 100 37 135 201 234 23 81 215 90 155 
900 246 256 100 135 173 81 90 155 190 
900 247 
900 248 58 135 90 237 215 
900 249 58 139 100 237 
900 250 90 135 237 215 
900 251 90 237 215 
900 252 237 
900 253 237 191 
900 254 113 173 190 
900 255 237 
900 256 
900 258 58 237 215 
900 259 58 139 237 215 
900 260 256 135 237 215 58 90 
900 261 201 90 139 135 
900 262 191 
900 263 237 
900 265 100 237 215 
900 266 237 215 
900 267 191 
900 268 237 191 
900 269 237 
900 270 58 116 
900 271 237 
900 272 90 135 237 215 
900 273 256 201 90 135 
900 274 237 
900 276 135 139 237 215 90 58 
900 277 113 247 
900 278 256 201 90 135 
900 279 237 
900 280 58 90 237 215 
900 281 237 
900 282 256 135 201 234 139 15 90 
900 283 237 
900 284 90 23 190 247 
900 285 191 
900 286 237 215 
900 287 237 
900 288 139 135 
900 289 201 155 173 
900 290 58 237 215 
900 291 58 90 237 215 
900 292 90 237 215 
900 293 201 90 
900 294 234 133 
900 295 139 23 
900 296 130 219 135 
900 297 58 237 215 
900 298 256 201 90 135 
900 299 139 135 
1800 0 90 237 215 
1800 1 139 135 237 247 
1800 2 237 215 
1800 3 256 133 135 201 234 139 15 90 190 
1800 4 237 215 
1800 5 256 139 100 37 135 234 23 15 81 215 90 155 
1800 6 237 215 
1800 7 139 135 
1800 8 256 139 100 37 135 201 234 23 81 215 90 155 190 
1800 9 256 139 100 37 135 201 234 23 81 215 90 155 
1800 10 256 90 237 215 
1800 11 237 
1800 12 256 100 135 81 90 155 190 
1800 13 58 237 215 
1800 14 90 237 215 
1800 15 
1800 16 90 237 215 
1800 17 237 215 
1800 18 237 
1800 19 237 
1800 20 100 135 
1800 21 256 100 37 135 234 139 15 213 23 90 155 
1800 22 90 190 247 
1800 23 100 247 
1800 24 58 139 237 215 
1800 25 58 
1800 27 237 215 
1800 28 237 215 
1800 29 237 215 
1800 31 135 100 23 
1800 32 237 215 
1800 33 58 237 215 
1800 34 201 237 113 
1800 35 81 139 113 135 247 
1800 37 
1800 38 234 100 135 
1800 39 135 237 215 
1800 40 237 215 
1800 41 58 237 215 
1800 42 237 215 
1800 43 139 135 237 215 
1800 44 201 135 
1800 47 237 215 
1800 50 256 201 90 135 
1800 51 58 237 215 
1800 52 201 90 237 
1800 53 139 237 
1800 54 256 234 90 135 
1800 55 256 133 234 90 155 190 
1800 57 90 135 
1800 58 
1800 59 201 190 
1800 60 58 90 237 215 
1800 62 256 139 100 133 135 201 234 23 15 81 215 90 155 190 37 
1800 64 237 
1800 65 237 215 
1800 66 81 201 155 113 247 
1800 67 237 
1800 68 100 247 113 23 90 155 190 
1800 69 191 
1800 70 100 135 
1800 71 234 139 100 133 135 
1800 72 256 90 215 
1800 74 256 90 215 
1800 75 237 
1800 76 58 237 
1800 77 58 237 215 
1800 78 
1800 79 237 215 
1800 80 
1800 81 
1800 82 
1800 83 237 215 
1800 84 237 215 
1800 85 237 215 
1800 86 90 135 237 215 
1800 88 237 
1800 89 256 113 90 237 215 
1800 90 
1800 91 201 237 247 
1800 92 58 237 215 
1800 93 113 135 23 81 247 100 90 155 190 
1800 94 237 
1800 96 256 133 234 78 215 90 155 190 
1800 97 135 139 81 247 90 190 
1800 98 58 237 215 
1800 99 58 237 215 
1800 100 201 
1800 101 81 139 113 135 247 
1800 102 256 201 90 135 
1800 103 234 191 100 23 
1800 104 256 100 135 201 234 139 15 81 90 155 190 
1800 105 256 201 90 
1800 106 96 
1800 107 234 139 135 
1800 108 256 135 201 234 139 15 90 
1800 110 237 
1800 111 237 215 
1800 112 58 237 215 
1800 113 
1800 114 237 215 
1800 115 256 133 135 201 234 139 15 90 190 
1800 117 58 90 237 
1800 118 256 135 237 215 58 90 
1800 119 82 135 
1800 120 256 139 37 135 201 234 23 15 81 213 247 90 155 190 133 
1800 121 237 
1800 122 237 
1800 123 90 237 215 
1800 124 237 215 
1800 125 58 237 215 
1800 126 256 139 100 37 135 201 234 23 81 215 90 155 
1800 127 237 
1800 128 201 190 
1800 129 237 
1800 132 191 
1800 133 
1800 134 81 155 
1800 135 100 
1800 136 58 237 
1800 137 96 219 78 
1800 138 237 
1800 139 23 
1800 140 100 135 234 81 90 155 190 
1800 141 90 139 135 190 23 
1800 142 37 113 201 81 155 191 
1800 143 256 113 90 237 215 
1800 144 58 237 215 
1800 145 256 100 133 135 201 234 139 15 81 213 23 90 155 190 37 
1800 146 139 135 
1800 147 237 215 
1800 149 237 215 
1800 151 135 237 215 
1800 152 237 215 
1800 154 201 
1800 155 
1800 158 58 237 215 
1800 159 237 
1800 160 237 
1800 161 58 237 215 
1800 162 234 90 190 135 
1800 163 256 90 237 215 
1800 164 237 215 
1800 165 135 139 237 215 58 191 
1800 166 37 201 23 81 213 247 90 155 190 
1800 167 201 58 237 215 
1800 168 256 90 215 
1800 169 58 237 215 
1800 170 190 135 
1800 171 139 237 
1800 172 234 139 100 133 135 
1800 174 237 
1800 176 237 
1800 177 237 215 
1800 178 201 90 135 237 133 
1800 179 237 
1800 180 90 135 237 215 
1800 182 90 100 135 
1800 183 58 139 237 215 135 
1800 184 237 
1800 185 90 237 
1800 187 256 219 133 234 78 81 82 215 90 155 
1800 188 155 139 
1800 189 256 100 135 81 90 155 190 
1800 190 
1800 191 
1800 192 247 
1800 193 237 215 
1800 194 237 215 
1800 195 237 
1800 196 58 135 90 237 215 
1800 197 96 
1800 198 256 90 215 
1800 199 237 215 
1800 201 215 
1800 202 81 201 
1800 203 256 201 90 
1800 204 237 
1800 205 256 133 234 81 82 90 155 
1800 206 256 90 
1800 207 201 90 135 
1800 208 237 215 
1800 209 237 
1800 210 58 237 215 
1800 211 201 237 215 
1800 212 256 37 135 201 234 23 90 155 190 
1800 213 
1800 214 237 215 
1800 215 
1800 216 256 90 135 237 215 
1800 217 201 58 237 215 
1800 218 201 90 135 
1800 219 201 155 37 
1800 220 201 113 247 
1800 223 237 215 
1800 224 237 215 
1800 225 58 237 215 
1800 226 139 237 215 
1800 227 237 
1800 228 256 90 
1800 229 201 90 113 
1800 230 237 
1800 231 256 90 139 135 
1800 232 201 82 78 
1800 234 100 
1800 235 237 215 
1800 237 
1800 238 191 
1800 240 237 
1800 241 237 215 
1800 242 191 
1800 244 237 215 
1800 245 256 139 100 37 135 201 234 23 81 215 90 155 
1800 246 256 100 135 81 90 155 190 
1800 247 
1800 248 58 135 90 237 215 
1800 249 58 139 100 237 
1800 250 90 135 237 215 
1800 251 90 237 215 
1800 253 237 191 
1800 254 113 190 
1800 255 237 
1800 256 
1800 258 58 237 215 
1800 259 58 139 237 215 
1800 260 256 135 237 215 58 90 
1800 261 201 90 139 135 
1800 262 191 
1800 263 237 
1800 265 100 237 215 
1800 266 237 215 
1800 267 191 
1800 268 237 191 
1800 269 237 
1800 270 58 
1800 271 237 
1800 272 90 135 237 215 
1800 273 256 201 90 135 
1800 274 237 
1800 276 135 139 237 215 90 58 
1800 277 113 247 
1800 278 256 201 90 135 
1800 279 237 
1800 280 58 90 237 215 
1800 281 237 
1800 282 256 135 201 234 139 15 90 
1800 283 237 
1800 284 90 23 190 247 
1800 285 191 
1800 287 237 
1800 288 139 135 
1800 290 58 237 215 
1800 291 58 90 237 215 
1800 292 90 237 215 
1800 293 201 90 
1800 294 234 133 
1800 295 139 23 
1800 296 219 135 
1800 297 58 237 215 
1800 298 256 201 90 135 
1800 299 139 135 
2700 0 90 237 215 
2700 1 139 135 237 247 
2700 2 237 215 
2700 3 256 133 135 201 234 139 15 90 190 
2700 4 237 215 
2700 5 256 139 100 37 135 234 23 15 81 215 90 155 
2700 6 237 215 
2700 7 139 135 
2700 8 256 139 100 37 135 201 234 23 81 215 90 155 190 
2700 9 256 139 100 37 135 201 234 23 81 215 90 155 
2700 10 256 90 237 215 
2700 11 237 
2700 12 256 100 135 81 90 155 190 
2700 13 58 237 215 
2700 14 90 237 215 
2700 15 
2700 16 90 237 215 
2700 17 237 215 
2700 18 237 
2700 19 237 
2700 20 100 135 
2700 21 256 100 37 135 234 139 15 213 23 90 155 
2700 22 90 190 247 
2700 23 100 247 
2700 24 58 139 237 215 
2700 25 58 
2700 27 237 215 
2700 28 237 215 
2700 29 237 215 
2700 31 135 100 23 
2700 32 237 215 
2700 33 58 237 215 
2700 34 201 237 113 
2700 35 81 139 113 135 247 
2700 37 
2700 38 234 100 135 
2700 39 135 237 215 
2700 40 237 215 
2700 41 58 237 215 
2700 42 237 215 
2700 43 139 135 237 215 
2700 44 201 135 
2700 47 237 215 
2700 50 256 201 90 135 
2700 51 58 237 215 
2700 52 201 90 237 
2700 53 139 237 
2700 54 256 234 90 135 
2700 55 256 133 234 90 155 190 
2700 57 90 135 
2700 58 
2700 59 201 190 
2700 60 58 90 237 215 
2700 62 256 139 100 133 135 201 234 23 15 81 215 90 155 190 37 
2700 64 237 
2700 65 237 215 
2700 66 81 201 155 113 247 
2700 67 237 
2700 69 191 
2700 71 234 139 100 133 135 
2700 72 256 90 215 
2700 74 256 90 215 
2700 75 237 
2700 76 58 237 
2700 77 58 237 215 
2700 78 
2700 79 237 215 
2700 80 
2700 81 
2700 82 
2700 83 237 215 
2700 84 237 215 
2700 85 237 215 
2700 86 90 135 237 215 
2700 88 237 
2700 89 256 113 90 237 215 
2700 90 
2700 91 201 237 247 
2700 92 58 237 215 
2700 93 113 135 23 81 247 100 90 155 190 
2700 94 237 
2700 96 256 133 234 78 215 90 155 190 
2700 97 135 139 81 247 90 190 
2700 98 58 237 215 
2700 99 58 237 215 
2700 100 201 
2700 101 81 139 113 135 247 
2700 102 256 201 90 135 
2700 103 234 191 100 23 
2700 104 256 100 135 201 234 139 15 81 90 155 190 
2700 105 256 201 90 
2700 106 96 
2700 107 234 139 135 
2700 108 256 135 201 234 139 15 90 
2700 110 237 
2700 111 237 215 
2700 112 58 237 215 
2700 113 
2700 114 237 215 
2700 117 58 90 237 
2700 118 256 135 237 215 58 90 
2700 119 82 135 
2700 120 256 139 37 135 201 234 23 15 81 213 247 90 155 190 133 
2700 121 237 
2700 123 90 237 215 
2700 124 237 215 
2700 125 58 237 215 
2700 126 256 139 100 37 135 201 234 23 81 215 90 155 
2700 127 237 
2700 128 201 190 
2700 129 237 
2700 132 191 
2700 133 
2700 134 81 155 
2700 135 100 
2700 136 58 237 
2700 138 237 
2700 139 23 
2700 140 100 135 234 81 90 155 190 
2700 141 90 139 135 190 23 
2700 142 37 113 201 81 155 191 
2700 143 256 113 90 237 215 
2700 144 58 237 215 
2700 145 256 100 133 135 201 234 139 15 81 213 23 90 155 190 37 
2700 146 139 135 
2700 147 237 215 
2700 149 237 215 
2700 151 135 237 215 
2700 152 237 215 
2700 154 201 
2700 155 
2700 158 58 237 215 
2700 159 237 
2700 160 237 
2700 161 58 237 215 
2700 162 234 90 190 135 
2700 163 256 90 237 215 
2700 164 237 215 
2700 165 135 139 237 215 58 191 
2700 166 37 201 23 81 213 247 90 155 190 
2700 167 201 58 237 215 
2700 168 256 90 215 
2700 169 58 237 215 
2700 170 190 135 
2700 171 139 237 
2700 174 237 
2700 176 237 
2700 177 237 215 
2700 178 201 90 135 237 133 
2700 179 237 
2700 180 90 135 237 215 
2700 182 90 100 135 
2700 183 58 139 237 215 135 
2700 184 237 
2700 185 90 237 
2700 187 256 219 133 234 78 81 82 215 90 155 
2700 188 155 139 
2700 189 256 100 135 81 90 155 190 
2700 190 
2700 191 
2700 192 247 
2700 193 237 215 
2700 194 237 215 
2700 195 237 
2700 196 58 135 90 237 215 
2700 197 96 
2700 198 256 90 215 
2700 199 237 215 
2700 201 215 
2700 202 81 201 
2700 203 256 201 90 
2700 204 237 
2700 205 256 133 234 81 82 90 155 
2700 206 256 90 
2700 207 201 90 135 
2700 208 237 215 
2700 209 237 
2700 210 58 237 215 
2700 211 201 237 215 
2700 213 
2700 214 237 215 
2700 215 
2700 216 256 90 135 237 215 
2700 217 201 58 237 215 
2700 218 201 90 135 
2700 219 201 155 37 
2700 220 201 113 247 
2700 224 237 215 
2700 225 58 237 215 
2700 226 139 237 215 
2700 227 237 
2700 228 256 90 
2700 229 201 90 113 
2700 231 256 90 139 135 
2700 232 201 82 78 
2700 234 100 
2700 235 237 215 
2700 237 
2700 238 191 
2700 240 237 
2700 241 237 215 
2700 242 191 
2700 244 237 215 
2700 245 256 139 100 37 135 201 234 23 81 215 90 155 
2700 246 256 100 135 81 90 155 190 
2700 247 
2700 248 58 135 90 237 215 
2700 249 58 139 100 237 
2700 250 90 135 237 215 
2700 251 90 237 215 
2700 253 237 191 
2700 255 237 
2700 256 
2700 258 58 237 215 
2700 259 58 139 237 215 
2700 261 201 90 139 135 
2700 262 191 
2700 263 237 
2700 265 100 237 215 
2700 267 191 
2700 268 237 191 
2700 269 237 
2700 270 58 
2700 271 237 
2700 272 90 135 237 215 
2700 273 256 201 90 135 
2700 274 237 
2700 276 135 139 237 215 90 58 
2700 277 113 247 
2700 278 256 201 90 135 
2700 279 237 
2700 280 58 90 237 215 
2700 281 237 
2700 282 256 135 201 234 139 15 90 
2700 283 237 
2700 284 90 23 190 247 
2700 285 191 
2700 287 237 
2700 288 139 135 
2700 290 58 237 215 
2700 291 58 90 237 215 
2700 293 201 90 
2700 294 234 133 
2700 295 139 23 
2700 296 219 135 
2700 297 58 237 215 
2700 298 256 201 90 135 
2700 299 139 135 
3600 0 90 237 215 
3600 1 139 237 135 
3600 2 237 215 
3600 3 256 133 135 201 234 139 15 90 190 
3600 4 237 215 
3600 5 256 139 100 37 135 234 23 15 81 215 90 155 
3600 6 237 215 
3600 7 139 135 
3600 8 256 139 100 37 135 201 234 23 81 215 90 155 190 
3600 9 256 139 100 37 135 201 234 23 81 215 90 155 
3600 10 256 90 237 215 
3600 11 237 
3600 12 256 100 135 81 90 155 190 
3600 13 58 237 215 
3600 14 90 237 215 
3600 15 
3600 16 90 237 215 
3600 17 237 215 
3600 18 237 
3600 19 237 
3600 20 100 135 
3600 21 256 100 37 135 234 139 15 213 23 90 155 
3600 22 90 190 
3600 23 100 
3600 24 58 139 237 215 
3600 25 58 
3600 27 237 215 
3600 28 237 215 
3600 29 237 215 
3600 31 135 100 23 
3600 32 237 215 
3600 33 58 237 215 
3600 34 201 237 113 
3600 35 81 139 135 113 
3600 37 
3600 38 234 100 135 
3600 39 135 237 215 
3600 41 58 237 215 
3600 42 237 215 
3600 47 237 215 
3600 50 256 201 90 135 
3600 51 58 237 215 
3600 52 201 90 237 
3600 53 139 237 
3600 54 256 234 90 135 
3600 55 256 133 234 90 155 190 
3600 57 90 135 
3600 58 
3600 59 201 190 
3600 60 58 90 237 215 
3600 64 237 
3600 65 237 215 
3600 67 237 
3600 69 191 
3600 71 234 139 100 133 135 
3600 72 256 90 215 
3600 74 256 90 215 
3600 75 237 
3600 76 58 237 
3600 77 58 237 215 
3600 78 
3600 79 237 215 
3600 80 
3600 81 
3600 82 
3600 83 237 215 
3600 84 237 215 
3600 85 237 215 
3600 86 90 135 237 215 
3600 88 237 
3600 89 256 113 90 237 215 
3600 90 
3600 91 201 237 
3600 92 58 237 215 
3600 93 113 135 81 23 100 90 155 190 
3600 94 237 
3600 97 81 90 139 190 135 
3600 98 58 237 215 
3600 99 58 237 215 
3600 100 201 
3600 101 81 139 135 113 
3600 102 256 201 90 135 
3600 103 234 191 100 23 
3600 105 256 201 90 
3600 106 
3600 107 234 139 135 
3600 108 256 135 201 234 139 15 90 
3600 110 237 
3600 111 237 215 
3600 112 58 237 215 
3600 113 
3600 114 237 215 
3600 117 58 90 237 
3600 118 256 135 237 215 58 90 
3600 119 82 135 
3600 120 256 37 135 201 234 139 15 81 213 23 90 155 190 133 
3600 121 237 
3600 123 90 237 215 
3600 124 237 215 
3600 125 58 237 215 
3600 126 256 139 100 37 135 201 234 23 81 215 90 155 
3600 127 237 
3600 128 201 190 
3600 129 237 
3600 132 191 
3600 133 
3600 134 81 155 
3600 135 100 
3600 136 58 237 
3600 138 237 
3600 139 23 
3600 140 100 135 234 81 90 155 190 
3600 141 90 139 135 190 23 
3600 142 37 113 201 81 155 191 
3600 143 256 113 90 237 215 
3600 144 58 237 215 
3600 145 256 100 133 135 201 234 139 15 81 213 23 90 155 190 37 
3600 146 139 135 
3600 147 237 215 
3600 149 237 215 
3600 151 135 237 215 
3600 152 237 215 
3600 154 201 
3600 155 
3600 158 58 237 215 
3600 159 237 
3600 160 237 
3600 161 58 237 215 
3600 162 234 90 190 135 
3600 163 256 90 237 215 
3600 164 237 215 
3600 165 135 139 237 215 58 191 
3600 166 37 201 81 213 23 90 155 190 
3600 167 201 58 237 215 
3600 168 256 90 215 
3600 169 58 237 215 
3600 170 190 135 
3600 171 139 237 
3600 174 237 
3600 176 237 
3600 177 237 215 
3600 178 201 90 135 237 133 
3600 179 237 
3600 180 90 135 237 215 
3600 182 90 100 135 
3600 183 58 139 237 215 135 
3600 184 237 
3600 185 90 237 
3600 187 256 219 133 234 78 81 82 215 90 155 
3600 188 155 139 
3600 189 256 100 135 81 90 155 190 
3600 190 
3600 191 
3600 192 
3600 193 237 215 
3600 194 237 215 
3600 196 58 135 90 237 215 
3600 197 
3600 198 256 90 215 
3600 199 237 215 
3600 201 215 
3600 202 81 201 
3600 203 256 201 90 
3600 204 237 
3600 205 256 133 234 81 82 90 155 
3600 206 256 90 
3600 207 201 90 135 
3600 208 237 215 
3600 209 237 
3600 210 58 237 215 
3600 211 201 237 215 
3600 213 
3600 214 237 215 
3600 215 
3600 216 256 90 135 237 215 
3600 217 201 58 237 215 
3600 218 201 90 135 
3600 219 201 155 37 
3600 220 201 113 
3600 224 237 215 
3600 225 58 237 215 
3600 226 139 237 215 
3600 227 237 
3600 228 256 90 
3600 229 201 90 113 
3600 231 256 90 139 135 
3600 232 201 82 78 
3600 234 100 
3600 235 237 215 
3600 237 
3600 238 191 
3600 240 237 
3600 241 237 215 
3600 242 191 
3600 244 237 215 
3600 245 256 139 100 37 135 201 234 23 81 215 90 155 
3600 248 58 135 90 237 215 
3600 249 58 139 100 237 
3600 250 90 135 237 215 
3600 251 90 237 215 
3600 253 237 191 
3600 255 237 
3600 256 
3600 258 58 237 215 
3600 259 58 139 237 215 
3600 261 201 90 139 135 
3600 262 191 
3600 263 237 
3600 268 237 191 
3600 269 237 
3600 270 58 
3600 271 237 
3600 272 90 135 237 215 
3600 273 256 201 90 135 
3600 274 237 
3600 276 135 139 237 215 90 58 
3600 277 113 
3600 278 256 201 90 135 
3600 279 237 
3600 280 58 90 237 215 
3600 281 237 
3600 282 256 135 201 234 139 15 90 
3600 283 237 
3600 284 90 190 23 
3600 285 191 
3600 287 237 
3600 288 139 135 
3600 290 58 237 215 
3600 291 58 90 237 215 
3600 293 201 90 
3600 294 234 133 
3600 295 139 23 
3600 296 219 135 
3600 297 58 237 215 
3600 299 139 135 
4500 0 90 237 215 
4500 1 139 237 135 
4500 2 237 215 
4500 3 256 133 135 201 234 139 15 90 190 
4500 4 237 215 
4500 5 256 100 37 135 234 139 15 81 215 90 155 
4500 6 237 215 
4500 7 139 135 
4500 8 256 100 37 135 201 234 139 81 215 90 155 190 
4500 9 256 100 37 135 201 234 139 81 215 90 155 
4500 10 256 90 237 215 
4500 11 237 
4500 12 256 100 135 81 90 155 190 
4500 13 58 237 215 
4500 14 90 237 215 
4500 15 
4500 16 90 237 215 
4500 17 237 215 
4500 18 237 
4500 19 237 
4500 20 100 135 
4500 21 256 100 37 135 234 139 15 213 90 155 
4500 22 90 190 
4500 24 58 139 237 215 
4500 25 58 
4500 27 237 215 
4500 28 237 215 
4500 29 237 215 
4500 31 100 135 
4500 32 237 215 
4500 34 201 237 113 
4500 35 81 139 135 113 
4500 37 
4500 41 58 237 215 
4500 42 237 215 
4500 47 237 215 
4500 50 256 201 90 135 
4500 51 58 237 215 
4500 52 201 90 237 
4500 53 139 237 
4500 54 256 234 90 135 
4500 55 256 133 234 90 155 190 
4500 57 90 135 
4500 58 
4500 60 58 90 237 215 
4500 64 237 
4500 65 237 215 
4500 67 237 
4500 69 191 
4500 71 234 139 100 133 135 
4500 72 256 90 215 
4500 74 256 90 215 
4500 75 237 
4500 76 58 237 
4500 77 58 237 215 
4500 78 
4500 79 237 215 
4500 80 
4500 81 
4500 82 
4500 83 237 215 
4500 84 237 215 
4500 85 237 215 
4500 86 90 135 237 215 
4500 88 237 
4500 89 256 113 90 237 215 
4500 90 
4500 91 201 237 
4500 92 58 237 215 
4500 94 237 
4500 97 81 90 139 190 135 
4500 98 58 237 215 
4500 99 58 237 215 
4500 100 201 
4500 101 81 139 135 113 
4500 102 256 201 90 135 
4500 103 234 100 191 
4500 105 256 201 90 
4500 106 
4500 107 234 139 135 
4500 108 256 135 201 234 139 15 90 
4500 110 237 
4500 112 58 237 215 
4500 113 
4500 114 237 215 
4500 117 58 90 237 
4500 118 256 135 237 215 58 90 
4500 119 82 135 
4500 120 256 37 135 201 234 139 15 81 213 90 155 190 133 
4500 121 237 
4500 123 90 237 215 
4500 124 237 215 
4500 125 58 237 215 
4500 126 256 100 37 135 201 234 139 81 215 90 155 
4500 127 237 
4500 128 201 190 
4500 129 237 
4500 132 191 
4500 133 
4500 134 81 155 
4500 135 100 
4500 136 58 237 
4500 138 237 
4500 139 
4500 140 100 135 234 81 90 155 190 
4500 141 90 139 190 135 
4500 142 37 113 201 81 155 191 
4500 143 256 113 90 237 215 
4500 144 58 237 215 
4500 145 256 100 133 135 201 234 139 15 81 213 90 155 190 37 
4500 146 139 135 
4500 147 237 215 
4500 149 237 215 
4500 151 135 237 215 
4500 152 237 215 
4500 154 201 
4500 155 
4500 158 58 237 215 
4500 159 237 
4500 160 237 
4500 161 58 237 215 
4500 162 234 90 190 135 
4500 163 256 90 237 215 
4500 164 237 215 
4500 165 135 139 237 215 58 191 
4500 166 37 201 81 213 90 155 190 
4500 167 201 58 237 215 
4500 168 256 90 215 
4500 169 58 237 215 
4500 170 190 135 
4500 171 139 237 
4500 174 237 
4500 176 237 
4500 177 237 215 
4500 178 201 90 135 237 133 
4500 179 237 
4500 180 90 135 237 215 
4500 182 90 100 135 
4500 183 58 139 237 215 135 
4500 184 237 
4500 185 90 237 
4500 187 256 219 133 234 78 81 82 215 90 155 
4500 188 155 139 
4500 189 256 100 135 81 90 155 190 
4500 190 
4500 191 
4500 192 
4500 193 237 215 
4500 194 237 215 
4500 196 58 135 90 237 215 
4500 197 
4500 198 256 90 215 
4500 199 237 215 
4500 201 215 
4500 202 81 201 
4500 203 256 201 90 
4500 204 237 
4500 205 256 133 234 81 82 90 155 
4500 206 256 90 
4500 207 201 90 135 
4500 208 237 215 
4500 209 237 
4500 210 58 237 215 
4500 211 201 237 215 
4500 213 
4500 214 237 215 
4500 215 
4500 216 256 90 135 237 215 
4500 217 201 58 237 215 
4500 219 201 155 37 
4500 220 201 113 
4500 224 237 215 
4500 225 58 237 215 
4500 226 139 237 215 
4500 228 256 90 
4500 229 201 90 113 
4500 231 256 90 139 135 
4500 232 201 82 78 
4500 234 100 
4500 235 237 215 
4500 237 
4500 238 191 
4500 240 237 
4500 241 237 215 
4500 242 191 
4500 244 237 215 
4500 245 256 100 37 135 201 234 139 81 215 90 155 
4500 248 58 135 90 237 215 
4500 250 90 135 237 215 
4500 251 90 237 215 
4500 253 237 191 
4500 255 237 
4500 256 
4500 259 58 139 237 215 
4500 261 201 90 139 135 
4500 262 191 
4500 263 237 
4500 269 237 
4500 270 58 
4500 271 237 
4500 272 90 135 237 215 
4500 273 256 201 90 135 
4500 274 237 
4500 276 135 139 237 215 90 58 
4500 277 113 
4500 278 256 201 90 135 
4500 279 237 
4500 280 58 90 237 215 
4500 281 237 
4500 282 256 135 201 234 139 15 90 
4500 283 237 
4500 284 90 190 
4500 285 191 
4500 287 237 
4500 290 58 237 215 
4500 291 58 90 237 215 
4500 293 201 90 
4500 294 234 133 
4500 295 139 
4500 296 219 135 
4500 297 58 237 215 
4500 299 139 135 
5400 0 237 215 
5400 1 139 237 135 
5400 2 237 215 
5400 3 256 133 135 201 234 139 15 190 
5400 4 237 215 
5400 5 256 100 37 135 234 139 15 81 215 155 
5400 6 237 215 
5400 7 139 135 
5400 8 256 100 37 135 201 234 139 81 215 155 190 
5400 9 256 100 37 135 201 234 139 81 215 155 
5400 10 256 237 215 
5400 11 237 
5400 12 256 100 135 81 155 190 
5400 13 58 237 215 
5400 14 237 215 
5400 15 
5400 16 237 215 
5400 17 237 215 
5400 18 237 
5400 19 237 
5400 20 100 135 
5400 21 256 100 37 135 234 139 15 213 155 
5400 22 190 
5400 25 58 
5400 27 237 215 
5400 28 237 215 
5400 29 237 215 
5400 31 100 135 
5400 32 237 215 
5400 34 201 237 113 
5400 35 81 139 135 113 
5400 37 
5400 41 58 237 215 
5400 42 237 215 
5400 47 237 215 
5400 50 256 201 135 
5400 51 58 237 215 
5400 52 201 237 
5400 53 139 237 
5400 54 256 234 135 
5400 55 256 234 155 133 190 
5400 57 135 
5400 58 
5400 60 58 237 215 
5400 65 237 215 
5400 67 237 
5400 69 
5400 71 234 139 100 133 135 
5400 72 256 215 
5400 74 256 215 
5400 75 237 
5400 76 58 237 
5400 77 58 237 215 
5400 78 
5400 79 237 215 
5400 80 
5400 81 
5400 83 237 215 
5400 84 237 215 
5400 85 237 215 
5400 86 135 237 215 
5400 88 237 
5400 89 256 113 237 215 
5400 91 201 237 
5400 92 58 237 215 
5400 94 237 
5400 97 81 139 190 135 
5400 98 58 237 215 
5400 99 58 237 215 
5400 100 201 
5400 101 81 139 135 113 
5400 102 256 201 135 
5400 103 234 100 
5400 105 256 201 
5400 106 
5400 107 234 139 135 
5400 108 256 135 201 234 139 15 
5400 110 237 
5400 113 
5400 114 237 215 
5400 117 58 237 
5400 118 256 58 215 237 135 
5400 119 135 
5400 120 256 37 135 201 234 139 15 81 213 155 190 133 
5400 121 237 
5400 123 237 215 
5400 124 237 215 
5400 125 58 237 215 
5400 126 256 100 37 135 201 234 139 81 215 155 
5400 127 237 
5400 128 201 190 
5400 129 237 
5400 132 
5400 133 
5400 134 81 155 
5400 135 100 
5400 136 58 237 
5400 138 237 
5400 139 
5400 140 100 135 234 81 155 190 
5400 141 139 190 135 
5400 142 81 201 155 37 113 
5400 143 256 113 237 215 
5400 144 58 237 215 
5400 145 256 100 133 135 201 234 139 15 81 213 155 190 37 
5400 147 237 215 
5400 149 237 215 
5400 151 135 237 215 
5400 152 237 215 
5400 154 201 
5400 155 
5400 158 58 237 215 
5400 159 237 
5400 160 237 
5400 161 58 237 215 
5400 162 234 190 135 
5400 163 256 237 215 
5400 164 237 215 
5400 165 58 139 237 215 135 
5400 166 37 201 81 213 155 190 
5400 167 201 58 237 215 
5400 168 256 215 
5400 169 58 237 215 
5400 170 190 135 
5400 171 139 237 
5400 174 237 
5400 176 237 
5400 177 237 215 
5400 178 201 135 237 133 
5400 179 237 
5400 182 100 135 
5400 183 58 139 237 215 135 
5400 184 237 
5400 185 237 
5400 187 256 219 133 234 78 81 215 155 
5400 188 155 139 
5400 189 256 100 135 81 155 190 
5400 190 
5400 192 
5400 193 237 215 
5400 194 237 215 
5400 196 58 215 237 135 
5400 197 
5400 198 256 215 
5400 201 215 
5400 202 81 201 
5400 203 256 201 
5400 204 237 
5400 205 256 81 234 155 133 
5400 206 256 
5400 207 201 135 
5400 208 237 215 
5400 209 237 
5400 211 201 237 215 
5400 213 
5400 214 237 215 
5400 215 
5400 216 256 135 237 215 
5400 217 201 58 237 215 
5400 219 201 155 37 
5400 220 201 113 
5400 224 237 215 
5400 225 58 237 215 
5400 226 139 237 215 
5400 228 256 
5400 229 201 113 
5400 231 256 139 135 
5400 232 201 78 
5400 234 100 
5400 235 237 215 
5400 237 
5400 238 
5400 240 237 
5400 241 237 215 
5400 242 
5400 244 237 215 
5400 245 256 100 37 135 201 234 139 81 215 155 
5400 248 58 215 237 135 
5400 250 135 237 215 
5400 253 237 
5400 255 237 
5400 256 
5400 259 58 139 237 215 
5400 261 201 139 135 
5400 262 
5400 263 237 
5400 269 237 
5400 270 58 
5400 272 135 237 215 
5400 273 256 201 135 
5400 274 237 
5400 276 58 139 237 215 135 
5400 277 113 
5400 278 256 201 135 
5400 279 237 
5400 280 58 237 215 
5400 281 237 
5400 282 256 135 201 234 139 15 
5400 283 237 
5400 284 190 
5400 285 
5400 287 237 
5400 290 58 237 215 
5400 291 58 237 215 
5400 294 234 133 
5400 295 139 
5400 296 219 135 
5400 297 58 237 215 
5400 299 139 135 
6300 0 237 215 
6300 1 139 237 135 
6300 2 237 215 
6300 3 256 133 135 201 234 139 15 190 
6300 4 237 215 
6300 5 256 100 37 135 234 139 15 81 215 
6300 6 237 215 
6300 7 139 135 
6300 8 256 100 37 135 201 234 139 81 215 190 
6300 9 256 100 37 135 201 234 139 81 215 
6300 10 256 237 215 
6300 11 237 
6300 12 256 81 100 190 135 
6300 13 58 237 215 
6300 14 237 215 
6300 15 
6300 16 237 215 
6300 17 237 215 
6300 18 237 
6300 19 237 
6300 20 100 135 
6300 21 256 100 37 135 234 139 15 213 
6300 22 190 
6300 25 58 
6300 27 237 215 
6300 29 237 215 
6300 31 100 135 
6300 32 237 215 
6300 34 201 237 113 
6300 35 81 139 135 113 
6300 37 
6300 41 58 237 215 
6300 42 237 215 
6300 47 237 215 
6300 51 58 237 215 
6300 52 201 237 
6300 53 139 237 
6300 54 256 234 135 
6300 55 256 234 133 190 
6300 57 135 
6300 58 
6300 60 58 237 215 
6300 65 237 215 
6300 67 237 
6300 69 
6300 71 234 139 100 133 135 
6300 72 256 215 
6300 74 256 215 
6300 75 237 
6300 76 58 237 
6300 77 58 237 215 
6300 78 
6300 80 
6300 81 
6300 83 237 215 
6300 84 237 215 
6300 86 135 237 215 
6300 88 237 
6300 89 256 113 237 215 
6300 91 201 237 
6300 92 58 237 215 
6300 94 237 
6300 97 81 139 190 135 
6300 98 58 237 215 
6300 99 58 237 215 
6300 100 201 
6300 101 81 139 135 113 
6300 102 256 201 135 
6300 103 234 100 
6300 105 256 201 
6300 106 
6300 107 234 139 135 
6300 108 256 135 201 234 139 15 
6300 110 237 
6300 113 
6300 114 237 215 
6300 117 58 237 
6300 118 256 58 215 237 135 
6300 119 135 
6300 120 256 37 135 201 234 139 15 81 213 190 133 
6300 121 237 
6300 123 237 215 
6300 124 237 215 
6300 125 58 237 215 
6300 126 256 100 37 135 201 234 139 81 215 
6300 127 237 
6300 128 201 190 
6300 129 237 
6300 132 
6300 133 
6300 134 81 
6300 135 100 
6300 136 58 237 
6300 138 237 
6300 139 
6300 140 81 234 100 190 135 
6300 141 139 190 135 
6300 142 81 201 37 113 
6300 143 256 113 237 215 
6300 144 58 237 215 
6300 145 256 100 133 135 201 234 139 15 81 213 190 37 
6300 147 237 215 
6300 149 237 215 
6300 151 135 237 215 
6300 152 237 215 
6300 154 201 
6300 158 58 237 215 
6300 159 237 
6300 160 237 
6300 161 58 237 215 
6300 162 234 190 135 
6300 163 256 237 215 
6300 164 237 215 
6300 166 81 201 213 190 37 
6300 167 201 58 237 215 
6300 168 256 215 
6300 169 58 237 215 
6300 170 190 135 
6300 171 139 237 
6300 174 237 
6300 176 237 
6300 177 237 215 
6300 178 201 135 237 133 
6300 179 237 
6300 183 58 139 237 215 135 
6300 184 237 
6300 185 237 
6300 187 256 133 234 78 81 215 219 
6300 188 139 
6300 189 256 81 100 190 135 
6300 190 
6300 192 
6300 193 237 215 
6300 194 237 215 
6300 196 58 215 237 135 
6300 198 256 215 
6300 201 215 
6300 202 81 201 
6300 203 256 201 
6300 204 237 
6300 205 256 81 234 133 
6300 206 256 
6300 207 201 135 
6300 208 237 215 
6300 209 237 
6300 211 201 237 215 
6300 213 
6300 214 237 215 
6300 215 
6300 216 256 135 237 215 
6300 217 201 58 237 215 
6300 219 201 37 
6300 220 201 113 
6300 224 237 215 
6300 225 58 237 215 
6300 226 139 237 215 
6300 228 256 
6300 229 201 113 
6300 231 256 139 135 
6300 234 100 
6300 235 237 215 
6300 237 
6300 238 
6300 240 237 
6300 241 237 215 
6300 242 
6300 244 237 215 
6300 245 256 100 37 135 201 234 139 81 215 
6300 253 237 
6300 255 237 
6300 256 
6300 259 58 139 237 215 
6300 261 201 139 135 
6300 262 
6300 263 237 
6300 269 237 
6300 270 58 
6300 272 135 237 215 
6300 274 237 
6300 276 58 139 237 215 135 
6300 277 113 
6300 278 256 201 135 
6300 280 58 237 215 
6300 281 237 
6300 282 256 135 201 234 139 15 
6300 283 237 
6300 284 190 
6300 285 
6300 287 237 
6300 290 58 237 215 
6300 291 58 237 215 
6300 294 234 133 
6300 295 139 
6300 296 219 135 
6300 297 58 237 215 
6300 299 139 135 
