0 0 65 58 205 
0 1 0 24 234 27 
0 2 82 171 276 
0 3 201 90 59 219 
0 4 32 231 239 
0 5 76 125 
0 6 27 131 221 102 197 
0 7 193 94 93 270 217 
0 8 153 148 269 
0 9 179 60 230 79 
0 10 202 220 
0 11 192 198 
0 12 
0 13 242 139 138 125 
0 14 106 37 
0 15 253 191 
0 16 230 181 166 
0 17 184 37 143 
0 18 21 
0 19 287 
0 20 154 59 158 246 215 
0 21 24 81 31 87 
0 22 47 111 
0 23 3 225 195 281 
0 24 288 145 269 
0 25 136 
0 26 125 183 
0 27 240 135 
0 28 25 130 197 77 263 
0 29 90 212 102 
0 31 195 147 29 
0 32 67 214 150 
0 33 5 110 
0 34 64 3 164 102 75 132 
0 35 169 37 214 215 
0 37 225 23 
0 38 0 131 267 52 279 122 250 159 
0 39 10 292 18 255 
0 40 190 239 
0 41 128 71 12 110 79 84 85 118 218 
0 42 107 77 167 
0 43 52 141 
0 44 200 10 182 
0 47 96 195 222 
0 49 288 138 
0 50 56 177 66 
0 51 251 44 254 
0 52 144 270 
0 53 295 140 205 177 217 158 
0 54 99 241 83 
0 55 120 205 54 159 
0 56 181 198 
0 57 99 68 135 9 270 80 211 
0 58 0 44 214 
0 59 91 211 71 
0 60 256 172 
0 62 19 231 
0 63 145 85 
0 64 155 54 
0 65 280 113 90 108 272 
0 66 226 
0 67 208 153 260 221 
0 68 17 50 1 213 113 
0 69 56 185 98 279 183 
0 70 248 289 83 77 80 
0 71 82 155 
0 72 145 
0 74 104 281 
0 75 201 87 
0 76 224 235 
0 77 192 203 255 
0 78 281 143 
0 79 163 78 49 212 286 191 
0 80 97 178 140 
0 81 72 33 146 116 
0 82 41 115 108 133 62 
0 83 19 196 262 
0 84 97 
0 85 99 12 125 
0 86 
0 87 263 235 80 54 251 221 
0 88 
0 89 8 208 282 
0 90 290 116 142 190 
0 91 142 
0 92 120 199 247 
0 93 118 
0 94 242 66 207 
0 95 164 117 
0 96 87 53 206 253 
0 97 75 204 222 
0 98 256 
0 99 246 
0 100 113 107 203 135 
0 101 138 267 54 62 
0 102 160 254 118 182 
0 103 192 221 5 
0 104 
0 105 242 262 159 
0 106 178 230 47 
0 107 147 125 71 
0 108 240 114 20 
0 110 280 8 196 191 
0 111 64 131 103 201 169 187 
0 112 242 138 11 181 
0 113 
0 114 19 92 271 
0 115 156 183 
0 116 177 21 287 
0 117 132 223 
0 118 289 47 239 112 244 57 218 59 
0 119 240 35 159 
0 120 168 99 268 143 
0 121 91 276 246 
0 122 154 
0 123 114 252 142 
0 124 193 27 44 260 
0 125 218 230 
0 126 88 177 114 4 10 
0 127 0 38 204 111 113 120 
0 128 115 252 
0 129 108 199 
0 130 226 177 8 77 81 116 
0 131 209 
0 132 207 
0 133 240 289 100 
0 134 194 67 132 133 75 292 
0 135 17 
0 136 192 156 93 126 55 
0 137 2 116 90 230 
0 138 35 21 47 
0 139 
0 140 248 49 254 191 
0 141 288 121 241 
0 142 190 
0 143 130 59 132 
0 144 
0 145 90 59 44 246 
0 146 
0 147 296 267 
0 148 224 176 218 
0 149 157 293 
0 150 200 120 281 111 
0 151 102 
0 152 184 10 116 237 
0 153 256 180 255 
0 154 129 12 53 
0 155 226 199 104 42 141 81 
0 156 52 141 222 149 
0 157 289 68 59 252 94 95 
0 158 152 121 165 
0 159 
0 160 225 47 205 145 
0 161 136 247 176 51 276 119 180 
0 162 56 245 
0 163 184 216 40 
0 164 276 189 198 
0 165 166 183 
0 166 256 265 
0 167 112 153 290 131 294 
0 168 297 9 
0 169 62 223 
0 170 169 262 
0 171 41 110 166 215 
0 172 72 232 293 86 
0 173 67 164 75 292 125 191 
0 174 144 22 238 
0 176 68 86 
0 177 280 266 
0 178 41 299 163 174 295 
0 179 240 82 170 198 
0 180 35 83 295 
0 181 297 276 269 
0 182 65 234 241 
0 183 252 213 
0 184 232 178 279 42 71 
0 185 171 116 181 247 
0 186 256 228 39 136 270 80 249 157 
0 187 92 191 
0 188 265 
0 189 296 226 196 18 
0 190 192 110 
0 191 115 20 149 198 
0 192 204 279 
0 193 269 
0 194 81 185 
0 195 192 
0 196 137 235 
0 197 64 18 253 
0 198 0 266 123 158 
0 199 168 28 10 20 
0 200 274 282 
0 201 130 79 196 53 143 
0 202 161 151 55 
0 203 16 153 245 
0 204 226 68 134 
0 205 88 27 79 157 199 
0 206 225 131 163 198 
0 207 112 169 130 230 
0 208 241 297 267 182 127 
0 209 135 
0 210 242 101 135 
0 211 252 
0 212 296 93 261 
0 213 27 75 
0 214 240 161 283 78 80 
0 215 292 231 167 16 182 280 156 
0 216 282 180 14 
0 217 200 145 226 192 78 
0 218 16 2 259 251 279 
0 219 
0 220 82 44 
0 221 104 42 44 
0 222 120 290 
0 223 291 83 220 287 
0 224 288 273 130 228 135 
0 225 72 121 235 151 
0 226 251 127 
0 227 208 241 298 210 47 
0 228 87 
0 229 259 132 159 
0 230 169 196 
0 231 225 277 14 
0 232 295 
0 233 204 68 
0 234 163 267 140 237 144 245 
0 235 169 213 262 201 
0 237 226 292 247 152 91 93 222 
0 238 37 
0 239 220 
0 240 115 41 259 229 86 
0 241 240 225 51 151 
0 242 240 268 79 
0 244 206 290 102 22 
0 245 280 184 17 
0 246 242 82 13 118 135 
0 247 186 
0 248 118 199 
0 249 125 
0 250 65 290 298 79 208 86 62 
0 251 95 
0 252 192 124 34 156 261 
0 253 152 240 146 87 71 
0 254 280 27 
0 255 291 
0 256 144 103 295 
0 258 123 95 
0 259 188 
0 260 88 296 76 232 222 
0 261 160 259 
0 262 176 138 67 167 
0 263 217 250 127 228 33 
0 265 213 
0 266 192 281 106 71 
0 267 112 34 
0 268 1 271 
0 269 194 59 124 106 159 
0 270 180 134 126 
0 271 40 276 260 119 
0 272 
0 273 1 165 238 178 183 152 191 
0 274 160 273 90 77 199 
0 275 211 141 191 
0 276 42 66 43 244 18 
0 277 198 
0 278 296 275 117 
0 279 50 
0 280 132 
0 281 184 288 123 24 
0 282 104 17 5 14 198 
0 283 289 
0 284 239 141 214 23 
0 285 294 
0 286 272 95 221 103 
0 287 121 52 157 
0 288 249 142 
0 289 168 180 291 220 33 
0 290 131 6 41 145 245 149 
0 291 
0 292 128 233 121 177 
0 293 272 105 231 230 209 
0 294 113 28 121 
0 295 137 162 119 278 87 
0 296 265 77 
0 297 160 179 100 171 87 
0 298 
0 299 281 
900 0 65 58 205 
900 1 0 24 234 27 
900 2 82 171 276 
900 3 201 90 59 219 
900 4 32 231 239 
900 5 76 125 
900 6 27 131 197 102 
900 7 193 94 93 270 217 
900 8 269 
900 9 179 60 230 79 
900 10 202 220 
900 11 192 198 
900 12 
900 13 242 139 138 125 
900 14 106 37 
900 15 253 191 
900 16 230 181 166 
900 17 184 37 143 
900 18 21 
900 19 287 
900 20 154 59 158 246 215 
900 21 24 81 31 87 
900 22 47 111 
900 23 3 225 195 281 
900 24 288 145 269 
900 25 136 
900 27 240 135 
900 28 25 130 197 77 263 
900 29 90 212 102 
900 31 195 147 29 
900 32 67 214 150 
900 33 5 110 
900 34 64 3 164 102 75 132 
900 35 169 37 214 215 
900 37 225 23 
900 38 0 131 267 52 279 122 250 159 
900 39 10 292 18 255 
900 40 190 239 
900 41 128 71 12 110 79 84 85 118 218 
900 42 107 77 167 
900 43 52 141 
900 44 200 10 182 
900 47 96 195 
900 50 177 66 
900 51 251 44 254 
900 52 144 270 
900 53 295 140 205 177 217 158 
900 54 99 241 83 
900 55 120 205 54 159 
900 57 99 68 135 9 270 80 211 
900 58 0 44 214 
900 59 91 211 71 
900 60 256 172 
900 62 19 231 
900 64 155 54 
900 65 280 113 90 108 272 
900 66 226 
900 67 208 260 
900 68 17 50 1 213 113 
900 69 185 98 279 183 
900 70 248 289 83 77 80 
900 71 82 155 
900 72 145 
900 74 104 281 
900 75 201 87 
900 76 224 235 
900 77 192 203 255 
900 78 281 143 
900 79 163 212 78 286 191 
900 80 97 178 140 
900 81 72 33 146 116 
900 82 41 115 108 133 62 
900 83 19 196 262 
900 84 97 
900 85 99 12 125 
900 86 
900 87 80 251 235 54 263 
900 88 
900 89 8 208 282 
900 90 290 116 142 190 
900 91 142 
900 92 120 199 247 
900 93 118 
900 94 242 66 207 
900 95 164 117 
900 96 87 53 206 253 
900 97 75 204 
900 98 256 
900 99 246 
900 100 113 107 203 135 
900 101 138 267 54 62 
900 102 160 254 118 182 
900 103 192 5 
900 104 
900 105 242 262 159 
900 106 178 230 47 
900 107 147 125 71 
900 108 240 114 20 
900 110 280 8 196 191 
900 111 64 131 103 201 169 187 
900 112 242 138 11 181 
900 113 
900 114 19 92 271 
900 115 183 
900 116 177 21 287 
900 117 132 223 
900 118 289 47 239 112 244 57 218 59 
900 119 240 35 159 
900 120 168 99 268 143 
900 121 91 276 246 
900 122 154 
900 123 114 252 142 
900 124 193 27 44 260 
900 125 218 230 
900 126 88 177 114 4 10 
900 127 0 38 204 111 113 120 
900 128 115 252 
900 129 108 199 
900 130 226 177 8 77 81 116 
900 131 209 
900 132 207 
900 133 240 289 100 
900 134 194 67 132 133 75 292 
900 135 17 
900 136 192 93 126 55 
900 137 2 116 90 230 
900 138 35 21 47 
900 139 
900 140 248 254 191 
900 141 288 121 241 
900 142 190 
900 143 130 59 132 
900 144 
900 145 90 59 44 246 
900 146 
900 147 296 267 
900 149 293 
900 150 200 120 281 111 
900 151 102 
900 152 184 10 116 237 
900 154 129 12 53 
900 155 226 199 104 42 141 81 
900 158 152 121 165 
900 159 
900 160 225 47 205 145 
900 161 136 247 176 51 276 119 180 
900 162 245 
900 163 184 216 40 
900 164 276 189 198 
900 165 166 183 
900 166 256 265 
900 167 112 290 131 294 
900 168 297 9 
900 169 62 223 
900 170 169 262 
900 171 41 110 166 215 
900 172 72 232 293 86 
900 173 67 164 75 292 125 191 
900 174 144 22 238 
900 176 68 86 
900 177 280 266 
900 178 41 299 163 174 295 
900 179 240 82 170 198 
900 180 35 83 295 
900 181 297 276 269 
900 182 65 234 241 
900 183 252 213 
900 184 232 178 279 42 71 
900 185 171 116 181 247 
900 187 92 191 
900 188 265 
900 189 296 226 196 18 
900 190 192 110 
900 191 115 20 149 198 
900 192 204 279 
900 193 269 
900 194 81 185 
900 195 192 
900 196 137 235 
900 197 64 18 253 
900 198 0 266 123 158 
900 199 168 28 10 20 
900 200 274 282 
900 201 130 79 196 53 143 
900 202 161 151 55 
900 203 16 245 
900 204 226 68 134 
900 205 88 27 79 199 
900 206 225 131 163 198 
900 207 112 169 130 230 
900 208 241 297 267 182 127 
900 209 135 
900 210 242 101 135 
900 211 252 
900 212 296 93 261 
900 213 27 75 
900 214 240 161 283 78 80 
900 215 292 231 167 16 182 280 
900 216 282 180 14 
900 217 200 145 226 192 78 
900 218 16 2 259 251 279 
900 219 
900 220 82 44 
900 223 291 83 220 287 
900 224 288 273 130 228 135 
900 225 72 121 235 151 
900 226 251 127 
900 227 208 241 298 210 47 
900 228 87 
900 229 259 132 159 
900 230 169 196 
900 231 225 277 14 
900 232 295 
900 234 163 267 140 237 144 245 
900 235 169 213 262 201 
900 237 226 292 247 152 91 93 
900 238 37 
900 239 220 
900 240 115 41 259 229 86 
900 241 240 225 51 151 
900 242 240 268 79 
900 244 206 290 102 22 
900 245 280 184 17 
900 246 242 82 13 118 135 
900 247 
900 248 118 199 
900 249 125 
900 250 65 290 298 79 208 86 62 
900 251 95 
900 252 192 34 124 261 
900 253 152 240 146 87 71 
900 254 280 27 
900 255 291 
900 256 144 103 295 
900 258 123 95 
900 259 188 
900 260 88 296 76 232 
900 261 160 259 
900 262 176 138 67 167 
900 263 217 250 127 228 33 
900 265 213 
900 266 192 281 106 71 
900 267 112 34 
900 268 1 271 
900 269 194 59 124 106 159 
900 270 180 134 126 
900 271 40 276 260 119 
900 272 
900 273 1 165 238 178 183 152 191 
900 274 160 273 90 77 199 
900 276 42 66 43 244 18 
900 277 198 
900 278 296 117 
900 279 50 
900 280 132 
900 281 184 288 123 24 
900 282 104 17 5 14 198 
900 283 289 
900 284 239 141 214 23 
900 285 294 
900 286 272 95 103 
900 287 121 52 
900 288 249 142 
900 289 168 180 291 220 33 
900 290 131 6 41 145 245 149 
900 291 
900 292 128 177 121 
900 293 272 105 231 230 209 
900 294 113 28 121 
900 295 137 162 119 278 87 
900 296 265 77 
900 297 160 179 100 171 87 
900 298 
900 299 281 
1800 0 65 58 205 
1800 1 0 24 234 27 
1800 2 82 171 276 
1800 3 201 90 59 219 
1800 4 32 231 
1800 5 76 125 
1800 6 27 197 102 
1800 7 193 94 93 270 217 
1800 8 269 
1800 9 179 60 230 79 
1800 10 202 220 
1800 11 192 198 
1800 12 
1800 13 242 139 138 125 
1800 14 106 37 
1800 15 253 191 
1800 16 166 230 
1800 17 184 37 143 
1800 18 21 
1800 19 287 
1800 20 154 59 158 246 215 
1800 21 24 81 31 
1800 22 47 111 
1800 23 3 225 195 281 
1800 24 288 145 269 
1800 25 136 
1800 27 240 135 
1800 28 25 197 77 263 
1800 29 90 212 102 
1800 31 195 147 29 
1800 32 67 214 
1800 33 5 110 
1800 34 64 3 164 102 75 132 
1800 35 169 37 214 215 
1800 37 225 23 
1800 38 0 267 52 279 122 250 159 
1800 39 10 292 18 255 
1800 40 190 
1800 41 128 71 12 110 79 84 85 118 218 
1800 42 107 77 167 
1800 43 52 141 
1800 44 10 182 
1800 47 96 195 
1800 50 177 66 
1800 51 251 44 254 
1800 52 144 270 
1800 53 295 140 205 177 217 158 
1800 54 99 241 83 
1800 55 120 205 54 159 
1800 57 99 68 135 9 270 80 211 
1800 58 0 44 214 
1800 59 91 211 71 
1800 60 256 172 
1800 62 19 231 
1800 64 155 54 
1800 65 280 113 90 108 272 
1800 66 226 
1800 67 208 260 
1800 68 17 50 1 213 113 
1800 69 185 98 279 183 
1800 70 248 80 83 77 
1800 71 82 155 
1800 72 145 
1800 74 104 281 
1800 75 201 
1800 76 224 235 
1800 77 192 203 255 
1800 78 281 143 
1800 79 163 212 78 191 
1800 80 97 178 140 
1800 81 72 33 146 
1800 82 41 115 108 133 62 
1800 83 19 196 262 
1800 84 97 
1800 85 99 12 125 
1800 86 
1800 88 
1800 89 8 208 282 
1800 90 290 142 190 
1800 91 142 
1800 92 120 199 247 
1800 93 118 
1800 94 242 66 207 
1800 96 53 206 253 
1800 97 75 204 
1800 98 256 
1800 99 246 
1800 100 113 107 203 135 
1800 101 138 267 54 62 
1800 102 160 254 118 182 
1800 103 192 5 
1800 104 
1800 105 242 262 159 
1800 106 178 230 47 
1800 107 147 125 71 
1800 108 240 114 20 
1800 110 280 8 196 191 
1800 111 64 169 201 187 103 
1800 112 138 11 242 
1800 113 
1800 114 19 92 271 
1800 115 183 
1800 117 132 223 
1800 118 47 112 244 57 218 59 
1800 119 240 35 159 
1800 120 168 99 268 143 
1800 121 91 276 246 
1800 122 154 
1800 123 114 142 
1800 124 193 27 44 260 
1800 125 218 230 
1800 126 88 177 114 4 10 
1800 127 0 38 204 111 113 120 
1800 128 115 
1800 129 108 199 
1800 132 207 
1800 133 240 100 
1800 134 194 67 132 133 75 292 
1800 135 17 
1800 136 192 93 126 55 
1800 137 2 90 230 
1800 138 35 21 47 
1800 139 
1800 140 248 254 191 
1800 141 288 121 241 
1800 142 190 
1800 143 59 132 
1800 144 
1800 145 90 59 44 246 
1800 146 
1800 147 296 267 
1800 149 293 
1800 151 102 
1800 152 184 10 237 
1800 154 129 12 53 
1800 155 226 199 104 42 141 81 
1800 158 152 121 165 
1800 159 
1800 160 225 47 205 145 
1800 161 136 247 176 51 276 119 180 
1800 162 245 
1800 163 184 216 40 
1800 164 276 189 198 
1800 165 166 183 
1800 166 256 265 
1800 167 112 290 294 
1800 168 297 9 
1800 169 62 223 
1800 170 169 262 
1800 171 41 110 166 215 
1800 172 72 232 293 86 
1800 174 144 22 238 
1800 176 68 86 
1800 177 280 266 
1800 178 41 299 163 174 295 
1800 179 240 82 170 198 
1800 180 35 83 295 
1800 182 65 234 241 
1800 183 213 
1800 184 232 178 279 42 71 
1800 185 171 247 
1800 187 92 191 
1800 188 265 
1800 189 296 226 196 18 
1800 190 192 110 
1800 191 115 20 149 198 
1800 192 204 279 
1800 193 269 
1800 194 81 185 
1800 195 192 
1800 196 137 235 
1800 197 64 18 253 
1800 198 0 266 123 158 
1800 199 168 28 10 20 
1800 201 79 196 53 143 
1800 202 161 151 55 
1800 203 16 245 
1800 204 226 68 134 
1800 205 88 27 79 199 
1800 206 225 163 198 
1800 207 112 169 230 
1800 208 241 297 267 182 127 
1800 209 135 
1800 210 242 101 135 
1800 211 
1800 212 296 93 261 
1800 213 27 75 
1800 214 240 161 283 78 80 
1800 215 292 231 167 16 182 280 
1800 216 282 180 14 
1800 217 192 145 226 78 
1800 218 16 2 259 251 279 
1800 219 
1800 220 82 44 
1800 223 291 83 220 287 
1800 224 288 273 228 135 
1800 225 72 121 235 151 
1800 226 251 127 
1800 227 208 241 298 210 47 
1800 228 
1800 229 259 132 159 
1800 230 169 196 
1800 231 225 277 14 
1800 232 295 
1800 234 163 267 140 237 144 245 
1800 235 169 213 262 201 
1800 237 226 292 247 152 91 93 
1800 238 37 
1800 240 115 41 259 229 86 
1800 241 240 225 51 151 
1800 242 240 268 79 
1800 244 206 290 102 22 
1800 245 280 184 17 
1800 246 242 82 13 118 135 
1800 247 
1800 248 118 199 
1800 249 125 
1800 250 65 290 298 79 208 86 62 
1800 251 
1800 253 152 240 146 71 
1800 254 280 27 
1800 255 291 
1800 256 144 103 295 
1800 258 123 
1800 259 188 
1800 260 88 296 76 232 
1800 261 160 259 
1800 262 176 138 67 167 
1800 263 217 250 127 228 33 
1800 265 213 
1800 266 192 281 106 71 
1800 267 112 34 
1800 268 1 271 
1800 269 194 59 124 106 159 
1800 270 180 134 126 
1800 271 40 276 260 119 
1800 272 
1800 273 1 165 238 178 183 152 191 
1800 274 160 273 90 77 199 
1800 276 42 66 43 244 18 
1800 277 198 
1800 278 296 117 
1800 279 50 
1800 280 132 
1800 281 184 288 123 24 
1800 282 104 17 5 14 198 
1800 283 
1800 284 141 214 23 
1800 285 294 
1800 287 121 52 
1800 288 249 142 
1800 290 149 41 245 6 145 
1800 291 
1800 292 128 177 121 
1800 293 272 105 231 230 209 
1800 294 113 28 121 
1800 295 137 162 278 119 
1800 296 265 77 
1800 297 160 179 100 171 
1800 298 
1800 299 281 
2700 0 65 58 205 
2700 1 0 24 234 27 
2700 2 82 171 276 
2700 3 201 90 59 219 
2700 4 32 231 
2700 5 76 125 
2700 6 27 197 102 
2700 7 193 94 93 270 217 
2700 8 269 
2700 9 179 60 79 
2700 10 202 220 
2700 11 192 198 
2700 12 
2700 13 242 139 138 125 
2700 14 106 37 
2700 15 253 191 
2700 16 166 
2700 17 184 37 143 
2700 18 21 
2700 19 287 
2700 20 154 59 158 246 215 
2700 21 24 81 31 
2700 22 47 111 
2700 23 3 225 195 281 
2700 24 288 145 269 
2700 25 136 
2700 27 240 135 
2700 28 25 197 77 263 
2700 29 90 102 
2700 31 195 147 29 
2700 32 67 214 
2700 33 5 110 
2700 34 64 3 164 102 75 132 
2700 35 169 37 214 215 
2700 37 225 23 
2700 38 0 267 52 279 250 159 
2700 39 10 18 255 
2700 40 190 
2700 41 128 71 12 110 79 84 85 118 218 
2700 42 107 77 167 
2700 43 52 141 
2700 44 10 182 
2700 47 96 195 
2700 50 177 66 
2700 51 251 44 
2700 52 144 270 
2700 53 295 140 205 177 217 158 
2700 54 99 241 83 
2700 55 120 205 54 159 
2700 57 99 135 9 270 80 211 
2700 58 0 44 214 
2700 59 91 211 71 
2700 60 256 
2700 62 19 231 
2700 64 155 54 
2700 65 280 113 90 108 272 
2700 66 226 
2700 67 208 
2700 69 185 98 279 183 
2700 71 82 155 
2700 72 145 
2700 74 104 281 
2700 75 201 
2700 76 224 235 
2700 77 192 203 255 
2700 78 281 143 
2700 79 163 78 191 
2700 80 97 178 140 
2700 81 72 33 146 
2700 82 41 108 133 62 
2700 83 19 196 262 
2700 84 97 
2700 85 99 12 125 
2700 86 
2700 88 
2700 89 8 208 282 
2700 90 290 142 190 
2700 91 142 
2700 92 120 199 247 
2700 93 118 
2700 94 242 66 207 
2700 96 53 206 253 
2700 97 75 204 
2700 98 256 
2700 99 246 
2700 100 113 107 203 135 
2700 101 138 267 54 62 
2700 102 160 182 118 
2700 103 192 5 
2700 104 
2700 105 242 262 159 
2700 106 178 47 
2700 107 147 125 71 
2700 108 240 114 20 
2700 110 280 8 196 191 
2700 111 64 169 201 187 103 
2700 112 138 11 242 
2700 113 
2700 114 19 92 271 
2700 117 132 
2700 118 47 112 244 57 218 59 
2700 119 240 35 159 
2700 120 168 99 268 143 
2700 121 91 276 246 
2700 123 114 142 
2700 124 193 27 44 
2700 125 218 
2700 126 88 177 114 4 10 
2700 127 0 38 204 111 113 120 
2700 128 
2700 129 108 199 
2700 132 207 
2700 133 240 100 
2700 134 75 194 67 132 133 
2700 135 17 
2700 136 192 93 126 55 
2700 138 35 21 47 
2700 139 
2700 140 248 191 
2700 141 288 121 241 
2700 142 190 
2700 143 59 132 
2700 144 
2700 145 90 59 44 246 
2700 146 
2700 147 296 267 
2700 149 293 
2700 151 102 
2700 152 184 10 237 
2700 154 129 12 53 
2700 155 226 199 104 42 141 81 
2700 158 152 121 165 
2700 159 
2700 160 225 47 205 145 
2700 161 136 247 176 51 276 119 180 
2700 162 245 
2700 163 184 216 40 
2700 164 276 189 198 
2700 165 166 183 
2700 166 256 265 
2700 167 112 290 294 
2700 168 297 9 
2700 169 62 
2700 170 169 262 
2700 171 41 110 166 215 
2700 174 144 22 238 
2700 176 86 
2700 177 280 
2700 178 41 299 163 174 295 
2700 179 240 82 170 198 
2700 180 35 83 295 
2700 182 65 234 241 
2700 183 213 
2700 184 232 178 279 42 71 
2700 185 171 247 
2700 187 92 191 
2700 188 265 
2700 189 296 226 196 18 
2700 190 192 110 
2700 191 20 149 198 
2700 192 204 279 
2700 193 269 
2700 194 81 185 
2700 195 192 
2700 196 235 
2700 197 64 18 253 
2700 198 0 123 158 
2700 199 168 28 10 20 
2700 201 79 196 53 143 
2700 202 161 151 55 
2700 203 16 245 
2700 204 226 134 
2700 205 88 27 79 199 
2700 206 225 163 198 
2700 207 112 169 
2700 208 241 297 267 182 127 
2700 209 135 
2700 210 242 101 135 
2700 211 
2700 213 27 75 
2700 214 240 161 283 78 80 
2700 215 280 16 231 182 167 
2700 216 282 180 14 
2700 217 192 145 226 78 
2700 218 16 2 259 251 279 
2700 219 
2700 220 82 44 
2700 224 288 273 228 135 
2700 225 72 121 235 151 
2700 226 251 127 
2700 227 208 241 298 210 47 
2700 228 
2700 229 259 132 159 
2700 231 225 277 14 
2700 232 295 
2700 234 163 267 140 237 144 245 
2700 235 169 213 262 201 
2700 237 152 226 91 93 247 
2700 238 37 
2700 240 41 259 229 86 
2700 241 240 225 51 151 
2700 242 240 268 79 
2700 244 206 290 102 22 
2700 245 280 184 17 
2700 246 242 82 13 118 135 
2700 247 
2700 248 118 199 
2700 249 125 
2700 250 65 290 298 79 208 86 62 
2700 251 
2700 253 152 240 146 71 
2700 255 291 
2700 256 144 103 295 
2700 258 123 
2700 259 188 
2700 261 160 259 
2700 262 176 138 67 167 
2700 263 217 250 127 228 33 
2700 265 213 
2700 267 112 34 
2700 268 1 271 
2700 269 194 59 124 106 159 
2700 270 180 134 126 
2700 271 40 276 119 
2700 272 
2700 273 1 165 238 178 183 152 191 
2700 274 160 273 90 77 199 
2700 276 42 66 43 244 18 
2700 277 198 
2700 278 296 117 
2700 279 50 
2700 280 132 
2700 281 184 288 123 24 
2700 282 104 17 5 14 198 
2700 283 
2700 284 141 214 23 
2700 285 294 
2700 287 121 52 
2700 288 249 142 
2700 290 149 41 245 6 145 
2700 291 
2700 293 272 105 231 209 
2700 294 113 28 121 
2700 295 162 278 119 
2700 296 265 77 
2700 297 160 179 100 171 
2700 298 
2700 299 281 
3600 0 65 58 205 
3600 1 0 24 234 27 
3600 2 82 171 276 
3600 3 201 90 59 219 
3600 4 32 231 
3600 5 76 125 
3600 6 27 197 102 
3600 7 193 94 93 270 217 
3600 8 269 
3600 9 179 60 79 
3600 10 202 220 
3600 11 192 198 
3600 12 
3600 13 242 139 138 125 
3600 14 106 37 
3600 15 253 191 
3600 16 166 
3600 17 184 37 143 
3600 18 21 
3600 19 287 
3600 20 154 59 158 215 
3600 21 24 81 31 
3600 22 47 111 
3600 23 225 3 281 
3600 24 288 145 269 
3600 25 136 
3600 27 240 135 
3600 28 25 197 77 263 
3600 29 90 102 
3600 31 147 29 
3600 32 67 214 
3600 33 5 110 
3600 34 64 3 164 102 75 132 
3600 35 169 37 214 215 
3600 37 225 23 
3600 38 0 250 279 52 159 
3600 39 10 18 255 
3600 41 128 71 12 110 79 84 85 118 218 
3600 42 107 77 167 
3600 47 
3600 50 177 
3600 51 251 
3600 52 144 270 
3600 53 295 140 205 177 217 158 
3600 54 99 241 83 
3600 55 120 205 54 159 
3600 57 99 135 9 270 80 211 
3600 58 0 214 
3600 59 91 211 71 
3600 60 256 
3600 64 155 54 
3600 65 280 113 90 108 272 
3600 67 208 
3600 69 185 98 279 183 
3600 71 82 155 
3600 72 145 
3600 74 281 
3600 75 201 
3600 76 224 235 
3600 77 192 203 255 
3600 78 281 143 
3600 79 163 78 191 
3600 80 97 178 140 
3600 81 72 33 146 
3600 82 41 108 133 
3600 83 19 196 262 
3600 84 97 
3600 85 99 12 125 
3600 86 
3600 88 
3600 89 8 208 282 
3600 90 290 142 190 
3600 91 142 
3600 92 120 199 
3600 93 118 
3600 94 242 207 
3600 97 75 204 
3600 98 256 
3600 99 
3600 100 113 107 203 135 
3600 101 138 54 
3600 102 160 182 118 
3600 103 192 5 
3600 105 242 262 159 
3600 106 178 47 
3600 107 147 125 71 
3600 108 240 114 20 
3600 110 280 8 196 191 
3600 111 64 169 201 187 103 
3600 112 138 11 242 
3600 113 
3600 114 19 92 271 
3600 117 132 
3600 118 47 112 244 57 218 59 
3600 119 240 35 159 
3600 120 168 99 268 143 
3600 121 91 276 
3600 123 114 142 
3600 124 193 27 
3600 125 218 
3600 126 88 177 114 4 10 
3600 127 0 38 204 111 113 120 
3600 128 
3600 129 108 199 
3600 132 207 
3600 133 240 100 
3600 134 75 194 67 132 133 
3600 135 17 
3600 136 192 93 126 55 
3600 138 35 21 47 
3600 139 
3600 140 248 191 
3600 141 288 121 241 
3600 142 190 
3600 143 59 132 
3600 144 
3600 145 90 59 
3600 146 
3600 147 296 
3600 149 293 
3600 151 102 
3600 152 184 10 237 
3600 154 129 12 53 
3600 155 81 226 42 141 199 
3600 158 152 121 165 
3600 159 
3600 160 225 47 205 145 
3600 161 136 176 51 276 119 180 
3600 162 245 
3600 163 184 216 
3600 164 276 189 198 
3600 165 166 183 
3600 166 256 
3600 167 112 290 294 
3600 168 297 9 
3600 169 
3600 170 169 262 
3600 171 41 110 166 215 
3600 174 144 22 238 
3600 176 86 
3600 177 280 
3600 178 41 299 163 174 295 
3600 179 240 82 170 198 
3600 180 35 83 295 
3600 182 65 234 241 
3600 183 213 
3600 184 232 178 279 42 71 
3600 185 171 
3600 187 92 191 
3600 188 
3600 189 296 226 196 18 
3600 190 192 110 
3600 191 20 149 198 
3600 192 204 279 
3600 193 269 
3600 194 81 185 
3600 196 235 
3600 197 64 18 253 
3600 198 0 123 158 
3600 199 168 28 10 20 
3600 201 79 196 53 143 
3600 202 161 151 55 
3600 203 16 245 
3600 204 226 134 
3600 205 88 27 79 199 
3600 206 225 163 198 
3600 207 112 169 
3600 208 297 241 182 127 
3600 209 135 
3600 210 242 101 135 
3600 211 
3600 213 27 75 
3600 214 240 161 283 78 80 
3600 215 280 16 231 182 167 
3600 216 282 180 14 
3600 217 192 145 226 78 
3600 218 16 2 259 251 279 
3600 219 
3600 220 82 
3600 224 288 273 228 135 
3600 225 72 121 235 151 
3600 226 251 127 
3600 227 208 241 210 47 
3600 228 
3600 229 259 132 159 
3600 231 225 277 14 
3600 232 295 
3600 234 144 163 140 237 245 
3600 235 169 213 262 201 
3600 237 152 226 91 93 
3600 238 37 
3600 240 41 259 229 86 
3600 241 240 225 51 151 
3600 242 240 268 79 
3600 244 206 290 102 22 
3600 245 280 184 17 
3600 248 118 199 
3600 249 125 
3600 250 208 65 290 86 79 
3600 251 
3600 253 152 240 146 71 
3600 255 291 
3600 256 144 103 295 
3600 258 123 
3600 259 188 
3600 261 160 259 
3600 262 176 138 67 167 
3600 263 217 250 127 228 33 
3600 268 1 271 
3600 269 194 59 124 106 159 
3600 270 180 134 126 
3600 271 276 119 
3600 272 
3600 273 1 165 238 178 183 152 191 
3600 274 160 273 90 77 199 
3600 276 42 244 18 
3600 277 198 
3600 278 296 117 
3600 279 50 
3600 280 132 
3600 281 184 288 123 24 
3600 282 198 17 5 14 
3600 283 
3600 284 141 214 23 
3600 285 294 
3600 287 121 52 
3600 288 249 142 
3600 290 149 41 245 6 145 
3600 291 
3600 293 272 105 231 209 
3600 294 113 28 121 
3600 295 162 278 119 
3600 296 77 
3600 297 160 179 100 171 
3600 299 281 
4500 0 65 58 205 
4500 1 0 24 234 27 
4500 2 82 171 276 
4500 3 201 90 219 
4500 4 32 231 
4500 5 76 125 
4500 6 27 197 102 
4500 7 217 94 270 193 
4500 8 269 
4500 9 179 60 79 
4500 10 202 220 
4500 11 192 198 
4500 12 
4500 13 242 139 138 125 
4500 14 106 37 
4500 15 253 191 
4500 16 166 
4500 17 184 37 143 
4500 18 21 
4500 19 287 
4500 20 154 158 215 
4500 21 24 81 31 
4500 22 47 
4500 24 145 269 
4500 25 136 
4500 27 240 135 
4500 28 25 197 77 263 
4500 29 90 102 
4500 31 147 29 
4500 32 67 214 
4500 34 64 3 164 102 75 132 
4500 35 169 37 214 215 
4500 37 225 
4500 41 128 71 12 110 79 84 85 118 
4500 42 107 77 167 
4500 47 
4500 50 177 
4500 51 251 
4500 52 144 270 
4500 53 295 140 205 177 217 158 
4500 54 99 241 83 
4500 55 120 205 54 159 
4500 57 99 135 9 270 80 211 
4500 58 0 214 
4500 60 256 
4500 64 155 54 
4500 65 280 113 90 108 272 
4500 67 208 
4500 69 185 98 279 183 
4500 71 82 155 
4500 72 145 
4500 74 281 
4500 75 201 
4500 76 224 235 
4500 77 192 203 255 
4500 78 281 143 
4500 79 163 78 191 
4500 80 97 178 140 
4500 81 72 146 
4500 82 41 108 133 
4500 83 19 196 262 
4500 84 97 
4500 85 99 12 125 
4500 86 
4500 88 
4500 89 8 208 282 
4500 90 290 142 190 
4500 91 142 
4500 92 120 199 
4500 94 242 207 
4500 97 75 204 
4500 98 256 
4500 99 
4500 100 113 107 203 135 
4500 101 138 54 
4500 102 160 182 118 
4500 103 192 5 
4500 105 242 262 159 
4500 106 178 47 
4500 107 147 125 71 
4500 108 240 114 20 
4500 110 280 8 196 191 
4500 112 138 11 242 
4500 113 
4500 114 19 92 271 
4500 117 132 
4500 118 112 57 244 47 
4500 119 240 35 159 
4500 120 168 99 143 
4500 121 91 276 
4500 123 114 142 
4500 124 193 27 
4500 125 
4500 126 88 177 114 4 10 
4500 127 120 113 204 0 
4500 128 
4500 129 108 199 
4500 132 207 
4500 133 240 100 
4500 134 75 194 67 132 133 
4500 135 17 
4500 136 192 126 55 
4500 138 35 21 47 
4500 139 
4500 140 248 191 
4500 141 121 241 
4500 142 190 
4500 143 132 
4500 144 
4500 145 90 
4500 146 
4500 147 296 
4500 149 293 
4500 151 102 
4500 152 184 10 237 
4500 154 129 12 53 
4500 155 81 226 42 141 199 
4500 158 152 121 165 
4500 159 
4500 160 225 47 205 145 
4500 161 136 176 51 276 119 180 
4500 162 245 
4500 163 184 216 
4500 164 276 189 198 
4500 165 166 183 
4500 166 256 
4500 167 112 290 294 
4500 168 297 9 
4500 169 
4500 170 169 262 
4500 171 41 110 166 215 
4500 174 144 22 238 
4500 176 86 
4500 177 280 
4500 178 41 299 163 174 295 
4500 179 240 82 170 198 
4500 180 35 83 295 
4500 182 65 234 241 
4500 183 213 
4500 184 232 178 279 42 71 
4500 185 171 
4500 187 92 191 
4500 188 
4500 189 296 226 196 18 
4500 190 192 110 
4500 191 20 149 198 
4500 192 204 279 
4500 193 269 
4500 194 81 185 
4500 196 235 
4500 197 64 18 253 
4500 198 0 123 158 
4500 199 168 28 10 20 
4500 201 79 196 53 143 
4500 202 161 151 55 
4500 203 16 245 
4500 204 226 134 
4500 205 88 27 79 199 
4500 206 225 163 198 
4500 207 112 169 
4500 208 297 241 182 127 
4500 209 135 
4500 210 242 101 135 
4500 211 
4500 213 27 75 
4500 214 240 161 283 78 80 
4500 215 280 16 231 182 167 
4500 216 282 180 14 
4500 217 192 145 226 78 
4500 219 
4500 220 82 
4500 224 273 228 135 
4500 225 72 121 235 151 
4500 226 251 127 
4500 228 
4500 229 259 132 159 
4500 231 225 277 14 
4500 232 295 
4500 234 144 163 140 237 245 
4500 235 169 213 262 201 
4500 237 152 226 91 
4500 238 37 
4500 240 41 259 229 86 
4500 241 240 225 51 151 
4500 242 240 79 
4500 244 206 290 102 22 
4500 245 280 184 17 
4500 248 118 199 
4500 250 208 65 290 86 79 
4500 251 
4500 253 152 240 146 71 
4500 255 291 
4500 256 144 103 295 
4500 259 188 
4500 261 160 259 
4500 262 176 138 67 167 
4500 263 217 250 228 127 
4500 269 194 124 106 159 
4500 270 180 134 126 
4500 271 276 119 
4500 272 
4500 273 1 165 238 178 183 152 191 
4500 274 160 273 90 77 199 
4500 276 42 244 18 
4500 277 198 
4500 278 296 117 
4500 279 50 
4500 280 132 
4500 281 184 24 123 
4500 282 198 17 5 14 
4500 283 
4500 284 141 214 
4500 285 294 
4500 287 121 52 
4500 290 149 41 245 6 145 
4500 291 
4500 293 272 105 231 209 
4500 294 113 28 121 
4500 295 162 278 119 
4500 296 77 
4500 297 160 179 100 171 
4500 299 281 
5400 0 65 58 205 
5400 1 0 234 27 
5400 2 171 276 
5400 3 201 219 
5400 4 32 231 
5400 5 76 125 
5400 6 27 197 102 
5400 7 217 94 270 193 
5400 8 269 
5400 9 179 60 79 
5400 10 202 220 
5400 11 192 198 
5400 12 
5400 13 242 139 138 125 
5400 14 106 37 
5400 15 253 
5400 16 166 
5400 17 184 37 143 
5400 18 21 
5400 19 287 
5400 20 154 158 215 
5400 21 81 31 
5400 22 47 
5400 25 136 
5400 27 240 135 
5400 28 25 197 77 263 
5400 29 102 
5400 31 147 29 
5400 32 67 214 
5400 34 132 75 3 164 102 
5400 35 169 37 214 215 
5400 37 225 
5400 41 128 71 12 110 79 84 85 118 
5400 42 107 77 167 
5400 47 
5400 50 177 
5400 51 
5400 52 144 270 
5400 53 295 140 205 177 217 158 
5400 54 99 241 83 
5400 55 120 205 54 159 
5400 57 99 135 9 270 80 211 
5400 58 0 214 
5400 60 256 
5400 65 280 113 108 272 
5400 67 208 
5400 69 185 98 279 183 
5400 71 155 
5400 72 145 
5400 74 281 
5400 75 201 
5400 76 224 235 
5400 77 192 203 255 
5400 78 281 143 
5400 79 163 78 
5400 80 97 178 140 
5400 81 72 
5400 83 19 196 262 
5400 84 97 
5400 85 99 12 125 
5400 86 
5400 88 
5400 89 8 208 282 
5400 91 142 
5400 92 120 
5400 94 242 207 
5400 97 75 204 
5400 98 256 
5400 99 
5400 100 113 107 203 135 
5400 101 138 54 
5400 102 160 182 118 
5400 103 192 5 
5400 105 242 262 159 
5400 106 178 47 
5400 107 147 125 71 
5400 108 240 114 20 
5400 110 280 8 196 
5400 113 
5400 114 19 92 
5400 117 132 
5400 118 57 244 47 
5400 119 240 35 159 
5400 120 168 99 143 
5400 121 91 276 
5400 123 114 142 
5400 124 193 27 
5400 125 
5400 126 88 177 114 4 10 
5400 127 120 113 204 0 
5400 128 
5400 129 108 
5400 132 207 
5400 133 240 100 
5400 134 75 194 67 132 133 
5400 135 17 
5400 136 192 126 55 
5400 138 35 21 47 
5400 139 
5400 140 248 
5400 141 121 241 
5400 142 190 
5400 143 132 
5400 144 
5400 145 
5400 147 296 
5400 149 
5400 151 102 
5400 152 184 10 237 
5400 154 129 12 53 
5400 155 81 226 42 141 
5400 158 152 121 165 
5400 159 
5400 160 225 47 205 145 
5400 161 176 136 51 276 119 
5400 162 245 
5400 163 184 216 
5400 164 276 189 198 
5400 165 166 183 
5400 166 256 
5400 167 290 294 
5400 168 297 9 
5400 169 
5400 170 169 262 
5400 171 41 110 166 215 
5400 174 144 22 238 
5400 176 86 
5400 177 280 
5400 178 41 299 163 174 295 
5400 179 240 170 198 
5400 182 65 234 241 
5400 183 213 
5400 184 232 178 279 42 71 
5400 185 171 
5400 187 92 
5400 188 
5400 189 296 226 196 18 
5400 190 192 110 
5400 192 204 279 
5400 193 269 
5400 194 81 185 
5400 196 235 
5400 197 18 253 
5400 198 0 123 158 
5400 201 79 196 53 143 
5400 202 161 151 55 
5400 203 16 245 
5400 204 226 134 
5400 205 88 27 79 
5400 206 225 163 198 
5400 207 169 
5400 208 297 241 182 127 
5400 209 135 
5400 211 
5400 213 27 75 
5400 214 240 161 283 78 80 
5400 215 280 16 231 182 167 
5400 216 282 14 
5400 217 192 145 226 78 
5400 219 
5400 220 
5400 224 273 228 135 
5400 225 72 121 235 151 
5400 226 127 
5400 228 
5400 229 259 132 159 
5400 231 225 277 14 
5400 232 295 
5400 234 144 163 140 237 245 
5400 235 169 213 262 201 
5400 237 152 226 91 
5400 238 37 
5400 240 41 259 229 86 
5400 241 240 225 51 151 
5400 242 240 79 
5400 244 206 290 102 22 
5400 245 280 184 17 
5400 248 118 
5400 250 208 65 290 86 79 
5400 253 240 152 71 
5400 255 291 
5400 256 144 103 295 
5400 259 188 
5400 261 160 259 
5400 262 176 138 67 167 
5400 263 217 250 228 127 
5400 269 194 124 106 159 
5400 270 134 126 
5400 272 
5400 273 1 165 238 178 183 152 
5400 274 160 273 77 
5400 276 42 244 18 
5400 277 198 
5400 278 296 117 
5400 279 50 
5400 280 132 
5400 281 184 123 
5400 282 198 17 5 14 
5400 283 
5400 284 141 214 
5400 285 294 
5400 287 121 52 
5400 290 149 41 245 6 145 
5400 291 
5400 294 113 28 121 
5400 295 162 278 119 
5400 296 77 
5400 297 160 179 100 171 
5400 299 281 
6300 0 65 58 205 
6300 1 0 234 27 
6300 2 171 276 
6300 3 201 219 
6300 4 32 231 
6300 5 76 125 
6300 6 27 102 
6300 7 217 94 270 193 
6300 8 269 
6300 9 179 60 
6300 10 202 220 
6300 11 192 198 
6300 12 
6300 13 242 139 138 125 
6300 14 106 37 
6300 15 253 
6300 16 166 
6300 17 184 37 143 
6300 18 21 
6300 19 287 
6300 20 154 158 215 
6300 21 81 31 
6300 22 47 
6300 25 136 
6300 27 240 135 
6300 29 102 
6300 31 147 29 
6300 32 67 214 
6300 34 132 75 3 164 102 
6300 35 169 37 214 215 
6300 37 225 
6300 41 128 71 12 110 84 118 
6300 42 107 77 167 
6300 47 
6300 51 
6300 52 144 270 
6300 53 295 140 205 177 217 158 
6300 54 99 241 83 
6300 55 120 205 54 159 
6300 57 99 135 9 270 80 211 
6300 58 0 214 
6300 60 256 
6300 65 280 113 108 272 
6300 67 208 
6300 69 185 98 183 
6300 71 
6300 72 145 
6300 74 281 
6300 75 201 
6300 76 224 235 
6300 77 192 203 255 
6300 78 281 143 
6300 80 97 178 140 
6300 81 72 
6300 83 19 196 262 
6300 84 97 
6300 86 
6300 88 
6300 89 8 208 282 
6300 91 142 
6300 92 120 
6300 94 242 207 
6300 97 75 204 
6300 98 256 
6300 99 
6300 100 113 107 203 135 
6300 101 138 54 
6300 102 160 118 
6300 103 192 5 
6300 105 242 262 159 
6300 106 178 47 
6300 107 147 125 71 
6300 108 240 114 20 
6300 110 280 8 196 
6300 113 
6300 114 19 92 
6300 117 132 
6300 118 57 244 47 
6300 119 240 35 159 
6300 120 168 99 143 
6300 121 91 276 
6300 123 114 142 
6300 124 193 27 
6300 125 
6300 126 88 177 114 4 10 
6300 127 120 113 204 0 
6300 128 
6300 129 108 
6300 132 207 
6300 133 240 100 
6300 134 75 194 67 132 133 
6300 135 17 
6300 136 192 126 55 
6300 138 35 21 47 
6300 139 
6300 140 
6300 141 121 241 
6300 142 190 
6300 143 132 
6300 144 
6300 145 
6300 147 296 
6300 149 
6300 151 102 
6300 152 184 10 237 
6300 154 129 12 53 
6300 158 152 121 
6300 159 
6300 160 225 47 205 145 
6300 161 176 136 51 276 119 
6300 162 245 
6300 163 184 216 
6300 164 276 189 198 
6300 166 256 
6300 167 290 294 
6300 168 297 9 
6300 169 
6300 170 169 262 
6300 171 41 110 166 215 
6300 174 144 22 238 
6300 176 86 
6300 177 280 
6300 178 41 299 163 174 295 
6300 179 240 170 198 
6300 183 213 
6300 184 178 42 71 
6300 185 171 
6300 187 92 
6300 188 
6300 189 296 226 196 18 
6300 190 192 110 
6300 192 204 
6300 193 269 
6300 194 81 185 
6300 196 235 
6300 198 0 123 158 
6300 201 196 53 143 
6300 202 161 151 55 
6300 203 16 245 
6300 204 226 134 
6300 205 88 27 
6300 206 225 163 198 
6300 207 169 
6300 208 297 241 127 
6300 209 135 
6300 211 
6300 213 27 75 
6300 214 240 161 283 78 80 
6300 215 280 16 167 231 
6300 216 282 14 
6300 217 192 145 226 78 
6300 219 
6300 220 
6300 224 228 135 
6300 225 72 121 235 151 
6300 226 127 
6300 228 
6300 229 259 132 159 
6300 231 225 277 14 
6300 234 144 163 140 237 245 
6300 235 169 213 262 201 
6300 237 152 226 91 
6300 238 37 
6300 240 41 259 229 86 
6300 241 240 225 51 151 
6300 242 240 
6300 244 206 290 102 22 
6300 245 280 184 17 
6300 253 240 152 71 
6300 255 291 
6300 256 144 103 295 
6300 259 188 
6300 261 160 259 
6300 262 176 138 67 167 
6300 263 217 228 127 
6300 269 194 124 106 159 
6300 270 134 126 
6300 272 
6300 274 160 77 
6300 276 42 244 18 
6300 277 198 
6300 278 296 117 
6300 280 132 
6300 281 184 123 
6300 282 198 17 5 14 
6300 283 
6300 284 141 214 
6300 285 294 
6300 287 121 52 
6300 290 149 41 245 6 145 
6300 291 
6300 294 113 121 
6300 295 162 278 119 
6300 296 77 
6300 297 160 179 100 171 
6300 299 281 
