0 0 
0 1 120 17 3 4 5 
0 2 
0 3 
0 4 0 1 11 
0 5 192 1 3 4 8 16 
0 6 3 4 
0 7 120 9 
0 8 1 3 
0 9 1 3 4 8 17 120 31 
0 10 3 20 
0 11 16 7 
0 12 1 3 4 5 8 16 21 
0 13 18 7 
0 14 
0 15 97 21 
0 16 192 4 
0 17 8 16 
0 18 20 13 
0 19 
0 20 
0 21 
0 22 0 2 
0 23 18 15 
0 24 0 17 
0 25 10 2 6 
0 26 0 1 3 5 8 9 11 16 
0 27 0 5 
0 28 0 6 
0 29 1 3 4 5 193 9 11 16 17 
0 30 120 1 4 7 
0 31 
0 32 8 1 4 5 
0 33 0 2 
0 34 0 14 
0 35 
0 36 0 14 
0 38 192 1 3 4 5 8 120 
0 39 0 31 
0 40 
0 41 2 67 6 7 40 9 10 12 13 14 271 18 20 184 281 15 31 
0 42 10 2 5 6 7 
0 43 0 6 
0 44 1 3 5 11 13 14 271 19 
0 45 8 10 2 
0 46 16 9 2 5 17 
0 47 8 0 
0 48 1 3 5 8 9 11 21 
0 49 0 7 
0 50 1 4 9 
0 51 0 1 
0 52 0 21 
0 53 1 2 67 4 6 7 9 10 12 13 14 15 18 20 
0 54 0 3 
0 55 40 3 12 6 7 
0 56 0 1 
0 57 1 3 4 5 193 8 9 11 271 16 17 19 
0 58 0 5 
0 59 1 3 4 6 9 11 21 
0 60 192 1 2 4 6 18 
0 61 1 3 5 7 8 14 
0 62 0 7 
0 63 8 1 3 5 
0 64 1 3 4 5 7 17 21 
0 66 0 15 
0 67 
0 68 0 193 
0 69 1 2 3 4 5 9 11 13 15 31 
0 70 0 1 
0 72 0 2 
0 73 0 1 
0 74 1 2 4 6 7 9 10 12 13 14 19 20 
0 75 192 1 3 4 5 8 9 11 12 16 17 120 
0 76 192 1 11 0 9 
0 77 192 16 3 19 7 
0 78 20 13 
0 79 250 196 
0 80 2 15 14 6 7 
0 81 0 31 
0 82 10 2 5 6 7 
0 83 97 2 
0 84 0 19 
0 86 3 6 14 7 
0 87 0 11 
0 88 1 2 67 4 6 7 10 12 13 14 15 18 
0 89 8 16 3 5 21 
0 90 0 281 
0 91 0 2 6 
0 92 0 13 
0 93 8 16 4 
0 94 1 2 4 5 6 12 13 14 15 
0 95 0 3 5 6 
0 96 0 10 
0 97 0 20 
0 98 1 10 2 
0 99 2 6 9 10 12 13 15 20 
0 100 0 4 
0 101 8 1 10 2 6 
0 102 1 2 4 6 7 9 10 12 13 14 19 20 
0 103 0 9 
0 104 0 1 
0 106 184 0 
0 108 1 3 4 7 8 193 17 120 
0 109 40 9 2 15 31 
0 110 8 1 2 11 193 
0 111 1 3 21 
0 112 0 1 3 5 8 11 16 
0 113 0 6 
0 114 4 6 7 12 19 184 
0 115 0 11 
0 117 1 2 4 6 10 13 14 15 18 
0 118 0 21 
0 119 8 16 3 4 
0 120 
0 121 0 193 
0 122 1 3 4 7 8 193 17 120 
0 123 2 67 5 6 7 10 12 15 184 
0 124 0 18 
0 125 0 3 
0 126 2 6 7 
0 127 15 3 5 6 7 
0 128 1 4 5 7 17 19 
0 129 0 193 
0 130 0 1 
0 131 0 15 
0 132 8 0 
0 133 0 2 
0 134 193 2 15 
0 135 0 15 
0 136 2 67 5 6 10 12 20 
0 137 10 2 12 5 6 
0 139 40 97 
0 140 2 40 10 12 13 14 18 184 
0 141 8 0 
0 142 16 0 
0 144 0 2 
0 145 19 5 7 
0 147 0 14 
0 148 1 3 5 11 13 14 271 19 
0 149 0 97 
0 150 0 97 
0 151 1 4 9 
0 153 3 1 11 5 9 
0 154 0 7 
0 155 0 67 
0 156 1 2 67 4 5 6 7 9 10 12 13 14 15 18 20 184 
0 157 4 6 7 12 19 184 
0 158 10 2 6 
0 159 1 2 4 6 10 13 14 15 18 
0 160 1 3 4 9 11 21 
0 161 1 3 5 8 9 11 
0 162 0 7 
0 163 0 17 
0 164 0 7 
0 165 1 3 4 5 7 8 17 19 
0 166 0 5 
0 167 0 5 
0 168 1 19 4 7 
0 169 1 3 4 7 8 193 17 120 
0 170 2 67 6 7 10 12 15 184 
0 171 0 2 
0 172 0 10 
0 173 11 19 2 3 
0 174 1 3 4 5 8 11 16 
0 175 0 9 
0 176 0 2 
0 177 0 3 
0 178 184 40 
0 179 8 16 11 5 
0 180 120 0 
0 181 0 4 
0 182 1 3 4 5 9 11 16 17 21 
0 183 1 2 67 4 6 7 9 10 12 13 18 20 281 
0 184 
0 185 0 4 
0 186 0 12 
0 187 0 11 
0 188 192 1 3 4 5 193 9 16 17 19 
0 189 18 13 14 
0 190 0 12 
0 192 
0 193 192 16 3 
0 194 10 2 6 
0 195 1 19 4 7 
0 196 0 2 40 10 12 13 15 184 
0 197 1 2 4 6 7 9 10 12 13 14 19 20 
0 198 97 11 
0 199 0 1 2 67 4 5 6 7 9 10 12 13 14 15 18 20 184 281 
0 200 0 3 
0 201 0 7 
0 202 0 7 
0 203 250 35 78 
0 204 2 6 7 
0 205 1 3 4 5 193 8 11 271 17 21 
0 206 1 3 4 5 193 8 9 17 19 21 
0 207 2 67 6 7 8 10 12 
0 208 1 3 5 8 9 11 21 
0 209 1 10 2 
0 210 0 2 6 
0 211 10 2 6 
0 212 1 3 4 5 193 8 9 11 16 17 120 250 
0 213 1 3 4 5 8 11 16 
0 214 1 2 4 6 10 13 14 15 18 
0 215 0 18 
0 216 192 1 3 4 8 12 17 120 
0 217 0 17 
0 218 0 
0 219 0 1 
0 220 8 10 2 5 
0 221 2 40 10 12 13 15 184 
0 222 0 11 
0 223 1 3 4 5 8 17 
0 224 40 97 
0 225 0 3 
0 226 0 67 
0 227 0 97 
0 228 2 67 6 7 8 10 12 
0 229 11 1 3 4 8 
0 230 0 12 
0 231 1 2 67 4 5 6 7 9 10 12 13 14 15 18 20 184 
0 232 0 3 
0 233 8 1 10 2 6 
0 234 0 7 
0 235 8 10 2 5 
0 236 0 9 
0 237 0 11 
0 238 0 40 
0 239 0 31 
0 240 0 9 
0 241 8 1 3 0 
0 242 8 0 
0 243 0 97 
0 244 0 10 
0 245 18 15 
0 246 1 3 4 5 6 8 9 11 21 
0 247 1 3 5 9 
0 248 1 2 67 4 5 6 7 9 10 12 13 14 18 20 
0 249 0 1 
0 250 0 2 35 196 40 10 12 13 15 184 
0 251 0 5 
0 252 0 5 
0 253 97 20 
0 254 0 13 
0 255 1 3 4 5 7 8 9 193 11 16 17 120 
0 256 1 2 4 5 6 7 9 10 12 13 14 15 18 20 
0 257 0 13 
0 258 250 196 
0 259 1 13 14 
0 260 192 120 3 19 
0 261 0 40 
0 262 97 5 
0 263 10 2 5 6 
0 264 2 12 5 6 15 
0 266 0 15 
0 267 0 1 
0 268 0 13 
0 269 0 7 
0 270 0 1 
0 271 3 5 
0 272 3 6 14 7 
0 273 8 16 3 21 
0 274 1 3 8 9 11 21 
0 275 0 20 
0 276 0 17 
0 277 10 2 6 
0 278 0 12 7 
0 279 192 0 
0 280 1 3 4 5 9 11 271 16 17 19 21 
0 281 
0 282 1 3 4 5 193 8 11 17 19 120 
0 283 0 11 
0 284 192 1 3 4 5 8 11 
0 285 0 1 
0 286 16 0 
0 287 0 14 15 
0 288 0 12 
0 289 196 6 78 
0 291 184 2 6 
0 292 1 3 11 12 13 14 16 20 
0 293 0 17 
0 294 0 1 
0 295 0 2 
0 296 0 9 
0 297 40 97 
0 298 0 35 
0 299 2 40 9 13 14 271 18 20 281 15 31 
900 0 
900 1 120 17 3 4 5 
900 2 
900 3 
900 4 0 1 11 
900 5 192 1 3 4 8 16 
900 6 3 4 
900 7 120 9 
900 8 1 3 
900 9 1 3 4 8 17 120 31 
900 10 3 20 
900 11 16 7 
900 12 1 3 4 5 8 16 21 
900 13 18 7 
900 14 
900 15 97 21 
900 16 192 4 
900 17 8 16 
900 18 20 13 
900 19 
900 20 
900 21 
900 22 0 2 
900 23 18 15 
900 25 10 2 6 
900 26 0 1 3 5 8 9 11 16 
900 27 0 5 
900 28 0 6 
900 29 1 3 4 5 193 9 11 16 17 
900 30 120 1 4 7 
900 31 
900 32 8 1 4 5 
900 33 0 2 
900 34 0 14 
900 35 
900 36 0 14 
900 38 192 1 3 4 5 8 120 
900 39 0 31 
900 40 
900 41 2 67 6 7 40 9 10 12 13 14 271 18 20 184 281 15 31 
900 42 10 2 5 6 7 
900 43 0 6 
900 44 1 3 5 11 13 14 271 19 
900 45 8 10 2 
900 46 16 9 2 5 17 
900 47 8 0 
900 48 1 3 5 8 9 11 21 
900 49 0 7 
900 50 1 4 9 
900 51 0 1 
900 52 0 21 
900 53 1 2 67 4 6 7 9 10 12 13 14 15 18 20 
900 54 0 3 
900 55 40 3 12 6 7 
900 56 0 1 
900 58 0 5 
900 59 1 3 4 6 9 11 21 
900 60 192 1 2 4 6 18 
900 62 0 7 
900 63 8 1 3 5 
900 64 1 3 4 5 7 17 21 
900 66 0 15 
900 67 
900 68 0 193 
900 69 1 2 3 4 5 9 11 13 15 31 
900 70 0 1 
900 72 0 2 
900 73 0 1 
900 74 1 2 4 6 7 9 10 12 13 14 19 20 
900 75 192 1 3 4 5 8 9 11 12 16 17 120 
900 76 192 1 11 0 9 
900 77 192 16 3 19 7 
900 78 20 13 
900 79 250 196 
900 80 2 15 14 6 7 
900 81 0 31 
900 82 10 2 5 6 7 
900 83 97 2 
900 84 0 19 
900 86 3 6 14 7 
900 87 0 11 
900 88 1 2 67 4 6 7 10 12 13 14 15 18 
900 89 8 16 3 5 21 
900 91 0 2 6 
900 92 0 13 
900 93 8 16 4 
900 94 1 2 4 5 6 12 13 14 15 
900 95 0 3 5 6 
900 96 0 10 
900 97 0 20 
900 98 1 10 2 
900 99 2 6 9 10 12 13 15 20 
900 100 0 4 
900 101 8 1 10 2 6 
900 102 1 2 4 6 7 9 10 12 13 14 19 20 
900 103 0 9 
900 104 0 1 
900 106 184 0 
900 108 1 3 4 7 8 193 17 120 
900 109 40 9 2 15 31 
900 110 8 1 2 11 193 
900 111 1 3 21 
900 112 0 1 3 5 8 11 16 
900 113 0 6 
900 115 0 11 
900 117 1 2 4 6 10 13 14 15 18 
900 118 0 21 
900 120 
900 121 0 193 
900 122 1 3 4 7 8 193 17 120 
900 123 2 67 5 6 7 10 12 15 184 
900 124 0 18 
900 125 0 3 
900 126 2 6 7 
900 127 15 3 5 6 7 
900 128 1 4 5 7 17 19 
900 129 0 193 
900 130 0 1 
900 131 0 15 
900 132 8 0 
900 133 0 2 
900 134 193 2 15 
900 135 0 15 
900 137 10 2 12 5 6 
900 139 40 97 
900 140 2 40 10 12 13 14 18 184 
900 141 8 0 
900 142 16 0 
900 145 19 5 7 
900 147 0 14 
900 148 1 3 5 11 13 14 271 19 
900 149 0 97 
900 150 0 97 
900 151 1 4 9 
900 153 3 1 11 5 9 
900 155 0 67 
900 156 1 2 67 4 5 6 7 9 10 12 13 14 15 18 20 184 
900 157 4 6 7 12 19 184 
900 158 10 2 6 
900 159 1 2 4 6 10 13 14 15 18 
900 160 1 3 4 9 11 21 
900 161 1 3 5 8 9 11 
900 163 0 17 
900 164 0 7 
900 165 1 3 4 5 7 8 17 19 
900 166 0 5 
900 167 0 5 
900 168 1 19 4 7 
900 169 1 3 4 7 8 193 17 120 
900 170 2 67 6 7 10 12 15 184 
900 171 0 2 
900 172 0 10 
900 173 11 19 2 3 
900 174 1 3 4 5 8 11 16 
900 175 0 9 
900 176 0 2 
900 177 0 3 
900 178 184 40 
900 179 8 16 11 5 
900 180 120 0 
900 181 0 4 
900 182 1 3 4 5 9 11 16 17 21 
900 183 1 2 67 4 6 7 9 10 12 13 18 20 281 
900 184 
900 185 0 4 
900 186 0 12 
900 187 0 11 
900 189 18 13 14 
900 190 0 12 
900 192 
900 193 192 16 3 
900 194 10 2 6 
900 195 1 19 4 7 
900 196 0 2 40 10 12 13 15 184 
900 197 1 2 4 6 7 9 10 12 13 14 19 20 
900 198 97 11 
900 199 0 1 2 67 4 5 6 7 9 10 12 13 14 15 18 20 184 281 
900 200 0 3 
900 201 0 7 
900 202 0 7 
900 203 250 35 78 
900 204 2 6 7 
900 205 1 3 4 5 193 8 11 271 17 21 
900 206 1 3 4 5 193 8 9 17 19 21 
900 207 2 67 6 7 8 10 12 
900 208 1 3 5 8 9 11 21 
900 209 1 10 2 
900 210 0 2 6 
900 211 10 2 6 
900 212 1 3 4 5 193 8 9 11 16 17 120 250 
900 213 1 3 4 5 8 11 16 
900 214 1 2 4 6 10 13 14 15 18 
900 215 0 18 
900 216 192 1 3 4 8 12 17 120 
900 217 0 17 
900 218 0 
900 219 0 1 
900 220 8 10 2 5 
900 221 2 40 10 12 13 15 184 
900 222 0 11 
900 223 1 3 4 5 8 17 
900 224 40 97 
900 225 0 3 
900 226 0 67 
900 227 0 97 
900 228 2 67 6 7 8 10 12 
900 229 11 1 3 4 8 
900 230 0 12 
900 231 1 2 67 4 5 6 7 9 10 12 13 14 15 18 20 184 
900 232 0 3 
900 234 0 7 
900 235 8 10 2 5 
900 236 0 9 
900 237 0 11 
900 238 0 40 
900 239 0 31 
900 240 0 9 
900 241 8 1 3 0 
900 242 8 0 
900 243 0 97 
900 244 0 10 
900 245 18 15 
900 246 1 3 4 5 6 8 9 11 21 
900 247 1 3 5 9 
900 248 1 2 67 4 5 6 7 9 10 12 13 14 18 20 
900 249 0 1 
900 250 0 2 35 196 40 10 12 13 15 184 
900 251 0 5 
900 252 0 5 
900 253 97 20 
900 254 0 13 
900 255 1 3 4 5 7 8 9 193 11 16 17 120 
900 256 1 2 4 5 6 7 9 10 12 13 14 15 18 20 
900 257 0 13 
900 258 250 196 
900 259 1 13 14 
900 260 192 120 3 19 
900 261 0 40 
900 262 97 5 
900 263 10 2 5 6 
900 264 2 12 5 6 15 
900 266 0 15 
900 267 0 1 
900 270 0 1 
900 271 3 5 
900 272 3 6 14 7 
900 273 8 16 3 21 
900 274 1 3 8 9 11 21 
900 275 0 20 
900 276 0 17 
900 277 10 2 6 
900 278 0 12 7 
900 279 192 0 
900 280 1 3 4 5 9 11 271 16 17 19 21 
900 281 
900 282 1 3 4 5 193 8 11 17 19 120 
900 283 0 11 
900 284 192 1 3 4 5 8 11 
900 285 0 1 
900 286 16 0 
900 287 0 14 15 
900 288 0 12 
900 289 196 6 78 
900 291 184 2 6 
900 292 1 3 11 12 13 14 16 20 
900 293 0 17 
900 294 0 1 
900 295 0 2 
900 296 0 9 
900 297 40 97 
900 298 0 35 
900 299 2 40 9 13 14 271 18 20 281 15 31 
1800 0 
1800 1 120 17 3 4 5 
1800 2 
1800 3 
1800 4 0 1 11 
1800 5 192 1 3 4 8 16 
1800 6 3 4 
1800 7 120 9 
1800 8 1 3 
1800 9 1 3 4 8 17 120 31 
1800 10 3 20 
1800 11 16 7 
1800 12 1 3 4 5 8 16 21 
1800 13 18 7 
1800 14 
1800 15 97 21 
1800 16 192 4 
1800 17 8 16 
1800 18 20 13 
1800 19 
1800 20 
1800 21 
1800 22 0 2 
1800 23 18 15 
1800 25 10 2 6 
1800 26 0 1 3 5 8 9 11 16 
1800 28 0 6 
1800 29 1 3 4 5 193 9 11 16 17 
1800 30 120 1 4 7 
1800 31 
1800 32 8 1 4 5 
1800 33 0 2 
1800 34 0 14 
1800 35 
1800 36 0 14 
1800 38 192 1 3 4 5 8 120 
1800 39 0 31 
1800 41 2 67 6 7 9 10 12 13 14 271 18 20 184 281 15 31 
1800 42 10 2 5 6 7 
1800 43 0 6 
1800 44 1 3 5 11 13 14 271 19 
1800 45 8 10 2 
1800 46 16 9 2 5 17 
1800 47 8 0 
1800 48 1 3 5 8 9 11 21 
1800 49 0 7 
1800 50 1 4 9 
1800 51 0 1 
1800 52 0 21 
1800 53 1 2 67 4 6 7 9 10 12 13 14 15 18 20 
1800 54 0 3 
1800 55 3 12 6 7 
1800 56 0 1 
1800 58 0 5 
1800 59 1 3 4 6 9 11 21 
1800 60 192 1 2 4 6 18 
1800 62 0 7 
1800 63 8 1 3 5 
1800 64 1 3 4 5 7 17 21 
1800 66 0 15 
1800 67 
1800 68 0 193 
1800 69 1 2 3 4 5 9 11 13 15 31 
1800 70 0 1 
1800 72 0 2 
1800 73 0 1 
1800 74 1 2 4 6 7 9 10 12 13 14 19 20 
1800 75 192 1 3 4 5 8 9 11 12 16 17 120 
1800 76 192 1 11 0 9 
1800 77 192 16 3 19 7 
1800 78 20 13 
1800 79 196 
1800 80 2 15 14 6 7 
1800 81 0 31 
1800 82 10 2 5 6 7 
1800 83 97 2 
1800 84 0 19 
1800 86 3 6 14 7 
1800 87 0 11 
1800 88 1 2 67 4 6 7 10 12 13 14 15 18 
1800 89 8 16 3 5 21 
1800 91 0 2 6 
1800 92 0 13 
1800 93 8 16 4 
1800 95 0 3 5 6 
1800 96 0 10 
1800 97 0 20 
1800 98 1 10 2 
1800 99 2 6 9 10 12 13 15 20 
1800 100 0 4 
1800 102 1 2 4 6 7 9 10 12 13 14 19 20 
1800 103 0 9 
1800 104 0 1 
1800 106 184 0 
1800 108 1 3 4 7 8 193 17 120 
1800 109 9 2 15 31 
1800 110 8 1 2 11 193 
1800 111 1 3 21 
1800 112 0 1 3 5 8 11 16 
1800 113 0 6 
1800 115 0 11 
1800 117 1 2 4 6 10 13 14 15 18 
1800 118 0 21 
1800 120 
1800 121 0 193 
1800 122 1 3 4 7 8 193 17 120 
1800 123 2 67 5 6 7 10 12 15 184 
1800 124 0 18 
1800 125 0 3 
1800 126 2 6 7 
1800 127 15 3 5 6 7 
1800 128 1 4 5 7 17 19 
1800 129 0 193 
1800 130 0 1 
1800 131 0 15 
1800 132 8 0 
1800 133 0 2 
1800 134 193 2 15 
1800 135 0 15 
1800 137 10 2 12 5 6 
1800 140 2 10 12 13 14 18 184 
1800 141 8 0 
1800 142 16 0 
1800 147 0 14 
1800 148 1 3 5 11 13 14 271 19 
1800 149 0 97 
1800 150 0 97 
1800 151 1 4 9 
1800 153 3 1 11 5 9 
1800 155 0 67 
1800 156 1 2 67 4 5 6 7 9 10 12 13 14 15 18 20 184 
1800 157 4 6 7 12 19 184 
1800 158 10 2 6 
1800 159 1 2 4 6 10 13 14 15 18 
1800 160 1 3 4 9 11 21 
1800 161 1 3 5 8 9 11 
1800 163 0 17 
1800 164 0 7 
1800 165 1 3 4 5 7 8 17 19 
1800 166 0 5 
1800 168 1 19 4 7 
1800 169 1 3 4 7 8 193 17 120 
1800 170 2 67 6 7 10 12 15 184 
1800 171 0 2 
1800 172 0 10 
1800 173 11 19 2 3 
1800 174 1 3 4 5 8 11 16 
1800 175 0 9 
1800 176 0 2 
1800 178 184 
1800 179 8 16 11 5 
1800 180 120 0 
1800 181 0 4 
1800 184 
1800 185 0 4 
1800 186 0 12 
1800 187 0 11 
1800 189 18 13 14 
1800 190 0 12 
1800 192 
1800 193 192 16 3 
1800 194 10 2 6 
1800 195 1 19 4 7 
1800 196 0 2 10 12 13 15 184 
1800 197 1 2 4 6 7 9 10 12 13 14 19 20 
1800 199 0 1 2 67 4 5 6 7 9 10 12 13 14 15 18 20 184 281 
1800 200 0 3 
1800 201 0 7 
1800 202 0 7 
1800 203 35 78 
1800 204 2 6 7 
1800 205 1 3 4 5 193 8 11 271 17 21 
1800 206 1 3 4 5 193 8 9 17 19 21 
1800 207 2 67 6 7 8 10 12 
1800 208 1 3 5 8 9 11 21 
1800 209 1 10 2 
1800 210 0 2 6 
1800 211 10 2 6 
1800 212 1 3 4 5 193 8 9 11 16 17 120 
1800 213 1 3 4 5 8 11 16 
1800 214 1 2 4 6 10 13 14 15 18 
1800 215 0 18 
1800 216 192 1 3 4 8 12 17 120 
1800 217 0 17 
1800 218 0 
1800 219 0 1 
1800 220 8 10 2 5 
1800 221 2 10 12 13 15 184 
1800 222 0 11 
1800 223 1 3 4 5 8 17 
1800 224 97 
1800 225 0 3 
1800 226 0 67 
1800 227 0 97 
1800 228 2 67 6 7 8 10 12 
1800 229 11 1 3 4 8 
1800 230 0 12 
1800 231 1 2 67 4 5 6 7 9 10 12 13 14 15 18 20 184 
1800 232 0 3 
1800 234 0 7 
1800 235 8 10 2 5 
1800 236 0 9 
1800 237 0 11 
1800 238 0 
1800 240 0 9 
1800 241 8 1 3 0 
1800 242 8 0 
1800 243 0 97 
1800 244 0 10 
1800 245 18 15 
1800 246 1 3 4 5 6 8 9 11 21 
1800 247 1 3 5 9 
1800 248 1 2 67 4 5 6 7 9 10 12 13 14 18 20 
1800 249 0 1 
1800 251 0 5 
1800 252 0 5 
1800 253 97 20 
1800 254 0 13 
1800 255 1 3 4 5 7 8 9 193 11 16 17 120 
1800 256 1 2 4 5 6 7 9 10 12 13 14 15 18 20 
1800 257 0 13 
1800 258 196 
1800 259 1 13 14 
1800 260 192 120 3 19 
1800 261 0 
1800 262 97 5 
1800 263 10 2 5 6 
1800 264 2 12 5 6 15 
1800 266 0 15 
1800 267 0 1 
1800 270 0 1 
1800 271 3 5 
1800 272 3 6 14 7 
1800 273 8 16 3 21 
1800 274 1 3 8 9 11 21 
1800 275 0 20 
1800 276 0 17 
1800 277 10 2 6 
1800 278 0 12 7 
1800 279 192 0 
1800 280 1 3 4 5 9 11 271 16 17 19 21 
1800 281 
1800 282 1 3 4 5 193 8 11 17 19 120 
1800 283 0 11 
1800 284 192 1 3 4 5 8 11 
1800 285 0 1 
1800 287 0 14 15 
1800 288 0 12 
1800 289 196 6 78 
1800 291 184 2 6 
1800 292 1 3 11 12 13 14 16 20 
1800 293 0 17 
1800 294 0 1 
1800 295 0 2 
1800 296 0 9 
1800 297 97 
1800 298 0 35 
1800 299 2 9 13 14 271 18 20 281 15 31 
2700 0 
2700 1 120 17 3 4 5 
2700 2 
2700 3 
2700 4 0 1 11 
2700 5 192 1 3 4 8 16 
2700 6 3 4 
2700 7 120 9 
2700 8 1 3 
2700 9 1 3 4 8 17 120 31 
2700 10 3 20 
2700 11 16 7 
2700 12 1 3 4 5 8 16 21 
2700 13 18 7 
2700 14 
2700 15 97 21 
2700 16 192 4 
2700 17 8 16 
2700 18 20 13 
2700 19 
2700 20 
2700 21 
2700 22 0 2 
2700 23 18 15 
2700 25 10 2 6 
2700 26 0 1 3 5 8 9 11 16 
2700 28 0 6 
2700 29 1 3 4 5 193 9 11 16 17 
2700 30 120 1 4 7 
2700 31 
2700 32 8 1 4 5 
2700 33 0 2 
2700 34 0 14 
2700 35 
2700 38 192 1 3 4 5 8 120 
2700 39 0 31 
2700 41 2 67 6 7 9 10 12 13 14 271 18 20 184 281 15 31 
2700 42 10 2 5 6 7 
2700 43 0 6 
2700 44 1 3 5 11 13 14 271 19 
2700 45 8 10 2 
2700 46 16 9 2 5 17 
2700 47 8 0 
2700 48 1 3 5 8 9 11 21 
2700 49 0 7 
2700 50 1 4 9 
2700 51 0 1 
2700 52 0 21 
2700 53 1 2 67 4 6 7 9 10 12 13 14 15 18 20 
2700 54 0 3 
2700 55 3 12 6 7 
2700 56 0 1 
2700 58 0 5 
2700 59 1 3 4 6 9 11 21 
2700 60 192 1 2 4 6 18 
2700 62 0 7 
2700 63 8 1 3 5 
2700 64 1 3 4 5 7 17 21 
2700 66 0 15 
2700 67 
2700 68 0 193 
2700 69 1 2 3 4 5 9 11 13 15 31 
2700 70 0 1 
2700 72 0 2 
2700 73 0 1 
2700 75 192 1 3 4 5 8 9 11 12 16 17 120 
2700 76 192 1 11 0 9 
2700 77 192 16 3 19 7 
2700 78 20 13 
2700 79 196 
2700 80 2 15 14 6 7 
2700 81 0 31 
2700 82 10 2 5 6 7 
2700 83 97 2 
2700 84 0 19 
2700 86 3 6 14 7 
2700 87 0 11 
2700 88 1 2 67 4 6 7 10 12 13 14 15 18 
2700 89 8 16 3 5 21 
2700 91 0 2 6 
2700 92 0 13 
2700 93 8 16 4 
2700 95 0 3 5 6 
2700 97 0 20 
2700 98 1 10 2 
2700 99 2 6 9 10 12 13 15 20 
2700 100 0 4 
2700 102 1 2 4 6 7 9 10 12 13 14 19 20 
2700 103 0 9 
2700 104 0 1 
2700 108 1 3 4 7 8 193 17 120 
2700 109 9 2 15 31 
2700 110 8 1 2 11 193 
2700 111 1 3 21 
2700 112 0 1 3 5 8 11 16 
2700 113 0 6 
2700 115 0 11 
2700 117 1 2 4 6 10 13 14 15 18 
2700 118 0 21 
2700 120 
2700 121 0 193 
2700 122 1 3 4 7 8 193 17 120 
2700 123 2 67 5 6 7 10 12 15 184 
2700 124 0 18 
2700 125 0 3 
2700 126 2 6 7 
2700 127 15 3 5 6 7 
2700 128 1 4 5 7 17 19 
2700 129 0 193 
2700 130 0 1 
2700 131 0 15 
2700 132 8 0 
2700 133 0 2 
2700 134 193 2 15 
2700 135 0 15 
2700 140 2 10 12 13 14 18 184 
2700 141 8 0 
2700 147 0 14 
2700 148 1 3 5 11 13 14 271 19 
2700 149 0 97 
2700 150 0 97 
2700 151 1 4 9 
2700 153 3 1 11 5 9 
2700 155 0 67 
2700 156 1 2 67 4 5 6 7 9 10 12 13 14 15 18 20 184 
2700 157 4 6 7 12 19 184 
2700 158 10 2 6 
2700 159 1 2 4 6 10 13 14 15 18 
2700 160 1 3 4 9 11 21 
2700 161 1 3 5 8 9 11 
2700 163 0 17 
2700 164 0 7 
2700 165 1 3 4 5 7 8 17 19 
2700 166 0 5 
2700 168 1 19 4 7 
2700 169 1 3 4 7 8 193 17 120 
2700 170 2 67 6 7 10 12 15 184 
2700 171 0 2 
2700 172 0 10 
2700 173 11 19 2 3 
2700 174 1 3 4 5 8 11 16 
2700 175 0 9 
2700 176 0 2 
2700 178 184 
2700 179 8 16 11 5 
2700 180 120 0 
2700 181 0 4 
2700 184 
2700 185 0 4 
2700 186 0 12 
2700 187 0 11 
2700 189 18 13 14 
2700 190 0 12 
2700 192 
2700 193 192 16 3 
2700 194 10 2 6 
2700 196 0 2 10 12 13 15 184 
2700 197 1 2 4 6 7 9 10 12 13 14 19 20 
2700 199 0 1 2 67 4 5 6 7 9 10 12 13 14 15 18 20 184 281 
2700 200 0 3 
2700 201 0 7 
2700 202 0 7 
2700 203 35 78 
2700 204 2 6 7 
2700 205 1 3 4 5 193 8 11 271 17 21 
2700 206 1 3 4 5 193 8 9 17 19 21 
2700 207 2 67 6 7 8 10 12 
2700 208 1 3 5 8 9 11 21 
2700 209 1 10 2 
2700 211 10 2 6 
2700 212 1 3 4 5 193 8 9 11 16 17 120 
2700 213 1 3 4 5 8 11 16 
2700 215 0 18 
2700 216 192 1 3 4 8 12 17 120 
2700 217 0 17 
2700 218 0 
2700 219 0 1 
2700 220 8 10 2 5 
2700 221 2 10 12 13 15 184 
2700 222 0 11 
2700 223 1 3 4 5 8 17 
2700 224 97 
2700 225 0 3 
2700 226 0 67 
2700 227 0 97 
2700 229 11 1 3 4 8 
2700 230 0 12 
2700 231 1 2 67 4 5 6 7 9 10 12 13 14 15 18 20 184 
2700 232 0 3 
2700 234 0 7 
2700 235 8 10 2 5 
2700 236 0 9 
2700 237 0 11 
2700 238 0 
2700 240 0 9 
2700 241 8 1 3 0 
2700 242 8 0 
2700 243 0 97 
2700 244 0 10 
2700 245 18 15 
2700 246 1 3 4 5 6 8 9 11 21 
2700 247 1 3 5 9 
2700 248 1 2 67 4 5 6 7 9 10 12 13 14 18 20 
2700 249 0 1 
2700 251 0 5 
2700 252 0 5 
2700 253 97 20 
2700 254 0 13 
2700 255 1 3 4 5 7 8 9 193 11 16 17 120 
2700 256 1 2 4 5 6 7 9 10 12 13 14 15 18 20 
2700 257 0 13 
2700 258 196 
2700 259 1 13 14 
2700 260 192 120 3 19 
2700 262 97 5 
2700 263 10 2 5 6 
2700 264 2 12 5 6 15 
2700 266 0 15 
2700 267 0 1 
2700 270 0 1 
2700 271 3 5 
2700 272 3 6 14 7 
2700 273 8 16 3 21 
2700 274 1 3 8 9 11 21 
2700 275 0 20 
2700 276 0 17 
2700 277 10 2 6 
2700 278 0 12 7 
2700 279 192 0 
2700 280 1 3 4 5 9 11 271 16 17 19 21 
2700 281 
2700 284 192 1 3 4 5 8 11 
2700 285 0 1 
2700 287 0 14 15 
2700 288 0 12 
2700 289 196 6 78 
2700 291 184 2 6 
2700 292 1 3 11 12 13 14 16 20 
2700 293 0 17 
2700 294 0 1 
2700 295 0 2 
2700 296 0 9 
2700 298 0 35 
2700 299 2 9 13 14 271 18 20 281 15 31 
3600 0 
3600 1 120 17 3 4 5 
3600 2 
3600 3 
3600 4 0 1 11 
3600 5 192 1 3 4 8 16 
3600 6 3 4 
3600 7 120 9 
3600 8 1 3 
3600 9 1 3 4 8 17 120 31 
3600 10 3 20 
3600 11 16 7 
3600 12 1 3 4 5 8 16 21 
3600 13 18 7 
3600 14 
3600 15 97 21 
3600 16 192 4 
3600 17 8 16 
3600 18 20 13 
3600 19 
3600 20 
3600 21 
3600 22 0 2 
3600 23 18 15 
3600 25 10 2 6 
3600 26 0 1 3 5 8 9 11 16 
3600 28 0 6 
3600 29 1 3 4 5 9 11 16 17 
3600 30 120 1 4 7 
3600 31 
3600 33 0 2 
3600 34 0 14 
3600 35 
3600 38 192 1 3 4 5 8 120 
3600 39 0 31 
3600 42 10 2 5 6 7 
3600 43 0 6 
3600 44 1 3 5 11 13 14 271 19 
3600 45 8 10 2 
3600 46 16 9 2 5 17 
3600 47 8 0 
3600 48 1 3 5 8 9 11 21 
3600 49 0 7 
3600 50 1 4 9 
3600 51 0 1 
3600 52 0 21 
3600 53 1 2 67 4 6 7 9 10 12 13 14 15 18 20 
3600 54 0 3 
3600 55 3 12 6 7 
3600 56 0 1 
3600 58 0 5 
3600 59 1 3 4 6 9 11 21 
3600 60 192 1 2 4 6 18 
3600 62 0 7 
3600 63 8 1 3 5 
3600 64 1 3 4 5 7 17 21 
3600 66 0 15 
3600 67 
3600 68 0 
3600 69 1 2 3 4 5 9 11 13 15 31 
3600 70 0 1 
3600 72 0 2 
3600 73 0 1 
3600 75 192 1 3 4 5 8 9 11 12 16 17 120 
3600 76 192 1 11 0 9 
3600 77 192 16 3 19 7 
3600 78 20 13 
3600 79 196 
3600 80 2 15 14 6 7 
3600 81 0 31 
3600 82 10 2 5 6 7 
3600 83 97 2 
3600 84 0 19 
3600 86 3 6 14 7 
3600 87 0 11 
3600 88 1 2 67 4 6 7 10 12 13 14 15 18 
3600 89 8 16 3 5 21 
3600 91 0 2 6 
3600 92 0 13 
3600 93 8 16 4 
3600 95 0 3 5 6 
3600 97 0 20 
3600 98 1 10 2 
3600 99 2 6 9 10 12 13 15 20 
3600 100 0 4 
3600 102 1 2 4 6 7 9 10 12 13 14 19 20 
3600 103 0 9 
3600 104 0 1 
3600 108 1 3 4 7 8 17 120 
3600 109 9 2 15 31 
3600 110 8 1 2 11 
3600 111 1 3 21 
3600 112 0 1 3 5 8 11 16 
3600 113 0 6 
3600 115 0 11 
3600 117 1 2 4 6 10 13 14 15 18 
3600 118 0 21 
3600 120 
3600 121 0 
3600 122 1 3 4 7 8 17 120 
3600 123 2 67 5 6 7 10 12 15 184 
3600 124 0 18 
3600 125 0 3 
3600 126 2 6 7 
3600 127 15 3 5 6 7 
3600 128 1 4 5 7 17 19 
3600 129 0 
3600 132 8 0 
3600 133 0 2 
3600 134 2 15 
3600 135 0 15 
3600 141 8 0 
3600 147 0 14 
3600 148 1 3 5 11 13 14 271 19 
3600 149 0 97 
3600 150 0 97 
3600 151 1 4 9 
3600 153 3 1 11 5 9 
3600 155 0 67 
3600 156 1 2 67 4 5 6 7 9 10 12 13 14 15 18 20 184 
3600 157 4 6 7 12 19 184 
3600 158 10 2 6 
3600 159 1 2 4 6 10 13 14 15 18 
3600 160 1 3 4 9 11 21 
3600 161 1 3 5 8 9 11 
3600 163 0 17 
3600 164 0 7 
3600 165 1 3 4 5 7 8 17 19 
3600 166 0 5 
3600 169 1 3 4 7 8 17 120 
3600 170 2 67 6 7 10 12 15 184 
3600 171 0 2 
3600 172 0 10 
3600 173 11 19 2 3 
3600 174 1 3 4 5 8 11 16 
3600 175 0 9 
3600 178 184 
3600 179 8 16 11 5 
3600 180 120 0 
3600 184 
3600 185 0 4 
3600 186 0 12 
3600 187 0 11 
3600 189 18 13 14 
3600 190 0 12 
3600 192 
3600 194 10 2 6 
3600 196 0 2 10 12 13 15 184 
3600 197 1 2 4 6 7 9 10 12 13 14 19 20 
3600 199 0 1 2 67 4 5 6 7 9 10 12 13 14 15 18 20 184 281 
3600 200 0 3 
3600 201 0 7 
3600 202 0 7 
3600 203 35 78 
3600 204 2 6 7 
3600 205 1 3 4 5 8 11 271 17 21 
3600 206 1 3 4 5 8 9 17 19 21 
3600 207 2 67 6 7 8 10 12 
3600 208 1 3 5 8 9 11 21 
3600 209 1 10 2 
3600 211 10 2 6 
3600 212 1 3 4 5 8 9 11 16 17 120 
3600 213 1 3 4 5 8 11 16 
3600 215 0 18 
3600 216 192 1 3 4 8 12 17 120 
3600 217 0 17 
3600 218 0 
3600 219 0 1 
3600 220 8 10 2 5 
3600 221 2 10 12 13 15 184 
3600 222 0 11 
3600 223 1 3 4 5 8 17 
3600 224 97 
3600 225 0 3 
3600 226 0 67 
3600 227 0 97 
3600 229 11 1 3 4 8 
3600 230 0 12 
3600 231 1 2 67 4 5 6 7 9 10 12 13 14 15 18 20 184 
3600 232 0 3 
3600 234 0 7 
3600 235 8 10 2 5 
3600 236 0 9 
3600 237 0 11 
3600 238 0 
3600 240 0 9 
3600 241 8 1 3 0 
3600 242 8 0 
3600 243 0 97 
3600 244 0 10 
3600 246 1 3 4 5 6 8 9 11 21 
3600 247 1 3 5 9 
3600 248 1 2 67 4 5 6 7 9 10 12 13 14 18 20 
3600 249 0 1 
3600 251 0 5 
3600 252 0 5 
3600 253 97 20 
3600 254 0 13 
3600 255 1 3 4 5 7 8 9 11 16 17 120 
3600 256 1 2 4 5 6 7 9 10 12 13 14 15 18 20 
3600 258 196 
3600 259 1 13 14 
3600 260 192 120 3 19 
3600 262 97 5 
3600 264 2 12 5 6 15 
3600 266 0 15 
3600 267 0 1 
3600 270 0 1 
3600 271 3 5 
3600 272 3 6 14 7 
3600 273 8 16 3 21 
3600 274 1 3 8 9 11 21 
3600 276 0 17 
3600 277 10 2 6 
3600 278 0 12 7 
3600 279 192 0 
3600 280 1 3 4 5 9 11 271 16 17 19 21 
3600 281 
3600 284 192 1 3 4 5 8 11 
3600 285 0 1 
3600 287 0 14 15 
3600 289 196 6 78 
3600 291 184 2 6 
3600 292 1 3 11 12 13 14 16 20 
3600 293 0 17 
3600 294 0 1 
3600 295 0 2 
3600 296 0 9 
3600 298 0 35 
3600 299 2 9 13 14 271 18 20 281 15 31 
4500 0 
4500 1 120 17 3 4 5 
4500 2 
4500 3 
4500 4 0 1 11 
4500 5 192 1 3 4 8 16 
4500 6 3 4 
4500 7 120 9 
4500 8 1 3 
4500 9 1 3 4 8 17 120 31 
4500 10 3 20 
4500 11 16 7 
4500 12 1 3 4 5 8 16 21 
4500 13 18 7 
4500 14 
4500 15 97 21 
4500 16 192 4 
4500 17 8 16 
4500 18 20 13 
4500 19 
4500 20 
4500 21 
4500 22 0 2 
4500 23 18 15 
4500 25 10 2 6 
4500 26 0 1 3 5 8 9 11 16 
4500 28 0 6 
4500 29 1 3 4 5 9 11 16 17 
4500 30 120 1 4 7 
4500 31 
4500 33 0 2 
4500 34 0 14 
4500 35 
4500 38 192 1 3 4 5 8 120 
4500 39 0 31 
4500 42 10 2 5 6 7 
4500 43 0 6 
4500 44 1 3 5 11 13 14 271 19 
4500 45 8 10 2 
4500 47 8 0 
4500 48 1 3 5 8 9 11 21 
4500 49 0 7 
4500 50 1 4 9 
4500 51 0 1 
4500 52 0 21 
4500 53 1 2 67 4 6 7 9 10 12 13 14 15 18 20 
4500 54 0 3 
4500 55 3 12 6 7 
4500 56 0 1 
4500 58 0 5 
4500 59 1 3 4 6 9 11 21 
4500 60 192 1 2 4 6 18 
4500 62 0 7 
4500 63 8 1 3 5 
4500 64 1 3 4 5 7 17 21 
4500 66 0 15 
4500 67 
4500 68 0 
4500 70 0 1 
4500 72 0 2 
4500 73 0 1 
4500 75 192 1 3 4 5 8 9 11 12 16 17 120 
4500 76 192 1 11 0 9 
4500 78 20 13 
4500 80 2 15 14 6 7 
4500 81 0 31 
4500 82 10 2 5 6 7 
4500 83 97 2 
4500 84 0 19 
4500 86 3 6 14 7 
4500 87 0 11 
4500 89 8 16 3 5 21 
4500 92 0 13 
4500 93 8 16 4 
4500 95 0 3 5 6 
4500 97 0 20 
4500 98 1 10 2 
4500 99 2 6 9 10 12 13 15 20 
4500 100 0 4 
4500 102 1 2 4 6 7 9 10 12 13 14 19 20 
4500 104 0 1 
4500 108 1 3 4 7 8 17 120 
4500 109 9 2 15 31 
4500 110 8 1 2 11 
4500 111 1 3 21 
4500 112 0 1 3 5 8 11 16 
4500 113 0 6 
4500 115 0 11 
4500 117 1 2 4 6 10 13 14 15 18 
4500 118 0 21 
4500 120 
4500 121 0 
4500 123 2 67 5 6 7 10 12 15 184 
4500 124 0 18 
4500 126 2 6 7 
4500 127 15 3 5 6 7 
4500 128 1 4 5 7 17 19 
4500 129 0 
4500 132 8 0 
4500 133 0 2 
4500 134 2 15 
4500 135 0 15 
4500 141 8 0 
4500 147 0 14 
4500 148 1 3 5 11 13 14 271 19 
4500 149 0 97 
4500 150 0 97 
4500 151 1 4 9 
4500 153 3 1 11 5 9 
4500 155 0 67 
4500 156 1 2 67 4 5 6 7 9 10 12 13 14 15 18 20 184 
4500 157 4 6 7 12 19 184 
4500 158 10 2 6 
4500 159 1 2 4 6 10 13 14 15 18 
4500 160 1 3 4 9 11 21 
4500 161 1 3 5 8 9 11 
4500 163 0 17 
4500 164 0 7 
4500 165 1 3 4 5 7 8 17 19 
4500 166 0 5 
4500 169 1 3 4 7 8 17 120 
4500 170 2 67 6 7 10 12 15 184 
4500 171 0 2 
4500 172 0 10 
4500 173 11 19 2 3 
4500 174 1 3 4 5 8 11 16 
4500 175 0 9 
4500 178 184 
4500 179 8 16 11 5 
4500 180 120 0 
4500 184 
4500 185 0 4 
4500 186 0 12 
4500 187 0 11 
4500 189 18 13 14 
4500 190 0 12 
4500 192 
4500 194 10 2 6 
4500 196 0 2 10 12 13 15 184 
4500 197 1 2 4 6 7 9 10 12 13 14 19 20 
4500 199 0 1 2 67 4 5 6 7 9 10 12 13 14 15 18 20 184 281 
4500 200 0 3 
4500 201 0 7 
4500 202 0 7 
4500 203 35 78 
4500 204 2 6 7 
4500 205 1 3 4 5 8 11 271 17 21 
4500 206 1 3 4 5 8 9 17 19 21 
4500 207 2 67 6 7 8 10 12 
4500 208 1 3 5 8 9 11 21 
4500 209 1 10 2 
4500 211 10 2 6 
4500 212 1 3 4 5 8 9 11 16 17 120 
4500 215 0 18 
4500 216 192 1 3 4 8 12 17 120 
4500 217 0 17 
4500 218 0 
4500 219 0 1 
4500 220 8 10 2 5 
4500 221 2 10 12 13 15 184 
4500 222 0 11 
4500 223 1 3 4 5 8 17 
4500 224 97 
4500 225 0 3 
4500 226 0 67 
4500 227 0 97 
4500 229 11 1 3 4 8 
4500 230 0 12 
4500 231 1 2 67 4 5 6 7 9 10 12 13 14 15 18 20 184 
4500 232 0 3 
4500 234 0 7 
4500 235 8 10 2 5 
4500 236 0 9 
4500 237 0 11 
4500 238 0 
4500 240 0 9 
4500 241 8 1 3 0 
4500 242 8 0 
4500 243 0 97 
4500 244 0 10 
4500 246 1 3 4 5 6 8 9 11 21 
4500 247 1 3 5 9 
4500 251 0 5 
4500 252 0 5 
4500 253 97 20 
4500 254 0 13 
4500 255 1 3 4 5 7 8 9 11 16 17 120 
4500 256 1 2 4 5 6 7 9 10 12 13 14 15 18 20 
4500 258 196 
4500 259 1 13 14 
4500 260 192 120 3 19 
4500 262 97 5 
4500 266 0 15 
4500 267 0 1 
4500 270 0 1 
4500 271 3 5 
4500 272 3 6 14 7 
4500 273 8 16 3 21 
4500 274 1 3 8 9 11 21 
4500 276 0 17 
4500 278 0 12 7 
4500 279 192 0 
4500 280 1 3 4 5 9 11 271 16 17 19 21 
4500 281 
4500 284 192 1 3 4 5 8 11 
4500 285 0 1 
4500 287 0 14 15 
4500 289 196 6 78 
4500 291 184 2 6 
4500 292 1 3 11 12 13 14 16 20 
4500 293 0 17 
4500 294 0 1 
4500 295 0 2 
4500 296 0 9 
4500 298 0 35 
4500 299 2 9 13 14 271 18 20 281 15 31 
5400 0 
5400 1 120 17 3 4 5 
5400 2 
5400 3 
5400 4 0 1 11 
5400 5 192 1 3 4 8 16 
5400 6 3 4 
5400 7 120 9 
5400 8 1 3 
5400 9 1 3 4 8 17 120 31 
5400 10 3 20 
5400 11 16 7 
5400 12 1 3 4 5 8 16 21 
5400 13 18 7 
5400 14 
5400 15 97 21 
5400 16 192 4 
5400 17 8 16 
5400 18 20 13 
5400 19 
5400 20 
5400 21 
5400 22 0 2 
5400 23 18 15 
5400 25 10 2 6 
5400 26 0 1 3 5 8 9 11 16 
5400 28 0 6 
5400 29 1 3 4 5 9 11 16 17 
5400 30 120 1 4 7 
5400 31 
5400 33 0 2 
5400 34 0 14 
5400 35 
5400 38 192 1 3 4 5 8 120 
5400 39 0 31 
5400 42 10 2 5 6 7 
5400 43 0 6 
5400 44 1 3 5 11 13 14 271 19 
5400 45 8 10 2 
5400 47 8 0 
5400 48 1 3 5 8 9 11 21 
5400 49 0 7 
5400 50 1 4 9 
5400 51 0 1 
5400 52 0 21 
5400 53 1 2 67 4 6 7 9 10 12 13 14 15 18 20 
5400 54 0 3 
5400 55 3 12 6 7 
5400 56 0 1 
5400 58 0 5 
5400 60 192 1 2 4 6 18 
5400 62 0 7 
5400 63 8 1 3 5 
5400 64 1 3 4 5 7 17 21 
5400 67 
5400 68 0 
5400 70 0 1 
5400 72 0 2 
5400 73 0 1 
5400 75 192 1 3 4 5 8 9 11 12 16 17 120 
5400 76 192 1 11 0 9 
5400 78 20 13 
5400 80 2 15 14 6 7 
5400 81 0 31 
5400 82 10 2 5 6 7 
5400 83 97 2 
5400 84 0 19 
5400 86 3 6 14 7 
5400 89 8 16 3 5 21 
5400 92 0 13 
5400 93 8 16 4 
5400 95 0 3 5 6 
5400 97 0 20 
5400 99 2 6 9 10 12 13 15 20 
5400 100 0 4 
5400 102 1 2 4 6 7 9 10 12 13 14 19 20 
5400 104 0 1 
5400 108 1 3 4 7 8 17 120 
5400 109 9 2 15 31 
5400 111 1 3 21 
5400 112 0 1 3 5 8 11 16 
5400 113 0 6 
5400 115 0 11 
5400 117 1 2 4 6 10 13 14 15 18 
5400 118 0 21 
5400 120 
5400 121 0 
5400 124 0 18 
5400 126 2 6 7 
5400 127 15 3 5 6 7 
5400 128 1 4 5 7 17 19 
5400 129 0 
5400 132 8 0 
5400 133 0 2 
5400 134 2 15 
5400 135 0 15 
5400 141 8 0 
5400 147 0 14 
5400 148 1 3 5 11 13 14 271 19 
5400 150 0 97 
5400 151 1 4 9 
5400 153 3 1 11 5 9 
5400 155 0 67 
5400 156 1 2 67 4 5 6 7 9 10 12 13 14 15 18 20 184 
5400 157 4 6 7 12 19 184 
5400 158 10 2 6 
5400 160 1 3 4 9 11 21 
5400 161 1 3 5 8 9 11 
5400 163 0 17 
5400 164 0 7 
5400 165 1 3 4 5 7 8 17 19 
5400 169 1 3 4 7 8 17 120 
5400 170 2 67 6 7 10 12 15 184 
5400 171 0 2 
5400 172 0 10 
5400 173 11 19 2 3 
5400 174 1 3 4 5 8 11 16 
5400 175 0 9 
5400 178 184 
5400 179 8 16 11 5 
5400 180 120 0 
5400 184 
5400 185 0 4 
5400 186 0 12 
5400 187 0 11 
5400 192 
5400 194 10 2 6 
5400 196 0 2 10 12 13 15 184 
5400 197 1 2 4 6 7 9 10 12 13 14 19 20 
5400 199 0 1 2 67 4 5 6 7 9 10 12 13 14 15 18 20 184 281 
5400 200 0 3 
5400 201 0 7 
5400 202 0 7 
5400 203 35 78 
5400 204 2 6 7 
5400 205 1 3 4 5 8 11 271 17 21 
5400 206 1 3 4 5 8 9 17 19 21 
5400 207 2 67 6 7 8 10 12 
5400 208 1 3 5 8 9 11 21 
5400 209 1 10 2 
5400 212 1 3 4 5 8 9 11 16 17 120 
5400 215 0 18 
5400 216 192 1 3 4 8 12 17 120 
5400 217 0 17 
5400 218 0 
5400 219 0 1 
5400 220 8 10 2 5 
5400 221 2 10 12 13 15 184 
5400 222 0 11 
5400 223 1 3 4 5 8 17 
5400 224 97 
5400 225 0 3 
5400 226 0 67 
5400 229 11 1 3 4 8 
5400 230 0 12 
5400 231 1 2 67 4 5 6 7 9 10 12 13 14 15 18 20 184 
5400 232 0 3 
5400 234 0 7 
5400 235 8 10 2 5 
5400 236 0 9 
5400 237 0 11 
5400 238 0 
5400 240 0 9 
5400 241 8 1 3 0 
5400 242 8 0 
5400 243 0 97 
5400 244 0 10 
5400 247 1 3 5 9 
5400 251 0 5 
5400 252 0 5 
5400 253 97 20 
5400 254 0 13 
5400 255 1 3 4 5 7 8 9 11 16 17 120 
5400 256 1 2 4 5 6 7 9 10 12 13 14 15 18 20 
5400 258 196 
5400 259 1 13 14 
5400 260 192 120 3 19 
5400 262 97 5 
5400 266 0 15 
5400 267 0 1 
5400 270 0 1 
5400 271 3 5 
5400 272 3 6 14 7 
5400 273 8 16 3 21 
5400 274 1 3 8 9 11 21 
5400 276 0 17 
5400 278 0 12 7 
5400 279 192 0 
5400 280 1 3 4 5 9 11 271 16 17 19 21 
5400 281 
5400 284 192 1 3 4 5 8 11 
5400 285 0 1 
5400 287 0 14 15 
5400 289 196 6 78 
5400 291 184 2 6 
5400 292 1 3 11 12 13 14 16 20 
5400 293 0 17 
5400 294 0 1 
5400 295 0 2 
5400 296 0 9 
5400 298 0 35 
5400 299 2 9 13 14 271 18 20 281 15 31 
6300 0 
6300 1 120 17 3 4 5 
6300 2 
6300 3 
6300 4 0 1 11 
6300 5 192 1 3 4 8 16 
6300 6 3 4 
6300 7 120 9 
6300 8 1 3 
6300 9 1 3 4 8 17 120 31 
6300 10 3 20 
6300 11 16 7 
6300 12 1 3 4 5 8 16 21 
6300 13 18 7 
6300 14 
6300 15 97 21 
6300 16 192 4 
6300 17 8 16 
6300 18 20 13 
6300 19 
6300 20 
6300 21 
6300 22 0 2 
6300 23 18 15 
6300 25 10 2 6 
6300 26 0 1 3 5 8 9 11 16 
6300 28 0 6 
6300 29 1 3 4 5 9 11 16 17 
6300 31 
6300 34 0 14 
6300 35 
6300 38 192 1 3 4 5 8 120 
6300 39 0 31 
6300 42 10 2 5 6 7 
6300 43 0 6 
6300 44 1 3 5 11 13 14 271 19 
6300 45 8 10 2 
6300 47 8 0 
6300 48 1 3 5 8 9 11 21 
6300 49 0 7 
6300 50 1 4 9 
6300 51 0 1 
6300 52 0 21 
6300 53 1 2 67 4 6 7 9 10 12 13 14 15 18 20 
6300 54 0 3 
6300 56 0 1 
6300 58 0 5 
6300 60 192 1 2 4 6 18 
6300 62 0 7 
6300 63 8 1 3 5 
6300 64 1 3 4 5 7 17 21 
6300 67 
6300 68 0 
6300 70 0 1 
6300 73 0 1 
6300 76 192 1 11 0 9 
6300 78 20 13 
6300 80 2 15 14 6 7 
6300 81 0 31 
6300 82 10 2 5 6 7 
6300 83 97 2 
6300 84 0 19 
6300 86 3 6 14 7 
6300 92 0 13 
6300 95 0 3 5 6 
6300 97 0 20 
6300 99 2 6 9 10 12 13 15 20 
6300 100 0 4 
6300 102 1 2 4 6 7 9 10 12 13 14 19 20 
6300 104 0 1 
6300 108 1 3 4 7 8 17 120 
6300 109 9 2 15 31 
6300 111 1 3 21 
6300 112 0 1 3 5 8 11 16 
6300 113 0 6 
6300 115 0 11 
6300 117 1 2 4 6 10 13 14 15 18 
6300 118 0 21 
6300 120 
6300 121 0 
6300 124 0 18 
6300 126 2 6 7 
6300 128 1 4 5 7 17 19 
6300 129 0 
6300 132 8 0 
6300 134 2 15 
6300 135 0 15 
6300 141 8 0 
6300 147 0 14 
6300 148 1 3 5 11 13 14 271 19 
6300 150 0 97 
6300 151 1 4 9 
6300 155 0 67 
6300 156 1 2 67 4 5 6 7 9 10 12 13 14 15 18 20 184 
6300 157 4 6 7 12 19 184 
6300 158 10 2 6 
6300 160 1 3 4 9 11 21 
6300 161 1 3 5 8 9 11 
6300 163 0 17 
6300 164 0 7 
6300 165 1 3 4 5 7 8 17 19 
6300 169 1 3 4 7 8 17 120 
6300 171 0 2 
6300 172 0 10 
6300 173 11 19 2 3 
6300 174 1 3 4 5 8 11 16 
6300 175 0 9 
6300 178 184 
6300 179 8 16 11 5 
6300 180 120 0 
6300 184 
6300 185 0 4 
6300 186 0 12 
6300 187 0 11 
6300 192 
6300 194 10 2 6 
6300 196 0 2 10 12 13 15 184 
6300 199 0 1 2 67 4 5 6 7 9 10 12 13 14 15 18 20 184 281 
6300 200 0 3 
6300 201 0 7 
6300 202 0 7 
6300 203 35 78 
6300 204 2 6 7 
6300 205 1 3 4 5 8 11 271 17 21 
6300 206 1 3 4 5 8 9 17 19 21 
6300 207 2 67 6 7 8 10 12 
6300 208 1 3 5 8 9 11 21 
6300 209 1 10 2 
6300 212 1 3 4 5 8 9 11 16 17 120 
6300 215 0 18 
6300 216 192 1 3 4 8 12 17 120 
6300 217 0 17 
6300 218 0 
6300 219 0 1 
6300 220 8 10 2 5 
6300 221 2 10 12 13 15 184 
6300 222 0 11 
6300 223 1 3 4 5 8 17 
6300 224 97 
6300 225 0 3 
6300 226 0 67 
6300 229 11 1 3 4 8 
6300 230 0 12 
6300 232 0 3 
6300 234 0 7 
6300 235 8 10 2 5 
6300 236 0 9 
6300 237 0 11 
6300 238 0 
6300 240 0 9 
6300 241 8 1 3 0 
6300 242 8 0 
6300 243 0 97 
6300 244 0 10 
6300 247 1 3 5 9 
6300 251 0 5 
6300 252 0 5 
6300 253 97 20 
6300 254 0 13 
6300 255 1 3 4 5 7 8 9 11 16 17 120 
6300 256 1 2 4 5 6 7 9 10 12 13 14 15 18 20 
6300 258 196 
6300 259 1 13 14 
6300 260 192 120 3 19 
6300 262 97 5 
6300 266 0 15 
6300 267 0 1 
6300 270 0 1 
6300 271 3 5 
6300 272 3 6 14 7 
6300 273 8 16 3 21 
6300 274 1 3 8 9 11 21 
6300 276 0 17 
6300 278 0 12 7 
6300 279 192 0 
6300 280 1 3 4 5 9 11 271 16 17 19 21 
6300 281 
6300 284 192 1 3 4 5 8 11 
6300 285 0 1 
6300 289 196 6 78 
6300 291 184 2 6 
6300 292 1 3 11 12 13 14 16 20 
6300 293 0 17 
6300 294 0 1 
6300 295 0 2 
6300 296 0 9 
6300 298 0 35 
6300 299 2 9 13 14 271 18 20 281 15 31 
