0 0 26 
0 1 197 103 168 113 242 156 
0 2 26 
0 3 26 91 
0 4 33 162 197 103 72 238 240 
0 5 
0 6 26 
0 7 26 
0 8 16 72 238 103 
0 9 162 197 113 42 142 240 17 148 183 61 
0 10 240 148 156 61 
0 11 32 197 103 72 238 240 113 
0 12 26 
0 13 26 
0 14 26 
0 15 26 
0 16 113 
0 17 42 
0 18 16 162 242 142 103 
0 19 26 
0 20 26 142 
0 21 283 42 142 176 17 91 220 61 254 
0 22 289 162 283 5 42 142 176 17 148 254 182 183 91 156 61 62 
0 23 168 113 156 197 
0 24 5 238 176 142 283 156 
0 25 266 27 286 135 
0 26 
0 27 17 220 289 
0 28 33 162 197 72 238 240 
0 29 26 
0 30 26 
0 31 197 103 168 240 17 182 72 61 
0 32 
0 33 
0 34 26 
0 35 176 142 
0 36 26 
0 38 26 
0 39 284 
0 40 289 162 197 113 42 103 142 176 17 283 156 61 5 
0 41 26 
0 42 17 
0 43 26 
0 44 26 
0 45 5 103 142 176 183 283 156 254 
0 46 283 183 142 103 
0 47 176 142 
0 48 26 
0 49 26 
0 50 26 
0 51 289 162 113 197 103 42 142 176 17 62 183 26 283 156 61 254 5 
0 52 113 162 197 
0 53 32 291 197 238 240 113 242 283 
0 54 26 
0 55 26 
0 56 26 
0 57 26 
0 58 289 5 103 142 176 283 
0 59 17 42 61 
0 60 26 
0 61 
0 62 
0 63 113 283 
0 64 26 
0 66 42 220 183 
0 67 26 
0 68 176 197 142 
0 69 240 162 197 103 
0 70 91 284 
0 72 16 156 
0 73 26 
0 74 176 142 
0 75 26 
0 76 26 
0 77 26 
0 78 197 113 42 142 176 17 183 61 
0 79 26 
0 80 176 142 238 103 
0 81 26 
0 82 291 197 238 240 113 242 156 223 
0 83 26 
0 84 289 197 16 72 240 17 283 61 
0 86 162 168 42 142 183 156 
0 87 26 
0 88 32 72 26 197 162 
0 89 289 162 197 113 42 142 176 17 183 283 156 61 5 
0 90 176 197 142 
0 91 
0 92 289 162 197 17 168 142 176 113 283 156 61 
0 93 289 162 197 113 42 103 142 176 17 183 283 156 61 
0 94 197 103 238 240 156 61 
0 95 289 162 42 142 17 148 182 183 91 61 62 
0 96 16 197 103 72 238 240 113 
0 97 240 148 156 61 
0 98 26 
0 99 176 142 238 103 
0 100 26 
0 101 197 113 42 142 176 17 183 283 156 61 5 
0 102 220 142 148 183 156 61 
0 103 32 16 197 238 240 113 
0 104 26 197 
0 106 26 284 
0 108 26 
0 109 289 162 142 176 17 183 283 
0 110 33 162 197 103 72 238 240 113 
0 111 26 283 156 
0 112 266 247 135 
0 113 72 26 197 
0 114 26 
0 115 26 
0 117 16 197 103 72 238 240 26 
0 118 197 113 42 142 176 17 183 61 
0 119 26 
0 120 32 16 162 291 197 103 72 238 240 113 242 283 
0 121 16 162 197 103 168 238 240 113 242 182 72 223 
0 122 33 162 197 103 168 238 240 113 242 223 
0 123 72 142 197 238 223 
0 124 168 113 283 156 254 
0 125 176 142 238 
0 126 32 33 197 103 240 17 
0 127 26 
0 128 168 16 156 240 32 
0 129 26 
0 130 148 183 220 142 223 
0 131 26 
0 132 26 
0 133 26 91 
0 134 26 
0 135 91 42 142 176 17 286 283 27 220 61 254 
0 136 26 
0 137 176 197 238 142 
0 139 26 
0 140 289 162 197 17 168 142 176 113 283 156 61 
0 141 32 113 42 197 142 
0 142 
0 144 91 42 142 176 17 286 283 27 220 61 254 
0 145 33 162 197 103 72 238 240 113 
0 147 26 
0 148 
0 149 283 142 176 17 183 91 254 
0 150 176 156 142 103 
0 151 26 
0 153 168 113 156 197 
0 154 26 103 
0 155 266 247 135 
0 156 162 
0 157 5 142 176 183 283 156 254 
0 158 176 142 103 
0 159 33 162 197 72 240 113 
0 160 26 
0 161 289 162 113 197 103 42 142 176 17 183 283 156 61 254 5 
0 162 291 197 238 240 113 242 148 
0 163 240 72 162 197 103 
0 164 26 
0 165 26 
0 166 32 291 197 103 238 240 113 
0 167 26 
0 168 
0 169 156 142 
0 170 26 
0 171 284 
0 172 168 240 142 72 
0 173 16 33 240 238 
0 174 176 142 
0 175 26 
0 176 240 
0 177 168 156 103 
0 178 26 
0 179 156 142 
0 180 176 156 142 103 
0 181 26 
0 182 240 103 
0 183 33 
0 184 289 162 197 113 42 142 176 17 283 156 62 5 
0 185 26 
0 186 162 142 148 183 91 220 
0 187 26 238 
0 188 26 
0 189 16 162 197 103 72 238 240 26 
0 190 240 26 
0 192 33 197 103 240 113 242 156 
0 193 240 26 197 238 
0 194 113 291 156 197 
0 195 26 
0 196 33 162 197 16 103 72 240 113 242 
0 197 240 113 242 291 103 
0 198 26 
0 199 26 
0 200 113 197 238 103 
0 201 168 113 283 156 254 
0 202 26 
0 203 291 197 238 240 113 242 156 223 
0 204 26 
0 205 26 
0 206 33 162 197 103 72 238 240 
0 207 26 
0 208 91 254 
0 209 33 162 197 16 103 72 240 113 242 
0 210 16 240 238 113 
0 211 16 162 291 197 103 72 266 238 240 113 242 223 
0 212 26 
0 213 26 
0 214 176 197 238 142 
0 215 26 238 
0 216 26 
0 217 197 103 168 240 17 182 72 61 
0 218 26 61 183 
0 219 33 26 
0 220 
0 221 27 247 
0 222 26 142 
0 223 16 32 240 
0 224 240 33 197 
0 225 26 
0 226 26 
0 227 197 103 168 238 240 113 242 156 
0 228 197 103 238 240 113 242 
0 229 26 283 
0 230 16 197 103 72 238 240 113 
0 231 32 113 42 197 142 
0 232 176 283 142 103 
0 233 26 
0 234 32 72 26 197 162 
0 235 26 
0 236 26 
0 237 240 26 103 
0 238 240 197 
0 239 26 142 
0 240 
0 241 162 197 103 72 238 240 
0 242 16 238 
0 243 240 113 197 238 72 
0 244 162 197 113 72 103 142 240 17 148 183 220 
0 245 26 
0 246 26 
0 247 283 142 176 17 183 26 91 254 
0 248 33 162 197 16 103 168 240 113 242 182 72 
0 249 16 162 197 103 72 240 113 242 223 
0 250 26 
0 251 284 
0 252 26 284 
0 253 33 197 103 72 238 240 113 242 182 223 
0 254 
0 255 26 
0 256 26 
0 257 176 142 
0 258 26 
0 259 197 113 103 142 17 183 283 61 
0 260 33 162 197 72 240 113 
0 261 26 
0 262 42 220 183 
0 263 91 284 
0 264 16 33 240 238 103 
0 266 283 183 142 176 17 286 247 26 91 254 
0 267 26 
0 268 26 
0 269 289 162 113 197 103 42 142 176 17 183 283 156 61 254 5 
0 270 26 
0 271 5 238 176 142 283 156 
0 272 26 142 
0 273 26 
0 274 26 
0 275 32 16 162 197 103 168 240 113 242 223 
0 276 284 
0 277 168 32 291 240 
0 278 16 162 291 197 103 72 238 240 113 242 156 223 
0 279 289 162 197 17 168 142 176 113 283 156 61 
0 280 291 197 103 168 238 240 113 242 72 223 
0 281 26 
0 282 254 142 
0 283 33 197 16 103 238 240 113 
0 284 26 
0 285 240 197 238 103 
0 286 
0 287 240 91 283 156 
0 288 26 
0 289 
0 291 
0 292 26 
0 293 26 142 
0 294 26 
0 295 291 197 238 240 113 242 156 223 
0 296 26 
0 297 26 
0 298 26 
0 299 26 
900 0 26 
900 1 197 103 168 113 242 156 
900 2 26 
900 3 26 91 
900 4 33 197 103 72 238 240 
900 5 
900 6 26 
900 7 26 
900 8 16 72 238 103 
900 9 197 113 42 142 240 17 148 183 
900 10 240 156 148 
900 11 32 197 103 72 238 240 113 
900 12 26 
900 13 26 
900 14 26 
900 15 26 
900 16 113 
900 17 42 
900 18 16 242 142 103 
900 19 26 
900 20 26 142 
900 21 283 42 142 176 17 91 220 254 
900 22 289 283 5 42 142 176 17 148 254 182 183 91 156 62 
900 23 168 113 156 197 
900 25 266 27 286 135 
900 26 
900 27 17 220 289 
900 28 240 33 197 238 72 
900 29 26 
900 30 26 
900 31 197 103 168 240 17 182 72 
900 32 
900 33 
900 34 26 
900 35 176 142 
900 36 26 
900 38 26 
900 39 284 
900 40 289 197 113 42 103 142 176 17 283 156 5 
900 41 26 
900 42 17 
900 43 26 
900 44 26 
900 45 5 103 142 176 183 283 156 254 
900 46 283 183 142 103 
900 47 176 142 
900 48 26 
900 49 26 
900 50 26 
900 51 289 197 113 42 103 142 176 17 62 183 26 283 156 254 5 
900 52 113 197 
900 53 32 291 197 238 240 113 242 283 
900 54 26 
900 55 26 
900 56 26 
900 58 289 5 103 142 176 283 
900 59 17 42 
900 60 26 
900 62 
900 63 113 283 
900 64 26 
900 66 42 220 183 
900 67 26 
900 68 176 197 142 
900 69 240 197 103 
900 70 91 284 
900 72 16 156 
900 73 26 
900 74 176 142 
900 75 26 
900 76 26 
900 77 26 
900 78 197 113 42 142 176 17 183 
900 79 26 
900 80 176 142 238 103 
900 81 26 
900 82 291 197 238 240 113 242 156 223 
900 83 26 
900 84 16 197 289 72 240 17 283 
900 86 168 42 156 142 183 
900 87 26 
900 88 32 72 26 197 
900 89 289 197 113 42 142 176 17 183 283 156 5 
900 91 
900 92 289 197 17 168 142 176 113 283 156 
900 93 289 197 113 42 103 142 176 17 183 283 156 
900 94 240 156 197 238 103 
900 95 289 42 142 17 148 182 183 91 62 
900 96 16 197 103 72 238 240 113 
900 97 240 156 148 
900 98 26 
900 99 176 142 238 103 
900 100 26 
900 101 197 113 42 142 176 17 183 283 156 5 
900 102 148 156 220 142 183 
900 103 32 16 197 238 240 113 
900 104 26 197 
900 106 26 284 
900 108 26 
900 109 289 142 176 17 183 283 
900 110 33 197 103 72 238 240 113 
900 111 26 283 156 
900 112 266 247 135 
900 113 72 26 197 
900 115 26 
900 117 16 197 103 72 238 240 26 
900 118 197 113 42 142 176 17 183 
900 120 32 16 291 197 103 72 238 240 113 242 283 
900 121 16 197 103 168 238 240 113 242 182 72 223 
900 122 33 197 103 168 238 240 113 242 223 
900 123 72 142 197 238 223 
900 124 168 113 283 156 254 
900 125 176 142 238 
900 126 32 33 197 103 240 17 
900 127 26 
900 128 168 16 156 240 32 
900 129 26 
900 130 148 183 220 142 223 
900 131 26 
900 132 26 
900 133 26 91 
900 134 26 
900 135 91 42 142 176 17 286 283 27 220 254 
900 137 176 197 238 142 
900 139 26 
900 140 289 197 17 168 142 176 113 283 156 
900 141 32 113 42 197 142 
900 142 
900 145 33 197 103 72 238 240 113 
900 147 26 
900 148 
900 149 283 142 176 17 183 91 254 
900 150 176 156 142 103 
900 151 26 
900 153 168 113 156 197 
900 155 266 247 135 
900 156 
900 157 5 142 176 183 283 156 254 
900 158 176 142 103 
900 159 240 33 197 72 113 
900 160 26 
900 161 289 197 113 42 103 142 176 17 183 283 156 254 5 
900 163 240 72 197 103 
900 164 26 
900 165 26 
900 166 32 291 197 103 238 240 113 
900 167 26 
900 168 
900 169 156 142 
900 170 26 
900 171 284 
900 172 168 240 142 72 
900 173 16 33 240 238 
900 174 176 142 
900 175 26 
900 176 240 
900 177 168 156 103 
900 178 26 
900 179 156 142 
900 180 176 156 142 103 
900 181 26 
900 182 240 103 
900 183 33 
900 184 289 197 113 42 142 176 17 283 156 62 5 
900 185 26 
900 186 148 91 220 142 183 
900 187 26 238 
900 189 16 197 103 72 238 240 26 
900 190 240 26 
900 192 33 197 103 240 113 242 156 
900 193 240 26 197 238 
900 194 113 291 156 197 
900 195 26 
900 196 33 197 16 103 72 240 113 242 
900 197 240 113 242 291 103 
900 198 26 
900 199 26 
900 200 113 197 238 103 
900 201 168 113 283 156 254 
900 202 26 
900 203 291 197 238 240 113 242 156 223 
900 204 26 
900 205 26 
900 206 33 197 103 72 238 240 
900 207 26 
900 208 91 254 
900 209 33 197 16 103 72 240 113 242 
900 210 16 240 238 113 
900 211 16 291 197 103 72 266 238 240 113 242 223 
900 212 26 
900 213 26 
900 214 176 197 238 142 
900 215 26 238 
900 216 26 
900 217 197 103 168 240 17 182 72 
900 218 26 183 
900 219 33 26 
900 220 
900 221 27 247 
900 222 26 142 
900 223 16 32 240 
900 224 240 33 197 
900 225 26 
900 226 26 
900 227 197 103 168 238 240 113 242 156 
900 228 197 103 238 240 113 242 
900 229 26 283 
900 230 16 197 103 72 238 240 113 
900 231 32 113 42 197 142 
900 232 176 283 142 103 
900 234 32 72 26 197 
900 235 26 
900 236 26 
900 237 240 26 103 
900 238 240 197 
900 239 26 142 
900 240 
900 241 240 72 197 238 103 
900 242 16 238 
900 243 240 113 197 238 72 
900 244 197 113 72 103 142 240 17 148 183 220 
900 245 26 
900 246 26 
900 247 283 142 176 17 183 26 91 254 
900 248 33 197 16 103 168 240 113 242 182 72 
900 249 16 197 103 72 240 113 242 223 
900 250 26 
900 251 284 
900 252 26 284 
900 253 33 197 103 72 238 240 113 242 182 223 
900 254 
900 255 26 
900 256 26 
900 257 176 142 
900 258 26 
900 259 197 113 103 142 17 183 283 
900 260 240 33 197 72 113 
900 261 26 
900 262 42 220 183 
900 263 91 284 
900 264 16 33 240 238 103 
900 266 283 183 142 176 17 286 247 26 91 254 
900 267 26 
900 270 26 
900 271 5 238 176 142 283 156 
900 272 26 142 
900 273 26 
900 274 26 
900 275 32 16 197 103 168 240 113 242 223 
900 276 284 
900 277 168 32 291 240 
900 278 16 291 197 103 72 238 240 113 242 156 223 
900 279 289 197 17 168 142 176 113 283 156 
900 280 291 197 103 168 238 240 113 242 72 223 
900 281 26 
900 282 254 142 
900 283 33 197 16 103 238 240 113 
900 284 26 
900 285 240 197 238 103 
900 286 
900 287 240 91 283 156 
900 288 26 
900 289 
900 291 
900 292 26 
900 293 26 142 
900 294 26 
900 295 291 197 238 240 113 242 156 223 
900 296 26 
900 297 26 
900 298 26 
900 299 26 
1800 0 26 
1800 1 197 103 168 113 242 156 
1800 2 26 
1800 3 26 91 
1800 4 33 197 103 72 238 240 
1800 5 
1800 6 26 
1800 7 26 
1800 8 16 72 238 103 
1800 9 197 113 42 142 240 17 148 
1800 10 240 156 148 
1800 11 32 197 103 72 238 240 113 
1800 12 26 
1800 13 26 
1800 14 26 
1800 15 26 
1800 16 113 
1800 17 42 
1800 18 16 242 142 103 
1800 19 26 
1800 20 26 142 
1800 21 283 42 142 176 17 91 220 254 
1800 22 289 283 5 42 142 176 17 148 62 91 156 254 
1800 23 168 113 156 197 
1800 25 266 135 
1800 26 
1800 28 240 33 197 238 72 
1800 29 26 
1800 30 26 
1800 31 197 103 168 240 17 72 
1800 32 
1800 33 
1800 34 26 
1800 35 176 142 
1800 36 26 
1800 38 26 
1800 39 284 
1800 41 26 
1800 42 17 
1800 43 26 
1800 44 26 
1800 45 5 103 142 176 283 156 254 
1800 46 283 142 103 
1800 47 176 142 
1800 48 26 
1800 49 26 
1800 50 26 
1800 51 289 197 113 42 103 142 176 17 62 26 283 156 254 5 
1800 52 113 197 
1800 53 32 291 197 238 240 113 242 283 
1800 54 26 
1800 55 26 
1800 56 26 
1800 58 289 5 103 142 176 283 
1800 59 17 42 
1800 60 26 
1800 62 
1800 63 113 283 
1800 64 26 
1800 66 42 220 
1800 67 26 
1800 68 176 197 142 
1800 69 240 197 103 
1800 70 91 284 
1800 72 16 156 
1800 73 26 
1800 74 176 142 
1800 75 26 
1800 76 26 
1800 77 26 
1800 78 197 113 42 142 176 17 
1800 79 26 
1800 80 176 142 238 103 
1800 81 26 
1800 82 291 197 238 240 113 242 156 223 
1800 83 26 
1800 84 16 197 289 72 240 17 283 
1800 86 168 42 156 142 
1800 87 26 
1800 88 32 72 26 197 
1800 89 289 197 113 42 142 176 17 283 156 5 
1800 91 
1800 92 289 197 17 168 142 176 113 283 156 
1800 93 289 197 113 42 103 142 176 17 283 156 
1800 95 289 42 142 17 148 91 62 
1800 96 16 197 103 72 238 240 113 
1800 97 240 156 148 
1800 98 26 
1800 99 176 142 238 103 
1800 100 26 
1800 102 148 156 220 142 
1800 103 32 16 197 238 240 113 
1800 104 26 197 
1800 106 26 284 
1800 108 26 
1800 109 176 17 283 142 289 
1800 110 33 197 103 72 238 240 113 
1800 111 26 283 156 
1800 112 266 247 135 
1800 113 72 26 197 
1800 115 26 
1800 117 16 197 103 72 238 240 26 
1800 118 197 113 42 142 176 17 
1800 120 32 16 291 197 103 72 238 240 113 242 283 
1800 121 16 197 103 168 238 240 113 242 72 223 
1800 122 33 197 103 168 238 240 113 242 223 
1800 123 72 142 197 238 223 
1800 124 168 113 283 156 254 
1800 125 176 142 238 
1800 126 32 33 197 103 240 17 
1800 127 26 
1800 128 168 16 156 240 32 
1800 129 26 
1800 130 148 220 142 223 
1800 131 26 
1800 132 26 
1800 133 26 91 
1800 134 26 
1800 135 283 42 142 176 17 91 220 254 
1800 137 176 197 238 142 
1800 140 289 197 17 168 142 176 113 283 156 
1800 141 32 113 42 197 142 
1800 142 
1800 147 26 
1800 148 
1800 149 283 142 176 17 91 254 
1800 150 176 156 142 103 
1800 151 26 
1800 153 168 113 156 197 
1800 155 266 247 135 
1800 156 
1800 157 5 142 176 283 156 254 
1800 158 176 142 103 
1800 159 240 33 197 72 113 
1800 160 26 
1800 161 289 197 113 42 103 142 176 17 283 156 254 5 
1800 163 240 72 197 103 
1800 164 26 
1800 165 26 
1800 166 32 291 197 103 238 240 113 
1800 168 
1800 169 156 142 
1800 170 26 
1800 171 284 
1800 172 168 240 142 72 
1800 173 16 33 240 238 
1800 174 176 142 
1800 175 26 
1800 176 240 
1800 178 26 
1800 179 156 142 
1800 180 176 156 142 103 
1800 181 26 
1800 184 289 197 113 42 142 176 17 283 156 62 5 
1800 185 26 
1800 186 148 91 220 142 
1800 187 26 238 
1800 189 16 197 103 72 238 240 26 
1800 190 240 26 
1800 192 33 197 103 240 113 242 156 
1800 193 240 26 197 238 
1800 194 113 291 156 197 
1800 195 26 
1800 196 33 197 16 103 72 240 113 242 
1800 197 240 113 242 291 103 
1800 199 26 
1800 200 113 197 238 103 
1800 201 168 113 283 156 254 
1800 202 26 
1800 203 291 197 238 240 113 242 156 223 
1800 204 26 
1800 205 26 
1800 206 33 197 103 72 238 240 
1800 207 26 
1800 208 91 254 
1800 209 33 197 16 103 72 240 113 242 
1800 210 16 240 238 113 
1800 211 16 291 197 103 72 266 238 240 113 242 223 
1800 212 26 
1800 213 26 
1800 214 176 197 238 142 
1800 215 26 238 
1800 216 26 
1800 217 197 103 168 240 17 72 
1800 218 26 
1800 219 33 26 
1800 220 
1800 221 247 
1800 222 26 142 
1800 223 16 32 240 
1800 224 240 33 197 
1800 225 26 
1800 226 26 
1800 227 197 103 168 238 240 113 242 156 
1800 228 197 103 238 240 113 242 
1800 229 26 283 
1800 230 16 197 103 72 238 240 113 
1800 231 32 113 42 197 142 
1800 232 176 283 142 103 
1800 234 32 72 26 197 
1800 235 26 
1800 236 26 
1800 237 240 26 103 
1800 238 240 197 
1800 240 
1800 241 240 72 197 238 103 
1800 242 16 238 
1800 243 240 113 197 238 72 
1800 244 197 113 72 103 142 240 17 148 220 
1800 245 26 
1800 246 26 
1800 247 283 142 176 17 26 91 254 
1800 248 33 197 16 103 168 240 113 242 72 
1800 249 16 197 103 72 240 113 242 223 
1800 251 284 
1800 252 26 284 
1800 253 33 197 103 72 238 240 113 242 223 
1800 254 
1800 255 26 
1800 256 26 
1800 257 176 142 
1800 258 26 
1800 259 197 113 103 142 17 283 
1800 260 240 33 197 72 113 
1800 261 26 
1800 262 42 220 
1800 263 91 284 
1800 264 16 33 240 238 103 
1800 266 283 142 176 17 247 26 91 254 
1800 267 26 
1800 270 26 
1800 271 5 238 176 142 283 156 
1800 272 26 142 
1800 273 26 
1800 274 26 
1800 275 32 16 197 103 168 240 113 242 223 
1800 276 284 
1800 277 168 32 291 240 
1800 278 16 291 197 103 72 238 240 113 242 156 223 
1800 279 289 197 17 168 142 176 113 283 156 
1800 280 291 197 103 168 238 240 113 242 72 223 
1800 281 26 
1800 282 254 142 
1800 283 33 197 16 103 238 240 113 
1800 284 26 
1800 285 240 197 238 103 
1800 287 240 91 283 156 
1800 288 26 
1800 289 
1800 291 
1800 292 26 
1800 293 26 142 
1800 294 26 
1800 295 291 197 238 240 113 242 156 223 
1800 296 26 
1800 297 26 
1800 298 26 
1800 299 26 
2700 0 26 
2700 1 197 103 168 113 242 156 
2700 2 26 
2700 3 26 91 
2700 4 33 197 103 72 238 240 
2700 5 
2700 6 26 
2700 7 26 
2700 8 16 72 238 103 
2700 9 197 113 42 240 17 148 
2700 10 240 156 148 
2700 11 32 197 103 72 238 240 113 
2700 12 26 
2700 13 26 
2700 14 26 
2700 15 26 
2700 16 113 
2700 17 42 
2700 18 16 242 103 
2700 19 26 
2700 20 26 
2700 21 42 176 17 91 220 254 
2700 22 289 5 42 176 17 148 62 91 156 254 
2700 23 168 113 156 197 
2700 25 266 135 
2700 26 
2700 28 240 33 197 238 72 
2700 29 26 
2700 30 26 
2700 31 197 103 168 240 17 72 
2700 32 
2700 33 
2700 34 26 
2700 35 176 
2700 38 26 
2700 39 284 
2700 41 26 
2700 42 17 
2700 43 26 
2700 44 26 
2700 45 176 156 5 254 103 
2700 46 103 
2700 47 176 
2700 48 26 
2700 49 26 
2700 50 26 
2700 51 289 197 113 42 103 176 17 62 26 156 254 5 
2700 52 113 197 
2700 53 32 291 197 238 240 113 242 
2700 54 26 
2700 55 26 
2700 56 26 
2700 58 176 289 5 103 
2700 59 17 42 
2700 60 26 
2700 62 
2700 63 113 
2700 64 26 
2700 66 42 220 
2700 67 26 
2700 68 176 197 
2700 69 240 197 103 
2700 70 91 284 
2700 72 16 156 
2700 73 26 
2700 75 26 
2700 76 26 
2700 77 26 
2700 78 176 113 42 197 17 
2700 79 26 
2700 80 176 238 103 
2700 81 26 
2700 82 291 197 238 240 113 242 156 223 
2700 83 26 
2700 84 16 197 289 72 240 17 
2700 86 168 42 156 
2700 87 26 
2700 88 32 72 26 197 
2700 89 289 5 113 42 176 17 156 197 
2700 91 
2700 92 289 197 17 168 176 113 156 
2700 93 289 197 113 42 103 176 17 156 
2700 95 289 42 17 148 91 62 
2700 97 240 156 148 
2700 98 26 
2700 99 176 238 103 
2700 100 26 
2700 102 148 156 220 
2700 103 32 16 197 238 240 113 
2700 104 26 197 
2700 108 26 
2700 109 176 17 289 
2700 110 33 197 103 72 238 240 113 
2700 111 26 156 
2700 112 266 247 135 
2700 113 72 26 197 
2700 115 26 
2700 117 16 197 103 72 238 240 26 
2700 118 176 113 42 197 17 
2700 120 32 16 291 197 103 72 238 240 113 242 
2700 121 16 197 103 168 238 240 113 242 72 223 
2700 122 33 197 103 168 238 240 113 242 223 
2700 123 72 197 238 223 
2700 124 168 113 156 254 
2700 125 176 238 
2700 126 32 33 197 103 240 17 
2700 127 26 
2700 128 168 16 156 240 32 
2700 129 26 
2700 130 148 220 223 
2700 131 26 
2700 132 26 
2700 133 26 91 
2700 134 26 
2700 135 42 176 17 91 220 254 
2700 140 289 197 17 168 176 113 156 
2700 141 32 113 42 197 
2700 147 26 
2700 148 
2700 149 176 17 91 254 
2700 150 176 156 103 
2700 151 26 
2700 153 168 113 156 197 
2700 155 266 247 135 
2700 156 
2700 157 176 156 5 254 
2700 158 176 103 
2700 159 240 33 197 72 113 
2700 160 26 
2700 161 289 197 113 42 103 176 17 156 254 5 
2700 163 240 72 197 103 
2700 164 26 
2700 165 26 
2700 166 32 291 197 103 238 240 113 
2700 168 
2700 169 156 
2700 170 26 
2700 171 284 
2700 172 168 240 72 
2700 173 16 33 240 238 
2700 174 176 
2700 175 26 
2700 176 240 
2700 178 26 
2700 179 156 
2700 180 176 156 103 
2700 181 26 
2700 184 289 5 113 42 176 17 156 62 197 
2700 185 26 
2700 186 148 91 220 
2700 187 26 238 
2700 189 16 197 103 72 238 240 26 
2700 190 240 26 
2700 192 33 197 103 240 113 242 156 
2700 193 240 26 197 238 
2700 194 113 291 156 197 
2700 196 33 197 16 103 72 240 113 242 
2700 197 240 113 242 291 103 
2700 199 26 
2700 200 113 197 238 103 
2700 201 168 113 156 254 
2700 202 26 
2700 203 291 197 238 240 113 242 156 223 
2700 204 26 
2700 205 26 
2700 206 33 197 103 72 238 240 
2700 207 26 
2700 208 91 254 
2700 209 33 197 16 103 72 240 113 242 
2700 211 16 291 197 103 72 266 238 240 113 242 223 
2700 212 26 
2700 213 26 
2700 215 26 238 
2700 216 26 
2700 217 197 103 168 240 17 72 
2700 218 26 
2700 219 33 26 
2700 220 
2700 221 247 
2700 222 26 
2700 223 16 32 240 
2700 224 240 33 197 
2700 225 26 
2700 226 26 
2700 227 197 103 168 238 240 113 242 156 
2700 229 26 
2700 230 16 197 103 72 238 240 113 
2700 231 32 113 42 197 
2700 232 176 103 
2700 234 32 72 26 197 
2700 235 26 
2700 236 26 
2700 237 240 26 103 
2700 238 240 197 
2700 240 
2700 241 240 72 197 238 103 
2700 242 16 238 
2700 243 240 113 197 238 72 
2700 244 197 113 72 103 240 17 148 220 
2700 245 26 
2700 246 26 
2700 247 176 17 26 91 254 
2700 248 33 197 16 103 168 240 113 242 72 
2700 249 16 197 103 72 240 113 242 223 
2700 251 284 
2700 252 26 284 
2700 253 33 197 103 72 238 240 113 242 223 
2700 254 
2700 255 26 
2700 256 26 
2700 257 176 
2700 258 26 
2700 259 113 17 197 103 
2700 260 240 33 197 72 113 
2700 262 42 220 
2700 263 91 284 
2700 264 16 33 240 238 103 
2700 266 176 17 247 26 91 254 
2700 267 26 
2700 270 26 
2700 271 176 156 5 238 
2700 272 26 
2700 273 26 
2700 274 26 
2700 275 32 16 197 103 168 240 113 242 223 
2700 276 284 
2700 277 168 32 291 240 
2700 278 16 291 197 103 72 238 240 113 242 156 223 
2700 279 289 197 17 168 176 113 156 
2700 280 291 197 103 168 238 240 113 242 72 223 
2700 281 26 
2700 284 26 
2700 285 240 197 238 103 
2700 287 240 91 156 
2700 288 26 
2700 289 
2700 291 
2700 292 26 
2700 293 26 
2700 294 26 
2700 295 291 197 238 240 113 242 156 223 
2700 296 26 
2700 298 26 
2700 299 26 
3600 0 26 
3600 1 113 242 156 197 103 
3600 2 26 
3600 3 26 91 
3600 4 33 197 103 72 238 240 
3600 5 
3600 6 26 
3600 7 26 
3600 8 16 72 238 103 
3600 9 197 113 42 240 17 148 
3600 10 240 156 148 
3600 11 197 103 72 238 240 113 
3600 12 26 
3600 13 26 
3600 14 26 
3600 15 26 
3600 16 113 
3600 17 42 
3600 18 16 242 103 
3600 19 26 
3600 20 26 
3600 21 17 42 91 220 254 
3600 22 289 5 42 17 148 62 91 156 254 
3600 23 113 156 197 
3600 25 266 135 
3600 26 
3600 28 240 33 197 238 72 
3600 29 26 
3600 30 26 
3600 31 240 17 197 72 103 
3600 33 
3600 34 26 
3600 35 
3600 38 26 
3600 39 284 
3600 42 17 
3600 43 26 
3600 44 26 
3600 45 156 5 254 103 
3600 46 103 
3600 47 
3600 48 26 
3600 49 26 
3600 50 26 
3600 51 289 197 113 42 103 17 62 26 156 254 5 
3600 52 113 197 
3600 53 291 197 238 240 113 242 
3600 54 26 
3600 55 26 
3600 56 26 
3600 58 289 5 103 
3600 59 17 42 
3600 60 26 
3600 62 
3600 63 113 
3600 64 26 
3600 66 42 220 
3600 67 26 
3600 68 197 
3600 69 240 197 103 
3600 70 91 284 
3600 72 16 156 
3600 73 26 
3600 75 26 
3600 76 26 
3600 77 26 
3600 78 113 42 197 17 
3600 79 26 
3600 80 238 103 
3600 81 26 
3600 82 291 197 238 240 113 242 156 223 
3600 83 26 
3600 84 16 197 289 72 240 17 
3600 86 42 156 
3600 87 26 
3600 88 72 26 197 
3600 89 289 5 113 42 17 156 197 
3600 91 
3600 92 17 289 156 197 113 
3600 93 289 197 113 42 103 17 156 
3600 95 289 42 17 148 91 62 
3600 97 240 156 148 
3600 98 26 
3600 99 238 103 
3600 100 26 
3600 102 148 156 220 
3600 103 240 113 197 238 16 
3600 104 26 197 
3600 108 26 
3600 109 17 289 
3600 110 33 197 103 72 238 240 113 
3600 111 26 156 
3600 112 266 247 135 
3600 113 72 26 197 
3600 115 26 
3600 117 16 197 103 72 238 240 26 
3600 118 113 42 197 17 
3600 120 16 291 197 103 72 238 240 113 242 
3600 121 16 197 103 72 238 240 113 242 223 
3600 122 33 197 103 238 240 113 242 223 
3600 123 72 197 238 223 
3600 124 113 156 254 
3600 125 238 
3600 126 240 33 17 197 103 
3600 127 26 
3600 128 16 240 156 
3600 129 26 
3600 132 26 
3600 133 26 91 
3600 134 26 
3600 135 17 42 91 220 254 
3600 141 113 42 197 
3600 147 26 
3600 148 
3600 149 17 91 254 
3600 150 156 103 
3600 151 26 
3600 153 113 156 197 
3600 155 266 247 135 
3600 156 
3600 157 156 5 254 
3600 158 103 
3600 159 240 33 197 72 113 
3600 160 26 
3600 161 289 197 113 42 103 17 156 254 5 
3600 163 240 72 197 103 
3600 164 26 
3600 165 26 
3600 166 291 197 103 238 240 113 
3600 169 156 
3600 170 26 
3600 171 284 
3600 172 240 72 
3600 173 16 33 240 238 
3600 174 
3600 175 26 
3600 178 26 
3600 179 156 
3600 180 156 103 
3600 184 289 5 113 42 17 156 62 197 
3600 185 26 
3600 186 148 91 220 
3600 187 26 238 
3600 189 16 197 103 72 238 240 26 
3600 190 240 26 
3600 192 33 197 103 240 113 242 156 
3600 194 113 291 156 197 
3600 196 33 197 16 103 72 240 113 242 
3600 197 240 113 242 291 103 
3600 199 26 
3600 200 113 197 238 103 
3600 201 113 156 254 
3600 202 26 
3600 203 291 197 238 240 113 242 156 223 
3600 204 26 
3600 205 26 
3600 206 33 197 103 72 238 240 
3600 207 26 
3600 208 91 254 
3600 209 33 197 16 103 72 240 113 242 
3600 211 16 291 197 103 72 266 238 240 113 242 223 
3600 212 26 
3600 213 26 
3600 215 26 238 
3600 216 26 
3600 217 240 17 197 72 103 
3600 218 26 
3600 219 33 26 
3600 220 
3600 221 247 
3600 222 26 
3600 223 16 240 
3600 224 240 33 197 
3600 225 26 
3600 226 26 
3600 227 197 103 238 240 113 242 156 
3600 229 26 
3600 230 16 197 103 72 238 240 113 
3600 231 113 42 197 
3600 232 103 
3600 234 72 26 197 
3600 235 26 
3600 236 26 
3600 237 240 26 103 
3600 238 240 197 
3600 240 
3600 241 240 72 197 238 103 
3600 242 16 238 
3600 243 240 113 197 238 72 
3600 244 197 113 72 103 240 17 148 220 
3600 246 26 
3600 247 17 26 91 254 
3600 248 33 197 16 103 72 240 113 242 
3600 249 16 197 103 72 240 113 242 223 
3600 251 284 
3600 252 26 284 
3600 253 33 197 103 72 238 240 113 242 223 
3600 254 
3600 255 26 
3600 256 26 
3600 258 26 
3600 259 113 17 197 103 
3600 260 240 33 197 72 113 
3600 262 42 220 
3600 264 16 33 240 238 103 
3600 266 17 26 91 254 247 
3600 267 26 
3600 270 26 
3600 271 156 5 238 
3600 272 26 
3600 273 26 
3600 274 26 
3600 276 284 
3600 277 240 291 
3600 278 16 291 197 103 72 238 240 113 242 156 223 
3600 279 17 289 156 197 113 
3600 280 291 197 103 72 238 240 113 242 223 
3600 281 26 
3600 284 26 
3600 285 240 197 238 103 
3600 287 240 91 156 
3600 289 
3600 291 
3600 292 26 
3600 293 26 
3600 294 26 
3600 295 291 197 238 240 113 242 156 223 
3600 296 26 
3600 298 26 
3600 299 26 
4500 0 26 
4500 1 113 242 156 197 
4500 2 26 
4500 3 26 
4500 4 240 33 197 238 72 
4500 5 
4500 6 26 
4500 7 26 
4500 8 16 72 238 
4500 9 197 113 42 240 17 148 
4500 10 240 156 148 
4500 11 240 113 197 238 72 
4500 12 26 
4500 13 26 
4500 14 26 
4500 15 26 
4500 16 113 
4500 17 42 
4500 18 16 242 
4500 19 26 
4500 20 26 
4500 21 17 42 220 254 
4500 22 289 5 42 17 148 62 156 254 
4500 23 113 156 197 
4500 25 266 135 
4500 26 
4500 28 240 33 197 238 72 
4500 29 26 
4500 30 26 
4500 31 240 17 197 72 
4500 33 
4500 34 26 
4500 35 
4500 38 26 
4500 39 284 
4500 42 17 
4500 43 26 
4500 44 26 
4500 45 156 5 254 
4500 47 
4500 48 26 
4500 49 26 
4500 50 26 
4500 51 289 197 113 42 17 62 26 156 254 5 
4500 52 113 197 
4500 53 291 197 238 240 113 242 
4500 54 26 
4500 55 26 
4500 56 26 
4500 58 289 5 
4500 59 17 42 
4500 60 26 
4500 62 
4500 63 113 
4500 64 26 
4500 66 42 220 
4500 67 26 
4500 68 197 
4500 70 284 
4500 72 16 156 
4500 73 26 
4500 75 26 
4500 76 26 
4500 78 113 42 197 17 
4500 80 238 
4500 81 26 
4500 82 291 197 238 240 113 242 156 223 
4500 83 26 
4500 84 16 197 289 72 240 17 
4500 86 42 156 
4500 87 26 
4500 89 289 5 113 42 17 156 197 
4500 92 17 289 156 197 113 
4500 93 289 197 113 42 17 156 
4500 95 17 42 148 62 289 
4500 97 240 156 148 
4500 98 26 
4500 99 238 
4500 100 26 
4500 102 148 156 220 
4500 104 26 197 
4500 108 26 
4500 109 17 289 
4500 110 33 197 72 238 240 113 
4500 111 26 156 
4500 112 266 247 135 
4500 113 72 26 197 
4500 115 26 
4500 117 16 197 72 238 240 26 
4500 118 113 42 197 17 
4500 120 16 291 197 72 238 240 113 242 
4500 121 16 197 72 238 240 113 242 223 
4500 123 72 197 238 223 
4500 124 113 156 254 
4500 126 240 33 197 17 
4500 127 26 
4500 128 16 240 156 
4500 129 26 
4500 132 26 
4500 133 26 
4500 134 26 
4500 135 17 42 220 254 
4500 141 113 42 197 
4500 147 26 
4500 148 
4500 149 17 254 
4500 150 156 
4500 151 26 
4500 153 113 156 197 
4500 155 266 247 135 
4500 156 
4500 157 156 5 254 
4500 158 
4500 159 240 33 197 72 113 
4500 160 26 
4500 161 289 5 113 42 17 156 254 197 
4500 163 240 72 197 
4500 164 26 
4500 165 26 
4500 166 240 113 291 197 238 
4500 169 156 
4500 170 26 
4500 171 284 
4500 172 240 72 
4500 173 16 33 240 238 
4500 174 
4500 175 26 
4500 178 26 
4500 179 156 
4500 180 156 
4500 184 289 5 113 42 17 156 62 197 
4500 185 26 
4500 186 148 220 
4500 187 26 238 
4500 189 16 197 72 238 240 26 
4500 190 240 26 
4500 192 33 197 240 113 242 156 
4500 194 113 291 156 197 
4500 196 33 197 16 72 240 113 242 
4500 197 240 113 242 291 
4500 199 26 
4500 200 113 197 238 
4500 201 113 156 254 
4500 202 26 
4500 203 291 197 238 240 113 242 156 223 
4500 204 26 
4500 205 26 
4500 206 240 33 197 238 72 
4500 207 26 
4500 208 254 
4500 209 33 197 16 72 240 113 242 
4500 211 16 291 197 72 266 238 240 113 242 223 
4500 212 26 
4500 215 26 238 
4500 216 26 
4500 217 240 17 197 72 
4500 218 26 
4500 219 33 26 
4500 220 
4500 221 247 
4500 222 26 
4500 223 16 240 
4500 224 240 33 197 
4500 225 26 
4500 226 26 
4500 227 197 238 240 113 242 156 
4500 229 26 
4500 230 16 197 72 238 240 113 
4500 231 113 42 197 
4500 232 
4500 234 72 26 197 
4500 235 26 
4500 236 26 
4500 237 240 26 
4500 238 240 197 
4500 240 
4500 241 240 72 197 238 
4500 242 16 238 
4500 243 240 113 197 238 72 
4500 244 197 113 72 240 17 148 220 
4500 246 26 
4500 247 17 26 254 
4500 251 284 
4500 252 26 284 
4500 253 33 197 72 238 240 113 242 223 
4500 254 
4500 255 26 
4500 256 26 
4500 258 26 
4500 259 113 197 17 
4500 260 240 33 197 72 113 
4500 262 42 220 
4500 266 17 26 254 247 
4500 267 26 
4500 270 26 
4500 271 156 5 238 
4500 272 26 
4500 273 26 
4500 274 26 
4500 276 284 
4500 278 16 291 197 72 238 240 113 242 156 223 
4500 279 17 289 156 197 113 
4500 280 291 197 72 238 240 113 242 223 
4500 281 26 
4500 284 26 
4500 285 240 197 238 
4500 287 240 156 
4500 289 
4500 291 
4500 292 26 
4500 293 26 
4500 294 26 
4500 295 291 197 238 240 113 242 156 223 
4500 296 26 
4500 298 26 
4500 299 26 
5400 0 26 
5400 1 113 242 156 197 
5400 2 26 
5400 3 26 
5400 4 240 33 197 238 72 
5400 5 
5400 6 26 
5400 7 26 
5400 8 16 72 238 
5400 9 197 113 42 240 17 148 
5400 10 240 156 148 
5400 11 240 113 197 238 72 
5400 12 26 
5400 13 26 
5400 14 26 
5400 15 26 
5400 16 113 
5400 17 42 
5400 18 16 242 
5400 19 26 
5400 20 26 
5400 21 17 42 220 254 
5400 22 289 5 42 17 148 62 156 254 
5400 23 113 156 197 
5400 25 266 135 
5400 26 
5400 28 240 33 197 238 72 
5400 29 26 
5400 30 26 
5400 31 240 17 197 72 
5400 33 
5400 34 26 
5400 35 
5400 38 26 
5400 39 284 
5400 42 17 
5400 43 26 
5400 44 26 
5400 45 156 5 254 
5400 47 
5400 48 26 
5400 49 26 
5400 50 26 
5400 51 289 197 113 42 17 62 26 156 254 5 
5400 52 113 197 
5400 53 291 197 238 240 113 242 
5400 54 26 
5400 55 26 
5400 56 26 
5400 58 289 5 
5400 60 26 
5400 62 
5400 63 113 
5400 64 26 
5400 67 26 
5400 68 197 
5400 70 284 
5400 72 16 156 
5400 73 26 
5400 75 26 
5400 76 26 
5400 78 113 42 197 17 
5400 80 238 
5400 81 26 
5400 82 291 197 238 240 113 242 156 223 
5400 83 26 
5400 84 16 197 289 72 240 17 
5400 86 42 156 
5400 89 289 5 113 42 17 156 197 
5400 92 17 289 156 197 113 
5400 93 289 197 113 42 17 156 
5400 95 17 42 148 62 289 
5400 97 240 156 148 
5400 99 238 
5400 100 26 
5400 102 148 156 220 
5400 104 26 197 
5400 108 26 
5400 109 17 289 
5400 111 26 156 
5400 112 266 247 135 
5400 113 72 26 197 
5400 115 26 
5400 117 16 197 72 238 240 26 
5400 118 113 42 197 17 
5400 120 16 291 197 72 238 240 113 242 
5400 121 16 197 72 238 240 113 242 223 
5400 124 113 156 254 
5400 126 240 33 197 17 
5400 127 26 
5400 128 16 240 156 
5400 129 26 
5400 132 26 
5400 133 26 
5400 134 26 
5400 135 17 42 220 254 
5400 141 113 42 197 
5400 147 26 
5400 148 
5400 150 156 
5400 151 26 
5400 153 113 156 197 
5400 155 266 247 135 
5400 156 
5400 157 156 5 254 
5400 158 
5400 160 26 
5400 161 289 5 113 42 17 156 254 197 
5400 163 240 72 197 
5400 164 26 
5400 165 26 
5400 169 156 
5400 170 26 
5400 171 284 
5400 172 240 72 
5400 173 16 33 240 238 
5400 174 
5400 175 26 
5400 178 26 
5400 179 156 
5400 180 156 
5400 184 289 5 113 42 17 156 62 197 
5400 185 26 
5400 186 148 220 
5400 187 26 238 
5400 192 33 197 240 113 242 156 
5400 194 113 291 156 197 
5400 196 33 197 16 72 240 113 242 
5400 197 240 113 242 291 
5400 199 26 
5400 200 113 197 238 
5400 201 113 156 254 
5400 202 26 
5400 203 291 197 238 240 113 242 156 223 
5400 204 26 
5400 205 26 
5400 206 240 33 197 238 72 
5400 207 26 
5400 208 254 
5400 209 33 197 16 72 240 113 242 
5400 212 26 
5400 215 26 238 
5400 216 26 
5400 217 240 17 197 72 
5400 218 26 
5400 219 33 26 
5400 220 
5400 221 247 
5400 222 26 
5400 223 16 240 
5400 224 240 33 197 
5400 225 26 
5400 226 26 
5400 229 26 
5400 230 16 197 72 238 240 113 
5400 231 113 42 197 
5400 232 
5400 234 72 26 197 
5400 235 26 
5400 236 26 
5400 237 240 26 
5400 238 240 197 
5400 240 
5400 241 240 72 197 238 
5400 242 16 238 
5400 243 240 113 197 238 72 
5400 244 197 113 72 240 17 148 220 
5400 247 17 26 254 
5400 251 284 
5400 252 26 284 
5400 253 33 197 72 238 240 113 242 223 
5400 254 
5400 255 26 
5400 256 26 
5400 258 26 
5400 259 113 197 17 
5400 260 240 33 197 72 113 
5400 262 42 220 
5400 266 17 26 254 247 
5400 267 26 
5400 270 26 
5400 271 156 5 238 
5400 272 26 
5400 273 26 
5400 274 26 
5400 276 284 
5400 278 16 291 197 72 238 240 113 242 156 223 
5400 279 17 289 156 197 113 
5400 280 291 197 72 238 240 113 242 223 
5400 281 26 
5400 284 26 
5400 285 240 197 238 
5400 287 240 156 
5400 289 
5400 291 
5400 292 26 
5400 293 26 
5400 294 26 
5400 295 291 197 238 240 113 242 156 223 
5400 296 26 
5400 298 26 
5400 299 26 
6300 0 26 
6300 1 113 242 156 
6300 2 26 
6300 3 26 
6300 4 240 238 
6300 5 
6300 6 26 
6300 7 26 
6300 8 16 238 
6300 9 240 17 42 148 113 
6300 10 240 156 148 
6300 11 240 113 238 
6300 12 26 
6300 13 26 
6300 14 26 
6300 15 26 
6300 16 113 
6300 17 42 
6300 18 16 242 
6300 19 26 
6300 20 26 
6300 21 17 42 220 254 
6300 22 289 5 42 17 148 62 156 254 
6300 23 113 156 
6300 25 266 135 
6300 26 
6300 28 240 238 
6300 29 26 
6300 31 240 17 
6300 34 26 
6300 35 
6300 38 26 
6300 39 284 
6300 42 17 
6300 43 26 
6300 44 26 
6300 45 156 5 254 
6300 47 
6300 48 26 
6300 49 26 
6300 50 26 
6300 51 289 5 113 42 17 62 26 156 254 
6300 52 113 
6300 53 240 113 242 291 238 
6300 54 26 
6300 56 26 
6300 58 289 5 
6300 60 26 
6300 62 
6300 63 113 
6300 64 26 
6300 67 26 
6300 68 
6300 70 284 
6300 73 26 
6300 76 26 
6300 78 113 42 17 
6300 80 238 
6300 81 26 
6300 82 291 238 240 113 242 156 223 
6300 83 26 
6300 84 240 16 289 17 
6300 86 42 156 
6300 92 17 156 289 113 
6300 95 17 42 148 62 289 
6300 97 240 156 148 
6300 99 238 
6300 100 26 
6300 102 148 156 220 
6300 104 26 
6300 108 26 
6300 109 17 289 
6300 111 26 156 
6300 112 266 247 135 
6300 113 26 
6300 115 26 
6300 117 240 16 26 238 
6300 118 113 42 17 
6300 120 16 291 238 240 113 242 
6300 121 16 238 240 113 242 223 
6300 124 113 156 254 
6300 126 240 17 
6300 128 16 240 156 
6300 129 26 
6300 132 26 
6300 134 26 
6300 135 17 42 220 254 
6300 141 113 42 
6300 147 26 
6300 148 
6300 150 156 
6300 151 26 
6300 155 266 247 135 
6300 156 
6300 157 156 5 254 
6300 158 
6300 160 26 
6300 161 289 5 113 42 17 156 254 
6300 163 240 
6300 164 26 
6300 165 26 
6300 169 156 
6300 171 284 
6300 172 240 
6300 173 16 240 238 
6300 174 
6300 175 26 
6300 178 26 
6300 179 156 
6300 180 156 
6300 184 289 5 113 42 17 156 62 
6300 185 26 
6300 186 148 220 
6300 187 26 238 
6300 192 240 113 242 156 
6300 194 113 291 156 
6300 196 240 16 242 113 
6300 199 26 
6300 200 113 238 
6300 201 113 156 254 
6300 202 26 
6300 203 291 238 240 113 242 156 223 
6300 204 26 
6300 205 26 
6300 206 240 238 
6300 207 26 
6300 208 254 
6300 209 240 16 242 113 
6300 212 26 
6300 215 26 238 
6300 216 26 
6300 217 240 17 
6300 218 26 
6300 219 26 
6300 220 
6300 221 247 
6300 222 26 
6300 223 16 240 
6300 224 240 
6300 225 26 
6300 226 26 
6300 229 26 
6300 230 240 16 238 113 
6300 232 
6300 234 26 
6300 235 26 
6300 236 26 
6300 237 240 26 
6300 238 240 
6300 240 
6300 241 240 238 
6300 242 16 238 
6300 243 240 113 238 
6300 244 240 113 148 220 17 
6300 247 17 26 254 
6300 251 284 
6300 252 26 284 
6300 253 240 113 242 238 223 
6300 254 
6300 255 26 
6300 256 26 
6300 258 26 
6300 259 113 17 
6300 260 240 113 
6300 262 42 220 
6300 266 17 26 254 247 
6300 267 26 
6300 270 26 
6300 271 156 5 238 
6300 272 26 
6300 273 26 
6300 274 26 
6300 276 284 
6300 278 16 291 238 240 113 242 156 223 
6300 279 17 156 289 113 
6300 280 291 238 240 113 242 223 
6300 281 26 
6300 284 26 
6300 285 240 238 
6300 289 
6300 291 
6300 292 26 
6300 293 26 
6300 294 26 
6300 295 291 238 240 113 242 156 223 
6300 296 26 
6300 298 26 
6300 299 26 
