0 0 154 205 
0 1 17 251 156 221 
0 2 242 
0 3 145 207 177 47 
0 4 96 
0 5 100 261 297 177 186 187 93 
0 6 242 133 263 
0 7 8 104 
0 8 258 204 69 
0 9 22 214 
0 10 289 110 30 
0 11 98 168 236 77 175 88 126 
0 12 162 188 53 118 
0 13 12 53 135 
0 14 145 203 281 118 207 
0 15 257 68 165 298 172 292 
0 16 252 284 278 4 223 
0 17 8 293 166 174 
0 18 281 284 237 229 
0 19 24 299 5 54 
0 20 242 98 122 213 
0 21 15 132 221 238 53 
0 22 38 87 
0 23 112 259 72 208 273 149 
0 24 68 100 294 
0 25 94 47 
0 26 181 
0 27 4 69 
0 28 92 230 
0 29 288 194 158 270 231 
0 30 66 251 36 2 243 180 23 123 
0 31 
0 32 56 43 203 100 
0 33 192 34 
0 34 97 75 188 14 
0 35 44 274 27 12 166 
0 36 292 47 
0 38 7 87 
0 39 259 139 233 266 299 46 208 52 189 
0 40 57 267 165 
0 41 262 286 
0 42 180 147 292 
0 43 267 179 239 
0 44 280 215 
0 45 224 9 53 73 135 
0 46 161 242 67 101 
0 47 273 86 223 
0 48 296 47 
0 49 176 151 
0 50 258 141 
0 51 96 110 
0 52 57 91 164 279 
0 53 176 210 114 150 
0 54 19 22 
0 55 160 10 131 220 158 
0 56 180 60 159 
0 57 208 120 75 11 7 
0 58 240 50 5 286 
0 59 288 194 68 6 236 119 
0 60 121 234 91 125 111 
0 61 102 
0 62 184 30 
0 63 47 
0 64 73 234 27 268 46 
0 66 288 179 123 142 38 
0 67 130 92 46 
0 68 16 128 43 214 
0 69 97 91 19 
0 70 233 213 142 
0 72 126 29 286 
0 73 83 202 203 194 
0 74 168 137 186 181 288 
0 75 180 172 
0 76 153 178 133 89 79 
0 77 225 259 230 214 156 93 
0 78 299 252 285 230 
0 79 59 188 
0 80 136 91 102 
0 81 217 183 
0 82 296 169 84 
0 83 129 213 217 
0 84 293 8 202 205 79 49 126 54 218 189 30 
0 86 88 233 51 61 
0 87 166 272 21 150 25 159 
0 88 192 281 269 239 
0 89 145 103 
0 90 16 163 139 238 
0 91 81 3 76 63 
0 92 114 235 117 38 166 
0 93 296 187 230 227 
0 94 1 
0 95 280 159 
0 96 230 42 208 20 247 126 
0 97 264 130 4 
0 98 10 35 276 157 
0 99 49 26 
0 100 68 61 
0 101 260 187 236 245 
0 102 251 36 157 245 
0 103 161 293 13 205 145 213 89 63 
0 104 161 112 241 115 151 154 
0 106 3 97 291 164 86 
0 108 208 
0 109 256 128 251 222 190 
0 110 228 276 129 
0 111 154 102 
0 112 192 273 20 110 183 
0 113 272 26 291 252 13 
0 114 168 40 215 
0 115 241 258 108 238 36 
0 117 163 180 53 142 239 
0 118 
0 119 208 144 139 38 47 
0 120 223 36 279 
0 121 33 205 141 209 181 91 29 
0 122 181 15 
0 123 128 121 271 
0 124 220 77 62 253 
0 125 120 91 45 135 
0 126 36 276 
0 127 287 
0 128 101 94 213 
0 129 298 299 84 102 271 
0 130 194 27 221 238 13 
0 131 288 112 258 4 297 208 83 260 63 
0 132 296 182 55 
0 133 257 262 41 79 73 89 220 95 
0 134 129 68 297 211 281 158 
0 135 56 50 
0 136 276 261 46 
0 137 142 
0 139 57 129 
0 140 75 206 55 
0 141 17 266 180 114 
0 142 97 268 215 
0 144 153 169 
0 145 91 293 
0 147 280 
0 148 129 114 
0 149 9 266 51 229 206 
0 150 256 113 235 38 63 
0 151 224 14 59 294 110 
0 153 27 
0 154 112 155 
0 155 6 49 137 113 149 124 
0 156 177 
0 157 256 2 75 114 148 53 183 60 
0 158 1 58 131 70 
0 159 137 119 87 
0 160 255 
0 161 0 163 204 109 
0 162 228 29 294 
0 163 48 149 45 
0 164 104 49 74 286 
0 165 189 
0 166 57 35 87 
0 167 267 163 30 
0 168 4 91 123 244 90 
0 169 32 294 6 211 153 185 
0 170 89 57 
0 171 272 96 164 
0 172 120 157 230 
0 173 226 91 228 
0 174 208 280 246 23 
0 175 48 242 
0 176 63 
0 177 144 24 91 14 281 
0 178 283 77 22 181 
0 179 139 13 144 145 117 249 
0 180 25 12 169 
0 181 88 91 93 253 
0 182 200 241 212 287 
0 183 262 203 204 175 113 243 
0 184 66 267 106 
0 185 67 139 251 
0 186 127 299 166 63 
0 187 193 82 89 27 156 125 
0 188 99 
0 189 96 202 171 84 57 249 159 
0 190 170 155 270 
0 192 113 291 
0 193 
0 194 200 53 190 247 
0 195 251 61 
0 196 129 226 8 270 111 48 
0 197 208 90 92 15 
0 198 201 228 205 
0 199 35 205 
0 200 61 
0 201 73 175 100 271 
0 202 263 266 75 46 277 182 29 
0 203 130 43 
0 204 144 227 52 109 206 
0 205 16 136 208 244 62 31 
0 206 17 226 45 
0 207 295 251 287 
0 208 184 84 5 
0 209 216 285 22 205 
0 210 0 260 229 252 271 56 281 284 
0 211 128 46 15 244 119 126 
0 212 162 207 140 5 285 
0 213 215 77 175 119 217 271 28 
0 214 288 196 51 148 245 
0 215 91 68 118 238 
0 216 0 1 194 102 76 236 49 25 
0 217 36 140 215 
0 218 298 284 226 38 
0 219 240 233 286 263 
0 220 221 
0 221 111 
0 222 240 129 77 214 87 
0 223 69 46 
0 224 163 134 76 20 181 246 92 
0 225 232 288 122 154 119 
0 226 90 261 
0 227 201 91 261 182 
0 228 208 49 277 183 
0 229 153 247 276 253 175 
0 230 181 223 
0 231 2 18 148 118 91 95 
0 232 272 76 22 262 
0 233 258 259 277 
0 234 56 57 193 
0 235 89 282 45 293 169 
0 236 97 291 49 50 212 219 
0 237 210 91 220 
0 238 264 232 184 220 288 
0 239 289 230 111 271 147 150 15 252 
0 240 281 299 
0 241 43 38 
0 242 264 137 204 157 73 
0 243 38 175 
0 244 32 
0 245 168 10 51 156 90 
0 246 288 139 142 
0 247 149 33 164 252 31 
0 248 48 226 
0 249 112 228 194 204 198 
0 250 248 269 247 
0 251 90 254 
0 252 264 270 
0 253 9 259 245 
0 254 249 233 108 17 263 
0 255 200 226 132 206 238 
0 256 4 122 187 260 162 
0 257 137 194 30 
0 258 81 279 55 
0 259 46 223 
0 260 11 229 38 106 139 269 27 286 95 
0 261 233 266 236 241 147 52 
0 262 32 97 162 294 282 28 125 
0 263 185 34 26 87 
0 264 80 232 218 110 271 
0 266 237 293 
0 267 225 210 244 287 
0 268 8 
0 269 208 156 
0 270 173 102 135 
0 271 192 9 26 117 285 
0 272 95 
0 273 230 
0 274 145 251 167 
0 275 168 180 36 22 7 
0 276 68 49 7 268 81 4 
0 277 216 28 172 54 
0 278 
0 279 50 243 
0 280 132 197 109 174 216 218 
0 281 217 11 227 198 17 
0 282 68 234 253 211 292 10 
0 283 
0 284 91 35 212 
0 285 224 288 268 280 91 124 
0 286 32 5 38 103 136 7 115 54 89 
0 287 57 253 102 
0 288 216 201 122 250 294 
0 289 66 291 100 295 8 271 213 
0 291 11 62 75 261 102 
0 292 258 135 244 149 151 
0 293 186 196 61 
0 294 120 257 295 
0 295 139 221 182 
0 296 4 222 246 213 
0 297 48 275 60 141 
0 298 133 102 50 216 61 31 
0 299 179 189 22 
900 0 205 
900 1 17 251 156 221 
900 2 242 
900 3 145 207 177 47 
900 4 96 
900 5 100 261 297 177 186 187 93 
900 6 242 133 263 
900 7 8 104 
900 8 258 204 69 
900 9 22 214 
900 10 289 110 30 
900 11 98 168 236 77 175 88 126 
900 12 53 118 
900 13 12 53 135 
900 14 145 203 281 118 207 
900 15 257 68 165 298 172 292 
900 16 252 284 278 4 223 
900 17 8 293 166 174 
900 18 281 284 237 229 
900 19 299 5 54 
900 20 242 98 122 213 
900 21 15 132 221 238 53 
900 22 38 87 
900 23 112 259 72 208 273 149 
900 25 94 47 
900 26 181 
900 27 4 69 
900 28 92 230 
900 29 288 194 158 270 231 
900 30 66 251 36 2 243 180 23 123 
900 31 
900 32 56 43 203 100 
900 33 192 34 
900 34 97 75 14 
900 35 44 274 27 12 166 
900 36 292 47 
900 38 7 87 
900 39 259 139 266 299 46 208 52 189 
900 40 267 165 
900 41 262 286 
900 42 180 147 292 
900 43 267 179 239 
900 44 280 215 
900 45 224 9 53 73 135 
900 46 161 242 67 101 
900 47 273 86 223 
900 48 296 47 
900 49 176 151 
900 50 258 141 
900 51 96 110 
900 52 91 164 279 
900 53 176 210 150 
900 54 19 22 
900 55 160 10 131 220 158 
900 56 180 60 159 
900 58 240 50 5 286 
900 59 288 68 194 236 6 
900 60 121 234 91 125 111 
900 62 184 30 
900 63 47 
900 64 73 234 27 46 
900 66 288 179 123 142 38 
900 67 130 92 46 
900 68 16 128 43 214 
900 69 97 91 19 
900 70 213 142 
900 72 126 29 286 
900 73 83 202 203 194 
900 74 168 137 186 181 288 
900 75 180 172 
900 76 153 178 133 89 79 
900 77 225 259 230 214 156 93 
900 78 299 252 285 230 
900 79 59 
900 80 91 102 
900 81 217 183 
900 82 296 169 84 
900 83 129 213 217 
900 84 293 8 202 205 79 49 126 54 218 189 30 
900 86 88 51 
900 87 166 272 21 150 25 159 
900 88 192 281 239 
900 89 145 103 
900 91 81 3 76 63 
900 92 235 117 38 166 
900 93 296 187 230 227 
900 94 1 
900 95 280 159 
900 96 230 42 208 20 247 126 
900 97 264 130 4 
900 98 10 35 276 157 
900 99 49 26 
900 100 68 
900 101 260 187 236 245 
900 102 251 36 157 245 
900 103 161 293 13 205 145 213 89 63 
900 104 112 241 115 161 151 
900 106 3 97 291 164 86 
900 108 208 
900 109 256 128 251 222 190 
900 110 228 276 129 
900 111 102 
900 112 192 273 20 110 183 
900 113 272 26 291 252 13 
900 115 241 258 108 238 36 
900 117 163 180 53 142 239 
900 118 
900 120 223 36 279 
900 121 33 205 141 209 181 91 29 
900 122 181 15 
900 123 128 121 271 
900 124 220 77 62 253 
900 125 120 91 45 135 
900 126 36 276 
900 127 287 
900 128 101 94 213 
900 129 298 299 84 102 271 
900 130 194 27 221 238 13 
900 131 288 112 258 4 297 208 83 260 63 
900 132 296 182 55 
900 133 257 262 41 79 73 89 220 95 
900 134 129 68 297 211 281 158 
900 135 56 50 
900 137 142 
900 139 129 
900 140 75 206 55 
900 141 17 266 180 
900 142 97 215 
900 145 91 293 
900 147 280 
900 148 129 
900 149 9 266 51 229 206 
900 150 256 113 235 38 63 
900 151 224 14 59 294 110 
900 153 27 
900 155 6 49 137 113 149 124 
900 156 177 
900 157 256 2 75 148 53 183 60 
900 158 1 58 131 70 
900 159 137 87 
900 160 255 
900 161 0 163 204 109 
900 163 48 149 45 
900 164 104 49 74 286 
900 165 189 
900 166 35 87 
900 167 267 163 30 
900 168 4 91 123 244 
900 169 32 294 6 211 153 185 
900 170 89 
900 171 272 96 164 
900 172 120 157 230 
900 173 226 91 228 
900 174 208 280 246 23 
900 175 48 242 
900 176 63 
900 177 281 91 14 
900 178 283 77 22 181 
900 179 249 145 139 13 117 
900 180 25 12 169 
900 181 88 91 93 253 
900 182 200 241 212 287 
900 183 262 203 204 175 113 243 
900 184 66 267 106 
900 185 67 139 251 
900 186 127 299 166 63 
900 187 193 82 89 27 156 125 
900 189 96 202 171 84 249 159 
900 190 170 155 270 
900 192 113 291 
900 193 
900 194 200 53 190 247 
900 195 251 
900 196 129 226 8 270 111 48 
900 197 208 92 15 
900 198 201 228 205 
900 199 35 205 
900 200 
900 201 73 175 100 271 
900 202 263 266 75 46 277 182 29 
900 203 130 43 
900 204 227 52 109 206 
900 205 16 208 244 62 31 
900 206 17 226 45 
900 207 295 251 287 
900 208 184 84 5 
900 209 216 285 22 205 
900 210 0 260 229 252 271 56 281 284 
900 211 128 244 126 46 15 
900 212 207 140 5 285 
900 213 77 175 215 217 271 28 
900 214 288 196 51 148 245 
900 215 91 68 118 238 
900 216 0 1 194 102 76 236 49 25 
900 217 36 140 215 
900 218 298 284 226 38 
900 219 240 286 263 
900 220 221 
900 221 111 
900 222 240 129 77 214 87 
900 223 69 46 
900 224 163 134 76 20 181 246 92 
900 225 288 232 122 
900 226 261 
900 227 201 91 261 182 
900 228 208 49 277 183 
900 229 153 247 276 253 175 
900 230 181 223 
900 231 2 18 148 118 91 95 
900 232 272 76 22 262 
900 234 56 193 
900 235 89 282 45 293 169 
900 236 97 291 49 50 212 219 
900 237 210 91 220 
900 238 264 232 184 220 288 
900 239 289 230 111 271 147 150 15 252 
900 240 281 299 
900 241 43 38 
900 242 264 137 204 157 73 
900 243 38 175 
900 244 32 
900 245 168 10 51 156 
900 246 288 139 142 
900 247 149 33 164 252 31 
900 248 48 226 
900 249 112 228 194 204 198 
900 250 248 247 
900 251 254 
900 252 264 270 
900 253 9 259 245 
900 254 249 263 108 17 
900 255 200 226 132 206 238 
900 256 4 122 187 260 
900 257 137 194 30 
900 258 81 279 55 
900 259 46 223 
900 260 11 229 38 106 139 27 286 95 
900 261 241 266 147 52 236 
900 262 32 97 294 282 28 125 
900 263 185 34 26 87 
900 264 80 232 218 110 271 
900 266 237 293 
900 267 225 210 244 287 
900 270 173 102 135 
900 271 192 9 26 117 285 
900 272 95 
900 273 230 
900 274 145 251 167 
900 275 168 180 36 22 7 
900 276 49 68 81 4 7 
900 277 216 28 172 54 
900 278 
900 279 50 243 
900 280 132 197 109 174 216 218 
900 281 217 11 227 198 17 
900 282 68 234 253 211 292 10 
900 283 
900 284 91 35 212 
900 285 224 288 91 124 280 
900 286 32 5 38 103 7 115 54 89 
900 287 253 102 
900 288 216 201 122 250 294 
900 289 66 291 100 295 8 271 213 
900 291 11 62 75 261 102 
900 292 258 135 244 149 151 
900 293 186 196 
900 294 120 257 295 
900 295 139 221 182 
900 296 4 222 246 213 
900 297 48 275 60 141 
900 298 216 50 133 102 31 
900 299 179 189 22 
1800 0 205 
1800 1 17 251 156 221 
1800 2 242 
1800 3 207 47 
1800 4 96 
1800 5 100 261 297 186 187 93 
1800 6 242 133 263 
1800 7 8 104 
1800 8 258 204 69 
1800 9 22 214 
1800 10 289 110 30 
1800 11 98 168 236 77 175 88 126 
1800 12 53 118 
1800 13 12 53 135 
1800 14 281 203 118 207 
1800 15 257 68 165 298 172 292 
1800 16 252 284 278 4 223 
1800 17 8 293 166 174 
1800 18 281 284 237 229 
1800 19 299 5 54 
1800 20 242 98 122 213 
1800 21 15 132 221 238 53 
1800 22 38 87 
1800 23 112 259 72 208 273 149 
1800 25 47 
1800 26 181 
1800 28 92 230 
1800 29 288 194 158 270 231 
1800 30 66 251 36 2 243 180 23 123 
1800 31 
1800 32 56 43 203 100 
1800 33 192 34 
1800 34 97 75 14 
1800 35 44 274 12 166 
1800 36 292 47 
1800 38 7 87 
1800 39 259 266 299 46 208 52 189 
1800 41 262 
1800 42 180 147 292 
1800 43 267 179 
1800 44 280 215 
1800 45 224 9 53 73 135 
1800 46 161 242 67 
1800 47 273 86 223 
1800 48 296 47 
1800 49 176 151 
1800 50 258 141 
1800 51 96 110 
1800 52 91 164 279 
1800 53 176 210 150 
1800 54 19 22 
1800 55 160 10 131 220 158 
1800 56 180 60 159 
1800 58 240 50 5 
1800 59 288 68 194 236 6 
1800 60 121 234 91 125 111 
1800 62 184 30 
1800 63 47 
1800 64 73 234 46 
1800 66 288 179 123 142 38 
1800 67 130 92 46 
1800 68 16 128 43 214 
1800 69 97 91 19 
1800 70 213 142 
1800 72 29 126 
1800 73 83 202 203 194 
1800 74 168 137 186 181 288 
1800 75 180 172 
1800 76 153 178 133 89 79 
1800 77 225 259 230 214 156 93 
1800 78 299 252 285 230 
1800 79 59 
1800 80 91 102 
1800 81 217 
1800 82 296 169 84 
1800 83 129 213 217 
1800 84 293 8 202 205 79 49 126 54 218 189 30 
1800 86 88 51 
1800 87 166 272 21 150 25 159 
1800 88 192 281 
1800 89 103 
1800 91 81 3 76 63 
1800 92 235 117 38 166 
1800 93 296 187 230 227 
1800 95 280 159 
1800 96 230 42 208 20 247 126 
1800 97 264 130 4 
1800 98 10 35 276 157 
1800 99 49 26 
1800 100 68 
1800 102 251 36 157 245 
1800 103 161 293 13 205 213 89 63 
1800 104 112 241 115 161 151 
1800 106 3 97 291 164 86 
1800 108 208 
1800 109 256 128 251 222 190 
1800 110 228 276 129 
1800 111 102 
1800 112 192 273 20 110 
1800 113 272 26 291 252 13 
1800 115 241 258 108 238 36 
1800 117 163 180 53 142 
1800 118 
1800 120 223 36 279 
1800 121 33 205 141 209 181 91 29 
1800 122 181 15 
1800 123 128 121 271 
1800 124 220 77 62 253 
1800 125 120 91 45 135 
1800 126 36 276 
1800 127 287 
1800 128 213 
1800 129 298 299 84 102 271 
1800 130 194 221 238 13 
1800 131 288 112 258 4 297 208 83 260 63 
1800 132 296 55 
1800 133 257 262 41 79 73 89 220 95 
1800 134 129 68 297 211 281 158 
1800 135 56 50 
1800 137 142 
1800 140 75 206 55 
1800 141 17 266 180 
1800 142 97 215 
1800 147 280 
1800 148 129 
1800 149 9 266 51 229 206 
1800 150 256 113 235 38 63 
1800 151 224 14 59 294 110 
1800 153 
1800 155 6 49 137 113 149 124 
1800 156 
1800 157 256 2 75 148 53 60 
1800 158 1 58 131 70 
1800 159 137 87 
1800 160 255 
1800 161 0 163 204 109 
1800 163 48 149 45 
1800 164 104 49 74 
1800 165 189 
1800 166 35 87 
1800 168 4 91 123 244 
1800 169 32 294 6 211 153 185 
1800 170 89 
1800 171 272 96 164 
1800 172 120 157 230 
1800 173 226 91 228 
1800 174 208 280 246 23 
1800 175 48 242 
1800 176 63 
1800 178 283 77 22 181 
1800 179 249 117 13 
1800 180 25 12 169 
1800 181 88 91 93 253 
1800 184 66 267 106 
1800 185 67 251 
1800 186 127 299 166 63 
1800 187 89 82 156 125 193 
1800 189 96 202 171 84 249 159 
1800 190 170 155 270 
1800 192 113 291 
1800 193 
1800 194 200 53 190 247 
1800 195 251 
1800 196 129 226 8 270 111 48 
1800 197 208 92 15 
1800 199 35 205 
1800 200 
1800 201 73 175 100 271 
1800 202 263 266 75 46 277 29 
1800 203 130 43 
1800 204 227 52 109 206 
1800 205 16 208 244 62 31 
1800 206 17 226 45 
1800 207 295 251 287 
1800 208 184 84 5 
1800 209 216 285 22 205 
1800 210 0 260 229 252 271 56 281 284 
1800 211 128 244 126 46 15 
1800 212 207 140 5 285 
1800 213 77 175 215 217 271 28 
1800 214 288 196 51 148 245 
1800 215 91 68 118 238 
1800 216 0 1 194 102 76 236 49 25 
1800 217 36 140 215 
1800 218 298 284 226 38 
1800 219 240 263 
1800 220 221 
1800 221 111 
1800 222 240 129 77 214 87 
1800 223 69 46 
1800 224 163 134 76 20 181 246 92 
1800 225 288 232 122 
1800 226 261 
1800 227 201 91 261 
1800 228 208 49 277 
1800 229 153 247 276 253 175 
1800 230 181 223 
1800 231 2 18 148 118 91 95 
1800 232 272 76 22 262 
1800 234 56 193 
1800 235 89 282 45 293 169 
1800 236 97 291 49 50 212 219 
1800 237 210 91 220 
1800 238 264 232 184 220 288 
1800 240 281 299 
1800 241 43 38 
1800 242 264 137 204 157 73 
1800 243 38 175 
1800 244 32 
1800 245 168 10 51 156 
1800 246 288 142 
1800 247 149 33 164 252 31 
1800 248 48 226 
1800 249 112 228 194 204 
1800 251 254 
1800 252 264 270 
1800 253 9 259 245 
1800 254 249 263 108 17 
1800 255 200 226 132 206 238 
1800 256 4 122 187 260 
1800 257 137 194 30 
1800 258 81 279 55 
1800 259 46 223 
1800 260 106 11 229 38 95 
1800 261 241 266 147 52 236 
1800 262 32 97 294 282 28 125 
1800 263 185 34 26 87 
1800 264 80 232 218 110 271 
1800 266 237 293 
1800 267 225 210 244 287 
1800 270 173 102 135 
1800 271 192 9 26 117 285 
1800 272 95 
1800 273 230 
1800 274 251 
1800 275 168 180 36 22 7 
1800 276 49 68 81 4 7 
1800 277 216 28 172 54 
1800 278 
1800 279 50 243 
1800 280 132 197 109 174 216 218 
1800 281 217 11 227 17 
1800 282 68 234 253 211 292 10 
1800 283 
1800 284 91 35 212 
1800 285 224 288 91 124 280 
1800 287 253 102 
1800 288 216 201 122 294 
1800 289 66 291 100 295 8 271 213 
1800 291 11 62 75 261 102 
1800 292 258 135 244 149 151 
1800 293 186 196 
1800 294 120 257 295 
1800 295 221 
1800 296 4 222 246 213 
1800 297 48 275 60 141 
1800 298 216 50 133 102 31 
1800 299 179 189 22 
2700 0 205 
2700 1 17 251 156 221 
2700 2 242 
2700 3 207 47 
2700 4 
2700 5 186 187 100 93 
2700 6 242 133 263 
2700 7 8 104 
2700 8 258 204 69 
2700 9 22 
2700 10 289 110 30 
2700 11 98 168 236 77 175 88 126 
2700 12 53 118 
2700 13 12 53 135 
2700 14 281 203 118 207 
2700 15 257 68 165 298 172 292 
2700 16 252 284 278 4 223 
2700 17 8 293 166 174 
2700 18 281 284 237 229 
2700 19 299 5 54 
2700 20 242 98 122 213 
2700 21 15 132 221 238 53 
2700 22 38 87 
2700 23 112 259 72 208 273 149 
2700 25 47 
2700 26 181 
2700 28 92 230 
2700 29 288 194 158 270 231 
2700 30 66 251 2 243 180 23 123 
2700 31 
2700 32 56 43 203 100 
2700 33 192 34 
2700 34 97 75 14 
2700 35 44 274 12 166 
2700 38 7 87 
2700 39 259 266 299 46 208 52 189 
2700 41 262 
2700 42 180 147 292 
2700 43 267 179 
2700 44 280 215 
2700 45 224 9 53 73 135 
2700 46 161 242 67 
2700 47 273 86 223 
2700 48 296 47 
2700 49 176 151 
2700 50 258 141 
2700 51 110 
2700 52 91 164 279 
2700 53 176 150 
2700 54 19 22 
2700 55 160 10 131 220 158 
2700 56 180 60 159 
2700 58 240 50 5 
2700 59 288 68 194 236 6 
2700 60 121 234 91 125 111 
2700 62 184 30 
2700 63 47 
2700 64 73 234 46 
2700 66 288 123 179 38 
2700 67 130 92 46 
2700 68 16 128 43 
2700 69 97 91 19 
2700 70 213 
2700 72 29 126 
2700 73 83 202 203 194 
2700 75 180 172 
2700 76 153 178 133 89 79 
2700 77 225 259 156 93 230 
2700 78 299 252 285 230 
2700 79 59 
2700 80 91 102 
2700 81 217 
2700 82 296 169 84 
2700 83 129 213 217 
2700 84 293 8 202 205 79 49 126 54 218 189 30 
2700 86 88 51 
2700 87 166 272 21 150 25 159 
2700 88 192 281 
2700 89 103 
2700 91 81 3 76 63 
2700 92 235 117 38 166 
2700 93 296 187 230 227 
2700 95 280 159 
2700 97 264 130 4 
2700 98 10 35 276 157 
2700 99 49 26 
2700 100 68 
2700 102 251 157 245 
2700 103 161 293 13 205 213 89 63 
2700 104 112 241 115 161 151 
2700 108 208 
2700 109 256 128 251 222 190 
2700 110 129 276 
2700 111 102 
2700 112 192 273 20 110 
2700 113 272 26 291 252 13 
2700 115 241 258 108 238 
2700 117 163 180 53 
2700 118 
2700 120 223 279 
2700 121 33 205 141 209 181 91 29 
2700 122 181 15 
2700 123 128 121 271 
2700 124 220 77 62 253 
2700 125 120 91 45 135 
2700 126 276 
2700 127 287 
2700 128 213 
2700 129 298 299 84 102 271 
2700 130 194 221 238 13 
2700 131 288 112 258 4 208 83 260 63 
2700 132 296 55 
2700 133 257 262 41 79 73 89 220 95 
2700 134 281 211 68 158 129 
2700 135 56 50 
2700 140 75 206 55 
2700 141 17 266 180 
2700 147 280 
2700 148 129 
2700 149 9 266 51 229 206 
2700 150 256 113 235 38 63 
2700 151 224 14 59 294 110 
2700 153 
2700 155 49 124 149 6 113 
2700 156 
2700 157 256 2 75 148 53 60 
2700 158 1 58 131 70 
2700 159 87 
2700 160 255 
2700 161 0 163 204 109 
2700 163 48 149 45 
2700 164 104 49 
2700 165 189 
2700 166 35 87 
2700 168 4 91 123 244 
2700 169 32 294 6 211 153 185 
2700 170 89 
2700 171 272 164 
2700 172 120 157 230 
2700 173 226 91 
2700 174 208 280 246 23 
2700 175 48 242 
2700 176 63 
2700 178 77 22 181 
2700 179 249 117 13 
2700 180 25 12 169 
2700 181 88 91 93 253 
2700 184 66 267 
2700 185 67 251 
2700 186 127 299 166 63 
2700 187 89 82 156 125 193 
2700 189 249 202 171 84 159 
2700 190 170 155 270 
2700 192 113 291 
2700 193 
2700 194 200 53 190 247 
2700 196 129 226 8 270 111 48 
2700 197 208 92 15 
2700 199 35 205 
2700 200 
2700 201 73 175 100 271 
2700 202 263 266 75 46 277 29 
2700 203 130 43 
2700 204 227 52 109 206 
2700 205 16 208 244 62 31 
2700 206 17 226 45 
2700 207 295 251 287 
2700 208 184 84 5 
2700 209 216 285 22 205 
2700 211 128 244 126 46 15 
2700 212 207 140 5 285 
2700 213 77 175 215 217 271 28 
2700 215 91 68 118 238 
2700 216 0 1 194 102 76 236 49 25 
2700 217 140 215 
2700 218 298 284 226 38 
2700 219 240 263 
2700 220 221 
2700 221 111 
2700 222 240 129 77 87 
2700 223 69 46 
2700 224 163 134 76 20 181 246 92 
2700 225 288 232 122 
2700 226 
2700 227 201 91 
2700 229 153 247 276 253 175 
2700 230 181 223 
2700 231 2 18 148 118 91 95 
2700 232 272 76 22 262 
2700 234 56 193 
2700 235 89 45 293 169 
2700 236 97 291 49 50 212 219 
2700 237 91 220 
2700 238 264 232 184 220 288 
2700 240 281 299 
2700 241 43 38 
2700 242 264 73 204 157 
2700 243 38 175 
2700 244 32 
2700 245 168 10 51 156 
2700 246 288 
2700 247 149 33 164 252 31 
2700 248 48 226 
2700 249 112 194 204 
2700 251 254 
2700 252 264 270 
2700 253 9 259 245 
2700 254 249 263 108 17 
2700 255 200 226 132 206 238 
2700 256 4 122 187 260 
2700 257 194 30 
2700 258 81 279 55 
2700 259 46 223 
2700 260 11 229 38 95 
2700 262 32 97 28 125 294 
2700 263 185 34 26 87 
2700 264 80 232 218 110 271 
2700 266 237 293 
2700 267 225 244 287 
2700 270 173 102 135 
2700 271 192 9 26 117 285 
2700 272 95 
2700 273 230 
2700 274 251 
2700 275 168 180 22 7 
2700 276 49 68 81 4 7 
2700 277 216 28 172 54 
2700 278 
2700 279 50 243 
2700 280 132 197 109 174 216 218 
2700 281 217 11 227 17 
2700 284 91 35 212 
2700 285 224 288 91 124 280 
2700 287 253 102 
2700 288 216 201 122 294 
2700 289 66 291 100 295 8 271 213 
2700 291 11 75 62 102 
2700 292 258 135 244 149 151 
2700 293 186 196 
2700 294 120 257 295 
2700 295 221 
2700 296 4 222 246 213 
2700 298 216 50 133 102 31 
2700 299 179 189 22 
3600 0 205 
3600 1 17 251 156 221 
3600 2 242 
3600 3 207 47 
3600 4 
3600 5 186 187 100 93 
3600 6 242 133 
3600 7 8 104 
3600 8 258 204 69 
3600 9 22 
3600 10 289 110 30 
3600 11 98 236 77 175 88 126 
3600 12 53 118 
3600 13 12 53 135 
3600 14 281 203 118 207 
3600 15 68 172 298 292 165 
3600 16 252 284 278 4 223 
3600 17 8 293 166 174 
3600 18 281 284 237 229 
3600 19 299 5 54 
3600 20 242 98 122 213 
3600 21 15 132 221 238 53 
3600 22 38 87 
3600 23 112 259 72 208 273 149 
3600 25 47 
3600 26 
3600 28 92 230 
3600 29 194 158 270 231 
3600 30 66 251 2 243 180 23 123 
3600 31 
3600 33 192 34 
3600 34 97 75 14 
3600 35 44 274 12 166 
3600 38 7 87 
3600 39 259 266 299 46 208 52 189 
3600 42 180 147 292 
3600 43 267 179 
3600 44 280 215 
3600 45 224 9 53 73 135 
3600 46 161 242 67 
3600 47 273 86 223 
3600 48 296 47 
3600 49 151 
3600 50 258 141 
3600 51 110 
3600 52 91 164 279 
3600 53 150 
3600 54 19 22 
3600 55 160 10 220 158 
3600 56 180 60 159 
3600 58 240 50 5 
3600 59 68 194 236 6 
3600 60 121 234 91 125 111 
3600 62 184 30 
3600 63 47 
3600 64 73 234 46 
3600 66 123 179 38 
3600 67 92 46 
3600 68 16 128 43 
3600 69 97 91 19 
3600 70 213 
3600 72 29 126 
3600 73 83 202 203 194 
3600 75 180 172 
3600 76 153 178 133 89 79 
3600 77 225 259 156 93 230 
3600 78 299 252 285 230 
3600 79 59 
3600 80 91 102 
3600 81 217 
3600 82 296 169 84 
3600 83 129 213 217 
3600 84 293 8 202 205 79 49 126 54 218 189 30 
3600 86 88 51 
3600 87 166 272 21 150 25 159 
3600 88 192 281 
3600 89 103 
3600 91 81 3 76 63 
3600 92 235 117 38 166 
3600 93 296 187 230 227 
3600 95 280 159 
3600 97 264 4 
3600 98 10 35 276 157 
3600 99 49 26 
3600 100 68 
3600 102 251 157 
3600 103 161 293 13 205 213 89 63 
3600 104 112 241 115 161 151 
3600 108 208 
3600 109 256 128 251 222 190 
3600 110 129 276 
3600 111 102 
3600 112 192 273 20 110 
3600 113 272 26 291 252 13 
3600 115 241 258 108 238 
3600 117 163 180 53 
3600 118 
3600 120 223 279 
3600 121 33 141 205 209 91 29 
3600 122 15 
3600 123 128 121 271 
3600 124 220 77 62 253 
3600 125 120 91 45 135 
3600 126 276 
3600 127 287 
3600 128 213 
3600 129 298 299 84 102 271 
3600 132 296 55 
3600 133 262 73 79 89 220 95 
3600 134 281 211 68 158 129 
3600 135 56 50 
3600 141 17 266 180 
3600 147 280 
3600 148 129 
3600 149 9 266 51 229 206 
3600 150 256 113 235 38 63 
3600 151 224 14 59 294 110 
3600 153 
3600 155 49 124 149 6 113 
3600 156 
3600 157 256 2 75 148 53 60 
3600 158 1 58 70 
3600 159 87 
3600 160 255 
3600 161 0 163 204 109 
3600 163 48 149 45 
3600 164 104 49 
3600 165 189 
3600 166 35 87 
3600 169 153 211 6 294 185 
3600 170 89 
3600 171 272 164 
3600 172 120 157 230 
3600 173 226 91 
3600 174 208 280 246 23 
3600 175 48 242 
3600 178 77 22 
3600 179 249 117 13 
3600 180 25 12 169 
3600 184 66 267 
3600 185 67 251 
3600 186 127 299 166 63 
3600 187 89 82 156 125 
3600 189 249 202 171 84 159 
3600 190 170 155 270 
3600 192 113 291 
3600 194 200 53 190 247 
3600 196 129 226 8 270 111 48 
3600 197 208 92 15 
3600 199 35 205 
3600 200 
3600 201 73 175 100 271 
3600 202 266 75 29 46 277 
3600 203 43 
3600 204 227 52 109 206 
3600 205 16 208 244 62 31 
3600 206 17 226 45 
3600 207 295 251 287 
3600 208 184 84 5 
3600 209 216 285 22 205 
3600 211 128 244 126 46 15 
3600 212 207 5 285 
3600 213 77 175 215 217 271 28 
3600 215 91 68 118 238 
3600 216 0 1 194 102 76 236 49 25 
3600 217 215 
3600 218 298 284 226 38 
3600 219 240 
3600 220 221 
3600 221 111 
3600 222 240 129 77 87 
3600 223 69 46 
3600 224 163 134 76 20 246 92 
3600 225 232 122 
3600 226 
3600 227 201 91 
3600 229 153 247 276 253 175 
3600 230 223 
3600 231 2 18 148 118 91 95 
3600 232 272 76 22 262 
3600 234 56 
3600 235 89 45 293 169 
3600 236 97 291 49 50 212 219 
3600 237 91 220 
3600 238 264 232 184 220 
3600 240 281 299 
3600 241 43 38 
3600 242 264 73 204 157 
3600 243 38 175 
3600 244 
3600 246 
3600 247 149 33 164 252 31 
3600 248 48 226 
3600 249 112 194 204 
3600 251 254 
3600 252 264 270 
3600 253 9 259 
3600 254 249 108 17 
3600 255 200 226 132 206 238 
3600 256 4 122 187 260 
3600 258 81 279 55 
3600 259 46 223 
3600 260 11 229 38 95 
3600 262 97 28 125 294 
3600 264 80 232 218 110 271 
3600 266 237 293 
3600 267 225 244 287 
3600 270 173 102 135 
3600 271 192 9 26 117 285 
3600 272 95 
3600 273 230 
3600 274 251 
3600 276 49 68 81 4 7 
3600 277 216 28 172 54 
3600 278 
3600 279 50 243 
3600 280 132 197 109 174 216 218 
3600 281 217 11 227 17 
3600 284 91 35 212 
3600 285 224 280 91 124 
3600 287 253 102 
3600 289 66 291 100 295 8 271 213 
3600 291 11 75 62 102 
3600 292 258 135 244 149 151 
3600 293 186 196 
3600 294 120 295 
3600 295 221 
3600 296 4 222 246 213 
3600 298 216 50 133 102 31 
3600 299 179 189 22 
4500 0 205 
4500 1 17 251 156 221 
4500 2 242 
4500 3 207 47 
4500 4 
4500 5 186 187 100 93 
4500 6 242 133 
4500 7 8 104 
4500 8 258 204 
4500 9 22 
4500 10 289 110 30 
4500 11 98 236 126 175 
4500 12 53 118 
4500 13 12 53 135 
4500 14 281 203 118 207 
4500 15 68 172 298 292 165 
4500 16 252 284 278 4 223 
4500 17 8 293 166 174 
4500 18 281 284 237 229 
4500 19 299 5 54 
4500 20 98 242 
4500 21 15 132 221 238 53 
4500 22 38 87 
4500 23 112 259 72 208 273 149 
4500 25 47 
4500 26 
4500 28 92 230 
4500 29 194 158 270 231 
4500 30 66 251 2 243 180 23 123 
4500 31 
4500 33 192 34 
4500 34 97 75 14 
4500 35 44 274 12 166 
4500 38 7 87 
4500 39 259 266 299 208 52 189 
4500 42 180 147 292 
4500 43 267 179 
4500 44 280 215 
4500 45 224 9 53 73 135 
4500 47 273 86 223 
4500 48 296 47 
4500 49 151 
4500 50 258 141 
4500 51 110 
4500 52 164 279 
4500 53 150 
4500 54 19 22 
4500 55 160 10 220 158 
4500 56 180 60 159 
4500 58 240 50 5 
4500 59 68 194 236 6 
4500 60 121 234 111 
4500 62 184 30 
4500 63 47 
4500 64 73 234 
4500 66 123 179 38 
4500 67 92 
4500 68 16 128 43 
4500 70 
4500 72 29 126 
4500 73 83 202 203 194 
4500 75 180 172 
4500 76 153 178 133 89 
4500 78 299 252 285 230 
4500 80 102 
4500 81 217 
4500 82 296 169 84 
4500 83 217 129 
4500 84 293 8 202 205 49 126 54 218 189 30 
4500 86 51 
4500 87 166 272 21 150 25 159 
4500 89 
4500 92 235 117 38 166 
4500 93 296 187 230 227 
4500 95 280 159 
4500 97 4 
4500 98 10 35 276 157 
4500 99 49 26 
4500 100 68 
4500 102 251 157 
4500 104 112 241 115 161 151 
4500 108 208 
4500 109 256 128 251 222 190 
4500 110 129 276 
4500 111 102 
4500 112 192 273 20 110 
4500 113 272 26 291 252 13 
4500 115 241 258 108 238 
4500 117 163 180 53 
4500 118 
4500 120 223 279 
4500 121 141 33 205 29 209 
4500 123 128 121 271 
4500 124 220 253 62 
4500 126 276 
4500 127 287 
4500 128 
4500 129 298 299 84 102 271 
4500 132 296 55 
4500 133 89 220 262 73 95 
4500 134 281 211 68 158 129 
4500 135 56 50 
4500 141 17 266 180 
4500 147 280 
4500 148 129 
4500 149 9 266 51 229 206 
4500 150 256 113 235 38 63 
4500 151 224 14 59 294 110 
4500 153 
4500 155 49 124 149 6 113 
4500 156 
4500 157 256 2 75 148 53 60 
4500 158 1 58 70 
4500 159 87 
4500 160 255 
4500 161 0 163 204 109 
4500 163 48 149 45 
4500 164 104 49 
4500 165 189 
4500 166 35 87 
4500 169 153 211 6 294 185 
4500 170 89 
4500 171 272 164 
4500 172 120 157 230 
4500 173 226 
4500 174 208 280 246 23 
4500 175 48 242 
4500 178 22 
4500 179 117 13 
4500 180 25 12 169 
4500 184 66 267 
4500 185 67 251 
4500 186 127 299 166 63 
4500 187 89 82 156 
4500 189 202 171 84 159 
4500 190 170 155 270 
4500 192 113 291 
4500 194 200 53 190 247 
4500 196 129 226 8 270 111 48 
4500 197 208 92 15 
4500 199 35 205 
4500 200 
4500 201 73 175 100 271 
4500 202 266 75 29 
4500 203 43 
4500 204 227 52 109 206 
4500 205 16 208 244 62 31 
4500 206 17 226 45 
4500 207 295 251 287 
4500 208 184 84 5 
4500 209 216 285 22 205 
4500 211 128 244 126 15 
4500 212 207 5 285 
4500 215 68 118 238 
4500 216 0 1 194 102 76 236 49 25 
4500 217 215 
4500 218 298 284 226 38 
4500 219 240 
4500 220 221 
4500 221 111 
4500 222 240 129 87 
4500 223 
4500 224 163 134 76 20 246 92 
4500 225 232 
4500 226 
4500 227 201 
4500 229 153 247 276 253 175 
4500 230 223 
4500 231 18 148 2 118 95 
4500 232 272 76 22 262 
4500 234 56 
4500 235 89 45 293 169 
4500 236 97 291 49 50 212 219 
4500 237 220 
4500 238 232 184 220 
4500 240 281 299 
4500 241 43 38 
4500 242 73 204 157 
4500 243 38 175 
4500 244 
4500 246 
4500 247 149 33 164 252 31 
4500 251 254 
4500 252 270 
4500 253 9 259 
4500 254 17 108 
4500 255 200 226 132 206 238 
4500 256 260 187 4 
4500 258 81 279 55 
4500 259 223 
4500 260 11 229 38 95 
4500 262 97 28 294 
4500 266 237 293 
4500 267 225 244 287 
4500 270 173 102 135 
4500 271 192 9 26 117 285 
4500 272 95 
4500 273 230 
4500 274 251 
4500 276 49 68 81 4 7 
4500 278 
4500 279 50 243 
4500 280 132 197 109 174 216 218 
4500 281 217 11 227 17 
4500 284 35 212 
4500 285 224 280 124 
4500 287 253 102 
4500 289 66 291 100 295 8 271 
4500 291 11 75 62 102 
4500 292 258 135 244 149 151 
4500 293 186 196 
4500 294 120 295 
4500 295 221 
4500 296 4 222 246 
4500 298 216 50 133 102 31 
4500 299 179 189 22 
5400 0 205 
5400 1 17 251 156 221 
5400 2 242 
5400 3 207 47 
5400 4 
5400 5 186 187 100 93 
5400 6 242 133 
5400 7 8 104 
5400 8 258 204 
5400 9 22 
5400 10 289 30 
5400 11 236 126 175 
5400 12 53 118 
5400 13 12 53 135 
5400 14 281 203 118 207 
5400 15 68 172 298 292 165 
5400 16 252 284 278 4 223 
5400 17 8 293 174 
5400 18 281 284 237 229 
5400 19 299 5 54 
5400 20 242 
5400 21 15 132 221 238 53 
5400 22 38 
5400 23 208 273 259 112 72 
5400 25 47 
5400 26 
5400 28 92 230 
5400 29 194 158 270 231 
5400 30 2 243 180 251 23 
5400 31 
5400 33 192 34 
5400 34 97 75 14 
5400 35 44 274 12 
5400 38 7 
5400 39 208 259 266 299 52 
5400 42 180 147 292 
5400 43 267 179 
5400 44 280 215 
5400 45 224 9 53 73 135 
5400 47 273 86 223 
5400 48 296 47 
5400 49 151 
5400 50 258 141 
5400 51 
5400 52 164 279 
5400 53 150 
5400 54 19 22 
5400 55 160 10 220 158 
5400 56 180 60 
5400 58 240 50 5 
5400 60 121 234 111 
5400 62 184 30 
5400 63 47 
5400 64 73 234 
5400 67 92 
5400 68 16 128 43 
5400 70 
5400 72 29 126 
5400 73 83 202 203 194 
5400 75 180 172 
5400 76 153 178 133 89 
5400 78 299 252 285 230 
5400 80 102 
5400 81 217 
5400 82 296 169 84 
5400 83 217 129 
5400 84 293 8 202 205 49 126 54 218 30 
5400 86 51 
5400 89 
5400 92 235 117 38 
5400 93 296 187 230 
5400 95 280 
5400 97 4 
5400 99 49 26 
5400 100 68 
5400 102 251 157 
5400 104 112 241 115 161 151 
5400 108 208 
5400 109 256 128 251 222 
5400 111 102 
5400 112 192 273 20 
5400 113 272 26 291 252 13 
5400 115 241 258 108 238 
5400 117 163 180 53 
5400 118 
5400 120 223 279 
5400 121 141 33 205 29 209 
5400 124 220 253 62 
5400 126 276 
5400 127 287 
5400 128 
5400 129 298 299 84 102 271 
5400 132 296 55 
5400 133 89 220 262 73 95 
5400 134 281 68 158 129 
5400 135 56 50 
5400 141 17 266 180 
5400 147 280 
5400 148 129 
5400 150 256 113 235 38 63 
5400 151 224 14 294 
5400 153 
5400 155 49 124 6 113 
5400 156 
5400 157 256 2 75 148 53 60 
5400 158 1 58 70 
5400 160 255 
5400 161 0 163 204 109 
5400 163 48 45 
5400 164 104 49 
5400 165 
5400 169 153 6 294 185 
5400 170 89 
5400 171 272 164 
5400 172 120 157 230 
5400 173 226 
5400 174 208 280 23 
5400 175 48 242 
5400 178 22 
5400 179 117 13 
5400 180 25 12 169 
5400 184 267 
5400 185 67 251 
5400 186 127 299 63 
5400 187 89 82 156 
5400 192 113 291 
5400 194 200 53 247 
5400 196 129 226 8 270 111 48 
5400 197 208 92 15 
5400 199 35 205 
5400 200 
5400 201 73 175 100 271 
5400 202 266 75 29 
5400 203 43 
5400 204 52 109 206 
5400 205 16 208 244 62 31 
5400 206 17 226 45 
5400 207 295 251 287 
5400 208 184 84 5 
5400 209 216 285 22 205 
5400 212 207 5 285 
5400 215 68 118 238 
5400 216 0 1 194 102 76 236 49 25 
5400 217 215 
5400 218 298 284 226 38 
5400 219 240 
5400 220 221 
5400 221 111 
5400 222 240 129 
5400 223 
5400 224 76 163 92 134 20 
5400 225 232 
5400 226 
5400 229 153 247 276 253 175 
5400 230 223 
5400 231 18 148 2 118 95 
5400 232 272 76 22 262 
5400 234 56 
5400 235 89 45 293 169 
5400 236 97 291 49 50 212 219 
5400 237 220 
5400 238 232 184 220 
5400 240 281 299 
5400 241 43 38 
5400 242 73 204 157 
5400 243 38 175 
5400 244 
5400 247 33 164 252 31 
5400 251 254 
5400 252 270 
5400 253 9 259 
5400 254 17 108 
5400 255 200 226 132 206 238 
5400 256 260 187 4 
5400 258 81 279 55 
5400 259 223 
5400 260 11 229 38 95 
5400 262 97 28 294 
5400 266 237 293 
5400 267 225 244 287 
5400 270 173 102 135 
5400 271 192 9 26 117 285 
5400 272 95 
5400 273 230 
5400 274 251 
5400 276 49 68 81 4 7 
5400 278 
5400 279 50 243 
5400 280 132 197 109 174 216 218 
5400 281 217 11 17 
5400 284 35 212 
5400 285 224 280 124 
5400 287 253 102 
5400 289 8 295 291 100 271 
5400 291 11 75 62 102 
5400 292 258 151 244 135 
5400 293 186 196 
5400 294 120 295 
5400 295 221 
5400 296 4 222 
5400 298 216 50 133 102 31 
5400 299 179 22 
6300 0 205 
6300 1 17 251 156 221 
6300 2 242 
6300 3 207 47 
6300 4 
6300 5 186 187 100 
6300 6 242 
6300 7 8 104 
6300 8 258 204 
6300 9 22 
6300 10 289 
6300 11 236 126 175 
6300 12 53 118 
6300 13 12 53 135 
6300 14 281 203 118 207 
6300 15 68 172 298 292 165 
6300 16 252 284 278 4 223 
6300 17 8 293 174 
6300 18 281 284 237 229 
6300 19 299 5 54 
6300 20 242 
6300 21 15 132 221 238 53 
6300 22 38 
6300 23 208 273 259 112 
6300 25 47 
6300 26 
6300 28 92 230 
6300 29 194 158 270 
6300 31 
6300 34 97 14 
6300 35 44 274 12 
6300 38 7 
6300 39 208 259 266 299 52 
6300 42 180 147 292 
6300 43 267 179 
6300 44 280 215 
6300 45 224 9 53 73 135 
6300 47 273 86 223 
6300 48 296 47 
6300 49 151 
6300 50 258 141 
6300 51 
6300 52 164 279 
6300 53 150 
6300 54 19 22 
6300 56 180 60 
6300 58 240 50 5 
6300 60 121 234 111 
6300 62 184 
6300 63 47 
6300 64 73 234 
6300 67 92 
6300 68 16 128 43 
6300 70 
6300 73 83 202 203 194 
6300 76 178 
6300 78 299 252 285 230 
6300 80 102 
6300 81 217 
6300 82 296 169 84 
6300 83 217 129 
6300 84 293 8 202 205 49 54 218 126 
6300 86 51 
6300 92 235 117 38 
6300 95 280 
6300 97 4 
6300 99 49 26 
6300 100 68 
6300 102 251 157 
6300 104 112 241 115 161 151 
6300 108 208 
6300 109 256 128 251 222 
6300 111 102 
6300 112 192 273 20 
6300 113 272 26 291 252 13 
6300 115 241 258 108 238 
6300 117 163 180 53 
6300 118 
6300 120 223 279 
6300 121 141 209 29 205 
6300 124 220 253 62 
6300 126 276 
6300 128 
6300 129 298 299 84 102 271 
6300 132 296 
6300 134 281 68 158 129 
6300 135 56 50 
6300 141 17 266 180 
6300 147 280 
6300 148 129 
6300 150 256 113 235 38 63 
6300 151 224 14 294 
6300 155 49 124 6 113 
6300 156 
6300 157 256 60 2 148 53 
6300 158 1 58 70 
6300 160 255 
6300 161 0 163 204 109 
6300 163 48 45 
6300 164 104 49 
6300 165 
6300 169 185 6 294 
6300 171 272 164 
6300 172 120 157 230 
6300 173 226 
6300 174 208 280 23 
6300 175 48 242 
6300 178 22 
6300 179 117 13 
6300 180 25 12 169 
6300 184 267 
6300 185 67 251 
6300 186 299 63 
6300 187 82 156 
6300 192 113 291 
6300 194 200 53 247 
6300 196 129 226 8 270 111 48 
6300 199 35 205 
6300 200 
6300 201 73 175 100 271 
6300 202 266 29 
6300 203 43 
6300 204 52 109 206 
6300 205 16 208 244 62 31 
6300 206 17 226 45 
6300 207 251 295 
6300 208 184 84 5 
6300 209 216 285 22 205 
6300 212 207 5 285 
6300 215 68 118 238 
6300 216 0 1 194 102 76 236 49 25 
6300 217 215 
6300 218 298 284 226 38 
6300 219 240 
6300 220 221 
6300 221 111 
6300 222 240 129 
6300 223 
6300 224 76 163 92 134 20 
6300 225 232 
6300 226 
6300 229 247 276 253 175 
6300 230 223 
6300 232 272 76 22 262 
6300 234 56 
6300 235 169 45 293 
6300 236 97 291 49 50 212 219 
6300 237 220 
6300 238 232 184 220 
6300 240 281 299 
6300 241 43 38 
6300 242 73 204 157 
6300 243 38 175 
6300 244 
6300 247 252 164 31 
6300 251 254 
6300 252 270 
6300 253 9 259 
6300 254 17 108 
6300 255 200 226 132 206 238 
6300 256 260 187 4 
6300 258 81 279 
6300 259 223 
6300 260 11 229 38 95 
6300 262 97 28 294 
6300 266 237 293 
6300 267 225 244 
6300 270 173 102 135 
6300 271 192 9 26 117 285 
6300 272 95 
6300 273 230 
6300 274 251 
6300 276 49 68 81 4 7 
6300 278 
6300 279 50 243 
6300 280 216 218 132 109 174 
6300 281 217 11 17 
6300 284 35 212 
6300 285 224 280 124 
6300 289 8 295 291 100 271 
6300 291 11 62 102 
6300 292 258 151 244 135 
6300 293 186 196 
6300 294 120 295 
6300 295 221 
6300 296 4 222 
6300 298 216 50 102 31 
6300 299 179 22 
