0 0 3 20 
0 1 0 27 
0 2 
0 3 
0 4 
0 5 1 13 
0 6 9 2 
0 7 
0 8 9 6 
0 9 8 1 
0 10 
0 11 
0 12 
0 13 
0 14 
0 15 17 7 
0 16 17 50 
0 17 
0 18 16 17 3 
0 19 
0 20 
0 21 
0 22 194 147 21 
0 23 0 2 5 81 8 9 10 12 13 15 144 17 50 19 
0 24 6 7 
0 25 27 33 99 16 
0 26 194 21 
0 27 
0 29 0 9 3 13 161 
0 30 9 199 4 13 161 
0 31 0 3 4 6 7 11 109 81 20 
0 32 1 14 
0 33 
0 34 0 2 5 
0 35 1 2 
0 36 1 6 
0 37 1 161 
0 38 0 2 5 17 10 12 13 81 
0 39 27 5 
0 40 33 201 14 16 147 191 
0 42 2 5 
0 43 1 14 
0 44 
0 45 194 4 14 7 
0 46 4 20 
0 47 1 6 7 8 12 109 81 19 20 
0 48 16 99 
0 50 
0 51 16 201 
0 52 1 18 
0 53 0 11 3 4 109 
0 54 1 201 
0 55 16 14 
0 56 2 12 13 
0 57 1 3 
0 58 99 147 
0 59 16 18 3 
0 60 201 99 44 14 
0 61 1 4 
0 62 192 0 2 147 81 8 9 160 13 17 19 182 
0 64 2 7 15 
0 65 9 7 12 6 199 
0 66 1 19 
0 67 0 3 4 6 
0 68 1 4 
0 69 3 199 
0 70 147 21 
0 71 1 4 
0 72 2 5 81 8 9 10 12 15 17 50 182 
0 73 1 3 
0 74 0 1 
0 75 8 1 
0 76 0 33 3 4 11 
0 77 161 2 4 199 8 13 17 18 21 
0 78 0 2 10 5 
0 79 27 4 
0 80 0 3 13 5 
0 81 
0 82 9 2 1 
0 83 0 7 15 
0 84 16 21 
0 85 16 33 2 27 194 
0 86 0 2 5 10 12 13 15 144 50 
0 87 11 7 
0 88 1 13 
0 89 0 8 19 21 199 
0 90 1 20 
0 91 16 201 99 44 14 
0 92 2 4 5 199 8 9 13 17 18 21 
0 93 1 12 
0 94 1 11 4 14 
0 95 1 44 
0 96 160 4 6 7 8 11 109 116 
0 97 0 3 4 6 7 9 
0 98 161 4 6 17 
0 99 
0 102 0 2 5 17 8 10 12 15 81 
0 103 3 20 7 
0 104 9 18 27 161 
0 105 0 3 
0 106 8 4 6 
0 107 2 10 5 
0 109 1 2 
0 110 1 13 
0 111 1 17 
0 112 0 2 5 
0 113 0 1 
0 114 1 14 
0 115 0 9 18 3 199 
0 116 
0 117 1 14 
0 118 18 27 
0 119 0 2 5 81 8 9 10 12 13 15 17 50 
0 120 16 27 
0 121 1 14 
0 122 2 8 10 12 13 144 
0 123 0 194 3 6 7 9 11 
0 125 194 99 201 14 16 18 
0 126 2 18 
0 127 0 2 3 199 
0 128 3 11 4 6 
0 129 1 11 
0 130 161 2 133 9 10 12 46 144 19 216 
0 131 161 2 11 4 13 
0 132 0 27 3 
0 133 0 161 3 4 6 7 8 11 109 81 20 
0 134 2 147 181 14 
0 135 201 18 
0 136 11 116 
0 137 194 14 
0 138 0 1 2 5 81 8 9 10 12 13 15 144 17 50 19 20 
0 139 4 116 6 
0 141 201 14 191 
0 142 161 2 8 9 10 12 144 216 
0 143 201 99 44 14 
0 144 
0 145 194 99 4 199 14 16 181 21 
0 146 1 17 
0 147 
0 148 1 18 
0 149 0 274 3 46 7 
0 150 194 99 201 14 16 18 181 
0 151 1 44 
0 152 1 3 
0 153 16 99 
0 154 8 4 109 6 
0 155 0 11 20 6 
0 156 0 3 4 6 199 11 7 
0 157 147 14 
0 158 20 194 4 6 7 
0 159 4 6 8 44 109 19 
0 160 
0 161 
0 162 0 3 4 6 7 11 16 20 
0 163 33 1 
0 164 2 5 9 44 13 15 17 
0 165 0 2 5 10 12 81 50 
0 166 0 3 13 
0 167 1 17 
0 168 0 2 10 5 
0 169 16 99 
0 170 0 3 4 6 11 109 
0 171 1 10 
0 172 8 1 
0 173 216 116 
0 174 9 2 5 1 
0 175 0 2 5 17 8 10 12 15 81 19 
0 176 1 27 
0 177 0 2 5 10 12 15 50 
0 178 0 3 4 
0 179 16 5 14 199 
0 180 2 5 8 10 13 19 
0 181 
0 182 
0 183 4 11 12 
0 184 16 99 
0 185 0 216 3 7 
0 186 2 27 
0 187 0 3 4 6 7 11 20 
0 188 1 14 
0 189 1 2 
0 190 1 2 5 81 8 9 10 12 15 17 50 19 
0 191 
0 192 
0 193 1 7 
0 194 4 44 
0 195 0 147 5 
0 196 0 3 4 6 7 9 199 18 147 
0 197 0 99 7 11 16 3 199 
0 198 0 1 
0 199 
0 200 1 13 
0 201 
0 202 0 2 3 
0 203 0 3 4 6 7 11 20 
0 204 1 6 
0 206 194 27 
0 207 0 3 11 
0 208 0 2 5 10 12 13 15 50 20 
0 209 2 5 8 9 10 13 19 
0 210 0 3 4 6 7 11 
0 211 0 2 5 81 8 9 10 12 13 15 17 
0 212 0 2 5 8 9 10 12 13 15 50 19 
0 213 1 18 
0 214 0 27 3 
0 215 2 147 21 14 
0 216 
0 217 0 2 10 5 
0 218 0 2 5 17 8 10 12 15 81 19 
0 219 16 237 46 133 
0 220 1 5 
0 221 161 2 4 13 
0 222 0 3 7 11 18 147 21 
0 223 27 20 
0 224 1 27 
0 225 0 3 7 11 18 147 21 
0 226 0 3 11 4 
0 227 0 9 3 13 161 
0 228 0 2 5 
0 229 1 116 6 
0 230 16 1 
0 231 1 46 
0 232 1 133 
0 233 0 3 20 7 
0 234 12 44 15 
0 235 11 6 7 
0 236 0 6 7 
0 237 2 8 10 12 13 46 144 274 
0 238 1 161 
0 239 0 161 3 4 6 33 11 109 14 16 116 21 199 
0 240 1 14 
0 241 1 19 
0 242 1 3 
0 243 0 4 3 20 
0 244 1 12 
0 246 0 1 3 4 7 
0 247 1 44 
0 248 0 4 6 199 9 7 18 147 
0 249 16 27 
0 250 1 2 
0 251 3 4 6 7 
0 252 1 10 
0 253 147 14 
0 254 0 194 3 6 7 9 11 
0 255 1 14 
0 256 161 2 5 44 13 15 
0 257 8 2 12 13 5 
0 258 1 14 
0 259 10 5 15 
0 260 3 11 4 6 7 
0 261 160 4 6 7 11 109 19 116 
0 263 1 5 
0 264 0 27 3 
0 265 192 0 2 5 81 1 8 9 10 12 13 15 144 17 50 19 20 182 
0 266 160 1 
0 267 0 4 11 12 
0 268 1 27 
0 269 9 1 
0 270 1 147 
0 271 18 21 
0 272 33 194 
0 273 18 21 
0 274 8 2 10 12 13 
0 275 0 33 194 3 4 6 7 8 9 11 109 81 20 21 199 
0 276 1 12 
0 277 4 6 
0 278 1 44 
0 279 0 3 11 
0 280 1 14 
0 281 27 7 12 15 
0 282 0 2 10 5 
0 283 0 192 2 5 17 8 9 10 160 12 13 15 144 81 50 147 182 
0 284 1 3 
0 285 1 99 
0 286 1 10 
0 287 194 4 14 7 
0 288 8 1 
0 290 0 8 11 4 6 
0 291 18 21 
0 292 1 14 
0 293 1 2 
0 294 0 9 3 8 16 
0 295 0 144 2 5 
0 296 2 5 8 9 10 13 19 
0 297 1 3 
0 298 3 6 
0 299 0 17 3 4 
900 0 3 20 
900 1 0 27 
900 2 
900 3 
900 4 
900 5 1 13 
900 6 9 2 
900 7 
900 8 9 6 
900 9 8 1 
900 10 
900 11 
900 12 
900 13 
900 14 
900 15 17 7 
900 16 17 50 
900 17 
900 18 16 17 3 
900 19 
900 20 
900 21 
900 22 194 147 21 
900 23 0 2 5 81 8 9 10 12 13 15 144 17 50 19 
900 24 6 7 
900 25 27 33 99 16 
900 26 194 21 
900 27 
900 30 9 4 13 199 
900 31 0 3 4 6 7 11 109 81 20 
900 32 1 14 
900 33 
900 34 0 2 5 
900 35 1 2 
900 36 1 6 
900 37 1 
900 38 0 2 5 17 10 12 13 81 
900 39 27 5 
900 40 33 201 14 16 147 191 
900 42 2 5 
900 43 1 14 
900 44 
900 45 194 4 14 7 
900 46 4 20 
900 47 1 6 7 8 12 109 81 19 20 
900 48 16 99 
900 50 
900 51 16 201 
900 52 1 18 
900 53 0 11 3 4 109 
900 54 1 201 
900 55 16 14 
900 56 2 12 13 
900 57 1 3 
900 58 99 147 
900 59 16 18 3 
900 60 201 99 44 14 
900 61 1 4 
900 62 192 0 2 147 81 8 9 160 13 17 19 182 
900 64 2 7 15 
900 66 1 19 
900 67 0 3 4 6 
900 68 1 4 
900 69 3 199 
900 70 147 21 
900 71 1 4 
900 72 2 5 81 8 9 10 12 15 17 50 182 
900 74 0 1 
900 75 8 1 
900 76 0 33 3 4 11 
900 77 2 4 199 8 13 17 18 21 
900 78 0 2 10 5 
900 79 27 4 
900 80 0 3 13 5 
900 81 
900 82 9 2 1 
900 83 0 7 15 
900 84 16 21 
900 85 16 33 2 27 194 
900 86 0 2 5 10 12 13 15 144 50 
900 87 11 7 
900 88 1 13 
900 89 0 8 19 21 199 
900 90 1 20 
900 91 16 201 99 44 14 
900 92 2 4 5 199 8 9 13 17 18 21 
900 94 1 11 4 14 
900 95 1 44 
900 96 160 4 6 7 8 11 109 116 
900 97 0 3 4 6 7 9 
900 98 17 4 6 
900 99 
900 102 0 2 5 17 8 10 12 15 81 
900 103 3 20 7 
900 104 9 18 27 
900 105 0 3 
900 106 8 4 6 
900 107 2 10 5 
900 109 1 2 
900 110 1 13 
900 111 1 17 
900 112 0 2 5 
900 113 0 1 
900 114 1 14 
900 115 0 9 18 3 199 
900 116 
900 117 1 14 
900 118 18 27 
900 119 0 2 5 81 8 9 10 12 13 15 17 50 
900 120 16 27 
900 121 1 14 
900 122 2 8 10 12 13 144 
900 123 0 194 3 6 7 9 11 
900 125 194 99 201 14 16 18 
900 126 2 18 
900 127 0 2 3 199 
900 128 3 11 4 6 
900 129 1 11 
900 130 2 133 9 10 12 46 144 19 216 
900 131 2 11 4 13 
900 132 0 27 3 
900 133 0 3 4 6 7 8 11 109 81 20 
900 134 2 147 181 14 
900 135 201 18 
900 136 11 116 
900 137 194 14 
900 138 0 1 2 5 81 8 9 10 12 13 15 144 17 50 19 20 
900 139 4 116 6 
900 141 201 14 191 
900 142 2 8 9 10 12 144 216 
900 143 201 99 44 14 
900 144 
900 145 194 99 4 199 14 16 181 21 
900 146 1 17 
900 147 
900 148 1 18 
900 149 0 274 3 46 7 
900 150 194 99 201 14 16 18 181 
900 151 1 44 
900 152 1 3 
900 153 16 99 
900 154 8 4 109 6 
900 155 0 11 20 6 
900 156 0 3 4 6 199 11 7 
900 157 147 14 
900 158 20 194 4 6 7 
900 159 4 6 8 44 109 19 
900 160 
900 162 0 3 4 6 7 11 16 20 
900 163 33 1 
900 164 2 5 9 44 13 15 17 
900 165 0 2 5 10 12 81 50 
900 166 0 3 13 
900 167 1 17 
900 168 0 2 10 5 
900 169 16 99 
900 170 0 3 4 6 11 109 
900 172 8 1 
900 173 216 116 
900 174 9 2 5 1 
900 175 0 2 5 17 8 10 12 15 81 19 
900 176 1 27 
900 177 0 2 5 10 12 15 50 
900 178 0 3 4 
900 179 16 5 14 199 
900 180 2 5 8 10 13 19 
900 181 
900 182 
900 183 4 11 12 
900 184 16 99 
900 185 0 216 3 7 
900 186 2 27 
900 188 1 14 
900 189 1 2 
900 190 1 2 5 81 8 9 10 12 15 17 50 19 
900 191 
900 192 
900 193 1 7 
900 194 4 44 
900 195 0 147 5 
900 196 0 3 4 6 7 9 199 18 147 
900 197 0 99 7 11 16 3 199 
900 198 0 1 
900 199 
900 200 1 13 
900 201 
900 202 0 2 3 
900 203 0 3 4 6 7 11 20 
900 204 1 6 
900 206 194 27 
900 207 0 3 11 
900 208 0 2 5 10 12 13 15 50 20 
900 209 2 5 8 9 10 13 19 
900 210 0 3 4 6 7 11 
900 211 0 2 5 81 8 9 10 12 13 15 17 
900 213 1 18 
900 214 0 27 3 
900 215 2 147 21 14 
900 216 
900 217 0 2 10 5 
900 218 0 2 5 17 8 10 12 15 81 19 
900 219 16 237 46 133 
900 220 1 5 
900 221 2 4 13 
900 223 27 20 
900 224 1 27 
900 225 0 3 7 11 18 147 21 
900 226 0 3 11 4 
900 227 0 9 3 13 
900 228 0 2 5 
900 229 1 116 6 
900 230 16 1 
900 231 1 46 
900 232 1 133 
900 233 0 3 20 7 
900 235 11 6 7 
900 236 0 6 7 
900 237 2 8 10 12 13 46 144 274 
900 238 1 
900 239 0 33 3 4 6 199 11 109 14 16 116 21 
900 240 1 14 
900 241 1 19 
900 242 1 3 
900 243 0 4 3 20 
900 244 1 12 
900 246 0 1 3 4 7 
900 247 1 44 
900 249 16 27 
900 250 1 2 
900 251 3 4 6 7 
900 252 1 10 
900 253 147 14 
900 254 0 194 3 6 7 9 11 
900 255 1 14 
900 256 2 5 44 13 15 
900 257 8 2 12 13 5 
900 258 1 14 
900 259 10 5 15 
900 260 3 11 4 6 7 
900 261 160 4 6 7 11 109 19 116 
900 263 1 5 
900 265 192 0 2 5 81 1 8 9 10 12 13 15 144 17 50 19 20 182 
900 266 160 1 
900 267 0 4 11 12 
900 268 1 27 
900 269 9 1 
900 270 1 147 
900 271 18 21 
900 272 33 194 
900 273 18 21 
900 274 8 2 10 12 13 
900 275 0 33 194 3 4 6 7 8 9 11 109 81 20 21 199 
900 276 1 12 
900 277 4 6 
900 278 1 44 
900 279 0 3 11 
900 280 1 14 
900 281 27 7 12 15 
900 282 0 2 10 5 
900 283 0 192 2 5 17 8 9 10 160 12 13 15 144 81 50 147 182 
900 284 1 3 
900 285 1 99 
900 286 1 10 
900 287 194 4 14 7 
900 288 8 1 
900 290 0 8 11 4 6 
900 291 18 21 
900 292 1 14 
900 293 1 2 
900 294 0 9 3 8 16 
900 295 0 144 2 5 
900 297 1 3 
900 298 3 6 
900 299 0 17 3 4 
1800 0 3 20 
1800 1 0 27 
1800 2 
1800 3 
1800 4 
1800 5 1 13 
1800 6 9 2 
1800 7 
1800 8 9 6 
1800 9 8 1 
1800 10 
1800 11 
1800 12 
1800 13 
1800 14 
1800 15 17 7 
1800 16 17 
1800 17 
1800 18 16 17 3 
1800 19 
1800 20 
1800 21 
1800 22 194 147 21 
1800 23 0 2 5 81 8 9 10 12 13 15 144 17 19 
1800 24 6 7 
1800 25 27 33 99 16 
1800 26 194 21 
1800 27 
1800 30 9 4 13 199 
1800 32 1 14 
1800 33 
1800 35 1 2 
1800 36 1 6 
1800 37 1 
1800 38 0 2 5 17 10 12 13 81 
1800 39 27 5 
1800 40 16 33 147 14 201 
1800 42 2 5 
1800 43 1 14 
1800 45 194 4 14 7 
1800 46 4 20 
1800 47 1 6 7 8 12 109 81 19 20 
1800 48 16 99 
1800 51 16 201 
1800 52 1 18 
1800 53 0 11 3 4 109 
1800 54 1 201 
1800 55 16 14 
1800 56 2 12 13 
1800 57 1 3 
1800 58 99 147 
1800 59 16 18 3 
1800 60 201 99 14 
1800 61 1 4 
1800 62 192 0 2 147 81 8 9 160 13 17 19 182 
1800 64 2 7 15 
1800 66 1 19 
1800 67 0 3 4 6 
1800 68 1 4 
1800 69 3 199 
1800 70 147 21 
1800 71 1 4 
1800 72 2 5 81 8 9 10 12 15 17 182 
1800 74 0 1 
1800 75 8 1 
1800 76 0 33 3 4 11 
1800 78 0 2 10 5 
1800 79 27 4 
1800 80 0 3 13 5 
1800 81 
1800 83 0 7 15 
1800 84 16 21 
1800 85 16 33 2 27 194 
1800 86 0 2 5 10 12 13 15 144 
1800 87 11 7 
1800 88 1 13 
1800 89 0 8 19 21 199 
1800 90 1 20 
1800 91 16 201 99 14 
1800 92 2 4 5 199 8 9 13 17 18 21 
1800 94 1 11 4 14 
1800 95 1 
1800 96 160 4 6 7 8 11 109 116 
1800 97 0 3 4 6 7 9 
1800 98 17 4 6 
1800 99 
1800 102 0 2 5 17 8 10 12 15 81 
1800 103 3 20 7 
1800 104 9 18 27 
1800 105 0 3 
1800 106 8 4 6 
1800 107 2 10 5 
1800 109 1 2 
1800 110 1 13 
1800 112 0 2 5 
1800 113 0 1 
1800 114 1 14 
1800 115 0 9 18 3 199 
1800 116 
1800 117 1 14 
1800 118 18 27 
1800 119 0 2 5 81 8 9 10 12 13 15 17 
1800 120 16 27 
1800 121 1 14 
1800 122 2 8 10 12 13 144 
1800 123 0 194 3 6 7 9 11 
1800 125 194 99 201 14 16 18 
1800 126 2 18 
1800 127 0 2 3 199 
1800 128 3 11 4 6 
1800 129 1 11 
1800 130 2 133 9 10 12 46 144 19 216 
1800 131 2 11 4 13 
1800 132 0 27 3 
1800 133 0 3 4 6 7 8 11 109 81 20 
1800 134 2 147 181 14 
1800 135 201 18 
1800 136 11 116 
1800 137 194 14 
1800 138 0 1 2 5 81 8 9 10 12 13 15 144 17 19 20 
1800 139 4 116 6 
1800 141 201 14 
1800 142 2 8 9 10 12 144 216 
1800 143 201 99 14 
1800 144 
1800 145 194 99 4 199 14 16 181 21 
1800 146 1 17 
1800 147 
1800 148 1 18 
1800 149 0 274 3 46 7 
1800 150 194 99 201 14 16 18 181 
1800 151 1 
1800 153 16 99 
1800 154 8 4 109 6 
1800 155 0 11 20 6 
1800 156 0 3 4 6 199 11 7 
1800 157 147 14 
1800 158 20 194 4 6 7 
1800 159 8 19 4 109 6 
1800 160 
1800 162 0 3 4 6 7 11 16 20 
1800 163 33 1 
1800 164 2 5 9 13 15 17 
1800 165 0 2 5 10 12 81 
1800 166 0 3 13 
1800 167 1 17 
1800 168 0 2 10 5 
1800 169 16 99 
1800 170 0 3 4 6 11 109 
1800 172 8 1 
1800 173 216 116 
1800 174 9 2 5 1 
1800 175 0 2 5 17 8 10 12 15 81 19 
1800 176 1 27 
1800 178 0 3 4 
1800 179 16 5 14 199 
1800 180 2 5 8 10 13 19 
1800 181 
1800 182 
1800 184 16 99 
1800 185 0 216 3 7 
1800 186 2 27 
1800 188 1 14 
1800 189 1 2 
1800 190 1 2 5 81 8 9 10 12 15 17 19 
1800 192 
1800 193 1 7 
1800 194 4 
1800 195 0 147 5 
1800 196 0 3 4 6 7 9 199 18 147 
1800 197 0 99 7 11 16 3 199 
1800 198 0 1 
1800 199 
1800 200 1 13 
1800 201 
1800 202 0 2 3 
1800 203 0 3 4 6 7 11 20 
1800 204 1 6 
1800 206 194 27 
1800 207 0 3 11 
1800 208 0 2 5 10 12 13 15 20 
1800 209 2 5 8 9 10 13 19 
1800 210 0 3 4 6 7 11 
1800 211 0 2 5 81 8 9 10 12 13 15 17 
1800 213 1 18 
1800 214 0 27 3 
1800 215 2 147 21 14 
1800 216 
1800 217 0 2 10 5 
1800 218 0 2 5 17 8 10 12 15 81 19 
1800 219 16 237 46 133 
1800 220 1 5 
1800 221 2 4 13 
1800 223 27 20 
1800 224 1 27 
1800 225 0 3 7 11 18 147 21 
1800 226 0 3 11 4 
1800 227 0 9 3 13 
1800 228 0 2 5 
1800 229 1 116 6 
1800 230 16 1 
1800 231 1 46 
1800 232 1 133 
1800 233 0 3 20 7 
1800 235 11 6 7 
1800 236 0 6 7 
1800 237 2 8 10 12 13 46 144 274 
1800 238 1 
1800 239 0 33 3 4 6 199 11 109 14 16 116 21 
1800 240 1 14 
1800 241 1 19 
1800 242 1 3 
1800 243 0 4 3 20 
1800 246 0 1 3 4 7 
1800 247 1 
1800 249 16 27 
1800 250 1 2 
1800 251 3 4 6 7 
1800 252 1 10 
1800 253 147 14 
1800 254 0 194 3 6 7 9 11 
1800 255 1 14 
1800 256 2 5 13 15 
1800 257 8 2 12 13 5 
1800 258 1 14 
1800 259 10 5 15 
1800 260 3 11 4 6 7 
1800 261 160 4 6 7 11 109 19 116 
1800 263 1 5 
1800 265 192 0 2 5 81 1 8 9 10 12 13 15 144 17 19 20 182 
1800 266 160 1 
1800 267 0 4 11 12 
1800 268 1 27 
1800 269 9 1 
1800 270 1 147 
1800 271 18 21 
1800 272 33 194 
1800 273 18 21 
1800 274 8 2 10 12 13 
1800 275 0 33 194 3 4 6 7 8 9 11 109 81 20 21 199 
1800 276 1 12 
1800 277 4 6 
1800 278 1 
1800 279 0 3 11 
1800 280 1 14 
1800 282 0 2 10 5 
1800 283 0 192 2 5 17 8 9 10 160 12 13 15 144 81 147 182 
1800 284 1 3 
1800 285 1 99 
1800 286 1 10 
1800 287 194 4 14 7 
1800 288 8 1 
1800 290 0 8 11 4 6 
1800 291 18 21 
1800 292 1 14 
1800 293 1 2 
1800 294 0 9 3 8 16 
1800 295 0 144 2 5 
1800 297 1 3 
1800 298 3 6 
1800 299 0 17 3 4 
2700 0 3 20 
2700 1 0 27 
2700 2 
2700 3 
2700 4 
2700 5 1 13 
2700 6 9 2 
2700 7 
2700 8 9 6 
2700 9 8 1 
2700 10 
2700 11 
2700 12 
2700 13 
2700 14 
2700 15 17 7 
2700 16 17 
2700 17 
2700 18 16 17 3 
2700 19 
2700 20 
2700 21 
2700 22 194 21 
2700 23 0 2 5 81 8 9 10 12 13 15 144 17 19 
2700 24 6 7 
2700 25 27 33 99 16 
2700 26 194 21 
2700 27 
2700 30 9 4 13 199 
2700 32 1 14 
2700 33 
2700 35 1 2 
2700 36 1 6 
2700 37 1 
2700 38 0 2 5 17 10 12 13 81 
2700 39 27 5 
2700 40 16 33 14 201 
2700 42 2 5 
2700 43 1 14 
2700 45 194 4 14 7 
2700 46 4 20 
2700 47 1 6 7 8 12 109 81 19 20 
2700 48 16 99 
2700 51 16 201 
2700 52 1 18 
2700 53 0 11 3 4 109 
2700 54 1 201 
2700 55 16 14 
2700 56 2 12 13 
2700 57 1 3 
2700 58 99 
2700 59 16 18 3 
2700 60 201 99 14 
2700 61 1 4 
2700 62 192 0 2 81 8 9 160 13 17 19 182 
2700 64 2 7 15 
2700 66 1 19 
2700 67 0 3 4 6 
2700 68 1 4 
2700 69 3 199 
2700 70 21 
2700 71 1 4 
2700 72 2 5 81 8 9 10 12 15 17 182 
2700 74 0 1 
2700 75 8 1 
2700 76 0 33 3 4 11 
2700 78 0 2 10 5 
2700 79 27 4 
2700 80 0 3 13 5 
2700 81 
2700 84 16 21 
2700 85 16 33 2 27 194 
2700 86 0 2 5 10 12 13 15 144 
2700 87 11 7 
2700 88 1 13 
2700 89 0 8 19 21 199 
2700 90 1 20 
2700 91 16 201 99 14 
2700 92 2 4 5 199 8 9 13 17 18 21 
2700 95 1 
2700 96 160 4 6 7 8 11 109 116 
2700 97 0 3 4 6 7 9 
2700 98 17 4 6 
2700 99 
2700 103 3 20 7 
2700 104 9 18 27 
2700 105 0 3 
2700 106 8 4 6 
2700 107 2 10 5 
2700 109 1 2 
2700 110 1 13 
2700 112 0 2 5 
2700 113 0 1 
2700 114 1 14 
2700 115 0 9 18 3 199 
2700 116 
2700 117 1 14 
2700 118 18 27 
2700 119 0 2 5 81 8 9 10 12 13 15 17 
2700 120 16 27 
2700 121 1 14 
2700 122 2 8 10 12 13 144 
2700 123 0 194 3 6 7 9 11 
2700 125 194 99 201 14 16 18 
2700 126 2 18 
2700 127 0 2 3 199 
2700 128 3 11 4 6 
2700 129 1 11 
2700 130 2 133 9 10 12 46 144 19 216 
2700 131 2 11 4 13 
2700 132 0 27 3 
2700 133 0 3 4 6 7 8 11 109 81 20 
2700 134 2 181 14 
2700 135 201 18 
2700 136 11 116 
2700 137 194 14 
2700 139 4 116 6 
2700 142 2 8 9 10 12 144 216 
2700 143 201 99 14 
2700 144 
2700 145 194 99 4 199 14 16 181 21 
2700 146 1 17 
2700 148 1 18 
2700 149 0 274 3 46 7 
2700 150 194 99 201 14 16 18 181 
2700 151 1 
2700 153 16 99 
2700 155 0 11 20 6 
2700 156 0 3 4 6 199 11 7 
2700 157 14 
2700 158 20 194 4 6 7 
2700 159 8 19 4 109 6 
2700 160 
2700 163 33 1 
2700 164 2 5 9 13 15 17 
2700 165 0 2 5 10 12 81 
2700 166 0 3 13 
2700 168 0 2 10 5 
2700 169 16 99 
2700 170 0 3 4 6 11 109 
2700 172 8 1 
2700 173 216 116 
2700 174 9 2 5 1 
2700 175 0 2 5 17 8 10 12 15 81 19 
2700 178 0 3 4 
2700 179 16 5 14 199 
2700 180 2 5 8 10 13 19 
2700 181 
2700 182 
2700 184 16 99 
2700 185 0 216 3 7 
2700 186 2 27 
2700 188 1 14 
2700 189 1 2 
2700 190 1 2 5 81 8 9 10 12 15 17 19 
2700 192 
2700 193 1 7 
2700 194 4 
2700 195 0 5 
2700 196 0 3 4 6 199 9 7 18 
2700 197 0 99 7 11 16 3 199 
2700 198 0 1 
2700 199 
2700 200 1 13 
2700 201 
2700 202 0 2 3 
2700 203 0 3 4 6 7 11 20 
2700 204 1 6 
2700 206 194 27 
2700 208 0 2 5 10 12 13 15 20 
2700 209 2 5 8 9 10 13 19 
2700 210 0 3 4 6 7 11 
2700 211 0 2 5 81 8 9 10 12 13 15 17 
2700 213 1 18 
2700 214 0 27 3 
2700 215 2 21 14 
2700 216 
2700 217 0 2 10 5 
2700 218 0 2 5 17 8 10 12 15 81 19 
2700 220 1 5 
2700 221 2 4 13 
2700 223 27 20 
2700 224 1 27 
2700 225 0 3 7 11 18 21 
2700 226 0 3 11 4 
2700 227 0 9 3 13 
2700 228 0 2 5 
2700 229 1 116 6 
2700 230 16 1 
2700 231 1 46 
2700 232 1 133 
2700 233 0 3 20 7 
2700 235 11 6 7 
2700 236 0 6 7 
2700 237 2 8 10 12 13 46 144 274 
2700 238 1 
2700 239 0 33 3 4 6 199 11 109 14 16 116 21 
2700 240 1 14 
2700 241 1 19 
2700 242 1 3 
2700 243 0 4 3 20 
2700 246 0 1 3 4 7 
2700 247 1 
2700 249 16 27 
2700 250 1 2 
2700 251 3 4 6 7 
2700 252 1 10 
2700 253 14 
2700 254 0 194 3 6 7 9 11 
2700 255 1 14 
2700 256 2 5 13 15 
2700 257 8 2 12 13 5 
2700 258 1 14 
2700 259 10 5 15 
2700 260 3 11 4 6 7 
2700 261 160 4 6 7 11 109 19 116 
2700 263 1 5 
2700 265 192 0 2 5 81 1 8 9 10 12 13 15 144 17 19 20 182 
2700 266 160 1 
2700 267 0 4 11 12 
2700 268 1 27 
2700 269 9 1 
2700 270 1 
2700 272 33 194 
2700 273 18 21 
2700 274 8 2 10 12 13 
2700 275 0 33 194 3 4 6 7 8 9 11 109 81 20 21 199 
2700 276 1 12 
2700 277 4 6 
2700 278 1 
2700 279 0 3 11 
2700 280 1 14 
2700 282 0 2 10 5 
2700 283 0 192 2 5 81 8 9 10 160 12 13 15 144 17 182 
2700 284 1 3 
2700 285 1 99 
2700 286 1 10 
2700 287 194 4 14 7 
2700 288 8 1 
2700 290 0 8 11 4 6 
2700 291 18 21 
2700 292 1 14 
2700 293 1 2 
2700 294 0 9 3 8 16 
2700 295 0 144 2 5 
2700 297 1 3 
2700 298 3 6 
2700 299 0 17 3 4 
3600 0 3 20 
3600 1 0 27 
3600 2 
3600 3 
3600 4 
3600 5 1 13 
3600 6 9 2 
3600 7 
3600 8 9 6 
3600 9 8 1 
3600 10 
3600 11 
3600 12 
3600 13 
3600 14 
3600 15 17 7 
3600 16 17 
3600 17 
3600 18 16 17 3 
3600 19 
3600 20 
3600 21 
3600 22 194 21 
3600 23 0 2 5 81 8 9 10 12 13 15 144 17 19 
3600 24 6 7 
3600 25 27 33 99 16 
3600 26 194 21 
3600 27 
3600 30 9 4 13 199 
3600 32 1 14 
3600 33 
3600 35 1 2 
3600 36 1 6 
3600 37 1 
3600 38 0 2 5 17 10 12 13 81 
3600 39 27 5 
3600 40 16 33 14 201 
3600 42 2 5 
3600 43 1 14 
3600 45 194 4 14 7 
3600 46 4 20 
3600 47 1 6 7 8 12 109 81 19 20 
3600 48 16 99 
3600 51 16 201 
3600 52 1 18 
3600 53 0 11 3 4 109 
3600 54 1 201 
3600 55 16 14 
3600 56 2 12 13 
3600 57 1 3 
3600 58 99 
3600 59 16 18 3 
3600 60 201 99 14 
3600 62 192 0 2 81 8 9 160 13 17 19 182 
3600 64 2 7 15 
3600 66 1 19 
3600 67 0 3 4 6 
3600 68 1 4 
3600 69 3 199 
3600 71 1 4 
3600 72 2 5 81 8 9 10 12 15 17 182 
3600 74 0 1 
3600 75 8 1 
3600 76 0 33 3 4 11 
3600 78 0 2 10 5 
3600 79 27 4 
3600 80 0 3 13 5 
3600 81 
3600 84 16 21 
3600 85 16 33 2 27 194 
3600 86 0 2 5 10 12 13 15 144 
3600 87 11 7 
3600 88 1 13 
3600 89 0 8 19 21 199 
3600 90 1 20 
3600 91 16 201 99 14 
3600 92 2 4 5 199 8 9 13 17 18 21 
3600 95 1 
3600 96 160 4 6 7 8 11 109 116 
3600 97 0 3 4 6 7 9 
3600 99 
3600 103 3 20 7 
3600 104 9 18 27 
3600 105 0 3 
3600 106 8 4 6 
3600 107 2 10 5 
3600 109 1 2 
3600 110 1 13 
3600 112 0 2 5 
3600 113 0 1 
3600 114 1 14 
3600 115 0 9 18 3 199 
3600 116 
3600 117 1 14 
3600 118 18 27 
3600 119 0 2 5 81 8 9 10 12 13 15 17 
3600 120 16 27 
3600 121 1 14 
3600 122 2 8 10 12 13 144 
3600 123 0 194 3 6 7 9 11 
3600 125 194 99 201 14 16 18 
3600 126 2 18 
3600 127 0 2 3 199 
3600 128 3 11 4 6 
3600 129 1 11 
3600 130 2 133 9 10 12 46 144 19 
3600 132 0 27 3 
3600 133 0 3 4 6 7 8 11 109 81 20 
3600 134 2 181 14 
3600 135 201 18 
3600 136 11 116 
3600 137 194 14 
3600 139 4 116 6 
3600 143 201 99 14 
3600 144 
3600 145 194 99 4 199 14 16 181 21 
3600 146 1 17 
3600 150 194 99 201 14 16 18 181 
3600 151 1 
3600 153 16 99 
3600 155 0 11 20 6 
3600 156 0 3 4 6 199 11 7 
3600 157 14 
3600 158 20 194 4 6 7 
3600 159 8 19 4 109 6 
3600 160 
3600 163 33 1 
3600 164 2 5 9 13 15 17 
3600 165 0 2 5 10 12 81 
3600 166 0 3 13 
3600 168 0 2 10 5 
3600 169 16 99 
3600 170 0 3 4 6 11 109 
3600 172 8 1 
3600 173 116 
3600 174 9 2 5 1 
3600 175 0 2 5 17 8 10 12 15 81 19 
3600 178 0 3 4 
3600 179 16 5 14 199 
3600 180 2 5 8 10 13 19 
3600 181 
3600 182 
3600 184 16 99 
3600 185 0 3 7 
3600 186 2 27 
3600 188 1 14 
3600 189 1 2 
3600 190 1 2 5 81 8 9 10 12 15 17 19 
3600 192 
3600 193 1 7 
3600 194 4 
3600 195 0 5 
3600 196 0 3 4 6 199 9 7 18 
3600 197 0 99 7 11 16 3 199 
3600 198 0 1 
3600 199 
3600 200 1 13 
3600 201 
3600 202 0 2 3 
3600 204 1 6 
3600 206 194 27 
3600 208 0 2 5 10 12 13 15 20 
3600 209 2 5 8 9 10 13 19 
3600 210 0 3 4 6 7 11 
3600 211 0 2 5 81 8 9 10 12 13 15 17 
3600 213 1 18 
3600 214 0 27 3 
3600 215 2 21 14 
3600 217 0 2 10 5 
3600 218 0 2 5 17 8 10 12 15 81 19 
3600 220 1 5 
3600 221 2 4 13 
3600 223 27 20 
3600 224 1 27 
3600 225 0 3 7 11 18 21 
3600 226 0 3 11 4 
3600 227 0 9 3 13 
3600 228 0 2 5 
3600 229 1 116 6 
3600 231 1 46 
3600 232 1 133 
3600 233 0 3 20 7 
3600 235 11 6 7 
3600 236 0 6 7 
3600 237 2 8 10 12 13 46 144 274 
3600 238 1 
3600 239 0 33 3 4 6 199 11 109 14 16 116 21 
3600 240 1 14 
3600 241 1 19 
3600 242 1 3 
3600 243 0 4 3 20 
3600 246 0 1 3 4 7 
3600 247 1 
3600 249 16 27 
3600 250 1 2 
3600 252 1 10 
3600 253 14 
3600 254 0 194 3 6 7 9 11 
3600 255 1 14 
3600 257 8 2 12 13 5 
3600 258 1 14 
3600 259 10 5 15 
3600 260 3 11 4 6 7 
3600 261 160 4 6 7 11 109 19 116 
3600 263 1 5 
3600 265 192 0 2 5 81 1 8 9 10 12 13 15 144 17 19 20 182 
3600 266 160 1 
3600 267 0 4 11 12 
3600 268 1 27 
3600 269 9 1 
3600 270 1 
3600 272 33 194 
3600 273 18 21 
3600 274 8 2 10 12 13 
3600 276 1 12 
3600 277 4 6 
3600 278 1 
3600 279 0 3 11 
3600 280 1 14 
3600 282 0 2 10 5 
3600 283 0 192 2 5 81 8 9 10 160 12 13 15 144 17 182 
3600 284 1 3 
3600 285 1 99 
3600 286 1 10 
3600 287 194 4 14 7 
3600 288 8 1 
3600 290 0 8 11 4 6 
3600 291 18 21 
3600 292 1 14 
3600 293 1 2 
3600 294 0 9 3 8 16 
3600 295 0 144 2 5 
3600 297 1 3 
3600 298 3 6 
3600 299 0 17 3 4 
4500 0 3 20 
4500 1 0 27 
4500 2 
4500 3 
4500 4 
4500 5 1 13 
4500 6 9 2 
4500 7 
4500 8 9 6 
4500 9 8 1 
4500 10 
4500 11 
4500 12 
4500 13 
4500 14 
4500 15 17 7 
4500 16 17 
4500 17 
4500 18 16 17 3 
4500 19 
4500 20 
4500 21 
4500 22 194 21 
4500 23 0 2 5 81 8 9 10 12 13 15 144 17 19 
4500 24 6 7 
4500 25 27 33 99 16 
4500 27 
4500 30 9 4 13 199 
4500 32 1 14 
4500 33 
4500 35 1 2 
4500 36 1 6 
4500 37 1 
4500 38 0 2 5 17 10 12 13 81 
4500 39 27 5 
4500 40 16 33 14 201 
4500 42 2 5 
4500 43 1 14 
4500 45 194 4 14 7 
4500 46 4 20 
4500 47 1 6 7 8 12 109 81 19 20 
4500 48 16 99 
4500 51 16 201 
4500 52 1 18 
4500 53 0 11 3 4 109 
4500 54 1 201 
4500 55 16 14 
4500 56 2 12 13 
4500 57 1 3 
4500 58 99 
4500 59 16 18 3 
4500 60 201 99 14 
4500 62 192 0 2 81 8 9 160 13 17 19 182 
4500 64 2 7 15 
4500 66 1 19 
4500 67 0 3 4 6 
4500 68 1 4 
4500 69 3 199 
4500 71 1 4 
4500 72 2 5 81 8 9 10 12 15 17 182 
4500 74 0 1 
4500 75 8 1 
4500 76 0 33 3 4 11 
4500 78 0 2 10 5 
4500 79 27 4 
4500 80 0 3 13 5 
4500 81 
4500 84 16 21 
4500 85 16 33 2 27 194 
4500 86 0 2 5 10 12 13 15 144 
4500 87 11 7 
4500 88 1 13 
4500 89 0 8 19 21 199 
4500 90 1 20 
4500 91 16 201 99 14 
4500 92 2 4 5 199 8 9 13 17 18 21 
4500 95 1 
4500 96 160 4 6 7 8 11 109 116 
4500 97 0 3 4 6 7 9 
4500 99 
4500 103 3 20 7 
4500 104 9 18 27 
4500 106 8 4 6 
4500 109 1 2 
4500 110 1 13 
4500 112 0 2 5 
4500 114 1 14 
4500 115 0 9 18 3 199 
4500 116 
4500 117 1 14 
4500 118 18 27 
4500 119 0 2 5 81 8 9 10 12 13 15 17 
4500 120 16 27 
4500 121 1 14 
4500 122 2 8 10 12 13 144 
4500 123 0 194 3 6 7 9 11 
4500 125 194 99 201 14 16 18 
4500 126 2 18 
4500 127 0 2 3 199 
4500 128 3 11 4 6 
4500 129 1 11 
4500 130 2 133 9 10 12 46 144 19 
4500 132 0 27 3 
4500 133 0 3 4 6 7 8 11 109 81 20 
4500 134 2 181 14 
4500 135 201 18 
4500 136 11 116 
4500 137 194 14 
4500 143 201 99 14 
4500 144 
4500 145 194 99 4 199 14 16 181 21 
4500 146 1 17 
4500 151 1 
4500 153 16 99 
4500 155 0 11 20 6 
4500 156 0 3 4 6 199 11 7 
4500 157 14 
4500 158 20 194 4 6 7 
4500 159 8 19 4 109 6 
4500 160 
4500 163 33 1 
4500 164 2 5 9 13 15 17 
4500 165 0 2 5 10 12 81 
4500 166 0 3 13 
4500 168 0 2 10 5 
4500 169 16 99 
4500 170 0 3 4 6 11 109 
4500 172 8 1 
4500 173 116 
4500 174 9 2 5 1 
4500 175 0 2 5 17 8 10 12 15 81 19 
4500 178 0 3 4 
4500 179 16 5 14 199 
4500 180 2 5 8 10 13 19 
4500 181 
4500 182 
4500 184 16 99 
4500 185 0 3 7 
4500 186 2 27 
4500 188 1 14 
4500 189 1 2 
4500 190 1 2 5 81 8 9 10 12 15 17 19 
4500 192 
4500 193 1 7 
4500 194 4 
4500 195 0 5 
4500 196 0 3 4 6 199 9 7 18 
4500 197 0 99 7 11 16 3 199 
4500 198 0 1 
4500 199 
4500 200 1 13 
4500 201 
4500 202 0 2 3 
4500 204 1 6 
4500 206 194 27 
4500 208 0 2 5 10 12 13 15 20 
4500 209 2 5 8 9 10 13 19 
4500 210 0 3 4 6 7 11 
4500 211 0 2 5 81 8 9 10 12 13 15 17 
4500 213 1 18 
4500 214 0 27 3 
4500 215 2 21 14 
4500 217 0 2 10 5 
4500 218 0 2 5 17 8 10 12 15 81 19 
4500 220 1 5 
4500 221 2 4 13 
4500 223 27 20 
4500 224 1 27 
4500 225 0 3 7 11 18 21 
4500 226 0 3 11 4 
4500 228 0 2 5 
4500 231 1 46 
4500 232 1 133 
4500 233 0 3 20 7 
4500 235 11 6 7 
4500 236 0 6 7 
4500 237 2 8 10 12 13 46 144 274 
4500 238 1 
4500 240 1 14 
4500 241 1 19 
4500 242 1 3 
4500 243 0 4 3 20 
4500 246 0 1 3 4 7 
4500 247 1 
4500 249 16 27 
4500 250 1 2 
4500 252 1 10 
4500 253 14 
4500 254 0 194 3 6 7 9 11 
4500 257 8 2 12 13 5 
4500 258 1 14 
4500 259 10 5 15 
4500 260 3 11 4 6 7 
4500 261 160 4 6 7 11 109 19 116 
4500 263 1 5 
4500 265 192 0 2 5 81 1 8 9 10 12 13 15 144 17 19 20 182 
4500 266 160 1 
4500 267 0 4 11 12 
4500 268 1 27 
4500 269 9 1 
4500 270 1 
4500 272 33 194 
4500 273 18 21 
4500 274 8 2 10 12 13 
4500 276 1 12 
4500 277 4 6 
4500 278 1 
4500 279 0 3 11 
4500 280 1 14 
4500 283 0 192 2 5 81 8 9 10 160 12 13 15 144 17 182 
4500 284 1 3 
4500 285 1 99 
4500 286 1 10 
4500 287 194 4 14 7 
4500 288 8 1 
4500 290 0 8 11 4 6 
4500 291 18 21 
4500 292 1 14 
4500 293 1 2 
4500 295 0 144 2 5 
4500 298 3 6 
4500 299 0 17 3 4 
5400 0 3 20 
5400 1 0 27 
5400 2 
5400 3 
5400 4 
5400 5 1 13 
5400 6 9 2 
5400 7 
5400 8 9 6 
5400 9 8 1 
5400 10 
5400 11 
5400 12 
5400 13 
5400 14 
5400 15 17 7 
5400 16 17 
5400 17 
5400 18 16 17 3 
5400 19 
5400 20 
5400 21 
5400 22 194 21 
5400 23 0 2 5 81 8 9 10 12 13 15 144 17 19 
5400 24 6 7 
5400 25 27 33 99 16 
5400 27 
5400 30 9 4 13 199 
5400 32 1 14 
5400 33 
5400 36 1 6 
5400 37 1 
5400 38 0 2 5 17 10 12 13 81 
5400 39 27 5 
5400 40 16 33 14 201 
5400 42 2 5 
5400 43 1 14 
5400 45 194 4 14 7 
5400 46 4 20 
5400 48 16 99 
5400 51 16 201 
5400 52 1 18 
5400 53 0 11 3 4 109 
5400 54 1 201 
5400 55 16 14 
5400 56 2 12 13 
5400 57 1 3 
5400 58 99 
5400 59 16 18 3 
5400 60 201 99 14 
5400 62 0 160 2 81 8 9 13 17 19 182 
5400 64 2 7 15 
5400 66 1 19 
5400 67 0 3 4 6 
5400 68 1 4 
5400 72 2 5 81 8 9 10 12 15 17 182 
5400 74 0 1 
5400 75 8 1 
5400 76 0 33 3 4 11 
5400 78 0 2 10 5 
5400 79 27 4 
5400 80 0 3 13 5 
5400 81 
5400 84 16 21 
5400 85 16 33 2 27 194 
5400 86 0 2 5 10 12 13 15 144 
5400 87 11 7 
5400 88 1 13 
5400 89 0 8 19 21 199 
5400 90 1 20 
5400 91 16 201 99 14 
5400 92 2 4 5 199 8 9 13 17 18 21 
5400 95 1 
5400 96 160 4 6 7 8 11 109 116 
5400 97 0 3 4 6 7 9 
5400 99 
5400 103 3 20 7 
5400 104 9 18 27 
5400 106 8 4 6 
5400 109 1 2 
5400 110 1 13 
5400 112 0 2 5 
5400 114 1 14 
5400 115 0 9 18 3 199 
5400 116 
5400 117 1 14 
5400 118 18 27 
5400 119 0 2 5 81 8 9 10 12 13 15 17 
5400 120 16 27 
5400 121 1 14 
5400 122 2 8 10 12 13 144 
5400 123 0 194 3 6 7 9 11 
5400 125 194 99 201 14 16 18 
5400 126 2 18 
5400 127 0 2 3 199 
5400 128 3 11 4 6 
5400 129 1 11 
5400 130 2 133 9 10 12 46 144 19 
5400 132 0 27 3 
5400 133 0 3 4 6 7 8 11 109 81 20 
5400 134 2 181 14 
5400 135 201 18 
5400 136 11 116 
5400 137 194 14 
5400 143 201 99 14 
5400 144 
5400 145 194 99 4 199 14 16 181 21 
5400 146 1 17 
5400 151 1 
5400 153 16 99 
5400 155 0 11 20 6 
5400 156 0 3 4 6 199 11 7 
5400 158 20 194 4 6 7 
5400 159 8 19 4 109 6 
5400 160 
5400 163 33 1 
5400 164 2 5 9 13 15 17 
5400 165 0 2 5 10 12 81 
5400 166 0 3 13 
5400 168 0 2 10 5 
5400 169 16 99 
5400 170 0 3 4 6 11 109 
5400 172 8 1 
5400 173 116 
5400 174 9 2 5 1 
5400 175 0 2 5 17 8 10 12 15 81 19 
5400 178 0 3 4 
5400 179 16 5 14 199 
5400 180 2 5 8 10 13 19 
5400 181 
5400 182 
5400 184 16 99 
5400 185 0 3 7 
5400 188 1 14 
5400 189 1 2 
5400 190 1 2 5 81 8 9 10 12 15 17 19 
5400 193 1 7 
5400 194 4 
5400 195 0 5 
5400 196 0 3 4 6 199 9 7 18 
5400 197 0 99 7 11 16 3 199 
5400 198 0 1 
5400 199 
5400 200 1 13 
5400 201 
5400 202 0 2 3 
5400 206 194 27 
5400 208 0 2 5 10 12 13 15 20 
5400 209 2 5 8 9 10 13 19 
5400 210 0 3 4 6 7 11 
5400 213 1 18 
5400 214 0 27 3 
5400 215 2 21 14 
5400 217 0 2 10 5 
5400 218 0 2 5 17 8 10 12 15 81 19 
5400 220 1 5 
5400 223 27 20 
5400 224 1 27 
5400 225 0 3 7 11 18 21 
5400 226 0 3 11 4 
5400 228 0 2 5 
5400 231 1 46 
5400 232 1 133 
5400 235 11 6 7 
5400 236 0 6 7 
5400 237 2 8 10 12 13 46 144 274 
5400 238 1 
5400 240 1 14 
5400 241 1 19 
5400 242 1 3 
5400 243 0 4 3 20 
5400 246 0 1 3 4 7 
5400 247 1 
5400 249 16 27 
5400 250 1 2 
5400 252 1 10 
5400 253 14 
5400 254 0 194 3 6 7 9 11 
5400 257 8 2 12 13 5 
5400 258 1 14 
5400 259 10 5 15 
5400 260 3 11 4 6 7 
5400 261 160 4 6 7 11 109 19 116 
5400 263 1 5 
5400 265 0 1 2 5 81 8 9 10 12 13 15 144 17 19 20 182 
5400 266 160 1 
5400 268 1 27 
5400 269 9 1 
5400 270 1 
5400 272 33 194 
5400 273 18 21 
5400 274 8 2 10 12 13 
5400 276 1 12 
5400 277 4 6 
5400 278 1 
5400 279 0 3 11 
5400 280 1 14 
5400 283 0 160 2 5 81 8 9 10 12 13 15 144 17 182 
5400 284 1 3 
5400 285 1 99 
5400 286 1 10 
5400 287 194 4 14 7 
5400 288 8 1 
5400 290 0 8 11 4 6 
5400 291 18 21 
5400 292 1 14 
5400 293 1 2 
5400 295 0 144 2 5 
5400 298 3 6 
6300 0 3 20 
6300 1 0 27 
6300 2 
6300 3 
6300 4 
6300 5 1 13 
6300 6 9 2 
6300 7 
6300 8 9 6 
6300 9 8 1 
6300 10 
6300 11 
6300 12 
6300 13 
6300 14 
6300 15 17 7 
6300 16 17 
6300 17 
6300 18 16 17 3 
6300 19 
6300 20 
6300 21 
6300 22 194 21 
6300 23 0 2 5 81 8 9 10 12 13 15 144 17 19 
6300 24 6 7 
6300 25 27 33 99 16 
6300 27 
6300 30 9 4 13 199 
6300 32 1 14 
6300 33 
6300 36 1 6 
6300 37 1 
6300 38 0 2 5 17 10 12 13 81 
6300 39 27 5 
6300 40 16 33 14 201 
6300 42 2 5 
6300 43 1 14 
6300 45 194 4 14 7 
6300 46 4 20 
6300 48 16 99 
6300 51 16 201 
6300 52 1 18 
6300 53 0 11 3 4 109 
6300 54 1 201 
6300 55 16 14 
6300 56 2 12 13 
6300 57 1 3 
6300 58 99 
6300 59 16 18 3 
6300 60 201 99 14 
6300 62 0 160 2 81 8 9 13 17 19 182 
6300 64 2 7 15 
6300 66 1 19 
6300 67 0 3 4 6 
6300 68 1 4 
6300 72 2 5 81 8 9 10 12 15 17 182 
6300 75 8 1 
6300 76 0 33 3 4 11 
6300 78 0 2 10 5 
6300 79 27 4 
6300 80 0 3 13 5 
6300 81 
6300 84 16 21 
6300 85 16 33 2 27 194 
6300 86 0 2 5 10 12 13 15 144 
6300 87 11 7 
6300 89 0 8 19 21 199 
6300 91 16 201 99 14 
6300 92 2 4 5 199 8 9 13 17 18 21 
6300 95 1 
6300 97 0 3 4 6 7 9 
6300 99 
6300 103 3 20 7 
6300 104 9 18 27 
6300 106 8 4 6 
6300 109 1 2 
6300 110 1 13 
6300 112 0 2 5 
6300 114 1 14 
6300 115 0 9 18 3 199 
6300 116 
6300 117 1 14 
6300 118 18 27 
6300 119 0 2 5 81 8 9 10 12 13 15 17 
6300 120 16 27 
6300 121 1 14 
6300 122 2 8 10 12 13 144 
6300 123 0 194 3 6 7 9 11 
6300 125 194 99 201 14 16 18 
6300 126 2 18 
6300 127 0 2 3 199 
6300 128 3 11 4 6 
6300 129 1 11 
6300 130 2 133 9 10 12 46 144 19 
6300 132 0 27 3 
6300 133 0 3 4 6 7 8 11 109 81 20 
6300 134 2 14 
6300 135 201 18 
6300 136 11 116 
6300 137 194 14 
6300 143 201 99 14 
6300 144 
6300 145 194 99 4 199 14 16 21 
6300 146 1 17 
6300 151 1 
6300 153 16 99 
6300 159 8 19 4 109 6 
6300 160 
6300 163 33 1 
6300 164 2 5 9 13 15 17 
6300 165 0 2 5 10 12 81 
6300 166 0 3 13 
6300 168 0 2 10 5 
6300 169 16 99 
6300 170 0 3 4 6 11 109 
6300 172 8 1 
6300 173 116 
6300 174 9 2 5 1 
6300 175 0 2 5 17 8 10 12 15 81 19 
6300 178 0 3 4 
6300 179 16 5 14 199 
6300 180 2 5 8 10 13 19 
6300 182 
6300 184 16 99 
6300 185 0 3 7 
6300 188 1 14 
6300 189 1 2 
6300 190 1 2 5 81 8 9 10 12 15 17 19 
6300 193 1 7 
6300 194 4 
6300 195 0 5 
6300 196 0 3 4 6 199 9 7 18 
6300 197 0 99 7 11 16 3 199 
6300 199 
6300 200 1 13 
6300 201 
6300 202 0 2 3 
6300 206 194 27 
6300 208 0 2 5 10 12 13 15 20 
6300 209 2 5 8 9 10 13 19 
6300 210 0 3 4 6 7 11 
6300 213 1 18 
6300 214 0 27 3 
6300 215 2 21 14 
6300 217 0 2 10 5 
6300 218 0 2 5 17 8 10 12 15 81 19 
6300 220 1 5 
6300 223 27 20 
6300 225 0 3 7 11 18 21 
6300 226 0 3 11 4 
6300 228 0 2 5 
6300 231 1 46 
6300 232 1 133 
6300 235 11 6 7 
6300 236 0 6 7 
6300 237 2 8 10 12 13 46 144 274 
6300 238 1 
6300 241 1 19 
6300 242 1 3 
6300 243 0 4 3 20 
6300 246 0 1 3 4 7 
6300 247 1 
6300 249 16 27 
6300 250 1 2 
6300 252 1 10 
6300 253 14 
6300 254 0 194 3 6 7 9 11 
6300 257 8 2 12 13 5 
6300 258 1 14 
6300 259 10 5 15 
6300 261 160 4 6 7 11 109 19 116 
6300 263 1 5 
6300 265 0 1 2 5 81 8 9 10 12 13 15 144 17 19 20 182 
6300 266 160 1 
6300 269 9 1 
6300 270 1 
6300 272 33 194 
6300 273 18 21 
6300 274 8 2 10 12 13 
6300 276 1 12 
6300 277 4 6 
6300 278 1 
6300 279 0 3 11 
6300 280 1 14 
6300 283 0 160 2 5 81 8 9 10 12 13 15 144 17 182 
6300 284 1 3 
6300 285 1 99 
6300 286 1 10 
6300 287 194 4 14 7 
6300 288 8 1 
6300 290 0 8 11 4 6 
6300 291 18 21 
6300 292 1 14 
6300 293 1 2 
6300 295 0 144 2 5 
6300 298 3 6 
