0 0 186 123 68 38 6 
0 1 
0 2 1 179 84 29 
0 3 83 260 
0 4 164 293 198 77 173 260 90 
0 5 40 162 11 84 246 
0 6 29 
0 7 249 284 38 222 
0 8 194 68 261 6 40 201 162 15 269 246 186 
0 9 152 293 
0 10 246 194 68 261 6 40 201 162 269 150 186 29 
0 11 
0 12 48 90 77 173 
0 13 83 
0 14 83 173 
0 15 
0 16 83 
0 17 40 162 11 84 246 
0 18 83 173 
0 19 1 261 38 201 179 24 284 222 
0 20 40 1 83 
0 21 194 68 261 6 40 201 269 15 83 150 186 29 
0 22 83 
0 23 194 269 246 186 
0 24 194 
0 25 83 
0 26 83 
0 27 164 293 198 77 173 260 90 
0 29 
0 30 83 
0 31 
0 32 194 68 269 186 
0 33 194 68 6 269 15 246 186 
0 34 236 194 123 164 293 
0 35 6 38 246 222 
0 36 40 11 260 246 235 
0 37 83 173 
0 38 
0 39 173 186 235 293 261 
0 40 201 
0 42 83 
0 43 293 77 
0 44 194 68 6 40 201 269 15 150 186 29 94 
0 45 194 261 40 201 162 269 186 
0 46 194 269 246 186 
0 47 194 269 246 186 
0 48 
0 50 152 260 236 
0 51 83 
0 52 83 
0 53 83 
0 54 293 77 
0 55 83 
0 56 83 173 
0 57 123 
0 58 
0 59 194 269 6 186 
0 60 83 
0 61 194 269 6 186 
0 62 1 11 246 
0 64 1 164 38 222 173 
0 65 83 
0 66 11 139 246 
0 67 164 261 38 40 11 179 246 
0 68 
0 69 83 
0 70 293 173 
0 71 83 
0 72 1 83 11 38 246 
0 73 288 194 68 201 162 269 
0 74 48 83 
0 75 83 
0 76 83 
0 77 
0 78 1 261 38 201 179 24 284 222 
0 79 1 164 38 222 173 
0 80 1 246 38 11 179 150 58 222 
0 81 83 77 
0 82 1 235 38 11 179 246 
0 83 246 
0 84 
0 85 1 235 260 38 40 11 179 246 31 
0 86 48 83 
0 87 152 260 
0 88 288 68 194 228 261 40 201 269 84 151 249 
0 89 83 
0 90 
0 91 162 11 246 
0 92 24 1 179 201 
0 93 83 173 
0 94 
0 95 1 11 68 246 
0 96 194 6 40 162 48 186 29 
0 97 83 173 
0 98 83 
0 99 83 
0 102 194 68 246 201 162 269 150 186 29 
0 103 11 246 
0 104 90 260 293 
0 105 1 164 293 198 235 77 173 152 
0 106 90 173 230 
0 107 1 58 11 246 
0 109 152 164 31 
0 110 194 11 246 235 
0 111 288 246 194 68 261 6 40 201 162 15 269 150 186 159 29 94 31 
0 112 179 38 
0 113 123 
0 114 179 68 261 38 201 83 150 24 58 222 
0 115 11 123 246 
0 116 83 
0 117 58 11 38 246 
0 118 194 261 40 201 162 269 186 
0 119 123 260 
0 120 152 194 173 198 31 
0 121 246 194 261 40 201 162 150 159 29 94 31 
0 122 24 1 11 179 246 
0 123 
0 125 83 
0 126 123 
0 127 152 83 179 284 
0 128 11 123 246 
0 129 1 284 
0 130 152 194 173 198 31 
0 131 11 1 179 246 
0 132 293 77 
0 133 1 235 260 38 40 11 179 246 31 
0 134 288 194 68 6 162 15 269 246 186 
0 135 40 194 83 186 
0 136 194 38 6 
0 137 83 173 
0 138 90 260 293 
0 139 1 293 38 11 179 246 58 
0 141 194 261 40 201 162 269 186 
0 142 194 68 261 201 162 186 
0 143 1 235 293 11 236 173 152 179 84 246 24 284 261 
0 144 288 194 68 6 162 15 269 246 58 186 
0 145 246 194 68 261 6 201 269 150 186 29 
0 146 1 261 201 48 179 24 
0 147 83 
0 148 68 83 236 
0 149 83 
0 150 
0 151 1 246 38 201 11 179 84 150 24 58 
0 152 
0 153 83 
0 154 83 123 
0 155 40 1 179 261 
0 156 48 83 
0 157 160 228 38 11 246 249 
0 158 173 31 
0 159 
0 160 288 194 68 201 162 269 
0 161 83 
0 162 
0 163 152 83 179 284 
0 164 48 
0 165 83 
0 166 1 194 260 201 235 162 84 152 29 
0 167 11 1 179 38 
0 168 194 186 246 
0 169 83 123 
0 170 83 
0 171 1 179 201 
0 172 194 186 246 
0 173 
0 174 83 
0 175 83 
0 176 83 173 
0 177 1 58 11 6 246 
0 178 83 
0 179 40 194 
0 180 1 11 179 38 246 
0 181 194 83 
0 182 194 11 246 
0 183 152 260 
0 184 83 
0 185 152 260 31 
0 186 83 
0 187 164 173 
0 188 1 68 
0 189 179 38 246 
0 190 194 11 246 
0 191 83 
0 192 123 
0 193 83 
0 194 
0 195 152 164 31 
0 196 288 194 186 246 
0 197 83 
0 198 
0 199 11 246 235 
0 200 186 246 31 
0 201 40 179 
0 202 1 38 40 11 179 246 58 
0 203 40 194 83 186 
0 204 1 194 84 162 
0 206 83 
0 207 83 
0 208 152 31 
0 209 1 246 38 11 179 150 24 58 222 
0 210 48 68 6 222 
0 211 260 38 11 246 152 31 
0 212 1 11 179 38 246 
0 213 83 
0 214 83 173 
0 215 123 
0 216 293 230 236 173 90 31 
0 217 1 194 84 162 29 
0 218 249 11 38 246 
0 219 194 6 246 186 
0 220 246 194 68 261 6 201 269 150 186 29 
0 221 194 68 150 269 15 246 186 
0 222 
0 223 194 269 246 186 
0 224 83 173 
0 225 24 1 11 179 246 
0 226 288 194 68 261 40 201 269 84 249 
0 227 1 83 11 246 
0 228 1 58 
0 229 1 38 11 179 246 58 
0 230 
0 231 260 38 11 246 152 31 
0 232 58 11 38 246 
0 233 179 38 
0 234 83 
0 235 
0 236 
0 237 68 38 40 235 179 222 
0 238 173 31 
0 239 123 
0 240 1 235 164 261 38 40 201 11 236 152 179 150 24 58 246 
0 241 83 
0 242 293 77 
0 243 83 
0 244 83 
0 246 58 11 
0 247 173 77 31 
0 248 1 164 38 179 246 58 
0 249 
0 250 288 246 194 68 261 6 40 201 162 15 83 269 150 186 58 29 94 159 
0 251 287 295 228 293 151 
0 252 1 11 236 246 
0 253 48 90 77 173 
0 254 40 84 123 260 
0 255 48 173 90 293 77 
0 256 1 83 173 
0 257 48 83 
0 258 194 269 246 186 
0 259 83 
0 260 11 293 29 
0 261 
0 263 288 246 194 68 261 6 40 201 162 15 83 269 150 186 58 29 
0 264 11 246 
0 265 83 
0 266 83 
0 267 246 194 68 261 6 40 201 162 15 269 150 186 29 
0 268 83 
0 269 
0 270 1 246 38 11 179 150 58 222 
0 271 11 1 179 246 
0 272 11 123 246 
0 273 1 11 29 246 
0 274 152 260 
0 275 246 194 68 261 6 201 269 150 186 29 
0 276 1 194 260 
0 277 48 249 186 84 
0 278 164 261 38 40 11 179 246 
0 279 83 
0 280 123 236 77 293 
0 281 123 
0 282 83 
0 283 123 
0 284 
0 285 83 
0 286 40 1 162 235 84 
0 287 288 68 194 228 261 40 201 269 84 151 249 
0 288 
0 290 83 
0 291 1 179 246 201 
0 292 83 260 
0 293 29 
0 294 162 11 164 186 246 
0 295 288 160 194 228 201 162 269 68 
0 296 1 194 260 261 40 201 235 162 152 186 29 
0 297 58 179 246 
0 298 1 179 284 222 
0 299 194 68 6 269 15 246 186 
900 0 186 123 68 38 6 
900 1 
900 2 1 179 84 
900 3 83 260 
900 4 164 293 198 77 173 260 90 
900 5 40 162 11 84 246 
900 6 
900 7 249 284 38 
900 8 194 68 261 6 40 201 162 15 269 246 186 
900 9 152 293 
900 10 246 194 68 261 6 40 201 162 269 150 186 
900 11 
900 12 48 90 77 173 
900 13 83 
900 14 83 173 
900 15 
900 16 83 
900 17 40 162 11 84 246 
900 18 83 173 
900 19 1 261 38 201 179 24 284 
900 20 40 1 83 
900 21 194 68 261 6 40 201 269 15 83 150 186 
900 22 83 
900 23 194 269 246 186 
900 24 194 
900 25 83 
900 26 83 
900 27 164 293 198 77 173 260 90 
900 30 83 
900 31 
900 32 194 68 269 186 
900 33 194 68 6 269 15 246 186 
900 34 236 194 123 164 293 
900 35 38 6 246 
900 36 40 11 260 246 235 
900 37 83 173 
900 38 
900 39 173 186 235 293 261 
900 40 201 
900 42 83 
900 43 293 77 
900 44 194 68 6 40 201 269 15 150 186 94 
900 45 194 261 40 201 162 269 186 
900 46 194 269 246 186 
900 47 194 269 246 186 
900 48 
900 50 152 260 236 
900 51 83 
900 52 83 
900 53 83 
900 54 293 77 
900 55 83 
900 56 83 173 
900 57 123 
900 58 
900 59 194 269 6 186 
900 60 83 
900 61 194 269 6 186 
900 62 1 11 246 
900 64 1 164 173 38 
900 66 11 139 246 
900 67 164 261 38 40 11 179 246 
900 68 
900 69 83 
900 70 293 173 
900 71 83 
900 72 1 83 11 38 246 
900 74 48 83 
900 75 83 
900 76 83 
900 77 
900 78 1 261 38 201 179 24 284 
900 79 1 164 173 38 
900 80 1 246 38 11 179 150 58 
900 81 83 77 
900 82 1 235 38 11 179 246 
900 83 246 
900 84 
900 85 1 235 260 38 40 11 179 246 31 
900 86 48 83 
900 87 152 260 
900 88 288 68 194 228 261 40 201 269 84 151 249 
900 89 83 
900 90 
900 91 162 11 246 
900 92 24 1 179 201 
900 94 
900 95 1 11 68 246 
900 96 194 6 40 162 48 186 
900 97 83 173 
900 98 83 
900 99 83 
900 102 194 68 246 201 162 269 150 186 
900 103 11 246 
900 104 90 260 293 
900 105 1 164 293 198 235 77 173 152 
900 106 90 173 230 
900 107 1 58 11 246 
900 109 152 164 31 
900 110 194 11 246 235 
900 111 288 246 194 68 261 6 40 201 162 15 269 150 186 159 94 31 
900 112 179 38 
900 113 123 
900 114 179 68 261 38 201 83 150 24 58 
900 115 11 123 246 
900 116 83 
900 117 58 11 38 246 
900 118 194 261 40 201 162 269 186 
900 119 123 260 
900 120 152 194 173 198 31 
900 121 246 194 261 40 201 162 150 159 94 31 
900 122 24 1 11 179 246 
900 123 
900 125 83 
900 126 123 
900 127 152 83 179 284 
900 128 11 123 246 
900 129 1 284 
900 130 152 194 173 198 31 
900 131 11 1 179 246 
900 132 293 77 
900 133 1 235 260 38 40 11 179 246 31 
900 134 288 194 68 6 162 15 269 246 186 
900 135 40 194 83 186 
900 136 194 38 6 
900 137 83 173 
900 138 90 260 293 
900 139 1 293 38 11 179 246 58 
900 141 194 261 40 201 162 269 186 
900 142 194 68 261 201 162 186 
900 143 1 235 293 11 236 173 152 179 84 246 24 284 261 
900 144 288 194 68 6 162 15 269 246 58 186 
900 145 246 194 68 261 6 201 269 150 186 
900 146 1 261 201 48 179 24 
900 147 83 
900 148 68 83 236 
900 149 83 
900 150 
900 151 1 246 38 201 11 179 84 150 24 58 
900 152 
900 153 83 
900 154 83 123 
900 155 40 1 179 261 
900 156 48 83 
900 157 160 228 38 11 246 249 
900 158 173 31 
900 159 
900 160 288 194 68 201 162 269 
900 162 
900 163 152 83 179 284 
900 164 48 
900 165 83 
900 166 1 194 260 201 235 162 84 152 
900 167 11 1 179 38 
900 168 194 186 246 
900 169 83 123 
900 170 83 
900 172 194 186 246 
900 173 
900 174 83 
900 175 83 
900 176 83 173 
900 177 1 58 11 6 246 
900 178 83 
900 179 40 194 
900 180 1 11 179 38 246 
900 181 194 83 
900 182 194 11 246 
900 183 152 260 
900 184 83 
900 185 152 260 31 
900 186 83 
900 188 1 68 
900 189 179 38 246 
900 190 194 11 246 
900 191 83 
900 192 123 
900 193 83 
900 194 
900 195 152 164 31 
900 196 288 194 186 246 
900 197 83 
900 198 
900 199 11 246 235 
900 200 186 246 31 
900 201 40 179 
900 202 1 38 40 11 179 246 58 
900 203 40 194 83 186 
900 204 1 194 84 162 
900 206 83 
900 207 83 
900 208 152 31 
900 209 1 246 38 11 179 150 24 58 
900 210 48 68 6 
900 211 260 38 11 246 152 31 
900 213 83 
900 214 83 173 
900 215 123 
900 216 293 230 236 173 90 31 
900 217 1 194 84 162 
900 218 249 11 38 246 
900 219 194 6 246 186 
900 220 246 194 68 261 6 201 269 150 186 
900 221 194 68 150 269 15 246 186 
900 223 194 269 246 186 
900 224 83 173 
900 225 24 1 11 179 246 
900 226 288 194 68 261 40 201 269 84 249 
900 227 1 83 11 246 
900 228 1 58 
900 229 1 38 11 179 246 58 
900 230 
900 231 260 38 11 246 152 31 
900 232 58 11 38 246 
900 233 179 38 
900 235 
900 236 
900 237 40 179 68 38 235 
900 238 173 31 
900 239 123 
900 240 1 235 164 261 38 40 201 11 236 152 179 150 24 58 246 
900 241 83 
900 242 293 77 
900 243 83 
900 244 83 
900 246 58 11 
900 247 173 77 31 
900 249 
900 250 288 246 194 68 261 6 40 201 162 15 83 269 150 58 186 94 159 
900 251 287 295 228 293 151 
900 252 1 11 236 246 
900 253 48 90 77 173 
900 254 40 84 123 260 
900 255 48 173 90 293 77 
900 256 1 83 173 
900 257 48 83 
900 258 194 269 246 186 
900 259 83 
900 260 11 293 
900 261 
900 263 288 246 194 68 261 6 40 201 162 15 83 269 150 58 186 
900 265 83 
900 266 83 
900 267 246 194 68 261 6 40 201 162 15 269 150 186 
900 268 83 
900 269 
900 270 1 246 38 11 179 150 58 
900 271 11 1 179 246 
900 272 11 123 246 
900 273 1 11 246 
900 274 152 260 
900 275 246 194 68 261 6 201 269 150 186 
900 276 1 194 260 
900 277 48 249 186 84 
900 278 164 261 38 40 11 179 246 
900 279 83 
900 280 123 236 77 293 
900 281 123 
900 282 83 
900 283 123 
900 284 
900 285 83 
900 286 40 1 162 235 84 
900 287 288 68 194 228 261 40 201 269 84 151 249 
900 288 
900 290 83 
900 291 1 179 246 201 
900 292 83 260 
900 293 
900 294 162 11 164 186 246 
900 295 288 160 194 228 201 162 269 68 
900 297 58 179 246 
900 298 1 179 284 
900 299 194 68 6 269 15 246 186 
1800 0 186 123 68 38 6 
1800 1 
1800 2 1 179 84 
1800 3 83 260 
1800 4 164 293 198 173 260 90 
1800 5 40 162 11 84 246 
1800 6 
1800 7 249 284 38 
1800 8 194 68 261 6 40 201 162 15 269 246 186 
1800 9 293 
1800 10 246 194 68 261 6 40 201 162 269 150 186 
1800 11 
1800 12 48 90 173 
1800 13 83 
1800 14 83 173 
1800 15 
1800 16 83 
1800 17 40 162 11 84 246 
1800 18 83 173 
1800 19 1 261 38 201 179 24 284 
1800 20 40 1 83 
1800 21 194 68 261 6 40 201 269 15 83 150 186 
1800 22 83 
1800 23 194 269 246 186 
1800 24 194 
1800 25 83 
1800 26 83 
1800 27 164 293 198 173 260 90 
1800 30 83 
1800 32 194 68 269 186 
1800 33 194 68 6 269 15 246 186 
1800 35 38 6 246 
1800 36 40 11 260 246 235 
1800 37 83 173 
1800 38 
1800 39 173 186 235 293 261 
1800 40 201 
1800 42 83 
1800 43 293 
1800 45 194 261 40 201 162 269 186 
1800 46 194 269 246 186 
1800 47 194 269 246 186 
1800 48 
1800 51 83 
1800 52 83 
1800 53 83 
1800 54 293 
1800 55 83 
1800 56 83 173 
1800 57 123 
1800 58 
1800 59 194 269 6 186 
1800 60 83 
1800 61 194 269 6 186 
1800 62 1 11 246 
1800 64 1 164 173 38 
1800 66 11 139 246 
1800 67 164 261 38 40 11 179 246 
1800 68 
1800 69 83 
1800 70 293 173 
1800 71 83 
1800 72 1 83 11 38 246 
1800 74 48 83 
1800 75 83 
1800 76 83 
1800 78 1 261 38 201 179 24 284 
1800 79 1 164 173 38 
1800 80 1 246 38 11 179 150 58 
1800 81 83 
1800 83 246 
1800 84 
1800 85 1 235 260 38 40 11 179 246 
1800 86 48 83 
1800 87 260 
1800 88 288 68 194 228 261 40 201 269 84 151 249 
1800 89 83 
1800 90 
1800 91 162 11 246 
1800 92 24 1 179 201 
1800 94 
1800 95 1 11 68 246 
1800 96 194 6 40 162 48 186 
1800 97 83 173 
1800 98 83 
1800 99 83 
1800 102 194 68 246 201 162 269 150 186 
1800 103 11 246 
1800 104 90 260 293 
1800 105 1 164 293 198 235 173 
1800 106 90 173 230 
1800 107 1 58 11 246 
1800 109 164 
1800 110 194 11 246 235 
1800 112 179 38 
1800 113 123 
1800 114 179 68 261 38 201 83 150 24 58 
1800 115 11 123 246 
1800 116 83 
1800 117 58 11 38 246 
1800 118 194 261 40 201 162 269 186 
1800 119 123 260 
1800 120 194 173 198 
1800 121 246 194 261 40 201 162 150 94 159 
1800 122 24 1 11 179 246 
1800 123 
1800 125 83 
1800 126 123 
1800 127 83 179 284 
1800 128 11 123 246 
1800 129 1 284 
1800 130 194 173 198 
1800 131 11 1 179 246 
1800 132 293 
1800 133 1 235 260 38 40 11 179 246 
1800 134 288 194 68 6 162 15 269 246 186 
1800 135 40 194 83 186 
1800 136 194 38 6 
1800 137 83 173 
1800 138 90 260 293 
1800 139 1 293 38 11 179 246 58 
1800 141 194 261 40 201 162 269 186 
1800 142 194 68 261 201 162 186 
1800 143 1 235 293 11 236 173 179 84 246 24 284 261 
1800 144 288 194 68 6 162 15 269 246 58 186 
1800 145 246 194 68 261 6 201 269 150 186 
1800 146 1 261 201 48 179 24 
1800 147 83 
1800 148 68 83 236 
1800 149 83 
1800 150 
1800 151 1 246 38 201 11 179 84 150 24 58 
1800 153 83 
1800 154 83 123 
1800 155 40 1 179 261 
1800 156 48 83 
1800 157 160 228 38 11 246 249 
1800 158 173 
1800 159 
1800 160 288 194 68 201 162 269 
1800 162 
1800 163 83 179 284 
1800 164 48 
1800 165 83 
1800 166 1 194 260 201 235 162 84 
1800 167 11 1 179 38 
1800 168 194 186 246 
1800 169 83 123 
1800 170 83 
1800 172 194 186 246 
1800 173 
1800 174 83 
1800 175 83 
1800 176 83 173 
1800 178 83 
1800 179 40 194 
1800 180 1 11 179 38 246 
1800 181 194 83 
1800 182 194 11 246 
1800 184 83 
1800 185 260 
1800 186 83 
1800 188 1 68 
1800 189 179 38 246 
1800 190 194 11 246 
1800 192 123 
1800 193 83 
1800 194 
1800 195 164 
1800 196 288 194 186 246 
1800 197 83 
1800 198 
1800 199 11 246 235 
1800 200 186 246 
1800 201 40 179 
1800 202 1 38 40 11 179 246 58 
1800 203 40 194 83 186 
1800 204 1 194 84 162 
1800 206 83 
1800 207 83 
1800 208 
1800 209 1 246 38 11 179 150 24 58 
1800 210 48 68 6 
1800 211 11 260 38 246 
1800 213 83 
1800 214 83 173 
1800 215 123 
1800 216 90 236 293 230 173 
1800 217 1 194 84 162 
1800 218 249 11 38 246 
1800 219 194 6 246 186 
1800 220 246 194 68 261 6 201 269 150 186 
1800 221 194 68 150 269 15 246 186 
1800 223 194 269 246 186 
1800 224 83 173 
1800 225 24 1 11 179 246 
1800 226 288 194 68 261 40 201 269 84 249 
1800 227 1 83 11 246 
1800 228 1 58 
1800 229 1 38 11 179 246 58 
1800 230 
1800 231 11 260 38 246 
1800 232 58 11 38 246 
1800 233 179 38 
1800 235 
1800 236 
1800 237 40 179 68 38 235 
1800 238 173 
1800 239 123 
1800 240 1 235 164 261 38 40 201 11 236 179 150 24 58 246 
1800 241 83 
1800 242 293 
1800 243 83 
1800 246 58 11 
1800 247 173 
1800 249 
1800 250 288 246 194 68 261 6 40 201 162 15 83 269 150 58 186 94 159 
1800 251 287 295 228 293 151 
1800 252 1 11 236 246 
1800 253 48 90 173 
1800 254 40 84 123 260 
1800 255 48 90 293 173 
1800 256 1 83 173 
1800 257 48 83 
1800 258 194 269 246 186 
1800 259 83 
1800 260 11 293 
1800 261 
1800 263 288 246 194 68 261 6 40 201 162 15 83 269 150 58 186 
1800 265 83 
1800 266 83 
1800 267 246 194 68 261 6 40 201 162 15 269 150 186 
1800 268 83 
1800 269 
1800 270 1 246 38 11 179 150 58 
1800 271 11 1 179 246 
1800 272 11 123 246 
1800 273 1 11 246 
1800 274 260 
1800 275 246 194 68 261 6 201 269 150 186 
1800 276 1 194 260 
1800 277 48 249 186 84 
1800 278 164 261 38 40 11 179 246 
1800 279 83 
1800 280 123 236 293 
1800 282 83 
1800 283 123 
1800 284 
1800 285 83 
1800 286 40 1 162 235 84 
1800 287 288 68 194 228 261 40 201 269 84 151 249 
1800 288 
1800 290 83 
1800 291 1 179 246 201 
1800 292 83 260 
1800 293 
1800 294 162 11 164 186 246 
1800 295 288 160 194 228 201 162 269 68 
1800 297 58 179 246 
1800 298 1 179 284 
1800 299 194 68 6 269 15 246 186 
2700 0 186 123 68 38 6 
2700 1 
2700 2 1 179 84 
2700 3 260 
2700 4 164 293 198 173 260 90 
2700 5 40 11 84 246 
2700 6 
2700 7 249 284 38 
2700 8 194 68 261 6 40 201 269 15 246 186 
2700 9 293 
2700 10 246 194 68 261 6 40 201 269 150 186 
2700 11 
2700 12 48 90 173 
2700 13 
2700 14 173 
2700 15 
2700 16 
2700 17 40 11 84 246 
2700 18 173 
2700 19 1 261 38 201 179 24 284 
2700 20 40 1 
2700 21 194 68 261 6 40 201 269 15 150 186 
2700 22 
2700 23 194 269 246 186 
2700 24 194 
2700 25 
2700 26 
2700 27 164 293 198 173 260 90 
2700 30 
2700 32 194 68 269 186 
2700 33 194 68 6 269 15 246 186 
2700 35 38 6 246 
2700 36 40 11 260 246 235 
2700 37 173 
2700 38 
2700 39 173 186 235 293 261 
2700 40 201 
2700 42 
2700 43 293 
2700 45 194 261 40 201 269 186 
2700 46 194 269 246 186 
2700 47 194 269 246 186 
2700 48 
2700 51 
2700 52 
2700 53 
2700 54 293 
2700 55 
2700 56 173 
2700 57 123 
2700 58 
2700 59 194 269 6 186 
2700 60 
2700 61 194 269 6 186 
2700 62 1 11 246 
2700 64 1 164 173 38 
2700 66 11 139 246 
2700 67 164 261 38 40 11 179 246 
2700 68 
2700 69 
2700 70 293 173 
2700 71 
2700 72 1 11 38 246 
2700 74 48 
2700 75 
2700 76 
2700 78 1 261 38 201 179 24 284 
2700 79 1 164 173 38 
2700 80 1 246 38 11 179 150 58 
2700 81 
2700 84 
2700 85 1 235 260 38 40 11 179 246 
2700 86 48 
2700 87 260 
2700 88 288 68 194 228 261 40 201 269 84 151 249 
2700 89 
2700 90 
2700 91 11 246 
2700 92 24 1 179 201 
2700 95 1 11 68 246 
2700 96 40 48 194 186 6 
2700 97 173 
2700 98 
2700 99 
2700 103 11 246 
2700 104 90 260 293 
2700 105 1 164 293 198 235 173 
2700 106 90 173 230 
2700 107 1 58 11 246 
2700 109 164 
2700 110 194 11 246 235 
2700 112 179 38 
2700 113 123 
2700 114 68 261 38 201 179 150 24 58 
2700 115 11 123 246 
2700 116 
2700 117 58 11 38 246 
2700 118 194 261 40 201 269 186 
2700 119 123 260 
2700 120 194 173 198 
2700 121 246 194 261 40 201 150 159 
2700 122 24 1 11 179 246 
2700 123 
2700 125 
2700 126 123 
2700 127 179 284 
2700 128 11 123 246 
2700 129 1 284 
2700 130 194 173 198 
2700 131 11 1 179 246 
2700 132 293 
2700 133 1 235 260 38 40 11 179 246 
2700 134 288 194 68 6 269 15 246 186 
2700 135 40 194 186 
2700 136 194 38 6 
2700 137 173 
2700 139 1 293 38 11 179 246 58 
2700 142 201 194 68 261 186 
2700 143 1 235 293 11 236 173 179 84 246 24 284 261 
2700 144 288 194 68 6 269 15 246 58 186 
2700 145 246 194 68 261 6 201 269 150 186 
2700 146 1 261 201 48 179 24 
2700 148 68 236 
2700 149 
2700 150 
2700 151 1 246 38 201 11 179 84 150 24 58 
2700 153 
2700 155 40 1 179 261 
2700 156 48 
2700 157 160 228 38 11 246 249 
2700 158 173 
2700 159 
2700 160 288 201 194 68 269 
2700 163 179 284 
2700 164 48 
2700 165 
2700 166 1 194 260 201 235 84 
2700 168 194 186 246 
2700 169 123 
2700 170 
2700 172 194 186 246 
2700 173 
2700 174 
2700 175 
2700 178 
2700 179 40 194 
2700 180 1 11 179 38 246 
2700 181 194 
2700 182 194 11 246 
2700 184 
2700 185 260 
2700 186 
2700 188 1 68 
2700 189 179 38 246 
2700 190 194 11 246 
2700 192 123 
2700 193 
2700 194 
2700 195 164 
2700 196 288 194 186 246 
2700 197 
2700 198 
2700 199 11 246 235 
2700 200 186 246 
2700 201 40 179 
2700 202 1 38 40 11 179 246 58 
2700 203 40 194 186 
2700 204 1 194 84 
2700 206 
2700 208 
2700 209 1 246 38 11 179 150 24 58 
2700 210 48 68 6 
2700 211 11 260 38 246 
2700 213 
2700 214 173 
2700 215 123 
2700 216 90 236 293 230 173 
2700 217 1 194 84 
2700 218 249 11 38 246 
2700 220 246 194 68 261 6 201 269 150 186 
2700 221 194 68 150 269 15 246 186 
2700 223 194 269 246 186 
2700 224 173 
2700 225 24 1 11 179 246 
2700 226 288 194 68 261 40 201 269 84 249 
2700 227 1 11 246 
2700 228 1 58 
2700 229 1 38 11 179 246 58 
2700 230 
2700 231 11 260 38 246 
2700 232 58 11 38 246 
2700 233 179 38 
2700 235 
2700 236 
2700 237 40 179 68 38 235 
2700 238 173 
2700 239 123 
2700 240 1 235 164 261 38 40 201 11 236 179 150 24 58 246 
2700 241 
2700 242 293 
2700 243 
2700 246 58 11 
2700 247 173 
2700 249 
2700 250 288 246 194 68 261 6 40 201 269 15 150 58 186 159 
2700 251 287 295 228 293 151 
2700 252 1 11 236 246 
2700 253 48 90 173 
2700 254 40 84 123 260 
2700 255 48 90 293 173 
2700 256 1 173 
2700 257 48 
2700 258 194 269 246 186 
2700 259 
2700 260 11 293 
2700 261 
2700 263 288 246 194 68 261 6 40 201 269 15 150 58 186 
2700 265 
2700 266 
2700 267 246 194 68 261 6 40 201 269 15 150 186 
2700 268 
2700 269 
2700 270 1 246 38 11 179 150 58 
2700 272 11 123 246 
2700 273 1 11 246 
2700 274 260 
2700 275 246 194 68 261 6 201 269 150 186 
2700 276 1 194 260 
2700 277 48 249 186 84 
2700 278 164 261 38 40 11 179 246 
2700 279 
2700 280 123 236 293 
2700 282 
2700 283 123 
2700 284 
2700 285 
2700 286 40 1 235 84 
2700 287 288 68 194 228 261 40 201 269 84 151 249 
2700 288 
2700 290 
2700 291 1 179 246 201 
2700 292 260 
2700 293 
2700 294 186 11 164 246 
2700 295 288 160 194 228 201 269 68 
2700 297 58 179 246 
2700 298 1 179 284 
2700 299 194 68 6 269 15 246 186 
3600 0 186 123 68 38 6 
3600 1 
3600 2 1 179 84 
3600 3 260 
3600 4 164 293 198 173 260 90 
3600 5 40 11 84 246 
3600 6 
3600 7 249 284 38 
3600 8 194 68 261 6 40 201 269 15 246 186 
3600 9 293 
3600 10 246 194 68 261 6 40 201 269 150 186 
3600 11 
3600 12 48 90 173 
3600 13 
3600 14 173 
3600 15 
3600 16 
3600 17 40 11 84 246 
3600 18 173 
3600 19 1 261 38 201 179 24 284 
3600 20 40 1 
3600 21 194 68 261 6 40 201 269 15 150 186 
3600 22 
3600 23 194 269 246 186 
3600 24 194 
3600 25 
3600 26 
3600 27 164 293 198 173 260 90 
3600 30 
3600 32 194 68 269 186 
3600 33 194 68 6 269 15 246 186 
3600 35 38 6 246 
3600 36 40 11 260 246 235 
3600 37 173 
3600 38 
3600 39 173 186 235 293 261 
3600 40 201 
3600 42 
3600 43 293 
3600 45 194 261 40 201 269 186 
3600 46 194 269 246 186 
3600 47 194 269 246 186 
3600 48 
3600 51 
3600 52 
3600 53 
3600 54 293 
3600 55 
3600 56 173 
3600 57 123 
3600 58 
3600 59 194 269 6 186 
3600 60 
3600 62 1 11 246 
3600 64 1 164 173 38 
3600 66 11 139 246 
3600 67 164 261 38 40 11 179 246 
3600 68 
3600 69 
3600 71 
3600 72 1 11 38 246 
3600 74 48 
3600 75 
3600 76 
3600 78 1 261 38 201 179 24 284 
3600 79 1 164 173 38 
3600 80 1 246 38 11 179 150 58 
3600 81 
3600 84 
3600 85 1 235 260 38 40 11 179 246 
3600 86 48 
3600 87 260 
3600 88 288 68 194 228 261 40 201 269 84 151 249 
3600 89 
3600 90 
3600 91 11 246 
3600 92 24 1 179 201 
3600 95 1 11 68 246 
3600 96 40 48 194 186 6 
3600 97 173 
3600 99 
3600 103 11 246 
3600 104 90 260 293 
3600 105 1 164 293 198 235 173 
3600 106 90 173 
3600 107 1 58 11 246 
3600 109 164 
3600 110 194 11 246 235 
3600 112 179 38 
3600 113 123 
3600 114 68 261 38 201 179 150 24 58 
3600 115 11 123 246 
3600 116 
3600 117 58 11 38 246 
3600 118 194 261 40 201 269 186 
3600 119 123 260 
3600 120 194 173 198 
3600 121 246 194 261 40 201 150 159 
3600 122 24 1 11 179 246 
3600 123 
3600 125 
3600 126 123 
3600 127 179 284 
3600 128 11 123 246 
3600 129 1 284 
3600 130 194 173 198 
3600 132 293 
3600 133 1 235 260 38 40 11 179 246 
3600 134 288 194 68 6 269 15 246 186 
3600 135 40 194 186 
3600 136 194 38 6 
3600 137 173 
3600 139 1 293 38 11 179 246 58 
3600 143 1 235 293 11 236 173 179 84 246 24 284 261 
3600 144 288 194 68 6 269 15 246 58 186 
3600 145 246 194 68 261 6 201 269 150 186 
3600 146 1 261 201 48 179 24 
3600 150 
3600 151 1 246 38 201 11 179 84 150 24 58 
3600 153 
3600 155 40 1 179 261 
3600 156 48 
3600 157 160 228 38 11 246 249 
3600 158 173 
3600 159 
3600 160 288 201 194 68 269 
3600 163 179 284 
3600 164 48 
3600 165 
3600 166 1 194 260 201 235 84 
3600 168 194 186 246 
3600 169 123 
3600 170 
3600 172 194 186 246 
3600 173 
3600 174 
3600 175 
3600 178 
3600 179 40 194 
3600 180 1 11 179 38 246 
3600 181 194 
3600 182 194 11 246 
3600 184 
3600 185 260 
3600 186 
3600 188 1 68 
3600 189 179 38 246 
3600 190 194 11 246 
3600 192 123 
3600 193 
3600 194 
3600 195 164 
3600 196 288 194 186 246 
3600 197 
3600 198 
3600 199 11 246 235 
3600 200 186 246 
3600 201 40 179 
3600 202 1 38 40 11 179 246 58 
3600 204 1 194 84 
3600 206 
3600 208 
3600 209 1 246 38 11 179 150 24 58 
3600 210 48 68 6 
3600 211 11 260 38 246 
3600 213 
3600 214 173 
3600 215 123 
3600 217 1 194 84 
3600 218 249 11 38 246 
3600 220 246 194 68 261 6 201 269 150 186 
3600 221 194 68 150 269 15 246 186 
3600 223 194 269 246 186 
3600 224 173 
3600 225 24 1 11 179 246 
3600 226 288 194 68 261 40 201 269 84 249 
3600 227 1 11 246 
3600 228 1 58 
3600 229 1 38 11 179 246 58 
3600 231 11 260 38 246 
3600 232 58 11 38 246 
3600 233 179 38 
3600 235 
3600 236 
3600 237 40 179 68 38 235 
3600 238 173 
3600 239 123 
3600 240 1 235 164 261 38 40 201 11 236 179 150 24 58 246 
3600 241 
3600 242 293 
3600 243 
3600 246 58 11 
3600 247 173 
3600 249 
3600 250 288 246 194 68 261 6 40 201 269 15 150 58 186 159 
3600 252 1 11 236 246 
3600 253 48 90 173 
3600 254 40 84 123 260 
3600 255 48 90 293 173 
3600 257 48 
3600 258 194 269 246 186 
3600 259 
3600 260 11 293 
3600 261 
3600 263 288 246 194 68 261 6 40 201 269 15 150 58 186 
3600 265 
3600 266 
3600 267 246 194 68 261 6 40 201 269 15 150 186 
3600 268 
3600 269 
3600 270 1 246 38 11 179 150 58 
3600 272 11 123 246 
3600 273 1 11 246 
3600 274 260 
3600 276 1 194 260 
3600 277 48 249 186 84 
3600 278 164 261 38 40 11 179 246 
3600 279 
3600 280 123 236 293 
3600 282 
3600 283 123 
3600 284 
3600 285 
3600 286 40 1 235 84 
3600 287 288 68 194 228 261 40 201 269 84 151 249 
3600 288 
3600 290 
3600 291 1 179 246 201 
3600 292 260 
3600 293 
3600 294 186 11 164 246 
3600 295 288 160 194 228 201 269 68 
3600 297 58 179 246 
3600 298 1 179 284 
3600 299 194 68 6 269 15 246 186 
4500 0 186 123 68 38 6 
4500 1 
4500 2 1 179 84 
4500 3 260 
4500 4 164 293 198 173 260 90 
4500 5 40 11 84 246 
4500 6 
4500 7 249 284 38 
4500 8 194 68 261 6 40 201 269 15 246 186 
4500 9 293 
4500 10 194 68 261 6 40 201 269 246 186 
4500 11 
4500 12 48 90 173 
4500 13 
4500 14 173 
4500 15 
4500 16 
4500 17 40 11 84 246 
4500 18 173 
4500 19 1 261 38 201 179 24 284 
4500 20 40 1 
4500 21 194 68 261 6 40 201 269 15 186 
4500 22 
4500 23 194 269 246 186 
4500 24 194 
4500 25 
4500 27 164 293 198 173 260 90 
4500 30 
4500 32 194 68 269 186 
4500 33 194 68 6 269 15 246 186 
4500 35 38 6 246 
4500 36 40 11 260 246 235 
4500 37 173 
4500 38 
4500 39 173 186 235 293 261 
4500 40 201 
4500 42 
4500 43 293 
4500 45 194 261 40 201 269 186 
4500 46 194 269 246 186 
4500 47 194 269 246 186 
4500 48 
4500 51 
4500 52 
4500 53 
4500 54 293 
4500 55 
4500 56 173 
4500 57 123 
4500 58 
4500 59 194 269 6 186 
4500 60 
4500 62 1 11 246 
4500 64 1 164 173 38 
4500 66 11 246 
4500 67 164 261 38 40 11 179 246 
4500 68 
4500 69 
4500 71 
4500 72 1 11 38 246 
4500 74 48 
4500 75 
4500 76 
4500 78 1 261 38 201 179 24 284 
4500 79 1 164 173 38 
4500 80 1 38 11 179 246 58 
4500 81 
4500 84 
4500 85 1 235 260 38 40 11 179 246 
4500 86 48 
4500 87 260 
4500 88 288 68 194 228 261 40 201 269 84 151 249 
4500 89 
4500 90 
4500 91 11 246 
4500 92 24 1 179 201 
4500 95 1 11 68 246 
4500 96 40 48 194 186 6 
4500 97 173 
4500 99 
4500 103 11 246 
4500 104 90 260 293 
4500 106 90 173 
4500 109 164 
4500 110 194 11 246 235 
4500 112 179 38 
4500 114 68 261 38 201 179 24 58 
4500 115 11 123 246 
4500 116 
4500 117 58 11 38 246 
4500 118 194 261 40 201 269 186 
4500 119 123 260 
4500 120 194 173 198 
4500 121 194 261 40 201 246 159 
4500 122 24 1 11 179 246 
4500 123 
4500 125 
4500 126 123 
4500 127 179 284 
4500 128 11 123 246 
4500 129 1 284 
4500 130 194 173 198 
4500 132 293 
4500 133 1 235 260 38 40 11 179 246 
4500 134 288 194 68 6 269 15 246 186 
4500 135 40 194 186 
4500 136 194 38 6 
4500 137 173 
4500 143 1 235 293 11 236 173 179 84 246 24 284 261 
4500 144 288 194 68 6 269 15 246 58 186 
4500 145 194 68 261 6 201 269 246 186 
4500 146 1 261 201 48 179 24 
4500 151 1 38 201 11 179 84 246 24 58 
4500 153 
4500 155 40 1 179 261 
4500 156 48 
4500 157 160 228 38 11 246 249 
4500 158 173 
4500 159 
4500 160 288 201 194 68 269 
4500 163 179 284 
4500 164 48 
4500 165 
4500 166 1 194 260 201 235 84 
4500 168 194 186 246 
4500 169 123 
4500 170 
4500 172 194 186 246 
4500 173 
4500 174 
4500 175 
4500 178 
4500 179 40 194 
4500 180 1 11 179 38 246 
4500 181 194 
4500 182 194 11 246 
4500 184 
4500 185 260 
4500 186 
4500 188 1 68 
4500 189 179 38 246 
4500 190 194 11 246 
4500 192 123 
4500 193 
4500 194 
4500 195 164 
4500 196 288 194 186 246 
4500 197 
4500 198 
4500 199 11 246 235 
4500 200 186 246 
4500 201 40 179 
4500 202 1 38 40 11 179 246 58 
4500 204 1 194 84 
4500 206 
4500 208 
4500 209 1 38 11 179 246 24 58 
4500 210 48 68 6 
4500 211 11 260 38 246 
4500 213 
4500 214 173 
4500 215 123 
4500 217 1 194 84 
4500 218 249 11 38 246 
4500 220 194 68 261 6 201 269 246 186 
4500 221 194 68 269 15 246 186 
4500 223 194 269 246 186 
4500 224 173 
4500 225 24 1 11 179 246 
4500 226 288 194 68 261 40 201 269 84 249 
4500 228 1 58 
4500 231 11 260 38 246 
4500 232 58 11 38 246 
4500 233 179 38 
4500 235 
4500 236 
4500 237 40 179 68 38 235 
4500 238 173 
4500 240 1 235 164 261 38 40 201 11 236 179 246 24 58 
4500 241 
4500 242 293 
4500 243 
4500 246 58 11 
4500 247 173 
4500 249 
4500 250 288 194 68 261 6 40 201 269 15 246 58 186 159 
4500 252 1 11 236 246 
4500 253 48 90 173 
4500 254 40 84 123 260 
4500 257 48 
4500 258 194 269 246 186 
4500 259 
4500 260 11 293 
4500 261 
4500 263 288 194 68 261 6 40 201 269 15 246 58 186 
4500 265 
4500 266 
4500 267 194 68 261 6 40 201 269 15 246 186 
4500 268 
4500 269 
4500 270 1 38 11 179 246 58 
4500 272 11 123 246 
4500 273 1 11 246 
4500 274 260 
4500 276 1 194 260 
4500 277 48 249 186 84 
4500 278 164 261 38 40 11 179 246 
4500 279 
4500 280 123 236 293 
4500 283 123 
4500 284 
4500 285 
4500 286 40 1 235 84 
4500 287 288 68 194 228 261 40 201 269 84 151 249 
4500 288 
4500 290 
4500 291 1 179 246 201 
4500 292 260 
4500 293 
4500 295 288 160 194 228 201 269 68 
4500 298 1 179 284 
4500 299 194 68 6 269 15 246 186 
5400 0 123 68 38 6 
5400 1 
5400 2 1 179 84 
5400 3 260 
5400 4 164 293 198 173 260 90 
5400 5 40 11 84 246 
5400 6 
5400 7 249 284 38 
5400 8 194 68 261 6 40 201 269 15 246 
5400 9 293 
5400 10 194 68 261 6 40 201 269 246 
5400 11 
5400 12 48 90 173 
5400 13 
5400 14 173 
5400 15 
5400 16 
5400 17 40 11 84 246 
5400 18 173 
5400 19 1 261 38 201 179 24 284 
5400 20 40 1 
5400 21 194 68 261 6 40 201 269 15 
5400 22 
5400 23 194 269 246 
5400 24 194 
5400 25 
5400 27 164 293 198 173 260 90 
5400 30 
5400 32 194 68 269 
5400 33 194 68 6 269 15 246 
5400 36 40 11 260 246 235 
5400 37 173 
5400 38 
5400 39 173 235 293 261 
5400 40 201 
5400 42 
5400 43 293 
5400 45 40 201 194 269 261 
5400 46 194 269 246 
5400 48 
5400 51 
5400 52 
5400 53 
5400 54 293 
5400 55 
5400 56 173 
5400 57 123 
5400 58 
5400 59 194 269 6 
5400 60 
5400 62 1 11 246 
5400 64 1 164 173 38 
5400 66 11 246 
5400 67 164 261 38 40 11 179 246 
5400 68 
5400 72 1 11 38 246 
5400 74 48 
5400 75 
5400 76 
5400 78 1 261 38 201 179 24 284 
5400 79 1 164 173 38 
5400 80 1 38 11 179 246 58 
5400 81 
5400 84 
5400 85 1 235 260 38 40 11 179 246 
5400 86 48 
5400 87 260 
5400 88 288 68 194 228 261 40 201 269 84 151 249 
5400 89 
5400 90 
5400 91 11 246 
5400 92 24 1 179 201 
5400 95 1 11 68 246 
5400 96 40 48 194 6 
5400 97 173 
5400 99 
5400 103 11 246 
5400 104 90 260 293 
5400 106 90 173 
5400 109 164 
5400 110 194 11 246 235 
5400 112 179 38 
5400 114 68 261 38 201 179 24 58 
5400 115 11 123 246 
5400 116 
5400 117 58 11 38 246 
5400 118 40 201 194 269 261 
5400 119 123 260 
5400 120 194 173 198 
5400 121 194 261 40 201 246 159 
5400 122 24 1 11 179 246 
5400 123 
5400 125 
5400 126 123 
5400 127 179 284 
5400 128 11 123 246 
5400 129 1 284 
5400 130 194 173 198 
5400 132 293 
5400 133 1 235 260 38 40 11 179 246 
5400 134 288 194 68 6 269 15 246 
5400 135 40 194 
5400 136 194 38 6 
5400 137 173 
5400 143 1 235 293 11 236 173 179 84 246 24 284 261 
5400 144 288 194 68 6 269 15 246 58 
5400 145 194 68 261 6 201 269 246 
5400 146 1 261 201 48 179 24 
5400 151 1 38 201 11 179 84 246 24 58 
5400 153 
5400 155 40 1 179 261 
5400 156 48 
5400 158 173 
5400 159 
5400 160 288 201 194 68 269 
5400 163 179 284 
5400 164 48 
5400 165 
5400 166 1 194 260 201 235 84 
5400 168 194 246 
5400 169 123 
5400 170 
5400 172 194 246 
5400 173 
5400 174 
5400 175 
5400 178 
5400 179 40 194 
5400 180 1 11 179 38 246 
5400 181 194 
5400 182 194 11 246 
5400 184 
5400 185 260 
5400 188 1 68 
5400 189 179 38 246 
5400 190 194 11 246 
5400 193 
5400 194 
5400 195 164 
5400 196 288 194 246 
5400 197 
5400 198 
5400 199 11 246 235 
5400 200 246 
5400 201 40 179 
5400 202 1 38 40 11 179 246 58 
5400 206 
5400 208 
5400 209 1 38 11 179 246 24 58 
5400 210 48 68 6 
5400 213 
5400 214 173 
5400 215 123 
5400 217 1 194 84 
5400 218 249 11 38 246 
5400 220 194 68 261 6 201 269 246 
5400 223 194 269 246 
5400 224 173 
5400 225 24 1 11 179 246 
5400 226 288 194 68 261 40 201 269 84 249 
5400 228 1 58 
5400 231 11 260 38 246 
5400 232 58 11 38 246 
5400 235 
5400 236 
5400 237 40 179 68 38 235 
5400 238 173 
5400 240 1 235 164 261 38 40 201 11 236 179 246 24 58 
5400 241 
5400 242 293 
5400 243 
5400 246 58 11 
5400 247 173 
5400 249 
5400 250 288 194 68 261 6 40 201 269 15 246 58 159 
5400 252 1 11 236 246 
5400 253 48 90 173 
5400 254 40 84 123 260 
5400 257 48 
5400 258 194 269 246 
5400 259 
5400 260 11 293 
5400 261 
5400 263 288 194 68 261 6 40 201 269 15 246 58 
5400 265 
5400 266 
5400 268 
5400 269 
5400 270 1 38 11 179 246 58 
5400 272 11 123 246 
5400 273 1 11 246 
5400 274 260 
5400 276 1 194 260 
5400 277 48 249 84 
5400 278 164 261 38 40 11 179 246 
5400 279 
5400 280 123 236 293 
5400 283 123 
5400 284 
5400 285 
5400 286 40 1 235 84 
5400 287 288 68 194 228 261 40 201 269 84 151 249 
5400 288 
5400 290 
5400 291 1 179 246 201 
5400 292 260 
5400 293 
5400 295 288 160 194 228 201 269 68 
5400 298 1 179 284 
6300 0 123 68 38 6 
6300 1 
6300 2 1 179 84 
6300 3 
6300 4 164 293 173 
6300 5 40 11 84 246 
6300 6 
6300 7 249 284 38 
6300 8 194 68 261 6 40 201 269 15 246 
6300 9 293 
6300 10 194 68 261 6 40 201 269 246 
6300 11 
6300 12 48 173 
6300 13 
6300 14 173 
6300 15 
6300 16 
6300 17 40 11 84 246 
6300 18 173 
6300 19 1 261 38 201 179 24 284 
6300 20 40 1 
6300 21 194 68 261 6 40 201 269 15 
6300 22 
6300 23 194 269 246 
6300 24 194 
6300 25 
6300 27 164 293 173 
6300 30 
6300 32 194 68 269 
6300 33 194 68 6 269 15 246 
6300 36 40 11 246 235 
6300 37 173 
6300 38 
6300 39 173 235 293 261 
6300 40 201 
6300 42 
6300 43 293 
6300 45 40 201 194 269 261 
6300 46 194 269 246 
6300 48 
6300 51 
6300 52 
6300 53 
6300 54 293 
6300 55 
6300 56 173 
6300 57 123 
6300 58 
6300 59 194 269 6 
6300 60 
6300 62 1 11 246 
6300 64 1 164 173 38 
6300 66 11 246 
6300 67 164 261 38 40 11 179 246 
6300 68 
6300 72 1 11 38 246 
6300 75 
6300 76 
6300 78 1 261 38 201 179 24 284 
6300 79 1 164 173 38 
6300 80 1 38 11 179 246 58 
6300 81 
6300 84 
6300 85 1 235 38 40 11 179 246 
6300 86 48 
6300 87 
6300 89 
6300 91 11 246 
6300 92 24 1 179 201 
6300 95 1 11 68 246 
6300 97 173 
6300 99 
6300 103 11 246 
6300 104 293 
6300 106 173 
6300 109 164 
6300 110 194 11 246 235 
6300 112 179 38 
6300 114 68 261 38 201 179 24 58 
6300 115 11 123 246 
6300 116 
6300 117 58 11 38 246 
6300 118 40 201 194 269 261 
6300 119 123 
6300 120 194 173 
6300 121 194 261 40 201 246 159 
6300 122 24 1 11 179 246 
6300 123 
6300 125 
6300 126 123 
6300 127 179 284 
6300 128 11 123 246 
6300 129 1 284 
6300 130 194 173 
6300 132 293 
6300 133 1 235 38 40 11 179 246 
6300 134 288 194 68 6 269 15 246 
6300 135 40 194 
6300 136 194 38 6 
6300 137 173 
6300 143 1 235 293 11 236 173 179 84 246 24 284 261 
6300 144 288 194 68 6 269 15 246 58 
6300 145 194 68 261 6 201 269 246 
6300 146 1 261 201 48 179 24 
6300 151 1 38 201 11 179 84 246 24 58 
6300 153 
6300 159 
6300 160 288 201 194 68 269 
6300 163 179 284 
6300 164 48 
6300 165 
6300 166 1 194 235 84 201 
6300 168 194 246 
6300 169 123 
6300 170 
6300 172 194 246 
6300 173 
6300 174 
6300 175 
6300 178 
6300 179 40 194 
6300 180 1 11 179 38 246 
6300 182 194 11 246 
6300 184 
6300 185 
6300 188 1 68 
6300 189 179 38 246 
6300 190 194 11 246 
6300 193 
6300 194 
6300 195 164 
6300 196 288 194 246 
6300 197 
6300 199 11 246 235 
6300 200 246 
6300 201 40 179 
6300 202 1 38 40 11 179 246 58 
6300 206 
6300 208 
6300 209 1 38 11 179 246 24 58 
6300 210 48 68 6 
6300 213 
6300 214 173 
6300 215 123 
6300 217 1 194 84 
6300 218 249 11 38 246 
6300 220 194 68 261 6 201 269 246 
6300 223 194 269 246 
6300 225 24 1 11 179 246 
6300 226 288 194 68 261 40 201 269 84 249 
6300 228 1 58 
6300 231 11 38 246 
6300 232 58 11 38 246 
6300 235 
6300 236 
6300 237 40 179 68 38 235 
6300 238 173 
6300 241 
6300 242 293 
6300 243 
6300 246 58 11 
6300 247 173 
6300 249 
6300 250 288 194 68 261 6 40 201 269 15 246 58 159 
6300 252 1 11 236 246 
6300 253 48 173 
6300 254 40 123 84 
6300 257 48 
6300 258 194 269 246 
6300 259 
6300 261 
6300 263 288 194 68 261 6 40 201 269 15 246 58 
6300 265 
6300 266 
6300 269 
6300 270 1 38 11 179 246 58 
6300 272 11 123 246 
6300 273 1 11 246 
6300 274 
6300 276 1 194 
6300 277 48 249 84 
6300 278 164 261 38 40 11 179 246 
6300 279 
6300 280 123 236 293 
6300 283 123 
6300 284 
6300 285 
6300 286 40 1 235 84 
6300 287 288 68 194 228 261 40 201 269 84 151 249 
6300 288 
6300 290 
6300 291 1 179 246 201 
6300 292 
6300 293 
6300 295 288 160 194 228 201 269 68 
6300 298 1 179 284 
