0 0 287 267 95 
0 1 81 171 
0 2 241 226 35 
0 3 129 66 225 75 172 17 19 
0 4 249 276 29 
0 5 26 99 172 206 
0 6 32 236 178 78 208 18 
0 7 224 
0 8 93 
0 9 280 8 
0 10 265 75 142 
0 11 
0 12 232 65 75 197 239 
0 13 194 102 
0 14 24 234 70 
0 15 170 267 
0 16 160 288 
0 17 249 255 38 159 
0 18 43 
0 19 248 81 12 254 111 
0 20 56 
0 21 136 253 
0 22 50 123 
0 23 88 169 43 163 73 
0 24 16 189 119 
0 25 163 296 142 17 20 149 250 189 
0 26 64 81 163 286 
0 27 209 114 42 38 285 
0 29 280 188 156 97 
0 30 260 77 78 148 117 25 284 
0 31 284 148 180 
0 32 27 186 67 79 
0 33 27 35 
0 34 160 291 259 156 
0 35 12 229 
0 36 113 34 132 1 
0 37 230 235 271 242 115 58 159 
0 38 40 290 244 109 14 
0 39 273 267 
0 40 248 299 
0 42 181 14 
0 43 25 277 238 246 
0 44 
0 45 98 131 198 15 178 55 155 
0 46 3 246 294 231 269 112 54 
0 47 145 18 146 239 
0 48 291 104 138 79 116 127 
0 50 
0 51 40 204 236 
0 52 214 189 158 
0 53 20 117 47 
0 54 200 218 285 
0 55 235 
0 56 267 33 71 35 79 
0 57 2 292 293 134 72 111 152 89 155 188 
0 58 225 133 178 143 210 281 219 
0 59 226 135 76 109 295 
0 60 105 290 
0 61 105 178 141 62 191 
0 62 241 119 
0 64 187 135 77 199 
0 65 0 217 3 214 
0 66 298 
0 67 161 158 182 253 
0 68 233 147 78 
0 69 40 288 18 137 
0 70 136 241 194 117 206 
0 71 96 144 285 281 
0 72 18 219 149 
0 73 202 164 221 222 
0 74 161 69 198 37 
0 75 123 260 183 
0 76 112 194 171 4 
0 77 16 241 26 110 206 
0 78 169 218 
0 79 104 276 270 166 
0 80 233 206 50 179 110 22 185 60 
0 81 56 84 114 276 231 
0 82 176 129 44 294 
0 83 294 14 23 250 90 190 
0 84 44 
0 85 15 
0 86 137 237 190 
0 87 290 258 176 19 52 150 125 
0 88 130 291 274 
0 89 177 236 5 
0 90 97 35 150 167 182 25 
0 91 24 33 76 261 268 
0 92 227 
0 93 297 235 61 23 
0 94 75 6 231 267 210 115 
0 95 225 295 188 201 
0 96 27 9 275 173 64 
0 97 
0 98 233 
0 99 89 170 180 159 
0 102 115 117 38 295 
0 103 288 2 259 274 
0 104 26 66 38 
0 105 145 117 23 
0 106 104 265 260 
0 107 235 109 190 
0 109 297 21 263 
0 110 57 158 62 119 
0 111 137 267 294 174 61 
0 112 234 54 
0 113 288 179 4 167 
0 114 288 156 69 159 
0 115 299 2 75 268 
0 116 12 117 
0 117 
0 118 139 270 15 84 183 111 30 
0 119 136 3 116 5 
0 120 248 153 
0 121 240 57 
0 122 192 69 77 50 180 218 
0 123 94 
0 125 274 133 
0 126 168 69 
0 127 128 210 29 
0 128 192 2 39 9 106 267 279 159 
0 129 220 286 239 
0 130 138 111 
0 131 148 6 
0 132 16 50 99 
0 133 218 82 207 
0 134 19 173 
0 135 96 129 130 4 11 57 
0 136 21 
0 137 43 
0 138 32 35 20 157 166 
0 139 168 0 2 102 
0 141 75 36 133 
0 142 111 278 231 
0 143 56 236 
0 144 25 201 196 182 281 
0 145 114 
0 146 24 98 11 70 
0 147 165 102 111 30 282 222 223 
0 148 113 154 78 
0 149 250 77 198 277 
0 150 67 196 
0 151 106 75 31 
0 152 190 141 198 39 
0 153 121 71 177 15 
0 154 113 293 69 190 53 
0 155 280 65 148 
0 156 202 166 103 
0 157 8 57 123 92 
0 158 224 64 
0 159 244 190 
0 160 99 
0 161 
0 162 25 202 295 204 145 
0 163 16 114 19 141 
0 164 112 21 238 
0 165 97 265 
0 166 163 229 239 217 92 286 
0 167 125 263 
0 168 99 182 295 296 45 219 218 155 
0 169 256 68 
0 170 40 33 253 
0 171 96 176 11 159 
0 172 99 161 251 286 288 
0 173 56 184 157 133 137 
0 174 198 
0 175 120 103 268 223 
0 176 290 214 70 
0 177 152 26 43 255 
0 178 26 83 
0 179 274 
0 180 229 206 190 151 
0 181 192 80 275 20 207 
0 182 251 70 
0 183 185 10 233 
0 184 257 10 293 30 109 
0 185 296 36 213 
0 186 171 169 107 236 144 84 
0 187 152 212 175 
0 188 107 39 166 271 
0 189 51 259 13 47 112 209 115 
0 190 104 
0 191 130 131 71 22 184 254 
0 192 32 107 70 215 
0 193 192 137 58 91 252 
0 194 161 131 212 22 
0 195 278 134 60 10 54 284 29 
0 196 106 260 206 270 
0 197 135 
0 198 228 102 11 272 216 57 222 
0 199 138 267 132 
0 200 138 117 150 
0 201 33 26 173 125 
0 202 283 219 189 
0 203 296 26 147 
0 204 66 59 148 22 
0 206 185 173 295 
0 207 72 224 115 278 
0 208 258 35 197 266 66 147 84 214 218 
0 209 88 83 269 278 
0 210 105 290 125 110 
0 211 256 82 170 
0 212 154 68 
0 213 40 102 69 246 
0 214 209 246 
0 215 259 193 199 38 71 
0 216 71 200 151 172 13 119 251 
0 217 4 180 65 169 
0 218 33 131 12 16 86 188 
0 219 248 169 85 
0 220 224 169 136 251 214 
0 221 58 13 102 
0 222 160 6 134 7 265 248 
0 223 128 299 82 227 143 
0 224 88 136 62 
0 225 30 
0 226 29 204 13 231 
0 227 267 187 222 
0 228 232 285 86 
0 229 64 
0 230 133 263 
0 231 258 133 
0 232 80 65 
0 233 136 243 44 
0 234 169 114 268 213 36 
0 235 155 188 261 
0 236 241 82 
0 237 59 4 45 110 61 
0 238 249 260 127 
0 239 32 260 182 294 151 
0 240 216 10 261 
0 241 273 154 91 
0 242 152 184 131 
0 243 224 257 71 107 76 285 254 
0 244 
0 246 96 267 291 
0 247 128 235 269 16 52 84 91 
0 248 181 138 237 117 159 
0 249 89 299 171 
0 250 232 48 76 38 239 
0 251 98 237 294 173 
0 252 130 117 
0 253 156 
0 254 121 119 
0 255 121 162 279 281 
0 256 165 6 104 269 217 261 
0 257 66 44 293 94 
0 258 176 266 215 95 
0 259 60 30 199 
0 260 192 257 230 296 18 21 25 
0 261 4 
0 263 134 42 204 206 83 278 281 252 
0 264 211 229 
0 265 166 238 
0 266 24 252 22 
0 267 192 37 102 125 
0 268 160 297 75 173 15 114 223 127 
0 269 187 270 
0 270 257 165 103 265 10 118 
0 271 132 250 60 
0 272 204 150 
0 273 216 199 
0 274 16 271 
0 275 137 
0 276 163 
0 277 58 83 44 
0 278 113 121 
0 279 21 
0 280 283 47 
0 281 184 113 219 77 150 
0 282 194 227 167 270 183 
0 283 0 121 123 76 
0 284 197 
0 285 85 
0 286 164 
0 287 68 5 165 65 183 
0 288 69 183 
0 290 225 33 104 18 278 221 
0 291 286 
0 292 24 6 175 
0 293 129 86 
0 294 185 89 
0 295 18 235 76 
0 296 88 265 203 45 145 
0 297 144 236 149 
0 298 40 57 107 
0 299 291 35 
900 0 287 267 95 
900 1 81 
900 2 241 226 35 
900 3 129 66 225 75 172 17 19 
900 4 249 276 
900 5 26 99 172 206 
900 6 32 236 178 78 208 18 
900 7 224 
900 8 
900 9 280 8 
900 10 265 75 142 
900 11 
900 12 232 75 197 239 
900 13 194 102 
900 14 24 70 
900 15 170 267 
900 16 160 288 
900 17 249 255 38 159 
900 18 43 
900 19 81 12 254 111 
900 20 56 
900 21 136 253 
900 22 50 123 
900 23 88 169 43 163 
900 24 16 189 119 
900 25 163 142 17 20 149 250 189 
900 26 64 81 163 286 
900 27 209 114 42 38 285 
900 30 260 77 78 148 117 25 284 
900 31 284 148 180 
900 32 27 186 67 79 
900 33 27 35 
900 34 160 291 259 156 
900 35 12 229 
900 36 113 34 132 1 
900 37 230 235 271 242 115 58 159 
900 38 40 290 244 109 14 
900 39 273 267 
900 40 299 
900 42 181 14 
900 43 25 277 238 246 
900 44 
900 45 98 131 198 15 178 55 155 
900 46 3 246 294 231 269 112 54 
900 47 145 18 146 239 
900 48 291 104 138 79 116 127 
900 50 
900 51 40 204 236 
900 52 214 189 158 
900 53 20 117 47 
900 54 200 218 285 
900 55 235 
900 56 267 33 71 35 79 
900 57 2 292 293 134 72 111 152 89 155 188 
900 58 225 133 178 143 210 281 219 
900 59 226 135 76 109 295 
900 60 105 290 
900 61 105 178 141 62 191 
900 62 241 119 
900 64 135 77 199 
900 66 298 
900 67 158 182 253 
900 68 233 147 78 
900 69 40 288 18 137 
900 70 136 241 194 117 206 
900 71 96 144 285 281 
900 72 18 219 149 
900 74 69 198 37 
900 75 123 260 183 
900 76 112 194 4 
900 77 16 241 26 110 206 
900 78 169 218 
900 79 104 276 270 166 
900 80 233 206 50 179 110 22 185 60 
900 81 56 84 114 276 231 
900 82 176 129 44 294 
900 83 294 14 23 250 90 190 
900 84 44 
900 85 15 
900 86 137 237 190 
900 87 290 258 176 19 52 150 125 
900 88 130 291 274 
900 89 177 236 5 
900 90 97 35 150 167 182 25 
900 91 24 33 76 261 268 
900 92 227 
900 94 75 6 231 267 210 115 
900 95 225 295 188 201 
900 96 27 9 275 173 64 
900 97 
900 98 233 
900 99 89 170 180 159 
900 102 115 117 38 295 
900 103 288 2 259 274 
900 104 26 66 38 
900 105 145 117 23 
900 106 104 265 260 
900 107 235 109 190 
900 109 297 21 263 
900 110 57 158 62 119 
900 111 137 267 294 174 61 
900 112 54 
900 113 288 179 4 167 
900 114 288 156 69 159 
900 115 299 2 75 268 
900 116 12 117 
900 117 
900 118 139 270 15 84 183 111 30 
900 119 136 3 116 5 
900 120 153 
900 121 240 57 
900 122 192 69 77 50 180 218 
900 123 94 
900 125 274 133 
900 126 168 69 
900 127 128 210 
900 128 192 2 39 9 106 267 279 159 
900 129 220 286 239 
900 130 138 111 
900 131 148 6 
900 132 16 50 99 
900 133 218 82 207 
900 134 19 173 
900 135 96 129 130 4 11 57 
900 136 21 
900 137 43 
900 138 32 35 20 157 166 
900 139 168 0 2 102 
900 141 75 36 133 
900 142 111 278 231 
900 143 56 236 
900 144 25 201 196 182 281 
900 145 114 
900 146 24 98 11 70 
900 147 165 102 111 282 30 223 
900 148 113 154 78 
900 149 250 77 198 277 
900 150 67 196 
900 151 106 75 31 
900 152 190 141 198 39 
900 153 121 71 177 15 
900 154 113 293 69 190 53 
900 155 280 148 
900 156 202 166 103 
900 157 8 57 123 92 
900 158 224 64 
900 159 244 190 
900 160 99 
900 162 25 202 295 204 145 
900 163 16 114 19 141 
900 164 112 21 238 
900 165 97 265 
900 166 163 229 239 217 92 286 
900 167 125 263 
900 168 99 182 295 45 219 218 155 
900 169 256 68 
900 170 40 33 253 
900 172 99 288 251 286 
900 173 56 184 157 133 137 
900 174 198 
900 175 120 103 268 223 
900 176 290 214 70 
900 177 152 26 43 255 
900 178 26 83 
900 179 274 
900 180 229 206 190 151 
900 181 192 80 275 20 207 
900 182 251 70 
900 183 185 10 233 
900 184 257 10 293 30 109 
900 185 36 213 
900 186 144 169 107 236 84 
900 188 107 39 166 271 
900 189 51 259 13 47 112 209 115 
900 190 104 
900 191 130 131 71 22 184 254 
900 192 32 107 70 215 
900 193 192 137 58 91 252 
900 194 131 22 
900 195 278 134 60 10 54 284 
900 196 106 260 206 270 
900 197 135 
900 198 228 102 11 272 216 57 
900 199 138 267 132 
900 200 138 117 150 
900 201 33 26 173 125 
900 202 283 219 189 
900 203 26 147 
900 204 66 59 148 22 
900 206 185 173 295 
900 207 72 224 115 278 
900 208 258 35 197 266 66 147 84 214 218 
900 209 88 83 269 278 
900 210 105 290 125 110 
900 211 256 82 170 
900 213 40 102 69 246 
900 214 209 246 
900 215 259 193 199 38 71 
900 216 71 200 151 172 13 119 251 
900 217 4 180 169 
900 218 33 131 12 16 86 188 
900 219 169 85 
900 220 224 169 136 251 214 
900 221 58 13 102 
900 223 128 299 82 227 143 
900 224 88 136 62 
900 225 30 
900 226 204 13 231 
900 227 267 
900 228 232 285 86 
900 229 64 
900 230 133 263 
900 231 258 133 
900 232 80 
900 233 136 243 44 
900 235 155 188 261 
900 236 241 82 
900 237 59 4 45 110 61 
900 238 249 260 127 
900 239 32 260 182 294 151 
900 240 216 10 261 
900 241 273 154 91 
900 242 152 184 131 
900 243 224 257 71 107 76 285 254 
900 244 
900 246 96 267 291 
900 247 128 235 269 16 52 84 91 
900 249 89 299 
900 250 232 48 76 38 239 
900 251 98 237 294 173 
900 252 130 117 
900 253 156 
900 254 121 119 
900 255 121 162 279 281 
900 256 165 6 104 269 217 261 
900 257 66 44 293 94 
900 258 176 266 215 95 
900 259 60 30 199 
900 260 192 257 230 18 21 25 
900 261 4 
900 263 134 42 204 206 83 278 281 252 
900 265 166 238 
900 266 24 252 22 
900 267 192 37 102 125 
900 268 160 297 75 173 15 114 223 127 
900 269 270 
900 270 257 165 103 265 10 118 
900 271 132 250 60 
900 272 204 150 
900 273 216 199 
900 274 16 271 
900 275 137 
900 276 163 
900 277 58 83 44 
900 278 113 121 
900 279 21 
900 280 283 47 
900 281 184 113 219 77 150 
900 282 194 227 167 270 183 
900 283 0 121 123 76 
900 284 197 
900 285 85 
900 286 164 
900 287 68 5 165 183 
900 288 69 183 
900 290 225 33 104 18 278 221 
900 291 286 
900 292 24 6 175 
900 293 129 86 
900 294 185 89 
900 295 18 235 76 
900 297 144 236 149 
900 298 40 57 107 
900 299 291 35 
1800 0 287 267 95 
1800 1 81 
1800 2 241 226 35 
1800 3 129 66 225 75 172 17 19 
1800 4 249 276 
1800 5 26 99 172 206 
1800 6 32 236 178 78 208 18 
1800 7 224 
1800 8 
1800 9 280 8 
1800 10 265 75 142 
1800 11 
1800 12 232 75 197 239 
1800 13 194 102 
1800 14 24 70 
1800 15 170 267 
1800 16 160 288 
1800 17 249 255 38 159 
1800 18 43 
1800 19 81 12 254 
1800 20 56 
1800 21 136 253 
1800 22 123 
1800 23 88 169 43 163 
1800 24 16 189 119 
1800 25 163 142 17 20 149 250 189 
1800 26 64 81 163 286 
1800 27 209 114 42 38 285 
1800 30 260 78 148 117 25 284 
1800 32 27 186 67 79 
1800 33 27 35 
1800 35 12 229 
1800 36 113 132 1 
1800 37 230 235 271 242 115 58 159 
1800 38 40 290 109 14 
1800 39 273 267 
1800 40 299 
1800 42 181 14 
1800 43 25 277 238 246 
1800 45 98 131 198 15 178 55 155 
1800 46 3 246 294 231 269 112 54 
1800 47 145 18 146 239 
1800 48 291 104 138 79 116 127 
1800 51 40 204 236 
1800 52 214 189 158 
1800 53 20 117 47 
1800 54 200 218 285 
1800 55 235 
1800 56 267 33 71 35 79 
1800 57 2 292 293 134 72 89 155 188 
1800 58 225 133 178 143 210 219 
1800 59 226 135 76 109 295 
1800 60 105 290 
1800 61 105 178 141 62 
1800 62 241 119 
1800 64 135 199 
1800 66 298 
1800 67 158 182 253 
1800 68 233 147 78 
1800 69 40 288 18 137 
1800 70 136 241 194 117 206 
1800 71 96 144 285 
1800 72 18 219 149 
1800 74 69 198 37 
1800 75 123 260 
1800 76 112 194 4 
1800 78 169 218 
1800 79 104 276 270 166 
1800 80 233 206 179 110 22 185 60 
1800 81 56 84 114 276 231 
1800 83 294 14 23 250 90 190 
1800 84 
1800 85 15 
1800 86 137 237 190 
1800 87 290 258 176 19 52 150 125 
1800 88 130 291 274 
1800 89 236 5 
1800 90 97 35 150 167 182 25 
1800 91 24 33 76 261 268 
1800 92 227 
1800 94 75 6 231 267 210 115 
1800 95 225 295 188 201 
1800 96 27 9 275 173 64 
1800 97 
1800 98 233 
1800 99 89 170 180 159 
1800 102 115 117 38 295 
1800 103 288 2 259 274 
1800 104 26 66 38 
1800 105 145 117 23 
1800 106 104 265 260 
1800 107 235 109 190 
1800 109 297 21 263 
1800 110 57 158 62 119 
1800 112 54 
1800 113 288 179 4 167 
1800 114 288 156 69 159 
1800 115 299 2 75 268 
1800 116 12 117 
1800 117 
1800 118 139 84 270 30 15 
1800 119 136 3 116 5 
1800 120 153 
1800 121 240 57 
1800 122 192 218 180 69 
1800 123 94 
1800 125 274 133 
1800 126 168 69 
1800 127 128 210 
1800 128 192 2 39 9 106 267 279 159 
1800 129 220 286 239 
1800 130 138 
1800 131 148 6 
1800 132 16 99 
1800 133 218 207 
1800 134 19 173 
1800 135 96 129 130 4 11 57 
1800 136 21 
1800 137 43 
1800 138 32 35 20 157 166 
1800 139 168 0 2 102 
1800 141 75 36 133 
1800 142 278 231 
1800 143 56 236 
1800 144 25 196 182 201 
1800 145 114 
1800 146 24 98 11 70 
1800 147 282 30 165 102 223 
1800 148 113 154 78 
1800 149 250 277 198 
1800 150 67 196 
1800 151 106 75 
1800 153 121 71 15 
1800 154 113 293 69 190 53 
1800 155 280 148 
1800 156 202 166 103 
1800 157 8 57 123 92 
1800 158 224 64 
1800 159 190 
1800 160 99 
1800 162 25 202 295 204 145 
1800 163 16 114 19 141 
1800 164 112 21 238 
1800 165 97 265 
1800 166 163 229 239 217 92 286 
1800 167 125 263 
1800 168 99 182 295 45 219 218 155 
1800 169 256 68 
1800 170 40 33 253 
1800 172 99 288 251 286 
1800 173 56 184 157 133 137 
1800 174 198 
1800 175 120 103 268 223 
1800 176 290 214 70 
1800 178 26 83 
1800 179 274 
1800 180 229 206 190 151 
1800 181 192 80 275 20 207 
1800 182 251 70 
1800 184 257 10 293 30 109 
1800 185 36 213 
1800 186 144 169 107 236 84 
1800 188 107 39 166 271 
1800 189 51 259 13 47 112 209 115 
1800 190 104 
1800 192 32 107 70 215 
1800 193 192 137 58 91 252 
1800 194 131 22 
1800 195 278 134 60 10 54 284 
1800 196 106 260 206 270 
1800 197 135 
1800 198 228 102 11 272 216 57 
1800 199 138 267 132 
1800 200 138 117 150 
1800 201 33 26 173 125 
1800 202 283 219 189 
1800 203 26 147 
1800 204 66 59 148 22 
1800 206 185 173 295 
1800 207 72 224 115 278 
1800 208 258 35 197 266 66 147 84 214 218 
1800 209 88 83 269 278 
1800 210 105 290 125 110 
1800 211 256 170 
1800 213 40 102 69 246 
1800 214 209 246 
1800 215 259 193 199 38 71 
1800 216 71 200 151 172 13 119 251 
1800 217 4 180 169 
1800 218 33 131 12 16 86 188 
1800 219 169 85 
1800 220 224 169 136 251 214 
1800 221 58 13 102 
1800 223 128 299 227 143 
1800 224 88 136 62 
1800 225 30 
1800 226 204 13 231 
1800 227 267 
1800 228 232 285 86 
1800 229 64 
1800 230 133 263 
1800 231 258 133 
1800 232 80 
1800 233 136 243 
1800 235 155 188 261 
1800 236 241 
1800 237 59 4 45 110 61 
1800 238 249 260 127 
1800 239 32 260 182 294 151 
1800 240 216 10 261 
1800 241 273 154 91 
1800 242 184 131 
1800 243 224 257 71 107 76 285 254 
1800 246 96 267 291 
1800 247 128 235 269 16 52 84 91 
1800 249 89 299 
1800 250 232 48 76 38 239 
1800 251 98 237 294 173 
1800 252 130 117 
1800 253 156 
1800 254 121 119 
1800 255 121 162 279 
1800 256 165 6 104 269 217 261 
1800 257 66 293 94 
1800 258 176 266 215 95 
1800 259 60 30 199 
1800 260 192 257 230 18 21 25 
1800 261 4 
1800 263 134 42 204 206 83 278 252 
1800 265 166 238 
1800 266 24 252 22 
1800 267 192 37 102 125 
1800 268 160 297 75 173 15 114 223 127 
1800 269 270 
1800 270 257 165 103 265 10 118 
1800 271 132 250 60 
1800 272 204 150 
1800 273 216 199 
1800 274 16 271 
1800 275 137 
1800 276 163 
1800 277 58 83 
1800 278 113 121 
1800 279 21 
1800 280 283 47 
1800 282 194 227 270 167 
1800 283 0 121 123 76 
1800 284 197 
1800 285 85 
1800 286 164 
1800 287 68 165 5 
1800 288 69 
1800 290 225 33 104 18 278 221 
1800 291 286 
1800 292 24 6 175 
1800 293 129 86 
1800 294 185 89 
1800 295 18 235 76 
1800 297 144 236 149 
1800 298 40 57 107 
1800 299 291 35 
2700 0 287 267 95 
2700 1 81 
2700 2 241 226 35 
2700 3 129 66 225 75 172 17 19 
2700 4 249 276 
2700 5 26 99 172 206 
2700 6 32 236 178 78 208 18 
2700 7 224 
2700 8 
2700 9 280 8 
2700 10 265 75 142 
2700 11 
2700 12 232 75 197 239 
2700 13 194 
2700 14 24 70 
2700 15 170 267 
2700 16 160 288 
2700 17 249 255 38 159 
2700 18 43 
2700 19 81 12 254 
2700 20 56 
2700 21 136 253 
2700 22 123 
2700 23 88 169 43 163 
2700 24 16 189 119 
2700 25 163 142 17 20 149 250 189 
2700 26 64 81 163 286 
2700 27 209 114 42 38 285 
2700 30 260 78 148 117 25 284 
2700 32 27 186 67 79 
2700 33 27 35 
2700 35 12 229 
2700 36 113 132 1 
2700 37 230 235 242 115 58 159 
2700 38 40 290 109 14 
2700 39 273 267 
2700 40 299 
2700 42 181 14 
2700 43 25 277 238 246 
2700 45 98 131 198 15 178 55 155 
2700 46 3 246 294 231 269 112 54 
2700 47 145 18 146 239 
2700 48 104 79 291 116 127 
2700 51 40 204 236 
2700 52 214 189 158 
2700 53 20 117 47 
2700 54 200 218 285 
2700 55 235 
2700 56 267 33 71 35 79 
2700 57 2 292 293 134 72 89 155 188 
2700 58 133 225 210 178 143 
2700 59 226 135 76 109 295 
2700 60 105 290 
2700 61 105 178 62 
2700 62 241 119 
2700 64 135 199 
2700 66 298 
2700 67 158 182 253 
2700 68 233 78 
2700 69 40 288 18 137 
2700 70 136 241 194 117 206 
2700 71 96 144 285 
2700 72 18 149 
2700 74 69 198 37 
2700 75 123 260 
2700 76 112 194 4 
2700 78 169 218 
2700 79 104 276 270 166 
2700 80 233 206 179 110 22 185 60 
2700 81 56 84 114 276 231 
2700 84 
2700 85 15 
2700 86 137 237 190 
2700 87 290 258 19 52 150 125 
2700 88 130 291 274 
2700 89 236 5 
2700 90 25 35 150 182 97 
2700 91 24 33 76 261 268 
2700 92 227 
2700 95 225 295 188 201 
2700 96 27 9 275 173 64 
2700 97 
2700 98 233 
2700 99 89 170 180 159 
2700 103 288 2 259 274 
2700 104 26 66 38 
2700 105 145 117 23 
2700 106 104 265 260 
2700 107 235 109 190 
2700 109 297 21 263 
2700 110 57 158 62 119 
2700 112 54 
2700 113 288 179 4 
2700 114 288 156 69 159 
2700 115 299 2 75 268 
2700 116 12 117 
2700 117 
2700 118 139 84 270 30 15 
2700 119 136 3 116 5 
2700 120 153 
2700 121 240 57 
2700 122 192 218 180 69 
2700 123 
2700 125 274 133 
2700 126 168 69 
2700 127 128 210 
2700 128 192 2 39 9 106 267 279 159 
2700 129 220 286 239 
2700 130 
2700 131 148 6 
2700 132 16 99 
2700 133 218 
2700 134 19 173 
2700 135 96 129 130 4 11 57 
2700 136 21 
2700 137 43 
2700 139 168 0 2 
2700 142 278 231 
2700 143 56 236 
2700 144 25 196 182 201 
2700 145 114 
2700 146 24 98 11 70 
2700 148 113 78 
2700 149 250 277 198 
2700 150 67 196 
2700 151 106 75 
2700 153 121 71 15 
2700 155 280 148 
2700 156 202 166 103 
2700 157 8 57 123 92 
2700 158 224 64 
2700 159 190 
2700 160 99 
2700 163 16 114 19 
2700 164 112 21 238 
2700 165 97 265 
2700 166 163 229 239 217 92 286 
2700 168 99 295 45 182 218 155 
2700 169 256 68 
2700 170 40 33 253 
2700 172 99 288 251 286 
2700 173 56 184 157 133 137 
2700 174 198 
2700 175 120 103 268 223 
2700 178 26 
2700 179 274 
2700 180 229 206 190 151 
2700 181 192 80 275 20 
2700 182 251 70 
2700 184 257 10 293 30 109 
2700 185 36 213 
2700 186 144 169 107 236 84 
2700 188 107 166 39 
2700 189 51 259 13 47 112 209 115 
2700 190 104 
2700 192 32 107 70 215 
2700 193 192 137 58 91 252 
2700 194 131 22 
2700 195 278 134 60 10 54 284 
2700 196 106 260 206 270 
2700 197 135 
2700 198 272 216 11 228 57 
2700 199 267 132 
2700 200 117 150 
2700 201 33 26 173 125 
2700 202 283 189 
2700 203 26 
2700 204 66 59 148 22 
2700 206 185 173 295 
2700 208 258 35 197 266 66 84 214 218 
2700 209 88 269 278 
2700 210 105 290 125 110 
2700 211 256 170 
2700 213 40 69 246 
2700 214 209 246 
2700 215 259 193 199 38 71 
2700 216 71 200 151 172 13 119 251 
2700 217 4 180 169 
2700 218 33 131 12 16 86 188 
2700 220 224 169 136 251 214 
2700 221 58 13 
2700 223 128 299 227 143 
2700 224 88 136 62 
2700 225 30 
2700 226 204 13 231 
2700 227 267 
2700 228 232 285 86 
2700 229 64 
2700 230 133 263 
2700 231 258 133 
2700 232 80 
2700 233 136 243 
2700 235 155 188 261 
2700 236 241 
2700 237 59 4 45 110 61 
2700 238 249 260 127 
2700 239 32 260 182 294 151 
2700 240 216 10 261 
2700 241 273 91 
2700 242 184 131 
2700 243 224 257 71 107 76 285 254 
2700 246 96 267 291 
2700 247 128 235 269 16 52 84 91 
2700 249 89 299 
2700 250 232 48 76 38 239 
2700 251 98 237 294 173 
2700 252 130 117 
2700 253 156 
2700 254 121 119 
2700 255 121 279 
2700 256 165 6 104 269 217 261 
2700 257 66 293 
2700 258 266 215 95 
2700 259 60 30 199 
2700 260 192 257 230 18 21 25 
2700 261 4 
2700 263 134 42 204 206 278 252 
2700 265 166 238 
2700 266 24 252 22 
2700 267 192 37 125 
2700 268 160 297 75 173 15 114 223 127 
2700 269 270 
2700 270 257 165 103 265 10 118 
2700 272 204 150 
2700 273 216 199 
2700 274 16 
2700 275 137 
2700 276 163 
2700 277 58 
2700 278 113 121 
2700 279 21 
2700 280 283 47 
2700 282 194 227 270 
2700 283 0 121 123 76 
2700 284 197 
2700 285 85 
2700 286 164 
2700 287 68 165 5 
2700 288 69 
2700 290 225 33 104 18 278 221 
2700 291 286 
2700 292 24 6 175 
2700 293 129 86 
2700 294 185 89 
2700 295 18 235 76 
2700 297 144 236 149 
2700 298 40 57 107 
2700 299 291 35 
3600 0 287 267 95 
3600 1 81 
3600 2 241 226 35 
3600 3 129 66 225 75 172 17 19 
3600 4 249 276 
3600 5 26 99 172 206 
3600 6 32 236 178 78 208 18 
3600 7 224 
3600 8 
3600 9 280 8 
3600 10 265 75 
3600 11 
3600 12 232 75 197 239 
3600 13 194 
3600 14 24 
3600 15 170 267 
3600 16 160 288 
3600 17 249 255 38 159 
3600 18 43 
3600 19 81 12 254 
3600 20 56 
3600 21 136 253 
3600 22 123 
3600 23 88 169 43 163 
3600 24 16 189 119 
3600 25 17 250 163 20 189 
3600 26 64 81 163 286 
3600 27 209 114 42 38 285 
3600 30 25 260 117 78 284 
3600 32 27 186 67 79 
3600 33 27 35 
3600 35 12 229 
3600 36 113 132 1 
3600 37 242 115 235 58 159 
3600 38 40 290 109 14 
3600 39 273 267 
3600 40 299 
3600 42 181 14 
3600 43 25 277 238 246 
3600 45 15 178 155 198 55 
3600 46 3 246 294 231 269 112 54 
3600 47 145 18 146 239 
3600 48 104 79 291 116 127 
3600 51 40 204 236 
3600 52 214 189 158 
3600 53 20 117 47 
3600 54 200 218 285 
3600 55 235 
3600 56 267 33 71 35 79 
3600 57 2 292 293 134 72 89 155 188 
3600 58 133 225 210 178 143 
3600 59 226 135 76 109 295 
3600 60 105 290 
3600 62 241 119 
3600 64 135 199 
3600 66 298 
3600 67 158 182 253 
3600 68 233 78 
3600 69 40 288 18 137 
3600 71 96 144 285 
3600 72 18 
3600 74 69 198 37 
3600 75 123 260 
3600 76 112 194 4 
3600 78 169 218 
3600 79 104 276 270 166 
3600 80 233 206 179 110 22 185 60 
3600 81 56 84 114 276 231 
3600 84 
3600 85 15 
3600 86 137 237 190 
3600 87 290 258 19 52 150 125 
3600 88 130 291 274 
3600 89 236 5 
3600 90 25 35 150 182 97 
3600 91 24 33 76 261 268 
3600 92 227 
3600 95 225 295 188 201 
3600 96 64 9 27 173 
3600 97 
3600 99 89 170 180 159 
3600 103 288 2 259 274 
3600 104 26 66 38 
3600 105 145 117 23 
3600 106 104 265 260 
3600 107 235 109 190 
3600 109 297 21 263 
3600 110 57 158 62 119 
3600 112 54 
3600 113 288 179 4 
3600 114 288 156 69 159 
3600 115 299 2 75 268 
3600 116 12 117 
3600 117 
3600 118 139 84 270 30 15 
3600 119 136 3 116 5 
3600 120 153 
3600 121 240 57 
3600 122 192 218 180 69 
3600 123 
3600 125 274 133 
3600 126 168 69 
3600 127 128 210 
3600 128 192 2 39 9 106 267 279 159 
3600 129 220 286 239 
3600 130 
3600 132 16 99 
3600 133 218 
3600 134 19 173 
3600 135 96 129 130 4 11 57 
3600 136 21 
3600 137 43 
3600 139 168 0 2 
3600 143 56 236 
3600 144 25 196 182 201 
3600 145 114 
3600 146 24 11 
3600 150 67 196 
3600 151 106 75 
3600 153 121 71 15 
3600 155 280 
3600 156 202 166 103 
3600 157 8 57 123 92 
3600 158 224 64 
3600 159 190 
3600 160 99 
3600 163 16 114 19 
3600 164 112 21 238 
3600 165 97 265 
3600 166 163 229 239 217 92 286 
3600 168 99 295 45 182 218 155 
3600 169 68 
3600 170 40 33 253 
3600 172 288 99 286 
3600 173 56 184 157 133 137 
3600 174 198 
3600 175 120 103 268 223 
3600 178 26 
3600 179 274 
3600 180 229 206 190 151 
3600 181 192 80 20 
3600 182 
3600 184 257 10 293 30 109 
3600 185 36 213 
3600 186 144 169 107 236 84 
3600 188 107 166 39 
3600 189 51 259 13 47 112 209 115 
3600 190 104 
3600 192 32 107 215 
3600 193 192 137 58 91 252 
3600 194 22 
3600 195 278 134 60 10 54 284 
3600 196 106 260 206 270 
3600 197 135 
3600 198 272 57 11 228 
3600 199 267 132 
3600 200 117 150 
3600 201 33 26 173 125 
3600 202 283 189 
3600 204 66 59 22 
3600 206 185 173 295 
3600 208 258 35 197 266 66 84 214 218 
3600 209 88 269 278 
3600 210 105 290 125 110 
3600 211 170 
3600 213 40 69 246 
3600 214 209 246 
3600 215 259 193 199 38 71 
3600 217 4 180 169 
3600 218 16 33 188 12 86 
3600 220 136 169 224 214 
3600 221 58 13 
3600 223 128 299 227 143 
3600 224 88 136 62 
3600 225 30 
3600 226 204 13 231 
3600 227 267 
3600 228 232 285 86 
3600 229 64 
3600 231 258 133 
3600 232 80 
3600 233 136 243 
3600 235 155 188 261 
3600 236 241 
3600 237 59 4 45 110 
3600 238 249 260 127 
3600 239 32 260 182 294 151 
3600 240 10 261 
3600 241 273 91 
3600 242 184 
3600 243 224 257 71 107 76 285 254 
3600 246 96 267 291 
3600 247 128 235 269 16 52 84 91 
3600 249 89 299 
3600 250 232 48 76 38 239 
3600 252 130 117 
3600 253 156 
3600 254 121 119 
3600 255 121 279 
3600 257 66 293 
3600 258 266 215 95 
3600 259 60 30 199 
3600 260 192 257 18 21 25 
3600 261 4 
3600 263 134 42 204 206 278 252 
3600 265 166 238 
3600 266 24 252 22 
3600 267 192 37 125 
3600 268 160 297 75 173 15 114 223 127 
3600 269 270 
3600 270 257 165 103 265 10 118 
3600 272 204 150 
3600 273 199 
3600 274 16 
3600 276 163 
3600 277 58 
3600 278 113 121 
3600 279 21 
3600 280 283 47 
3600 282 194 227 270 
3600 283 0 121 123 76 
3600 284 197 
3600 285 85 
3600 286 164 
3600 287 68 165 5 
3600 288 69 
3600 290 225 33 104 18 278 221 
3600 291 286 
3600 292 24 6 175 
3600 293 129 86 
3600 294 185 89 
3600 295 18 235 76 
3600 297 144 236 
3600 298 40 57 107 
3600 299 291 35 
4500 0 287 267 95 
4500 1 81 
4500 2 241 226 35 
4500 3 129 66 225 75 172 17 19 
4500 4 249 276 
4500 5 99 172 206 
4500 6 32 236 178 78 208 18 
4500 7 224 
4500 8 
4500 9 280 8 
4500 10 265 75 
4500 11 
4500 12 232 75 197 
4500 13 194 
4500 14 24 
4500 15 170 267 
4500 16 160 288 
4500 17 249 38 159 
4500 18 43 
4500 19 81 12 254 
4500 20 56 
4500 21 136 253 
4500 22 123 
4500 23 88 169 43 163 
4500 24 16 189 119 
4500 25 17 250 163 20 189 
4500 27 209 114 42 38 285 
4500 30 25 260 117 78 284 
4500 32 27 186 67 79 
4500 33 27 35 
4500 35 12 
4500 36 1 132 
4500 37 242 115 235 58 159 
4500 38 40 290 109 14 
4500 39 273 267 
4500 40 299 
4500 42 181 14 
4500 43 25 277 238 246 
4500 45 15 178 155 198 55 
4500 46 3 246 231 269 112 54 
4500 47 145 18 146 
4500 48 104 79 291 116 127 
4500 51 40 204 236 
4500 52 214 189 158 
4500 53 20 117 47 
4500 54 200 218 285 
4500 55 235 
4500 56 267 33 71 35 79 
4500 57 2 292 293 134 72 89 155 188 
4500 58 133 225 210 178 143 
4500 59 226 135 76 109 295 
4500 60 290 
4500 62 241 119 
4500 64 135 199 
4500 66 298 
4500 67 158 182 253 
4500 68 233 78 
4500 69 40 288 18 137 
4500 71 96 144 285 
4500 72 18 
4500 74 69 198 37 
4500 75 123 260 
4500 76 112 194 4 
4500 78 169 218 
4500 79 104 276 270 166 
4500 80 233 206 179 110 22 185 60 
4500 81 56 84 114 276 231 
4500 84 
4500 85 15 
4500 86 137 237 190 
4500 87 258 290 19 52 125 
4500 88 130 291 274 
4500 89 236 5 
4500 90 25 35 182 97 
4500 91 24 33 76 261 268 
4500 92 
4500 95 225 295 188 201 
4500 96 64 9 27 173 
4500 97 
4500 99 89 170 180 159 
4500 103 288 2 259 274 
4500 104 66 38 
4500 106 104 265 260 
4500 109 21 263 
4500 110 57 158 62 119 
4500 112 54 
4500 114 288 156 69 159 
4500 115 299 2 75 268 
4500 116 12 117 
4500 117 
4500 118 84 30 270 15 
4500 119 136 3 116 5 
4500 120 153 
4500 121 240 57 
4500 122 192 218 180 69 
4500 123 
4500 125 274 133 
4500 126 168 69 
4500 127 128 210 
4500 128 192 2 39 9 106 267 279 159 
4500 129 220 286 
4500 130 
4500 132 16 99 
4500 133 218 
4500 134 19 173 
4500 135 96 129 130 4 11 57 
4500 136 21 
4500 137 43 
4500 143 56 236 
4500 144 25 196 182 201 
4500 145 114 
4500 146 24 11 
4500 151 106 75 
4500 153 121 71 15 
4500 155 280 
4500 156 202 166 103 
4500 157 8 57 123 92 
4500 158 224 64 
4500 159 190 
4500 160 99 
4500 163 16 114 19 
4500 164 112 21 238 
4500 165 97 265 
4500 166 217 163 92 286 
4500 168 99 295 45 182 218 155 
4500 169 68 
4500 170 40 33 253 
4500 172 288 99 286 
4500 173 56 184 157 133 137 
4500 174 198 
4500 175 120 103 268 223 
4500 178 
4500 179 274 
4500 180 206 190 151 
4500 181 192 80 20 
4500 182 
4500 184 257 10 293 30 109 
4500 185 36 213 
4500 186 144 169 236 84 
4500 188 166 39 
4500 189 51 259 13 47 112 209 115 
4500 190 104 
4500 192 32 215 
4500 193 192 137 58 91 252 
4500 194 22 
4500 195 278 134 60 10 54 284 
4500 196 106 260 206 270 
4500 197 135 
4500 198 272 57 11 228 
4500 199 267 132 
4500 200 117 
4500 201 33 173 125 
4500 202 283 189 
4500 204 66 59 22 
4500 206 185 173 295 
4500 208 258 35 197 266 66 84 214 218 
4500 209 88 269 278 
4500 210 290 125 110 
4500 211 170 
4500 213 40 69 246 
4500 214 209 246 
4500 215 259 193 199 38 71 
4500 217 4 180 169 
4500 218 16 33 188 12 86 
4500 220 136 169 224 214 
4500 221 58 13 
4500 223 128 299 143 
4500 224 88 136 62 
4500 225 30 
4500 226 204 13 231 
4500 228 232 285 86 
4500 231 258 133 
4500 232 80 
4500 233 136 243 
4500 235 155 188 261 
4500 236 241 
4500 237 59 4 45 110 
4500 238 249 260 127 
4500 240 10 261 
4500 241 273 91 
4500 242 184 
4500 243 224 257 71 76 285 254 
4500 246 96 267 291 
4500 247 128 235 269 16 52 84 91 
4500 249 89 299 
4500 250 232 48 76 38 
4500 252 130 117 
4500 253 156 
4500 254 121 119 
4500 257 66 293 
4500 258 266 215 95 
4500 259 60 30 199 
4500 260 192 257 18 21 25 
4500 261 4 
4500 263 134 42 204 206 278 252 
4500 265 166 238 
4500 266 24 252 22 
4500 267 192 37 125 
4500 268 160 75 173 15 114 223 127 
4500 269 270 
4500 270 257 165 103 265 10 118 
4500 272 204 
4500 273 199 
4500 274 16 
4500 276 163 
4500 277 58 
4500 278 121 
4500 279 21 
4500 280 283 47 
4500 283 0 121 123 76 
4500 284 197 
4500 285 85 
4500 286 164 
4500 287 68 165 5 
4500 288 69 
4500 290 225 33 104 18 278 221 
4500 291 286 
4500 292 24 6 175 
4500 293 129 86 
4500 295 18 235 76 
4500 298 40 57 
4500 299 291 35 
5400 0 287 95 
5400 1 81 
5400 2 241 226 
5400 3 129 66 225 75 172 17 19 
5400 4 249 276 
5400 5 99 172 206 
5400 6 32 236 178 78 208 18 
5400 7 224 
5400 8 
5400 9 280 8 
5400 10 265 75 
5400 11 
5400 12 232 75 197 
5400 13 194 
5400 14 24 
5400 15 170 
5400 16 160 288 
5400 17 249 38 159 
5400 18 43 
5400 19 81 12 254 
5400 20 56 
5400 21 136 253 
5400 22 123 
5400 23 88 169 43 163 
5400 24 16 189 119 
5400 25 17 250 163 20 189 
5400 27 209 114 42 38 285 
5400 30 25 260 117 78 284 
5400 32 27 67 79 
5400 33 27 
5400 36 1 132 
5400 37 242 115 235 58 159 
5400 38 40 290 109 14 
5400 39 273 
5400 40 
5400 42 181 14 
5400 43 25 277 238 246 
5400 45 15 178 155 198 55 
5400 46 3 246 231 269 112 54 
5400 48 104 79 291 116 127 
5400 51 40 236 
5400 52 214 189 158 
5400 53 20 117 
5400 54 200 218 285 
5400 55 235 
5400 56 33 79 
5400 57 2 292 293 134 72 89 155 188 
5400 58 133 225 210 178 143 
5400 59 226 135 76 109 295 
5400 60 290 
5400 62 241 119 
5400 64 135 199 
5400 66 298 
5400 67 158 182 253 
5400 68 78 
5400 72 18 
5400 74 37 198 
5400 75 123 260 
5400 76 112 194 4 
5400 78 169 218 
5400 79 104 276 270 166 
5400 80 206 179 110 22 185 60 
5400 81 56 84 114 276 231 
5400 84 
5400 85 15 
5400 86 137 237 190 
5400 87 258 290 19 52 125 
5400 88 130 291 274 
5400 89 236 5 
5400 90 25 182 97 
5400 91 24 33 76 261 268 
5400 92 
5400 95 225 295 188 201 
5400 96 64 9 27 173 
5400 97 
5400 99 89 170 180 159 
5400 103 288 2 259 274 
5400 104 66 38 
5400 106 104 265 260 
5400 109 21 263 
5400 110 57 158 62 119 
5400 112 54 
5400 114 288 156 159 
5400 115 2 75 268 
5400 116 12 117 
5400 117 
5400 118 84 30 270 15 
5400 119 136 3 116 5 
5400 120 153 
5400 121 240 57 
5400 122 218 180 
5400 123 
5400 125 274 133 
5400 126 168 
5400 127 128 210 
5400 128 2 39 9 106 279 159 
5400 129 220 286 
5400 130 
5400 132 16 99 
5400 133 218 
5400 134 19 173 
5400 135 96 129 130 4 11 57 
5400 136 21 
5400 137 43 
5400 143 56 236 
5400 144 25 196 182 201 
5400 145 114 
5400 146 24 11 
5400 151 106 75 
5400 153 121 15 
5400 155 280 
5400 156 202 166 103 
5400 158 224 64 
5400 159 190 
5400 160 99 
5400 163 16 114 19 
5400 164 112 21 238 
5400 165 97 265 
5400 166 217 163 92 286 
5400 168 99 295 45 182 218 155 
5400 169 68 
5400 170 40 33 253 
5400 172 288 99 286 
5400 173 56 184 133 137 
5400 174 198 
5400 175 120 103 268 223 
5400 178 
5400 179 274 
5400 180 206 190 151 
5400 181 80 20 
5400 182 
5400 184 257 10 293 30 109 
5400 185 36 213 
5400 188 166 39 
5400 189 51 259 13 112 209 115 
5400 190 104 
5400 193 137 58 91 252 
5400 194 22 
5400 195 278 134 60 10 54 284 
5400 196 106 260 206 270 
5400 197 135 
5400 198 272 57 11 228 
5400 199 132 
5400 200 117 
5400 201 33 173 125 
5400 202 283 189 
5400 206 185 173 295 
5400 208 258 197 266 66 84 214 218 
5400 209 88 269 278 
5400 210 290 125 110 
5400 213 40 246 
5400 214 209 246 
5400 215 193 259 38 199 
5400 217 4 180 169 
5400 218 16 33 188 12 86 
5400 220 136 169 224 214 
5400 223 128 143 
5400 224 88 136 62 
5400 225 30 
5400 226 13 231 
5400 228 232 285 86 
5400 231 258 133 
5400 232 80 
5400 235 155 188 261 
5400 236 241 
5400 237 59 4 45 110 
5400 238 249 260 127 
5400 240 10 261 
5400 241 273 91 
5400 242 184 
5400 243 224 257 76 285 254 
5400 246 96 291 
5400 247 128 235 269 16 52 84 91 
5400 249 89 
5400 250 232 48 76 38 
5400 252 130 117 
5400 253 156 
5400 254 121 119 
5400 257 66 293 
5400 258 266 215 95 
5400 259 60 30 199 
5400 260 25 18 21 257 
5400 261 4 
5400 263 206 42 252 278 134 
5400 265 166 238 
5400 266 24 252 22 
5400 268 160 75 173 15 114 223 127 
5400 269 270 
5400 270 257 165 103 265 10 118 
5400 272 
5400 273 199 
5400 274 16 
5400 276 163 
5400 277 58 
5400 278 121 
5400 279 21 
5400 280 283 
5400 283 0 121 123 76 
5400 284 197 
5400 285 85 
5400 286 164 
5400 287 68 165 5 
5400 288 
5400 290 104 225 18 278 33 
5400 291 286 
5400 292 24 6 175 
5400 293 129 86 
5400 295 18 235 76 
5400 298 40 57 
6300 0 287 95 
6300 1 81 
6300 2 241 226 
6300 3 129 66 225 75 172 17 19 
6300 4 249 276 
6300 5 99 172 206 
6300 6 32 236 178 78 208 18 
6300 7 
6300 8 
6300 9 280 8 
6300 10 265 75 
6300 11 
6300 12 232 75 197 
6300 13 194 
6300 14 24 
6300 15 170 
6300 16 160 288 
6300 17 249 38 159 
6300 18 43 
6300 19 81 12 254 
6300 20 56 
6300 21 136 253 
6300 22 123 
6300 23 169 43 163 
6300 24 16 189 119 
6300 25 17 250 163 20 189 
6300 27 209 114 42 38 285 
6300 30 25 284 117 78 
6300 32 27 67 79 
6300 33 27 
6300 36 1 132 
6300 37 242 115 235 58 159 
6300 38 40 290 109 14 
6300 39 273 
6300 40 
6300 42 14 
6300 43 25 277 238 246 
6300 45 178 55 15 
6300 46 3 246 231 269 112 54 
6300 48 104 79 291 116 127 
6300 51 40 236 
6300 52 189 214 
6300 53 20 117 
6300 54 200 218 285 
6300 55 235 
6300 56 33 79 
6300 57 2 292 293 134 72 89 188 
6300 58 133 225 210 178 143 
6300 59 226 135 76 109 295 
6300 60 290 
6300 62 241 119 
6300 64 135 199 
6300 66 298 
6300 67 253 182 
6300 68 78 
6300 72 18 
6300 75 123 
6300 76 112 194 4 
6300 78 169 218 
6300 79 104 276 270 166 
6300 80 206 179 110 22 185 60 
6300 81 56 84 114 276 231 
6300 84 
6300 85 15 
6300 86 137 237 190 
6300 87 258 290 19 52 125 
6300 89 236 5 
6300 91 24 33 76 261 
6300 92 
6300 95 225 295 188 201 
6300 97 
6300 99 89 170 180 159 
6300 103 288 2 259 274 
6300 104 66 38 
6300 106 104 265 
6300 109 21 263 
6300 110 57 62 119 
6300 112 54 
6300 114 288 159 
6300 115 2 75 
6300 116 12 117 
6300 117 
6300 118 84 30 270 15 
6300 119 136 3 116 5 
6300 120 153 
6300 121 57 
6300 122 218 180 
6300 123 
6300 125 274 133 
6300 126 168 
6300 127 128 210 
6300 128 2 39 9 106 279 159 
6300 129 220 286 
6300 130 
6300 132 16 99 
6300 133 218 
6300 134 19 173 
6300 135 129 130 11 4 57 
6300 136 21 
6300 137 43 
6300 143 56 236 
6300 144 25 196 182 201 
6300 145 114 
6300 146 24 11 
6300 151 106 75 
6300 153 121 15 
6300 159 190 
6300 160 99 
6300 163 16 114 19 
6300 164 112 21 238 
6300 165 97 265 
6300 166 217 163 92 286 
6300 168 218 99 45 182 295 
6300 169 68 
6300 170 40 33 253 
6300 172 288 99 286 
6300 173 56 184 133 137 
6300 174 
6300 175 120 103 223 
6300 178 
6300 179 274 
6300 180 206 190 151 
6300 182 
6300 184 257 10 293 30 109 
6300 185 36 213 
6300 188 166 39 
6300 189 51 259 13 112 209 115 
6300 190 104 
6300 193 137 58 91 252 
6300 194 22 
6300 195 278 134 60 10 54 284 
6300 196 106 206 270 
6300 197 135 
6300 199 132 
6300 200 117 
6300 201 33 173 125 
6300 202 283 189 
6300 206 185 173 295 
6300 208 258 197 266 66 84 214 218 
6300 209 269 278 
6300 210 290 125 110 
6300 213 40 246 
6300 214 209 246 
6300 215 193 259 38 199 
6300 217 4 180 169 
6300 218 16 33 188 12 86 
6300 220 136 169 214 
6300 223 128 143 
6300 225 30 
6300 226 13 231 
6300 228 232 285 86 
6300 231 258 133 
6300 232 80 
6300 235 188 261 
6300 236 241 
6300 237 59 4 45 110 
6300 238 249 127 
6300 241 273 91 
6300 242 184 
6300 243 257 76 285 254 
6300 246 291 
6300 247 128 235 269 16 52 84 91 
6300 249 89 
6300 250 232 48 76 38 
6300 252 130 117 
6300 253 
6300 254 121 119 
6300 257 66 293 
6300 258 266 215 95 
6300 259 60 30 199 
6300 261 4 
6300 263 206 42 252 278 134 
6300 265 166 238 
6300 266 24 252 22 
6300 269 270 
6300 270 257 165 103 265 10 118 
6300 272 
6300 273 199 
6300 274 16 
6300 276 163 
6300 277 58 
6300 278 121 
6300 279 21 
6300 280 283 
6300 283 0 121 123 76 
6300 284 197 
6300 285 85 
6300 286 164 
6300 287 68 165 5 
6300 288 
6300 290 104 225 18 278 33 
6300 291 286 
6300 292 24 6 175 
6300 293 129 86 
6300 295 18 235 76 
6300 298 40 57 
