0 7200 0 300 0 300
0 0 1 26
0 1 36 28
0 2 43 31
0 3 32 6
0 4 18 37
0 5 23 28
0 6 8 10
0 7 26 47
0 8 22 23
0 9 27 20
0 10 34 0
0 11 19 16
0 12 27 31
0 13 1 12
0 14 17 44
0 15 12 28
0 16 2 50
0 17 25 32
0 18 25 24
0 19 29 30
0 20 44 34
0 21 16 38
0 22 9 15
0 23 4 36
0 24 17 2
0 25 22 12
0 26 14 8
0 27 21 12
0 28 10 10
0 29 11 31
0 30 41 46
0 31 3 4
0 32 17 27
0 33 27 47
0 34 34 50
0 35 2 17
0 36 7 43
0 37 43 31
0 38 46 48
0 39 6 32
0 40 7 16
0 41 3 13
0 42 1 31
0 43 23 31
0 44 46 14
0 45 5 10
0 46 19 19
0 47 38 43
0 48 25 10
0 49 23 5
0 50 19 1
0 51 3 35
0 52 7 6
0 53 9 29
0 54 49 31
0 55 33 37
0 56 22 30
0 57 39 5
0 58 21 39
0 59 36 2
0 60 10 5
0 61 13 19
0 62 48 29
0 63 24 1
0 64 50 0
0 65 39 21
0 66 20 44
0 67 36 37
0 68 13 2
0 69 21 27
0 70 35 18
0 71 1 1
0 72 44 12
0 73 10 19
0 74 38 0
0 75 48 45
0 76 19 8
0 77 15 32
0 78 4 18
0 79 35 39
0 80 19 49
0 81 34 13
0 82 38 40
0 83 22 48
0 84 38 50
0 85 36 1
0 86 18 49
0 87 19 16
0 88 9 22
0 89 49 5
0 90 29 22
0 91 3 35
0 92 24 32
0 93 41 11
0 94 28 25
0 95 16 3
0 96 30 23
0 97 6 11
0 98 40 19
0 99 31 12
0 100 48 26
0 101 27 41
0 102 31 11
0 103 48 14
0 104 8 49
0 105 30 44
0 106 17 30
0 107 13 19
0 108 19 19
0 109 27 26
0 110 48 33
0 111 39 9
0 112 5 47
0 113 17 46
0 114 16 18
0 115 23 28
0 116 32 21
0 117 12 48
0 118 19 35
0 119 19 13
0 120 2 22
0 121 43 40
0 122 28 11
0 123 44 9
0 124 39 38
0 125 39 27
0 126 50 34
0 127 24 19
0 128 3 23
0 129 50 50
0 130 22 45
0 131 2 34
0 132 49 14
0 133 2 18
0 134 23 16
0 135 27 36
0 136 29 9
0 137 33 33
0 138 15 14
0 139 46 11
0 140 6 9
0 141 22 11
0 142 49 8
0 143 48 18
0 144 1 29
0 145 8 25
0 146 46 27
0 147 2 14
0 148 36 26
0 149 35 0
600 0 1 26
600 1 36 28
600 2 43 31
600 3 2 50
600 4 18 37
600 5 13 33
600 6 8 10
600 7 26 47
600 8 35 7
600 9 27 20
600 10 50 18
600 11 19 16
600 12 27 31
600 13 1 12
600 14 17 44
600 15 12 28
600 16 2 50
600 17 25 32
600 18 25 24
600 19 29 30
600 20 44 34
600 21 16 38
600 22 17 15
600 23 1 17
600 24 17 2
600 25 22 12
600 26 14 8
600 27 21 12
600 28 10 10
600 29 11 31
600 30 41 46
600 31 3 4
600 32 17 27
600 33 27 47
600 34 34 50
600 35 2 17
600 36 7 43
600 37 3 32
600 38 46 48
600 39 25 48
600 40 43 43
600 41 3 13
600 42 1 31
600 43 23 31
600 44 45 1
600 45 47 31
600 46 6 1
600 47 38 43
600 48 25 10
600 49 40 47
600 50 33 0
600 51 3 35
600 52 7 6
600 53 9 29
600 54 49 31
600 55 33 37
600 56 22 30
600 57 39 5
600 58 35 38
600 59 36 2
600 60 10 5
600 61 13 19
600 62 48 29
600 63 24 1
600 64 50 0
600 65 39 21
600 66 20 44
600 67 36 37
600 68 13 2
600 69 21 27
600 70 10 30
600 71 1 1
600 72 44 12
600 73 10 19
600 74 38 0
600 75 48 45
600 76 19 8
600 77 15 32
600 78 4 18
600 79 35 39
600 80 19 49
600 81 34 13
600 82 38 40
600 83 22 48
600 84 38 50
600 85 31 24
600 86 18 49
600 87 19 16
600 88 9 22
600 89 49 5
600 90 29 22
600 91 3 35
600 92 24 32
600 93 41 11
600 94 28 25
600 95 16 3
600 96 30 23
600 97 7 38
600 98 6 0
600 99 31 12
600 100 13 27
600 101 34 8
600 102 31 11
600 103 48 14
600 104 8 49
600 105 35 15
600 106 17 30
600 107 13 19
600 108 49 20
600 109 27 26
600 110 48 33
600 111 39 9
600 112 5 47
600 113 17 46
600 114 16 18
600 115 23 28
600 116 32 21
600 117 12 48
600 118 19 35
600 119 19 13
600 120 2 22
600 121 15 22
600 122 28 11
600 123 44 9
600 124 39 38
600 125 39 27
600 126 50 34
600 127 24 19
600 128 3 23
600 129 1 17
600 130 22 45
600 131 2 34
600 132 49 14
600 133 48 10
600 134 23 16
600 135 34 22
600 136 29 9
600 137 46 47
600 138 0 49
600 139 46 11
600 140 6 9
600 141 22 11
600 142 49 8
600 143 48 18
600 144 1 29
600 145 8 25
600 146 46 27
600 147 2 14
600 148 36 26
600 149 35 0
1200 0 1 26
1200 1 36 28
1200 2 43 31
1200 3 2 50
1200 4 18 37
1200 5 13 33
1200 6 8 10
1200 7 26 47
1200 8 35 7
1200 9 27 20
1200 10 50 18
1200 11 42 1
1200 12 27 3
1200 13 37 49
1200 14 46 21
1200 15 12 28
1200 16 2 50
1200 17 25 32
1200 18 9 28
1200 19 29 30
1200 20 44 34
1200 21 16 38
1200 22 28 39
1200 23 1 17
1200 24 17 2
1200 25 22 12
1200 26 16 11
1200 27 21 12
1200 28 10 10
1200 29 11 31
1200 30 41 46
1200 31 3 4
1200 32 32 14
1200 33 27 47
1200 34 14 10
1200 35 2 17
1200 36 7 43
1200 37 14 42
1200 38 46 48
1200 39 25 48
1200 40 43 43
1200 41 19 1
1200 42 1 31
1200 43 50 15
1200 44 45 1
1200 45 47 31
1200 46 6 1
1200 47 38 43
1200 48 25 10
1200 49 40 47
1200 50 33 0
1200 51 3 35
1200 52 0 24
1200 53 9 29
1200 54 48 11
1200 55 33 37
1200 56 22 30
1200 57 39 5
1200 58 35 38
1200 59 36 2
1200 60 10 5
1200 61 13 19
1200 62 48 29
1200 63 24 1
1200 64 50 0
1200 65 39 21
1200 66 20 44
1200 67 36 37
1200 68 13 2
1200 69 21 27
1200 70 10 30
1200 71 1 1
1200 72 44 12
1200 73 10 19
1200 74 38 0
1200 75 24 20
1200 76 19 8
1200 77 15 32
1200 78 36 29
1200 79 35 39
1200 80 19 49
1200 81 34 13
1200 82 38 40
1200 83 28 7
1200 84 38 50
1200 85 31 24
1200 86 18 49
1200 87 19 16
1200 88 9 22
1200 89 49 5
1200 90 29 22
1200 91 3 35
1200 92 24 32
1200 93 41 11
1200 94 28 25
1200 95 46 14
1200 96 30 23
1200 97 7 38
1200 98 6 0
1200 99 29 28
1200 100 13 27
1200 101 34 8
1200 102 31 11
1200 103 48 14
1200 104 8 49
1200 105 35 15
1200 106 17 30
1200 107 13 19
1200 108 49 20
1200 109 27 26
1200 110 29 22
1200 111 50 15
1200 112 5 47
1200 113 31 25
1200 114 28 38
1200 115 23 28
1200 116 32 21
1200 117 12 48
1200 118 19 35
1200 119 14 21
1200 120 2 22
1200 121 49 27
1200 122 28 11
1200 123 44 9
1200 124 39 38
1200 125 46 18
1200 126 9 27
1200 127 24 19
1200 128 3 23
1200 129 1 17
1200 130 22 45
1200 131 4 11
1200 132 49 14
1200 133 48 10
1200 134 23 16
1200 135 48 46
1200 136 29 9
1200 137 27 31
1200 138 0 49
1200 139 46 11
1200 140 6 9
1200 141 22 11
1200 142 49 8
1200 143 48 18
1200 144 1 29
1200 145 8 25
1200 146 46 27
1200 147 2 14
1200 148 36 26
1200 149 35 0
1800 0 1 26
1800 1 36 28
1800 2 43 31
1800 3 2 50
1800 4 18 37
1800 5 9 9
1800 6 8 10
1800 7 10 19
1800 8 35 7
1800 9 24 22
1800 10 50 18
1800 11 42 1
1800 12 27 3
1800 13 37 49
1800 14 39 44
1800 15 12 28
1800 16 2 50
1800 17 10 43
1800 18 9 28
1800 19 7 28
1800 20 44 34
1800 21 7 14
1800 22 28 39
1800 23 1 17
1800 24 17 2
1800 25 22 12
1800 26 16 11
1800 27 21 12
1800 28 10 10
1800 29 11 31
1800 30 41 46
1800 31 3 4
1800 32 38 17
1800 33 19 7
1800 34 14 10
1800 35 2 17
1800 36 27 17
1800 37 14 42
1800 38 46 48
1800 39 25 48
1800 40 43 43
1800 41 19 1
1800 42 1 31
1800 43 50 15
1800 44 48 33
1800 45 47 31
1800 46 6 1
1800 47 38 43
1800 48 25 10
1800 49 40 47
1800 50 33 0
1800 51 3 35
1800 52 0 24
1800 53 40 15
1800 54 48 11
1800 55 33 37
1800 56 22 30
1800 57 48 4
1800 58 35 38
1800 59 36 2
1800 60 10 5
1800 61 13 19
1800 62 48 29
1800 63 47 14
1800 64 50 0
1800 65 39 21
1800 66 20 44
1800 67 36 37
1800 68 3 2
1800 69 21 27
1800 70 10 30
1800 71 1 1
1800 72 25 24
1800 73 50 30
1800 74 38 0
1800 75 24 20
1800 76 24 15
1800 77 15 32
1800 78 17 49
1800 79 35 39
1800 80 19 49
1800 81 34 13
1800 82 38 40
1800 83 28 7
1800 84 38 50
1800 85 31 24
1800 86 26 0
1800 87 22 24
1800 88 9 22
1800 89 49 5
1800 90 29 22
1800 91 3 35
1800 92 24 32
1800 93 41 11
1800 94 28 25
1800 95 46 14
1800 96 5 24
1800 97 1 6
1800 98 45 23
1800 99 29 28
1800 100 13 27
1800 101 34 8
1800 102 31 11
1800 103 48 14
1800 104 8 49
1800 105 1 6
1800 106 17 30
1800 107 13 19
1800 108 25 10
1800 109 27 26
1800 110 29 22
1800 111 50 15
1800 112 5 47
1800 113 31 25
1800 114 28 38
1800 115 23 28
1800 116 32 21
1800 117 12 48
1800 118 19 35
1800 119 14 21
1800 120 2 22
1800 121 35 30
1800 122 28 11
1800 123 44 9
1800 124 39 38
1800 125 46 18
1800 126 9 27
1800 127 24 19
1800 128 25 24
1800 129 1 17
1800 130 22 45
1800 131 4 11
1800 132 7 33
1800 133 48 10
1800 134 23 16
1800 135 48 46
1800 136 29 9
1800 137 27 31
1800 138 0 49
1800 139 46 11
1800 140 6 9
1800 141 22 11
1800 142 49 8
1800 143 48 18
1800 144 1 29
1800 145 8 25
1800 146 46 27
1800 147 32 46
1800 148 36 26
1800 149 35 0
2400 0 1 26
2400 1 36 28
2400 2 43 31
2400 3 12 18
2400 4 18 37
2400 5 9 9
2400 6 8 10
2400 7 35 22
2400 8 34 20
2400 9 15 49
2400 10 50 18
2400 11 42 1
2400 12 27 3
2400 13 37 49
2400 14 5 41
2400 15 12 28
2400 16 2 50
2400 17 38 40
2400 18 9 28
2400 19 31 40
2400 20 44 34
2400 21 7 14
2400 22 28 39
2400 23 32 38
2400 24 17 2
2400 25 12 39
2400 26 16 11
2400 27 21 12
2400 28 10 10
2400 29 9 6
2400 30 41 46
2400 31 3 4
2400 32 38 17
2400 33 19 7
2400 34 14 10
2400 35 47 34
2400 36 27 17
2400 37 25 39
2400 38 46 48
2400 39 25 48
2400 40 8 18
2400 41 19 1
2400 42 1 31
2400 43 36 13
2400 44 48 33
2400 45 47 31
2400 46 6 1
2400 47 15 23
2400 48 25 10
2400 49 40 47
2400 50 23 20
2400 51 3 35
2400 52 0 24
2400 53 40 15
2400 54 48 11
2400 55 33 37
2400 56 22 30
2400 57 48 4
2400 58 35 38
2400 59 36 2
2400 60 10 5
2400 61 13 19
2400 62 48 29
2400 63 47 14
2400 64 50 0
2400 65 39 21
2400 66 20 44
2400 67 36 37
2400 68 3 2
2400 69 21 27
2400 70 10 30
2400 71 31 19
2400 72 25 24
2400 73 50 30
2400 74 38 0
2400 75 24 20
2400 76 24 15
2400 77 15 32
2400 78 21 11
2400 79 35 39
2400 80 43 26
2400 81 11 26
2400 82 38 40
2400 83 28 7
2400 84 38 50
2400 85 31 24
2400 86 26 0
2400 87 22 24
2400 88 9 22
2400 89 49 5
2400 90 29 22
2400 91 3 35
2400 92 9 36
2400 93 41 11
2400 94 28 25
2400 95 46 14
2400 96 5 24
2400 97 26 42
2400 98 45 23
2400 99 29 28
2400 100 13 27
2400 101 34 8
2400 102 31 11
2400 103 48 14
2400 104 8 49
2400 105 10 3
2400 106 17 30
2400 107 13 19
2400 108 25 10
2400 109 27 26
2400 110 29 22
2400 111 50 15
2400 112 5 47
2400 113 31 25
2400 114 28 38
2400 115 23 28
2400 116 32 21
2400 117 12 48
2400 118 19 35
2400 119 18 36
2400 120 2 22
2400 121 35 30
2400 122 28 11
2400 123 44 9
2400 124 39 38
2400 125 46 18
2400 126 9 27
2400 127 20 6
2400 128 25 24
2400 129 42 28
2400 130 22 45
2400 131 4 11
2400 132 7 33
2400 133 48 10
2400 134 23 16
2400 135 48 46
2400 136 2 37
2400 137 34 8
2400 138 0 49
2400 139 46 11
2400 140 6 9
2400 141 22 11
2400 142 49 8
2400 143 48 18
2400 144 1 29
2400 145 8 25
2400 146 46 27
2400 147 49 2
2400 148 36 26
2400 149 1 27
3000 0 1 26
3000 1 36 28
3000 2 43 31
3000 3 16 20
3000 4 0 49
3000 5 9 9
3000 6 8 10
3000 7 35 22
3000 8 40 33
3000 9 15 49
3000 10 50 18
3000 11 42 1
3000 12 37 8
3000 13 18 13
3000 14 5 41
3000 15 12 28
3000 16 2 50
3000 17 38 40
3000 18 35 25
3000 19 26 3
3000 20 44 34
3000 21 40 29
3000 22 28 39
3000 23 32 38
3000 24 17 2
3000 25 12 39
3000 26 16 11
3000 27 21 12
3000 28 10 10
3000 29 9 6
3000 30 41 46
3000 31 3 4
3000 32 38 17
3000 33 19 7
3000 34 14 10
3000 35 47 34
3000 36 27 17
3000 37 25 39
3000 38 46 48
3000 39 25 48
3000 40 8 18
3000 41 15 41
3000 42 1 31
3000 43 17 42
3000 44 48 33
3000 45 47 31
3000 46 6 1
3000 47 15 23
3000 48 25 10
3000 49 40 47
3000 50 23 20
3000 51 3 35
3000 52 38 11
3000 53 40 15
3000 54 48 11
3000 55 33 37
3000 56 8 21
3000 57 48 4
3000 58 35 38
3000 59 36 2
3000 60 10 5
3000 61 13 19
3000 62 48 29
3000 63 47 14
3000 64 50 0
3000 65 39 21
3000 66 20 44
3000 67 36 37
3000 68 3 2
3000 69 2 25
3000 70 3 28
3000 71 31 19
3000 72 25 24
3000 73 50 30
3000 74 38 0
3000 75 32 42
3000 76 24 15
3000 77 7 32
3000 78 21 11
3000 79 35 39
3000 80 43 26
3000 81 11 26
3000 82 38 40
3000 83 28 7
3000 84 38 50
3000 85 31 24
3000 86 42 14
3000 87 22 24
3000 88 9 22
3000 89 8 20
3000 90 29 22
3000 91 3 35
3000 92 9 36
3000 93 41 11
3000 94 28 25
3000 95 46 14
3000 96 5 24
3000 97 26 42
3000 98 6 37
3000 99 29 28
3000 100 31 15
3000 101 10 24
3000 102 31 11
3000 103 48 14
3000 104 8 49
3000 105 10 3
3000 106 17 30
3000 107 13 19
3000 108 8 17
3000 109 27 26
3000 110 29 22
3000 111 50 15
3000 112 42 11
3000 113 35 18
3000 114 28 38
3000 115 23 28
3000 116 35 39
3000 117 12 48
3000 118 19 35
3000 119 18 36
3000 120 2 22
3000 121 43 12
3000 122 28 11
3000 123 44 9
3000 124 31 10
3000 125 46 18
3000 126 9 27
3000 127 30 8
3000 128 25 24
3000 129 42 28
3000 130 22 45
3000 131 6 23
3000 132 7 33
3000 133 48 10
3000 134 23 16
3000 135 48 46
3000 136 2 37
3000 137 47 45
3000 138 0 49
3000 139 46 11
3000 140 6 9
3000 141 22 11
3000 142 49 8
3000 143 48 18
3000 144 1 29
3000 145 8 25
3000 146 46 27
3000 147 49 2
3000 148 36 26
3000 149 1 27
3600 0 1 26
3600 1 36 28
3600 2 43 31
3600 3 16 20
3600 4 0 49
3600 5 9 9
3600 6 8 10
3600 7 35 22
3600 8 40 33
3600 9 15 49
3600 10 50 18
3600 11 42 1
3600 12 37 8
3600 13 2 25
3600 14 5 41
3600 15 12 28
3600 16 2 50
3600 17 38 40
3600 18 10 50
3600 19 50 10
3600 20 44 34
3600 21 48 38
3600 22 28 39
3600 23 32 38
3600 24 17 2
3600 25 0 24
3600 26 36 6
3600 27 21 12
3600 28 10 10
3600 29 9 6
3600 30 41 46
3600 31 3 4
3600 32 38 17
3600 33 19 7
3600 34 7 3
3600 35 47 34
3600 36 27 17
3600 37 25 39
3600 38 46 48
3600 39 25 48
3600 40 8 18
3600 41 15 41
3600 42 2 4
3600 43 17 42
3600 44 48 33
3600 45 20 7
3600 46 6 1
3600 47 15 6
3600 48 2 24
3600 49 40 47
3600 50 23 20
3600 51 29 47
3600 52 38 11
3600 53 40 15
3600 54 48 11
3600 55 33 37
3600 56 8 21
3600 57 48 4
3600 58 35 38
3600 59 43 2
3600 60 19 1
3600 61 13 19
3600 62 48 29
3600 63 47 14
3600 64 50 0
3600 65 39 21
3600 66 20 44
3600 67 36 37
3600 68 3 2
3600 69 2 25
3600 70 3 28
3600 71 31 19
3600 72 25 24
3600 73 50 30
3600 74 38 0
3600 75 46 47
3600 76 24 15
3600 77 7 32
3600 78 21 11
3600 79 35 39
3600 80 43 26
3600 81 36 34
3600 82 13 49
3600 83 38 13
3600 84 38 50
3600 85 5 23
3600 86 42 14
3600 87 22 24
3600 88 9 22
3600 89 8 20
3600 90 29 22
3600 91 3 35
3600 92 9 36
3600 93 41 11
3600 94 28 25
3600 95 32 22
3600 96 5 24
3600 97 26 42
3600 98 6 37
3600 99 29 28
3600 100 31 15
3600 101 32 11
3600 102 31 11
3600 103 48 14
3600 104 8 49
3600 105 10 3
3600 106 17 30
3600 107 29 21
3600 108 8 17
3600 109 47 26
3600 110 29 22
3600 111 28 5
3600 112 42 11
3600 113 35 18
3600 114 28 38
3600 115 23 28
3600 116 35 39
3600 117 12 48
3600 118 19 35
3600 119 18 36
3600 120 2 22
3600 121 43 12
3600 122 28 11
3600 123 0 0
3600 124 31 10
3600 125 46 18
3600 126 9 27
3600 127 44 42
3600 128 25 24
3600 129 42 28
3600 130 22 45
3600 131 15 15
3600 132 7 33
3600 133 48 10
3600 134 23 16
3600 135 50 20
3600 136 2 37
3600 137 47 45
3600 138 16 14
3600 139 46 11
3600 140 6 9
3600 141 12 14
3600 142 49 8
3600 143 48 18
3600 144 1 29
3600 145 8 25
3600 146 46 27
3600 147 49 2
3600 148 36 26
3600 149 1 27
4200 0 1 26
4200 1 36 28
4200 2 43 31
4200 3 16 20
4200 4 0 49
4200 5 9 9
4200 6 8 10
4200 7 24 50
4200 8 40 33
4200 9 15 49
4200 10 4 10
4200 11 17 2
4200 12 37 8
4200 13 50 2
4200 14 27 4
4200 15 12 28
4200 16 7 33
4200 17 38 40
4200 18 10 50
4200 19 50 10
4200 20 44 34
4200 21 48 38
4200 22 28 39
4200 23 32 38
4200 24 17 2
4200 25 0 24
4200 26 36 6
4200 27 21 12
4200 28 10 10
4200 29 9 6
4200 30 41 46
4200 31 3 4
4200 32 38 17
4200 33 19 7
4200 34 7 3
4200 35 12 10
4200 36 17 24
4200 37 25 39
4200 38 46 48
4200 39 25 48
4200 40 8 18
4200 41 47 25
4200 42 2 4
4200 43 19 23
4200 44 48 33
4200 45 20 7
4200 46 6 1
4200 47 15 6
4200 48 2 24
4200 49 40 47
4200 50 23 20
4200 51 29 47
4200 52 38 11
4200 53 40 15
4200 54 48 11
4200 55 33 37
4200 56 8 21
4200 57 48 4
4200 58 35 38
4200 59 43 2
4200 60 19 1
4200 61 13 19
4200 62 48 29
4200 63 47 14
4200 64 50 0
4200 65 39 21
4200 66 20 44
4200 67 36 37
4200 68 3 2
4200 69 2 25
4200 70 3 28
4200 71 31 19
4200 72 25 24
4200 73 44 13
4200 74 38 0
4200 75 46 47
4200 76 24 15
4200 77 7 32
4200 78 21 11
4200 79 35 39
4200 80 43 26
4200 81 36 34
4200 82 13 49
4200 83 38 13
4200 84 49 17
4200 85 5 23
4200 86 42 14
4200 87 22 24
4200 88 9 22
4200 89 8 20
4200 90 29 22
4200 91 3 35
4200 92 9 36
4200 93 50 48
4200 94 23 47
4200 95 32 22
4200 96 5 24
4200 97 26 42
4200 98 6 37
4200 99 29 28
4200 100 20 48
4200 101 29 50
4200 102 31 11
4200 103 2 31
4200 104 8 49
4200 105 10 3
4200 106 24 24
4200 107 29 21
4200 108 5 37
4200 109 37 3
4200 110 29 22
4200 111 18 43
4200 112 42 11
4200 113 35 18
4200 114 28 38
4200 115 23 28
4200 116 35 39
4200 117 12 48
4200 118 19 35
4200 119 18 36
4200 120 2 22
4200 121 43 12
4200 122 28 11
4200 123 0 0
4200 124 31 10
4200 125 36 20
4200 126 9 27
4200 127 44 42
4200 128 25 24
4200 129 42 28
4200 130 27 4
4200 131 13 8
4200 132 7 33
4200 133 48 10
4200 134 32 30
4200 135 50 20
4200 136 2 37
4200 137 23 12
4200 138 16 14
4200 139 46 11
4200 140 6 9
4200 141 15 33
4200 142 5 27
4200 143 48 18
4200 144 1 29
4200 145 8 25
4200 146 46 42
4200 147 49 2
4200 148 5 32
4200 149 1 27
4800 0 1 26
4800 1 36 28
4800 2 43 31
4800 3 33 13
4800 4 0 49
4800 5 14 8
4800 6 8 10
4800 7 4 38
4800 8 40 33
4800 9 15 49
4800 10 4 10
4800 11 17 2
4800 12 37 8
4800 13 50 2
4800 14 7 45
4800 15 12 28
4800 16 7 33
4800 17 38 40
4800 18 28 32
4800 19 50 10
4800 20 44 34
4800 21 48 38
4800 22 28 39
4800 23 32 38
4800 24 17 2
4800 25 0 24
4800 26 36 6
4800 27 21 12
4800 28 10 10
4800 29 9 6
4800 30 41 46
4800 31 3 4
4800 32 33 0
4800 33 19 7
4800 34 7 3
4800 35 12 10
4800 36 22 8
4800 37 25 39
4800 38 46 48
4800 39 25 48
4800 40 11 48
4800 41 47 25
4800 42 2 4
4800 43 41 37
4800 44 48 33
4800 45 20 7
4800 46 6 1
4800 47 18 41
4800 48 2 24
4800 49 7 22
4800 50 23 20
4800 51 29 47
4800 52 20 18
4800 53 40 15
4800 54 5 44
4800 55 33 37
4800 56 4 37
4800 57 48 4
4800 58 35 38
4800 59 43 2
4800 60 19 1
4800 61 13 19
4800 62 48 29
4800 63 47 14
4800 64 50 0
4800 65 39 21
4800 66 48 1
4800 67 36 37
4800 68 28 41
4800 69 2 25
4800 70 41 29
4800 71 3 12
4800 72 25 24
4800 73 44 13
4800 74 38 0
4800 75 46 47
4800 76 24 15
4800 77 40 40
4800 78 21 11
4800 79 35 39
4800 80 43 26
4800 81 36 34
4800 82 13 49
4800 83 38 13
4800 84 49 17
4800 85 5 23
4800 86 42 14
4800 87 22 24
4800 88 9 22
4800 89 8 20
4800 90 29 22
4800 91 3 35
4800 92 9 36
4800 93 50 48
4800 94 23 47
4800 95 32 22
4800 96 5 24
4800 97 26 42
4800 98 46 1
4800 99 44 2
4800 100 20 48
4800 101 29 50
4800 102 31 11
4800 103 2 31
4800 104 14 15
4800 105 10 3
4800 106 24 24
4800 107 29 21
4800 108 5 37
4800 109 37 3
4800 110 40 0
4800 111 18 43
4800 112 42 11
4800 113 35 18
4800 114 28 38
4800 115 25 22
4800 116 35 39
4800 117 12 48
4800 118 19 35
4800 119 18 36
4800 120 43 46
4800 121 43 12
4800 122 28 11
4800 123 0 0
4800 124 31 10
4800 125 36 20
4800 126 9 27
4800 127 44 42
4800 128 25 24
4800 129 42 28
4800 130 27 4
4800 131 13 8
4800 132 7 33
4800 133 3 1
4800 134 32 30
4800 135 25 16
4800 136 2 37
4800 137 23 12
4800 138 16 14
4800 139 46 11
4800 140 6 9
4800 141 15 33
4800 142 5 27
4800 143 34 29
4800 144 1 29
4800 145 8 25
4800 146 46 42
4800 147 31 46
4800 148 5 32
4800 149 19 4
5400 0 1 26
5400 1 36 28
5400 2 43 31
5400 3 33 13
5400 4 0 49
5400 5 14 8
5400 6 8 10
5400 7 4 38
5400 8 25 5
5400 9 15 49
5400 10 4 10
5400 11 17 2
5400 12 14 5
5400 13 50 2
5400 14 7 45
5400 15 12 28
5400 16 7 33
5400 17 38 40
5400 18 28 32
5400 19 50 10
5400 20 33 15
5400 21 48 38
5400 22 28 39
5400 23 32 38
5400 24 17 2
5400 25 0 24
5400 26 36 6
5400 27 21 12
5400 28 10 10
5400 29 9 6
5400 30 41 46
5400 31 10 39
5400 32 33 0
5400 33 19 7
5400 34 31 38
5400 35 12 10
5400 36 22 8
5400 37 25 39
5400 38 46 48
5400 39 25 48
5400 40 11 48
5400 41 47 25
5400 42 9 37
5400 43 19 35
5400 44 48 33
5400 45 20 7
5400 46 6 1
5400 47 18 41
5400 48 2 24
5400 49 45 46
5400 50 46 48
5400 51 36 1
5400 52 20 18
5400 53 40 15
5400 54 5 44
5400 55 33 37
5400 56 34 29
5400 57 48 4
5400 58 35 38
5400 59 43 2
5400 60 19 1
5400 61 13 19
5400 62 48 29
5400 63 47 14
5400 64 50 0
5400 65 39 21
5400 66 48 1
5400 67 36 37
5400 68 11 45
5400 69 2 25
5400 70 41 29
5400 71 25 16
5400 72 25 24
5400 73 27 12
5400 74 42 10
5400 75 46 47
5400 76 24 15
5400 77 40 40
5400 78 42 43
5400 79 35 39
5400 80 35 1
5400 81 36 34
5400 82 34 13
5400 83 38 13
5400 84 49 17
5400 85 5 23
5400 86 42 14
5400 87 22 24
5400 88 9 22
5400 89 8 20
5400 90 29 22
5400 91 6 6
5400 92 9 36
5400 93 50 48
5400 94 23 47
5400 95 32 22
5400 96 5 24
5400 97 10 26
5400 98 46 1
5400 99 22 45
5400 100 20 48
5400 101 29 50
5400 102 31 11
5400 103 2 31
5400 104 33 24
5400 105 5 34
5400 106 24 24
5400 107 29 21
5400 108 5 37
5400 109 37 3
5400 110 40 0
5400 111 18 43
5400 112 42 11
5400 113 35 18
5400 114 28 38
5400 115 44 15
5400 116 35 39
5400 117 12 48
5400 118 19 35
5400 119 18 36
5400 120 4 45
5400 121 43 12
5400 122 28 11
5400 123 0 0
5400 124 31 10
5400 125 10 23
5400 126 9 27
5400 127 44 42
5400 128 25 24
5400 129 42 28
5400 130 27 4
5400 131 39 34
5400 132 7 33
5400 133 3 1
5400 134 32 30
5400 135 25 16
5400 136 2 37
5400 137 23 12
5400 138 16 14
5400 139 46 11
5400 140 24 27
5400 141 15 33
5400 142 5 27
5400 143 46 42
5400 144 1 29
5400 145 8 25
5400 146 46 42
5400 147 34 49
5400 148 5 32
5400 149 19 4
6000 0 1 26
6000 1 36 28
6000 2 43 31
6000 3 13 43
6000 4 22 50
6000 5 14 8
6000 6 8 10
6000 7 4 38
6000 8 25 5
6000 9 27 33
6000 10 25 32
6000 11 17 2
6000 12 14 5
6000 13 26 20
6000 14 7 45
6000 15 12 28
6000 16 7 33
6000 17 38 40
6000 18 28 32
6000 19 50 10
6000 20 33 15
6000 21 48 38
6000 22 28 39
6000 23 32 38
6000 24 17 2
6000 25 0 24
6000 26 36 6
6000 27 41 38
6000 28 10 10
6000 29 9 6
6000 30 41 46
6000 31 10 39
6000 32 33 0
6000 33 41 20
6000 34 31 38
6000 35 26 4
6000 36 22 8
6000 37 25 39
6000 38 46 48
6000 39 25 48
6000 40 11 48
6000 41 20 24
6000 42 9 37
6000 43 19 35
6000 44 48 33
6000 45 20 7
6000 46 26 4
6000 47 35 20
6000 48 2 24
6000 49 45 46
6000 50 46 48
6000 51 0 16
6000 52 20 18
6000 53 40 15
6000 54 5 44
6000 55 32 33
6000 56 34 29
6000 57 48 4
6000 58 35 38
6000 59 43 2
6000 60 19 1
6000 61 13 19
6000 62 32 28
6000 63 10 16
6000 64 50 0
6000 65 39 21
6000 66 48 1
6000 67 36 37
6000 68 11 45
6000 69 2 25
6000 70 40 43
6000 71 49 37
6000 72 25 24
6000 73 27 12
6000 74 42 10
6000 75 46 47
6000 76 48 18
6000 77 40 40
6000 78 42 43
6000 79 35 39
6000 80 35 1
6000 81 36 34
6000 82 34 13
6000 83 12 7
6000 84 49 17
6000 85 5 23
6000 86 42 14
6000 87 8 32
6000 88 9 22
6000 89 8 20
6000 90 29 22
6000 91 6 6
6000 92 9 36
6000 93 50 48
6000 94 29 25
6000 95 32 22
6000 96 5 24
6000 97 10 26
6000 98 47 49
6000 99 22 45
6000 100 20 48
6000 101 29 50
6000 102 31 11
6000 103 4 20
6000 104 16 28
6000 105 5 34
6000 106 24 24
6000 107 29 21
6000 108 5 37
6000 109 37 3
6000 110 40 0
6000 111 18 43
6000 112 42 11
6000 113 35 18
6000 114 28 38
6000 115 44 15
6000 116 35 39
6000 117 12 48
6000 118 19 35
6000 119 18 36
6000 120 4 45
6000 121 43 12
6000 122 28 11
6000 123 0 0
6000 124 31 10
6000 125 10 23
6000 126 9 27
6000 127 44 42
6000 128 25 24
6000 129 13 32
6000 130 31 16
6000 131 39 34
6000 132 7 33
6000 133 3 1
6000 134 32 30
6000 135 25 16
6000 136 2 37
6000 137 23 12
6000 138 50 36
6000 139 46 11
6000 140 24 27
6000 141 15 33
6000 142 5 27
6000 143 14 37
6000 144 4 28
6000 145 8 25
6000 146 46 42
6000 147 34 49
6000 148 5 32
6000 149 19 4
6600 0 1 26
6600 1 36 28
6600 2 43 31
6600 3 13 43
6600 4 22 50
6600 5 14 8
6600 6 8 10
6600 7 4 38
6600 8 25 5
6600 9 27 33
6600 10 25 32
6600 11 17 2
6600 12 14 5
6600 13 26 20
6600 14 7 45
6600 15 12 28
6600 16 7 33
6600 17 38 40
6600 18 47 35
6600 19 9 34
6600 20 22 32
6600 21 48 38
6600 22 49 39
6600 23 32 38
6600 24 5 5
6600 25 0 24
6600 26 36 6
6600 27 46 16
6600 28 10 10
6600 29 9 6
6600 30 37 23
6600 31 10 39
6600 32 33 0
6600 33 41 20
6600 34 31 38
6600 35 26 4
6600 36 22 8
6600 37 44 44
6600 38 46 48
6600 39 25 48
6600 40 11 48
6600 41 48 8
6600 42 9 37
6600 43 19 35
6600 44 48 33
6600 45 20 7
6600 46 26 4
6600 47 34 5
6600 48 39 0
6600 49 49 1
6600 50 46 48
6600 51 0 16
6600 52 20 18
6600 53 40 15
6600 54 5 44
6600 55 32 33
6600 56 34 29
6600 57 48 4
6600 58 12 12
6600 59 43 2
6600 60 19 1
6600 61 13 19
6600 62 32 28
6600 63 10 16
6600 64 50 0
6600 65 4 43
6600 66 48 1
6600 67 36 37
6600 68 11 45
6600 69 2 25
6600 70 40 43
6600 71 49 37
6600 72 25 24
6600 73 27 12
6600 74 42 10
6600 75 46 47
6600 76 48 18
6600 77 40 40
6600 78 42 43
6600 79 35 39
6600 80 35 1
6600 81 36 34
6600 82 28 27
6600 83 12 7
6600 84 17 7
6600 85 39 5
6600 86 42 14
6600 87 8 32
6600 88 9 22
6600 89 8 20
6600 90 24 33
6600 91 6 6
6600 92 9 36
6600 93 50 48
6600 94 29 25
6600 95 41 15
6600 96 5 24
6600 97 10 26
6600 98 47 49
6600 99 10 47
6600 100 25 24
6600 101 29 50
6600 102 31 11
6600 103 4 20
6600 104 16 28
6600 105 5 34
6600 106 24 24
6600 107 29 21
6600 108 5 37
6600 109 12 1
6600 110 40 0
6600 111 18 43
6600 112 48 3
6600 113 35 18
6600 114 41 45
6600 115 44 15
6600 116 35 39
6600 117 1 36
6600 118 19 35
6600 119 18 36
6600 120 26 5
6600 121 43 12
6600 122 28 11
6600 123 0 0
6600 124 31 10
6600 125 10 23
6600 126 9 27
6600 127 44 42
6600 128 25 24
6600 129 13 32
6600 130 26 25
6600 131 39 34
6600 132 7 33
6600 133 3 1
6600 134 32 30
6600 135 32 44
6600 136 2 37
6600 137 23 12
6600 138 50 36
6600 139 46 11
6600 140 24 27
6600 141 15 33
6600 142 5 27
6600 143 14 37
6600 144 4 28
6600 145 8 25
6600 146 46 42
6600 147 34 49
6600 148 5 18
6600 149 31 27
7200 0 1 26
7200 1 36 28
7200 2 43 31
7200 3 13 43
7200 4 22 50
7200 5 14 8
7200 6 36 7
7200 7 4 38
7200 8 8 1
7200 9 16 35
7200 10 27 21
7200 11 19 12
7200 12 14 5
7200 13 26 20
7200 14 7 45
7200 15 12 28
7200 16 36 11
7200 17 50 30
7200 18 47 35
7200 19 9 27
7200 20 22 32
7200 21 48 38
7200 22 49 39
7200 23 32 38
7200 24 5 5
7200 25 19 35
7200 26 36 6
7200 27 13 34
7200 28 10 10
7200 29 9 6
7200 30 37 23
7200 31 10 39
7200 32 33 0
7200 33 41 20
7200 34 31 38
7200 35 26 4
7200 36 22 8
7200 37 44 44
7200 38 27 28
7200 39 25 48
7200 40 11 48
7200 41 48 8
7200 42 24 49
7200 43 19 35
7200 44 48 33
7200 45 20 7
7200 46 26 4
7200 47 39 46
7200 48 39 0
7200 49 49 1
7200 50 13 17
7200 51 0 16
7200 52 20 18
7200 53 40 15
7200 54 5 44
7200 55 32 33
7200 56 34 29
7200 57 48 4
7200 58 12 12
7200 59 43 2
7200 60 19 1
7200 61 13 19
7200 62 26 30
7200 63 39 17
7200 64 50 0
7200 65 4 43
7200 66 48 1
7200 67 36 37
7200 68 11 45
7200 69 2 25
7200 70 31 35
7200 71 6 29
7200 72 25 24
7200 73 27 12
7200 74 42 10
7200 75 46 47
7200 76 48 18
7200 77 40 40
7200 78 42 43
7200 79 35 39
7200 80 35 1
7200 81 36 34
7200 82 47 41
7200 83 41 50
7200 84 17 7
7200 85 39 5
7200 86 42 14
7200 87 8 32
7200 88 24 0
7200 89 8 20
7200 90 24 33
7200 91 6 6
7200 92 9 36
7200 93 50 48
7200 94 29 25
7200 95 41 15
7200 96 5 24
7200 97 10 26
7200 98 47 49
7200 99 10 47
7200 100 25 24
7200 101 18 33
7200 102 31 11
7200 103 9 26
7200 104 42 2
7200 105 5 34
7200 106 24 24
7200 107 34 22
7200 108 5 37
7200 109 12 1
7200 110 40 0
7200 111 18 43
7200 112 48 3
7200 113 35 18
7200 114 41 45
7200 115 47 1
7200 116 35 39
7200 117 1 36
7200 118 19 35
7200 119 18 36
7200 120 26 5
7200 121 43 12
7200 122 28 11
7200 123 0 0
7200 124 31 10
7200 125 10 23
7200 126 9 27
7200 127 39 11
7200 128 25 24
7200 129 13 32
7200 130 26 25
7200 131 39 34
7200 132 7 33
7200 133 3 1
7200 134 32 30
7200 135 32 44
7200 136 2 37
7200 137 23 12
7200 138 27 8
7200 139 46 11
7200 140 41 36
7200 141 15 33
7200 142 5 27
7200 143 14 37
7200 144 4 28
7200 145 8 25
7200 146 35 17
7200 147 34 49
7200 148 5 18
7200 149 31 27
