0 7200 0 300 0 300
0 0 37 39
0 1 0 7
0 2 47 35
0 3 48 34
0 4 17 8
0 5 39 40
0 6 6 48
0 7 16 4
0 8 50 44
0 9 13 21
0 10 26 3
0 11 50 41
0 12 0 12
0 13 34 32
0 14 49 32
0 15 28 8
0 16 26 6
0 17 50 7
0 18 4 45
0 19 46 14
0 20 2 28
0 21 19 24
0 22 22 30
0 23 18 21
0 24 20 9
0 25 44 38
0 26 41 8
0 27 41 10
0 28 47 22
0 29 25 2
0 30 50 47
0 31 45 41
0 32 16 31
0 33 39 43
0 34 12 26
0 35 33 15
0 36 33 26
0 37 49 21
0 38 44 16
0 39 31 46
0 40 48 35
0 41 16 2
0 42 27 28
0 43 20 39
0 44 12 23
0 45 7 25
0 46 28 37
0 47 15 25
0 48 5 43
0 49 32 40
0 50 15 27
0 51 42 36
0 52 40 15
0 53 31 0
0 54 0 32
0 55 30 31
0 56 35 19
0 57 46 49
0 58 45 18
0 59 46 31
0 60 43 35
0 61 41 46
0 62 13 20
0 63 1 47
0 64 45 40
0 65 20 34
0 66 14 45
0 67 40 1
0 68 15 46
0 69 17 49
0 70 28 32
0 71 33 44
0 72 47 34
0 73 16 25
0 74 27 9
0 75 1 41
0 76 50 39
0 77 7 31
0 78 16 42
0 79 40 13
0 80 21 35
0 81 29 16
0 82 29 22
0 83 20 28
0 84 1 13
0 85 16 45
0 86 21 37
0 87 42 5
0 88 2 44
0 89 3 3
0 90 13 3
0 91 48 6
0 92 49 42
0 93 15 16
0 94 31 17
0 95 1 7
0 96 49 21
0 97 11 8
0 98 38 8
0 99 3 29
0 100 42 43
0 101 47 13
0 102 33 36
0 103 32 1
0 104 45 3
0 105 27 30
0 106 4 46
0 107 43 39
0 108 12 35
0 109 28 21
0 110 7 38
0 111 20 20
0 112 37 26
0 113 26 46
0 114 49 35
0 115 1 44
0 116 20 23
0 117 40 23
0 118 48 26
0 119 31 33
0 120 12 6
0 121 34 17
0 122 17 43
0 123 47 45
0 124 33 20
0 125 33 21
0 126 25 6
0 127 22 4
0 128 23 47
0 129 43 29
0 130 3 3
0 131 15 27
0 132 48 18
0 133 3 47
0 134 6 26
0 135 31 33
0 136 4 39
0 137 18 36
0 138 9 48
0 139 6 40
0 140 44 47
0 141 21 30
0 142 37 17
0 143 9 38
0 144 12 39
0 145 7 10
0 146 3 5
0 147 27 20
0 148 35 36
0 149 45 44
0 150 50 0
0 151 12 20
0 152 9 3
0 153 35 7
0 154 8 29
0 155 44 31
0 156 23 23
0 157 30 36
0 158 42 48
0 159 14 6
0 160 49 0
0 161 10 4
0 162 43 4
0 163 12 10
0 164 36 1
0 165 47 24
0 166 32 35
0 167 0 0
0 168 42 4
0 169 39 7
0 170 1 36
0 171 29 2
0 172 36 16
0 173 29 46
0 174 35 35
0 175 20 4
0 176 30 27
0 177 50 10
0 178 36 30
0 179 41 24
0 180 25 9
0 181 42 37
0 182 41 11
0 183 40 16
0 184 9 13
0 185 11 31
0 186 5 0
0 187 20 11
0 188 46 2
0 189 23 20
0 190 17 15
0 191 48 29
0 192 21 15
0 193 25 1
0 194 47 3
0 195 40 20
0 196 38 13
0 197 36 32
0 198 34 12
0 199 22 35
600 0 37 39
600 1 0 7
600 2 47 35
600 3 48 34
600 4 17 8
600 5 33 27
600 6 4 44
600 7 16 4
600 8 50 44
600 9 13 21
600 10 26 3
600 11 40 16
600 12 0 12
600 13 34 32
600 14 49 32
600 15 28 8
600 16 26 6
600 17 50 7
600 18 4 45
600 19 46 14
600 20 3 39
600 21 19 24
600 22 22 30
600 23 18 21
600 24 20 9
600 25 23 47
600 26 43 35
600 27 41 10
600 28 47 22
600 29 25 2
600 30 29 41
600 31 45 41
600 32 16 31
600 33 39 43
600 34 34 10
600 35 33 15
600 36 31 38
600 37 49 21
600 38 44 16
600 39 31 46
600 40 48 35
600 41 16 2
600 42 27 28
600 43 20 39
600 44 12 23
600 45 15 38
600 46 28 37
600 47 15 25
600 48 5 43
600 49 32 40
600 50 46 48
600 51 42 36
600 52 40 15
600 53 31 0
600 54 11 18
600 55 30 31
600 56 35 19
600 57 15 40
600 58 45 18
600 59 46 31
600 60 43 35
600 61 41 46
600 62 1 41
600 63 1 47
600 64 45 40
600 65 20 34
600 66 14 45
600 67 26 6
600 68 15 46
600 69 17 49
600 70 36 32
600 71 33 44
600 72 47 34
600 73 16 25
600 74 27 9
600 75 1 41
600 76 50 39
600 77 7 31
600 78 16 42
600 79 40 13
600 80 21 35
600 81 29 16
600 82 29 22
600 83 20 28
600 84 1 13
600 85 16 45
600 86 21 37
600 87 27 14
600 88 2 44
600 89 3 3
600 90 13 3
600 91 48 6
600 92 49 42
600 93 15 16
600 94 31 17
600 95 1 7
600 96 49 21
600 97 11 8
600 98 38 8
600 99 3 29
600 100 42 43
600 101 47 13
600 102 33 36
600 103 1 6
600 104 45 3
600 105 13 14
600 106 4 46
600 107 43 39
600 108 12 35
600 109 3 12
600 110 25 45
600 111 20 20
600 112 37 26
600 113 42 21
600 114 49 35
600 115 1 44
600 116 20 39
600 117 40 23
600 118 48 26
600 119 31 33
600 120 12 6
600 121 34 17
600 122 17 43
600 123 47 45
600 124 33 20
600 125 33 21
600 126 42 43
600 127 41 17
600 128 23 47
600 129 43 29
600 130 3 3
600 131 29 35
600 132 48 18
600 133 3 47
600 134 6 26
600 135 31 33
600 136 4 39
600 137 18 36
600 138 9 48
600 139 6 40
600 140 44 47
600 141 21 30
600 142 37 14
600 143 30 13
600 144 12 39
600 145 5 0
600 146 3 5
600 147 27 20
600 148 36 48
600 149 9 23
600 150 50 0
600 151 12 20
600 152 9 3
600 153 35 7
600 154 8 29
600 155 44 31
600 156 23 23
600 157 30 36
600 158 42 48
600 159 14 6
600 160 49 0
600 161 10 4
600 162 28 46
600 163 43 35
600 164 36 1
600 165 47 24
600 166 32 35
600 167 0 0
600 168 42 4
600 169 39 7
600 170 49 25
600 171 29 2
600 172 36 16
600 173 29 46
600 174 35 35
600 175 20 4
600 176 7 38
600 177 50 10
600 178 36 30
600 179 41 24
600 180 29 37
600 181 42 37
600 182 35 21
600 183 40 16
600 184 9 13
600 185 30 49
600 186 5 0
600 187 10 45
600 188 46 2
600 189 23 20
600 190 7 46
600 191 48 29
600 192 21 15
600 193 25 1
600 194 47 3
600 195 40 20
600 196 38 13
600 197 36 32
600 198 34 12
600 199 22 35
1200 0 37 39
1200 1 0 7
1200 2 47 35
1200 3 48 34
1200 4 12 8
1200 5 33 27
1200 6 4 44
1200 7 16 4
1200 8 50 44
1200 9 13 21
1200 10 26 3
1200 11 40 16
1200 12 0 12
1200 13 15 49
1200 14 49 7
1200 15 28 8
1200 16 26 6
1200 17 50 7
1200 18 4 45
1200 19 46 14
1200 20 3 39
1200 21 19 24
1200 22 22 30
1200 23 18 21
1200 24 20 9
1200 25 23 47
1200 26 15 14
1200 27 41 10
1200 28 49 26
1200 29 11 39
1200 30 33 10
1200 31 45 41
1200 32 16 31
1200 33 19 47
1200 34 43 26
1200 35 33 15
1200 36 31 38
1200 37 31 39
1200 38 44 16
1200 39 31 46
1200 40 48 35
1200 41 16 2
1200 42 27 28
1200 43 8 22
1200 44 12 23
1200 45 15 38
1200 46 28 37
1200 47 32 3
1200 48 5 43
1200 49 32 40
1200 50 46 48
1200 51 42 36
1200 52 40 15
1200 53 36 42
1200 54 11 18
1200 55 30 31
1200 56 41 9
1200 57 15 40
1200 58 45 18
1200 59 46 31
1200 60 43 35
1200 61 41 46
1200 62 1 41
1200 63 1 47
1200 64 45 40
1200 65 20 34
1200 66 14 45
1200 67 26 6
1200 68 15 46
1200 69 17 49
1200 70 36 32
1200 71 4 33
1200 72 47 34
1200 73 23 41
1200 74 27 9
1200 75 1 41
1200 76 50 39
1200 77 7 31
1200 78 16 42
1200 79 40 13
1200 80 21 35
1200 81 29 16
1200 82 29 22
1200 83 20 28
1200 84 1 13
1200 85 16 45
1200 86 21 37
1200 87 27 14
1200 88 2 44
1200 89 3 3
1200 90 13 3
1200 91 48 6
1200 92 49 42
1200 93 10 42
1200 94 31 17
1200 95 1 7
1200 96 49 21
1200 97 11 8
1200 98 38 8
1200 99 3 29
1200 100 42 43
1200 101 40 2
1200 102 33 36
1200 103 1 6
1200 104 45 3
1200 105 13 14
1200 106 4 46
1200 107 43 39
1200 108 12 35
1200 109 36 18
1200 110 25 45
1200 111 31 13
1200 112 37 26
1200 113 48 32
1200 114 49 35
1200 115 18 5
1200 116 24 46
1200 117 40 23
1200 118 48 26
1200 119 31 33
1200 120 19 31
1200 121 34 17
1200 122 17 43
1200 123 47 45
1200 124 33 20
1200 125 13 41
1200 126 16 3
1200 127 41 17
1200 128 23 47
1200 129 43 29
1200 130 3 3
1200 131 1 0
1200 132 48 18
1200 133 3 47
1200 134 45 0
1200 135 31 33
1200 136 4 39
1200 137 18 36
1200 138 9 48
1200 139 6 40
1200 140 44 47
1200 141 7 42
1200 142 46 23
1200 143 30 13
1200 144 12 39
1200 145 37 35
1200 146 0 20
1200 147 27 20
1200 148 36 48
1200 149 9 23
1200 150 17 19
1200 151 12 20
1200 152 5 18
1200 153 35 7
1200 154 8 29
1200 155 44 31
1200 156 47 50
1200 157 30 36
1200 158 42 48
1200 159 14 6
1200 160 49 0
1200 161 10 4
1200 162 28 46
1200 163 43 35
1200 164 36 1
1200 165 23 22
1200 166 32 35
1200 167 0 0
1200 168 42 4
1200 169 39 7
1200 170 49 25
1200 171 29 2
1200 172 36 16
1200 173 29 46
1200 174 35 35
1200 175 20 4
1200 176 7 38
1200 177 50 10
1200 178 36 30
1200 179 41 24
1200 180 45 4
1200 181 42 37
1200 182 43 40
1200 183 40 16
1200 184 9 13
1200 185 30 49
1200 186 5 0
1200 187 10 45
1200 188 46 2
1200 189 23 20
1200 190 7 46
1200 191 48 29
1200 192 21 15
1200 193 25 1
1200 194 43 1
1200 195 40 20
1200 196 50 30
1200 197 36 32
1200 198 34 12
1200 199 22 35
1800 0 37 39
1800 1 0 7
1800 2 47 35
1800 3 48 34
1800 4 50 5
1800 5 33 27
1800 6 4 44
1800 7 16 4
1800 8 50 44
1800 9 13 21
1800 10 26 3
1800 11 40 16
1800 12 0 12
1800 13 15 49
1800 14 49 7
1800 15 28 8
1800 16 26 6
1800 17 4 12
1800 18 4 45
1800 19 46 14
1800 20 3 39
1800 21 19 24
1800 22 22 30
1800 23 18 21
1800 24 42 48
1800 25 23 47
1800 26 15 14
1800 27 41 10
1800 28 49 26
1800 29 46 40
1800 30 33 10
1800 31 48 12
1800 32 20 50
1800 33 19 47
1800 34 11 4
1800 35 33 15
1800 36 10 48
1800 37 31 39
1800 38 44 16
1800 39 31 46
1800 40 48 35
1800 41 16 2
1800 42 27 28
1800 43 8 22
1800 44 12 23
1800 45 9 41
1800 46 29 46
1800 47 32 3
1800 48 5 43
1800 49 29 3
1800 50 46 48
1800 51 42 36
1800 52 40 15
1800 53 36 42
1800 54 11 18
1800 55 7 48
1800 56 41 9
1800 57 15 40
1800 58 45 18
1800 59 41 44
1800 60 43 35
1800 61 41 46
1800 62 1 41
1800 63 1 47
1800 64 45 40
1800 65 20 34
1800 66 14 45
1800 67 26 6
1800 68 15 46
1800 69 17 49
1800 70 27 18
1800 71 4 33
1800 72 47 34
1800 73 23 41
1800 74 27 9
1800 75 0 24
1800 76 7 25
1800 77 7 31
1800 78 16 42
1800 79 40 13
1800 80 21 35
1800 81 29 16
1800 82 30 7
1800 83 20 28
1800 84 1 13
1800 85 16 45
1800 86 21 37
1800 87 27 14
1800 88 23 16
1800 89 3 3
1800 90 46 5
1800 91 48 6
1800 92 2 3
1800 93 27 2
1800 94 31 17
1800 95 1 7
1800 96 49 2
1800 97 11 8
1800 98 38 8
1800 99 3 29
1800 100 11 38
1800 101 40 2
1800 102 33 36
1800 103 1 6
1800 104 45 3
1800 105 13 14
1800 106 4 46
1800 107 43 39
1800 108 12 35
1800 109 36 18
1800 110 25 45
1800 111 31 13
1800 112 37 26
1800 113 48 32
1800 114 49 35
1800 115 18 5
1800 116 24 46
1800 117 40 23
1800 118 48 26
1800 119 31 33
1800 120 19 31
1800 121 34 17
1800 122 17 43
1800 123 47 45
1800 124 33 20
1800 125 13 41
1800 126 17 28
1800 127 41 17
1800 128 23 47
1800 129 43 29
1800 130 3 3
1800 131 1 0
1800 132 48 18
1800 133 3 47
1800 134 11 24
1800 135 31 33
1800 136 4 39
1800 137 18 36
1800 138 9 48
1800 139 6 40
1800 140 44 47
1800 141 7 42
1800 142 7 26
1800 143 30 13
1800 144 35 15
1800 145 37 35
1800 146 0 40
1800 147 27 20
1800 148 36 48
1800 149 9 23
1800 150 6 39
1800 151 27 5
1800 152 18 37
1800 153 35 7
1800 154 35 2
1800 155 44 31
1800 156 47 50
1800 157 30 36
1800 158 42 48
1800 159 14 6
1800 160 37 15
1800 161 10 4
1800 162 28 46
1800 163 43 35
1800 164 36 1
1800 165 23 22
1800 166 32 35
1800 167 0 0
1800 168 19 11
1800 169 39 7
1800 170 49 25
1800 171 29 2
1800 172 36 16
1800 173 29 46
1800 174 35 35
1800 175 20 4
1800 176 7 38
1800 177 50 10
1800 178 36 30
1800 179 17 49
1800 180 45 4
1800 181 18 35
1800 182 43 40
1800 183 27 20
1800 184 9 13
1800 185 30 49
1800 186 5 0
1800 187 10 45
1800 188 46 2
1800 189 23 20
1800 190 7 46
1800 191 44 20
1800 192 16 41
1800 193 25 1
1800 194 43 1
1800 195 40 20
1800 196 38 35
1800 197 36 32
1800 198 34 12
1800 199 22 35
2400 0 37 39
2400 1 0 7
2400 2 47 35
2400 3 48 34
2400 4 34 22
2400 5 33 27
2400 6 4 44
2400 7 45 26
2400 8 50 44
2400 9 13 21
2400 10 26 3
2400 11 40 16
2400 12 0 12
2400 13 49 7
2400 14 49 7
2400 15 28 8
2400 16 34 11
2400 17 4 12
2400 18 4 45
2400 19 46 14
2400 20 3 39
2400 21 19 24
2400 22 22 30
2400 23 18 21
2400 24 42 48
2400 25 38 24
2400 26 15 14
2400 27 34 41
2400 28 16 26
2400 29 5 39
2400 30 33 10
2400 31 48 12
2400 32 20 50
2400 33 45 17
2400 34 49 39
2400 35 33 15
2400 36 10 48
2400 37 31 39
2400 38 44 16
2400 39 31 46
2400 40 48 35
2400 41 29 10
2400 42 27 28
2400 43 8 22
2400 44 12 23
2400 45 5 27
2400 46 8 22
2400 47 32 3
2400 48 5 43
2400 49 29 3
2400 50 46 48
2400 51 42 36
2400 52 40 15
2400 53 36 42
2400 54 11 18
2400 55 7 48
2400 56 41 9
2400 57 15 40
2400 58 45 18
2400 59 41 44
2400 60 43 35
2400 61 41 46
2400 62 1 41
2400 63 49 2
2400 64 45 40
2400 65 20 34
2400 66 14 45
2400 67 38 24
2400 68 15 46
2400 69 22 23
2400 70 27 18
2400 71 4 33
2400 72 47 34
2400 73 24 23
2400 74 27 9
2400 75 0 24
2400 76 7 25
2400 77 7 31
2400 78 40 46
2400 79 40 13
2400 80 21 35
2400 81 29 16
2400 82 30 7
2400 83 20 28
2400 84 1 13
2400 85 16 45
2400 86 21 37
2400 87 27 14
2400 88 23 16
2400 89 3 3
2400 90 46 5
2400 91 43 0
2400 92 2 3
2400 93 27 2
2400 94 31 17
2400 95 1 7
2400 96 5 9
2400 97 22 12
2400 98 46 23
2400 99 3 29
2400 100 22 34
2400 101 40 2
2400 102 33 36
2400 103 1 6
2400 104 45 3
2400 105 13 14
2400 106 37 43
2400 107 43 39
2400 108 12 35
2400 109 36 18
2400 110 25 45
2400 111 0 24
2400 112 37 26
2400 113 48 32
2400 114 49 35
2400 115 18 5
2400 116 24 46
2400 117 35 42
2400 118 48 26
2400 119 31 33
2400 120 19 31
2400 121 34 17
2400 122 17 43
2400 123 47 45
2400 124 33 20
2400 125 13 41
2400 126 17 28
2400 127 41 17
2400 128 42 12
2400 129 43 29
2400 130 3 3
2400 131 1 0
2400 132 48 18
2400 133 3 47
2400 134 33 18
2400 135 31 33
2400 136 4 39
2400 137 18 36
2400 138 9 48
2400 139 6 40
2400 140 44 47
2400 141 7 42
2400 142 7 26
2400 143 30 13
2400 144 1 43
2400 145 20 30
2400 146 0 40
2400 147 27 20
2400 148 36 48
2400 149 9 23
2400 150 35 28
2400 151 27 5
2400 152 18 37
2400 153 35 7
2400 154 35 2
2400 155 44 31
2400 156 47 50
2400 157 30 36
2400 158 42 48
2400 159 14 6
2400 160 37 15
2400 161 10 4
2400 162 28 46
2400 163 43 35
2400 164 36 1
2400 165 23 22
2400 166 32 35
2400 167 0 0
2400 168 19 11
2400 169 39 7
2400 170 6 26
2400 171 29 2
2400 172 28 19
2400 173 29 46
2400 174 35 35
2400 175 20 4
2400 176 7 38
2400 177 50 10
2400 178 38 20
2400 179 15 23
2400 180 4 17
2400 181 18 35
2400 182 43 40
2400 183 27 20
2400 184 9 13
2400 185 23 19
2400 186 5 0
2400 187 10 45
2400 188 46 2
2400 189 23 20
2400 190 7 46
2400 191 44 20
2400 192 16 41
2400 193 25 1
2400 194 43 1
2400 195 40 20
2400 196 38 35
2400 197 36 32
2400 198 9 49
2400 199 22 35
3000 0 37 39
3000 1 0 7
3000 2 47 35
3000 3 48 34
3000 4 34 22
3000 5 49 18
3000 6 4 44
3000 7 45 26
3000 8 50 44
3000 9 26 9
3000 10 11 31
3000 11 40 16
3000 12 0 12
3000 13 49 7
3000 14 11 4
3000 15 28 8
3000 16 34 11
3000 17 14 33
3000 18 4 45
3000 19 36 0
3000 20 3 39
3000 21 19 24
3000 22 22 30
3000 23 18 21
3000 24 9 35
3000 25 38 24
3000 26 15 14
3000 27 34 41
3000 28 16 26
3000 29 5 39
3000 30 33 10
3000 31 48 12
3000 32 20 50
3000 33 45 17
3000 34 49 39
3000 35 33 15
3000 36 10 48
3000 37 31 39
3000 38 44 16
3000 39 31 46
3000 40 48 35
3000 41 29 10
3000 42 27 28
3000 43 8 22
3000 44 12 23
3000 45 5 27
3000 46 8 22
3000 47 32 3
3000 48 5 43
3000 49 50 11
3000 50 46 48
3000 51 42 36
3000 52 40 15
3000 53 36 42
3000 54 11 18
3000 55 41 19
3000 56 11 23
3000 57 15 40
3000 58 45 18
3000 59 41 44
3000 60 43 35
3000 61 41 46
3000 62 1 41
3000 63 49 2
3000 64 45 40
3000 65 20 34
3000 66 14 45
3000 67 38 24
3000 68 44 8
3000 69 22 23
3000 70 30 38
3000 71 4 33
3000 72 47 34
3000 73 24 23
3000 74 27 9
3000 75 0 24
3000 76 7 25
3000 77 7 31
3000 78 45 0
3000 79 10 32
3000 80 21 35
3000 81 29 16
3000 82 30 7
3000 83 20 28
3000 84 34 42
3000 85 16 45
3000 86 21 37
3000 87 1 15
3000 88 23 16
3000 89 3 3
3000 90 46 5
3000 91 43 0
3000 92 2 3
3000 93 27 2
3000 94 31 17
3000 95 1 7
3000 96 5 9
3000 97 22 12
3000 98 46 23
3000 99 3 29
3000 100 22 34
3000 101 40 2
3000 102 7 24
3000 103 1 6
3000 104 22 24
3000 105 2 11
3000 106 6 42
3000 107 43 39
3000 108 12 35
3000 109 36 18
3000 110 19 21
3000 111 0 24
3000 112 37 26
3000 113 48 32
3000 114 49 35
3000 115 14 12
3000 116 24 46
3000 117 35 42
3000 118 46 26
3000 119 31 33
3000 120 19 31
3000 121 34 17
3000 122 17 43
3000 123 47 45
3000 124 33 20
3000 125 43 13
3000 126 17 28
3000 127 41 17
3000 128 42 12
3000 129 43 29
3000 130 3 3
3000 131 1 0
3000 132 26 44
3000 133 3 47
3000 134 12 41
3000 135 31 33
3000 136 4 39
3000 137 18 36
3000 138 9 48
3000 139 27 41
3000 140 44 47
3000 141 7 42
3000 142 7 26
3000 143 31 23
3000 144 41 11
3000 145 26 37
3000 146 34 20
3000 147 27 20
3000 148 36 48
3000 149 9 23
3000 150 35 28
3000 151 27 5
3000 152 18 37
3000 153 35 7
3000 154 16 50
3000 155 44 31
3000 156 28 28
3000 157 30 36
3000 158 42 48
3000 159 14 6
3000 160 5 22
3000 161 10 4
3000 162 49 35
3000 163 43 35
3000 164 37 39
3000 165 23 22
3000 166 32 35
3000 167 0 0
3000 168 19 11
3000 169 39 7
3000 170 6 26
3000 171 29 2
3000 172 28 19
3000 173 29 46
3000 174 35 35
3000 175 20 4
3000 176 7 38
3000 177 50 10
3000 178 38 20
3000 179 15 23
3000 180 4 17
3000 181 18 35
3000 182 43 40
3000 183 27 20
3000 184 9 13
3000 185 45 2
3000 186 22 22
3000 187 4 17
3000 188 46 2
3000 189 23 20
3000 190 7 46
3000 191 44 20
3000 192 16 41
3000 193 35 1
3000 194 43 1
3000 195 40 20
3000 196 38 35
3000 197 36 32
3000 198 9 49
3000 199 22 35
3600 0 37 39
3600 1 0 7
3600 2 47 35
3600 3 48 34
3600 4 29 28
3600 5 49 18
3600 6 4 44
3600 7 45 26
3600 8 50 44
3600 9 22 36
3600 10 11 31
3600 11 40 16
3600 12 0 12
3600 13 49 7
3600 14 11 4
3600 15 28 8
3600 16 34 11
3600 17 14 33
3600 18 4 45
3600 19 36 0
3600 20 3 39
3600 21 19 24
3600 22 22 30
3600 23 31 30
3600 24 9 35
3600 25 38 24
3600 26 0 28
3600 27 34 41
3600 28 13 22
3600 29 23 4
3600 30 33 10
3600 31 48 12
3600 32 20 50
3600 33 45 17
3600 34 49 39
3600 35 33 15
3600 36 10 48
3600 37 31 39
3600 38 44 16
3600 39 31 46
3600 40 48 35
3600 41 15 10
3600 42 27 28
3600 43 8 22
3600 44 12 23
3600 45 5 27
3600 46 8 22
3600 47 32 3
3600 48 12 14
3600 49 50 11
3600 50 38 26
3600 51 42 36
3600 52 40 15
3600 53 36 42
3600 54 11 18
3600 55 36 0
3600 56 11 23
3600 57 15 40
3600 58 38 13
3600 59 41 44
3600 60 43 35
3600 61 9 31
3600 62 1 41
3600 63 10 8
3600 64 45 40
3600 65 20 34
3600 66 14 45
3600 67 38 24
3600 68 44 8
3600 69 22 23
3600 70 28 2
3600 71 4 33
3600 72 47 34
3600 73 24 23
3600 74 27 9
3600 75 0 24
3600 76 7 25
3600 77 7 31
3600 78 7 41
3600 79 10 32
3600 80 23 27
3600 81 22 32
3600 82 30 7
3600 83 20 28
3600 84 22 45
3600 85 16 45
3600 86 21 37
3600 87 1 15
3600 88 23 16
3600 89 3 3
3600 90 46 5
3600 91 43 0
3600 92 2 3
3600 93 27 2
3600 94 31 17
3600 95 1 7
3600 96 5 9
3600 97 22 12
3600 98 46 23
3600 99 21 37
3600 100 22 34
3600 101 40 2
3600 102 12 26
3600 103 1 6
3600 104 22 24
3600 105 2 11
3600 106 6 42
3600 107 43 39
3600 108 2 11
3600 109 36 18
3600 110 19 21
3600 111 9 36
3600 112 42 10
3600 113 40 1
3600 114 44 40
3600 115 14 12
3600 116 24 46
3600 117 35 42
3600 118 46 26
3600 119 7 14
3600 120 19 31
3600 121 34 17
3600 122 17 43
3600 123 47 45
3600 124 33 20
3600 125 43 13
3600 126 17 28
3600 127 41 17
3600 128 42 12
3600 129 2 7
3600 130 3 3
3600 131 1 0
3600 132 26 44
3600 133 3 47
3600 134 12 41
3600 135 31 33
3600 136 4 39
3600 137 18 36
3600 138 9 48
3600 139 27 41
3600 140 44 47
3600 141 7 42
3600 142 7 26
3600 143 11 6
3600 144 41 11
3600 145 21 30
3600 146 34 20
3600 147 27 20
3600 148 36 48
3600 149 9 23
3600 150 35 28
3600 151 27 5
3600 152 27 1
3600 153 35 7
3600 154 16 50
3600 155 50 47
3600 156 4 3
3600 157 30 36
3600 158 42 48
3600 159 14 6
3600 160 5 22
3600 161 42 15
3600 162 49 35
3600 163 43 35
3600 164 37 39
3600 165 23 22
3600 166 32 35
3600 167 29 11
3600 168 19 11
3600 169 39 7
3600 170 6 26
3600 171 49 22
3600 172 28 19
3600 173 29 46
3600 174 35 35
3600 175 20 4
3600 176 7 38
3600 177 50 10
3600 178 38 20
3600 179 15 23
3600 180 4 17
3600 181 18 35
3600 182 43 40
3600 183 27 20
3600 184 9 13
3600 185 45 2
3600 186 22 22
3600 187 4 17
3600 188 28 18
3600 189 23 20
3600 190 7 46
3600 191 32 3
3600 192 22 14
3600 193 35 1
3600 194 43 1
3600 195 40 20
3600 196 38 35
3600 197 25 30
3600 198 9 49
3600 199 22 35
4200 0 37 39
4200 1 0 7
4200 2 47 35
4200 3 48 34
4200 4 37 6
4200 5 20 23
4200 6 20 46
4200 7 45 26
4200 8 50 44
4200 9 22 36
4200 10 11 31
4200 11 40 16
4200 12 0 12
4200 13 49 7
4200 14 11 4
4200 15 16 45
4200 16 34 11
4200 17 14 33
4200 18 4 45
4200 19 36 0
4200 20 3 39
4200 21 19 24
4200 22 22 30
4200 23 31 30
4200 24 9 35
4200 25 38 24
4200 26 7 49
4200 27 18 32
4200 28 13 22
4200 29 23 4
4200 30 33 10
4200 31 48 12
4200 32 20 50
4200 33 45 17
4200 34 26 20
4200 35 33 15
4200 36 10 48
4200 37 31 39
4200 38 44 16
4200 39 31 46
4200 40 48 35
4200 41 15 10
4200 42 27 28
4200 43 35 11
4200 44 23 16
4200 45 5 27
4200 46 8 22
4200 47 32 3
4200 48 12 14
4200 49 50 11
4200 50 3 24
4200 51 42 36
4200 52 40 15
4200 53 36 42
4200 54 42 40
4200 55 36 0
4200 56 11 23
4200 57 15 40
4200 58 38 13
4200 59 41 44
4200 60 43 35
4200 61 17 0
4200 62 1 41
4200 63 10 8
4200 64 12 17
4200 65 20 34
4200 66 21 50
4200 67 20 9
4200 68 44 8
4200 69 22 23
4200 70 28 2
4200 71 4 33
4200 72 44 32
4200 73 48 31
4200 74 27 9
4200 75 0 24
4200 76 7 25
4200 77 7 31
4200 78 7 41
4200 79 10 32
4200 80 23 27
4200 81 22 32
4200 82 30 7
4200 83 20 28
4200 84 37 29
4200 85 16 45
4200 86 40 16
4200 87 18 18
4200 88 23 16
4200 89 3 3
4200 90 46 5
4200 91 43 0
4200 92 2 3
4200 93 27 2
4200 94 31 17
4200 95 1 7
4200 96 5 9
4200 97 22 12
4200 98 46 23
4200 99 21 37
4200 100 22 34
4200 101 40 2
4200 102 12 26
4200 103 1 6
4200 104 22 24
4200 105 2 11
4200 106 1 13
4200 107 43 39
4200 108 27 47
4200 109 36 18
4200 110 19 21
4200 111 9 36
4200 112 42 10
4200 113 40 1
4200 114 44 40
4200 115 14 12
4200 116 24 46
4200 117 35 42
4200 118 46 26
4200 119 31 22
4200 120 21 41
4200 121 34 17
4200 122 17 43
4200 123 47 45
4200 124 50 22
4200 125 43 13
4200 126 41 5
4200 127 41 17
4200 128 42 12
4200 129 2 7
4200 130 3 3
4200 131 1 0
4200 132 26 44
4200 133 21 44
4200 134 12 41
4200 135 31 33
4200 136 4 39
4200 137 49 0
4200 138 9 48
4200 139 27 41
4200 140 44 47
4200 141 7 42
4200 142 7 26
4200 143 11 6
4200 144 41 11
4200 145 48 16
4200 146 50 48
4200 147 6 7
4200 148 36 48
4200 149 9 23
4200 150 35 28
4200 151 26 34
4200 152 27 1
4200 153 35 7
4200 154 44 24
4200 155 50 47
4200 156 4 3
4200 157 30 36
4200 158 42 48
4200 159 14 6
4200 160 5 22
4200 161 42 15
4200 162 38 29
4200 163 43 35
4200 164 4 22
4200 165 42 2
4200 166 32 35
4200 167 29 11
4200 168 19 11
4200 169 39 7
4200 170 6 26
4200 171 49 22
4200 172 28 19
4200 173 28 24
4200 174 35 35
4200 175 20 4
4200 176 47 29
4200 177 50 10
4200 178 38 20
4200 179 15 23
4200 180 4 17
4200 181 18 35
4200 182 43 40
4200 183 27 20
4200 184 9 13
4200 185 30 16
4200 186 22 22
4200 187 4 17
4200 188 28 18
4200 189 23 20
4200 190 7 46
4200 191 32 3
4200 192 22 14
4200 193 35 1
4200 194 43 1
4200 195 40 20
4200 196 38 35
4200 197 25 30
4200 198 9 49
4200 199 22 35
4800 0 37 39
4800 1 0 7
4800 2 47 35
4800 3 48 34
4800 4 29 36
4800 5 20 23
4800 6 19 32
4800 7 45 26
4800 8 10 50
4800 9 12 25
4800 10 11 31
4800 11 40 16
4800 12 0 12
4800 13 38 48
4800 14 11 4
4800 15 49 17
4800 16 40 3
4800 17 7 12
4800 18 4 45
4800 19 10 26
4800 20 19 17
4800 21 19 24
4800 22 22 30
4800 23 31 30
4800 24 26 10
4800 25 38 24
4800 26 7 49
4800 27 18 32
4800 28 13 22
4800 29 23 4
4800 30 33 10
4800 31 48 12
4800 32 20 50
4800 33 26 17
4800 34 35 2
4800 35 33 15
4800 36 10 48
4800 37 31 39
4800 38 44 16
4800 39 30 44
4800 40 48 35
4800 41 15 10
4800 42 27 28
4800 43 35 11
4800 44 23 16
4800 45 5 27
4800 46 15 37
4800 47 47 35
4800 48 27 16
4800 49 50 11
4800 50 3 24
4800 51 38 32
4800 52 7 42
4800 53 36 42
4800 54 42 40
4800 55 39 49
4800 56 11 23
4800 57 15 40
4800 58 38 13
4800 59 41 44
4800 60 43 35
4800 61 43 17
4800 62 1 41
4800 63 10 8
4800 64 12 17
4800 65 20 34
4800 66 21 50
4800 67 20 9
4800 68 44 8
4800 69 46 16
4800 70 28 2
4800 71 4 33
4800 72 44 32
4800 73 11 46
4800 74 48 10
4800 75 0 24
4800 76 7 25
4800 77 7 31
4800 78 7 41
4800 79 10 32
4800 80 23 27
4800 81 22 32
4800 82 30 7
4800 83 20 28
4800 84 37 29
4800 85 16 45
4800 86 40 16
4800 87 39 30
4800 88 23 16
4800 89 3 3
4800 90 46 5
4800 91 43 0
4800 92 2 3
4800 93 27 2
4800 94 31 17
4800 95 1 7
4800 96 21 4
4800 97 22 12
4800 98 46 23
4800 99 21 37
4800 100 22 34
4800 101 40 2
4800 102 12 26
4800 103 1 6
4800 104 22 24
4800 105 2 11
4800 106 1 13
4800 107 43 39
4800 108 27 47
4800 109 36 18
4800 110 16 4
4800 111 9 36
4800 112 42 10
4800 113 49 22
4800 114 44 40
4800 115 14 12
4800 116 24 46
4800 117 35 42
4800 118 46 26
4800 119 17 16
4800 120 21 41
4800 121 19 36
4800 122 17 43
4800 123 47 45
4800 124 50 22
4800 125 43 13
4800 126 41 5
4800 127 41 17
4800 128 42 12
4800 129 2 7
4800 130 3 3
4800 131 1 0
4800 132 26 44
4800 133 1 32
4800 134 12 41
4800 135 31 33
4800 136 4 39
4800 137 49 0
4800 138 9 48
4800 139 27 41
4800 140 44 47
4800 141 7 42
4800 142 7 26
4800 143 11 6
4800 144 41 11
4800 145 48 16
4800 146 50 48
4800 147 6 7
4800 148 36 48
4800 149 9 23
4800 150 35 28
4800 151 26 34
4800 152 27 1
4800 153 3 1
4800 154 44 24
4800 155 50 47
4800 156 4 3
4800 157 30 36
4800 158 42 48
4800 159 14 6
4800 160 5 22
4800 161 42 15
4800 162 38 29
4800 163 43 35
4800 164 4 22
4800 165 42 2
4800 166 32 35
4800 167 29 11
4800 168 33 46
4800 169 39 7
4800 170 6 26
4800 171 15 3
4800 172 28 19
4800 173 28 24
4800 174 35 35
4800 175 20 4
4800 176 47 29
4800 177 50 10
4800 178 38 20
4800 179 15 23
4800 180 4 17
4800 181 38 22
4800 182 43 40
4800 183 27 20
4800 184 9 13
4800 185 30 16
4800 186 5 26
4800 187 4 17
4800 188 28 18
4800 189 23 20
4800 190 7 46
4800 191 18 42
4800 192 22 14
4800 193 35 1
4800 194 43 1
4800 195 40 20
4800 196 38 35
4800 197 8 34
4800 198 9 49
4800 199 21 10
5400 0 37 39
5400 1 0 7
5400 2 47 35
5400 3 48 34
5400 4 3 46
5400 5 20 23
5400 6 19 32
5400 7 45 26
5400 8 10 50
5400 9 40 48
5400 10 11 31
5400 11 40 16
5400 12 0 12
5400 13 38 48
5400 14 11 4
5400 15 49 17
5400 16 40 3
5400 17 7 12
5400 18 50 14
5400 19 10 26
5400 20 19 17
5400 21 19 24
5400 22 23 9
5400 23 31 30
5400 24 26 10
5400 25 38 24
5400 26 7 49
5400 27 18 32
5400 28 13 22
5400 29 23 4
5400 30 33 10
5400 31 28 9
5400 32 20 50
5400 33 26 17
5400 34 5 31
5400 35 33 15
5400 36 10 48
5400 37 46 0
5400 38 44 16
5400 39 45 31
5400 40 22 3
5400 41 15 10
5400 42 27 28
5400 43 35 11
5400 44 23 16
5400 45 5 27
5400 46 15 37
5400 47 47 35
5400 48 27 16
5400 49 22 10
5400 50 3 24
5400 51 38 32
5400 52 7 42
5400 53 36 42
5400 54 42 40
5400 55 39 49
5400 56 11 23
5400 57 15 40
5400 58 38 13
5400 59 41 44
5400 60 43 35
5400 61 27 32
5400 62 1 41
5400 63 10 8
5400 64 12 17
5400 65 20 34
5400 66 21 50
5400 67 20 9
5400 68 31 21
5400 69 46 16
5400 70 28 2
5400 71 37 19
5400 72 44 32
5400 73 11 46
5400 74 48 10
5400 75 0 24
5400 76 7 25
5400 77 7 31
5400 78 7 41
5400 79 39 13
5400 80 16 5
5400 81 22 32
5400 82 30 7
5400 83 20 28
5400 84 30 50
5400 85 16 45
5400 86 40 16
5400 87 39 30
5400 88 38 6
5400 89 3 3
5400 90 46 5
5400 91 43 0
5400 92 2 3
5400 93 27 2
5400 94 31 17
5400 95 1 7
5400 96 21 4
5400 97 24 22
5400 98 1 45
5400 99 21 37
5400 100 22 34
5400 101 40 2
5400 102 48 42
5400 103 1 6
5400 104 22 24
5400 105 2 11
5400 106 1 13
5400 107 43 39
5400 108 27 47
5400 109 36 18
5400 110 16 4
5400 111 21 35
5400 112 42 10
5400 113 49 22
5400 114 44 40
5400 115 14 12
5400 116 24 46
5400 117 49 28
5400 118 7 24
5400 119 17 16
5400 120 21 41
5400 121 19 36
5400 122 43 32
5400 123 47 45
5400 124 50 22
5400 125 10 50
5400 126 41 5
5400 127 39 11
5400 128 42 12
5400 129 2 7
5400 130 3 3
5400 131 1 0
5400 132 50 17
5400 133 1 32
5400 134 12 41
5400 135 31 33
5400 136 4 39
5400 137 49 0
5400 138 9 48
5400 139 27 41
5400 140 44 47
5400 141 49 21
5400 142 7 26
5400 143 11 6
5400 144 22 37
5400 145 48 16
5400 146 50 48
5400 147 48 25
5400 148 49 35
5400 149 9 23
5400 150 35 28
5400 151 26 34
5400 152 27 1
5400 153 3 1
5400 154 44 24
5400 155 50 47
5400 156 4 3
5400 157 30 36
5400 158 42 48
5400 159 14 6
5400 160 5 22
5400 161 42 15
5400 162 38 29
5400 163 43 35
5400 164 4 22
5400 165 28 12
5400 166 32 35
5400 167 29 11
5400 168 25 37
5400 169 45 44
5400 170 6 26
5400 171 15 3
5400 172 33 27
5400 173 15 40
5400 174 19 3
5400 175 20 4
5400 176 47 29
5400 177 50 10
5400 178 38 20
5400 179 15 23
5400 180 4 17
5400 181 38 22
5400 182 43 40
5400 183 27 20
5400 184 9 13
5400 185 30 16
5400 186 5 26
5400 187 4 17
5400 188 28 18
5400 189 23 20
5400 190 7 46
5400 191 38 19
5400 192 22 14
5400 193 35 1
5400 194 43 1
5400 195 40 20
5400 196 38 35
5400 197 8 34
5400 198 9 49
5400 199 39 33
6000 0 37 39
6000 1 0 7
6000 2 47 35
6000 3 48 34
6000 4 29 39
6000 5 20 23
6000 6 19 32
6000 7 45 26
6000 8 10 50
6000 9 40 48
6000 10 11 31
6000 11 40 16
6000 12 0 12
6000 13 38 48
6000 14 11 4
6000 15 39 49
6000 16 40 3
6000 17 7 12
6000 18 50 14
6000 19 43 49
6000 20 38 6
6000 21 19 24
6000 22 23 9
6000 23 31 30
6000 24 16 29
6000 25 38 24
6000 26 7 49
6000 27 18 32
6000 28 0 12
6000 29 23 4
6000 30 33 10
6000 31 28 9
6000 32 20 50
6000 33 26 17
6000 34 5 31
6000 35 33 15
6000 36 10 48
6000 37 46 0
6000 38 20 1
6000 39 45 31
6000 40 45 11
6000 41 15 10
6000 42 27 28
6000 43 35 11
6000 44 23 16
6000 45 5 27
6000 46 15 37
6000 47 47 35
6000 48 27 16
6000 49 22 10
6000 50 3 24
6000 51 41 30
6000 52 28 43
6000 53 17 35
6000 54 29 30
6000 55 39 49
6000 56 42 44
6000 57 15 40
6000 58 38 13
6000 59 41 44
6000 60 43 35
6000 61 27 32
6000 62 3 45
6000 63 44 17
6000 64 39 34
6000 65 20 34
6000 66 21 50
6000 67 20 9
6000 68 31 21
6000 69 46 16
6000 70 28 2
6000 71 37 19
6000 72 44 32
6000 73 11 46
6000 74 48 10
6000 75 0 24
6000 76 7 25
6000 77 7 31
6000 78 7 41
6000 79 29 4
6000 80 16 5
6000 81 22 32
6000 82 30 7
6000 83 20 28
6000 84 30 50
6000 85 16 45
6000 86 40 16
6000 87 39 30
6000 88 38 6
6000 89 3 3
6000 90 46 5
6000 91 43 0
6000 92 2 3
6000 93 27 2
6000 94 31 17
6000 95 1 7
6000 96 21 4
6000 97 22 32
6000 98 1 45
6000 99 21 37
6000 100 22 34
6000 101 40 2
6000 102 24 46
6000 103 1 6
6000 104 22 24
6000 105 2 11
6000 106 1 13
6000 107 43 39
6000 108 27 47
6000 109 36 18
6000 110 16 4
6000 111 21 35
6000 112 42 10
6000 113 49 22
6000 114 44 40
6000 115 12 39
6000 116 24 46
6000 117 24 43
6000 118 37 29
6000 119 17 16
6000 120 21 41
6000 121 19 36
6000 122 43 32
6000 123 47 45
6000 124 9 42
6000 125 50 39
6000 126 41 5
6000 127 39 11
6000 128 42 12
6000 129 2 7
6000 130 3 3
6000 131 1 0
6000 132 19 38
6000 133 1 32
6000 134 12 41
6000 135 31 33
6000 136 4 39
6000 137 49 0
6000 138 9 48
6000 139 27 41
6000 140 37 31
6000 141 49 21
6000 142 7 26
6000 143 34 38
6000 144 22 37
6000 145 48 16
6000 146 50 48
6000 147 23 16
6000 148 49 35
6000 149 9 23
6000 150 35 28
6000 151 26 34
6000 152 27 1
6000 153 3 1
6000 154 44 24
6000 155 39 1
6000 156 4 3
6000 157 35 12
6000 158 42 48
6000 159 21 13
6000 160 5 22
6000 161 40 18
6000 162 38 29
6000 163 43 35
6000 164 4 22
6000 165 28 12
6000 166 9 40
6000 167 29 11
6000 168 47 50
6000 169 45 44
6000 170 22 18
6000 171 15 3
6000 172 33 27
6000 173 15 40
6000 174 19 3
6000 175 20 4
6000 176 47 29
6000 177 50 10
6000 178 38 20
6000 179 15 23
6000 180 4 17
6000 181 38 22
6000 182 43 40
6000 183 6 4
6000 184 9 13
6000 185 30 16
6000 186 5 26
6000 187 4 17
6000 188 35 16
6000 189 23 20
6000 190 7 46
6000 191 38 19
6000 192 22 19
6000 193 21 7
6000 194 43 1
6000 195 40 20
6000 196 0 18
6000 197 8 34
6000 198 9 49
6000 199 39 33
6600 0 37 39
6600 1 0 7
6600 2 47 35
6600 3 48 34
6600 4 29 39
6600 5 13 36
6600 6 19 32
6600 7 45 26
6600 8 9 41
6600 9 40 48
6600 10 11 31
6600 11 40 16
6600 12 40 45
6600 13 11 1
6600 14 11 4
6600 15 39 49
6600 16 40 3
6600 17 49 27
6600 18 50 14
6600 19 46 10
6600 20 37 7
6600 21 19 24
6600 22 15 25
6600 23 31 30
6600 24 16 29
6600 25 38 24
6600 26 5 37
6600 27 11 50
6600 28 0 12
6600 29 23 4
6600 30 33 10
6600 31 28 9
6600 32 20 50
6600 33 26 17
6600 34 48 37
6600 35 16 48
6600 36 10 48
6600 37 24 12
6600 38 20 1
6600 39 45 31
6600 40 45 11
6600 41 15 10
6600 42 20 19
6600 43 35 11
6600 44 23 16
6600 45 5 27
6600 46 15 37
6600 47 47 35
6600 48 12 24
6600 49 22 10
6600 50 3 24
6600 51 41 30
6600 52 28 43
6600 53 42 39
6600 54 33 1
6600 55 39 49
6600 56 42 44
6600 57 44 31
6600 58 38 13
6600 59 41 44
6600 60 43 35
6600 61 27 32
6600 62 3 45
6600 63 44 17
6600 64 37 24
6600 65 20 34
6600 66 21 50
6600 67 20 9
6600 68 31 21
6600 69 46 16
6600 70 28 2
6600 71 37 19
6600 72 44 32
6600 73 11 46
6600 74 48 10
6600 75 0 24
6600 76 49 7
6600 77 7 31
6600 78 7 41
6600 79 29 4
6600 80 16 5
6600 81 22 32
6600 82 30 7
6600 83 20 28
6600 84 30 50
6600 85 16 45
6600 86 40 16
6600 87 39 30
6600 88 38 6
6600 89 29 36
6600 90 46 5
6600 91 43 0
6600 92 2 3
6600 93 27 2
6600 94 31 17
6600 95 1 7
6600 96 21 4
6600 97 22 32
6600 98 1 45
6600 99 21 37
6600 100 43 17
6600 101 40 2
6600 102 24 46
6600 103 1 6
6600 104 22 24
6600 105 2 11
6600 106 1 13
6600 107 43 39
6600 108 19 33
6600 109 36 18
6600 110 16 4
6600 111 21 35
6600 112 42 10
6600 113 49 22
6600 114 3 38
6600 115 12 39
6600 116 24 46
6600 117 15 12
6600 118 37 29
6600 119 29 4
6600 120 21 41
6600 121 26 32
6600 122 43 32
6600 123 47 45
6600 124 39 10
6600 125 50 49
6600 126 41 5
6600 127 39 11
6600 128 42 12
6600 129 2 7
6600 130 3 3
6600 131 1 0
6600 132 19 38
6600 133 30 9
6600 134 12 41
6600 135 31 33
6600 136 19 9
6600 137 49 0
6600 138 33 30
6600 139 27 41
6600 140 37 31
6600 141 49 21
6600 142 7 26
6600 143 34 38
6600 144 22 37
6600 145 48 16
6600 146 33 31
6600 147 16 26
6600 148 49 35
6600 149 9 23
6600 150 35 28
6600 151 26 34
6600 152 27 1
6600 153 3 1
6600 154 44 24
6600 155 39 1
6600 156 4 3
6600 157 11 0
6600 158 42 48
6600 159 21 13
6600 160 5 22
6600 161 40 18
6600 162 38 29
6600 163 43 35
6600 164 4 22
6600 165 28 12
6600 166 9 40
6600 167 29 11
6600 168 47 50
6600 169 45 44
6600 170 22 18
6600 171 15 3
6600 172 33 27
6600 173 15 40
6600 174 19 3
6600 175 20 4
6600 176 47 29
6600 177 50 10
6600 178 38 20
6600 179 28 49
6600 180 4 17
6600 181 38 22
6600 182 20 23
6600 183 6 4
6600 184 9 13
6600 185 30 16
6600 186 5 26
6600 187 22 44
6600 188 35 16
6600 189 23 20
6600 190 7 46
6600 191 38 19
6600 192 22 19
6600 193 21 7
6600 194 43 1
6600 195 40 20
6600 196 41 14
6600 197 8 34
6600 198 9 49
6600 199 29 34
7200 0 37 39
7200 1 0 7
7200 2 47 35
7200 3 48 34
7200 4 41 35
7200 5 13 36
7200 6 14 18
7200 7 41 35
7200 8 9 41
7200 9 40 48
7200 10 23 20
7200 11 44 24
7200 12 40 45
7200 13 11 1
7200 14 30 2
7200 15 39 49
7200 16 40 3
7200 17 46 23
7200 18 50 14
7200 19 46 10
7200 20 37 7
7200 21 12 21
7200 22 15 25
7200 23 21 5
7200 24 16 29
7200 25 38 24
7200 26 5 37
7200 27 11 50
7200 28 0 12
7200 29 23 4
7200 30 33 10
7200 31 28 9
7200 32 23 39
7200 33 26 17
7200 34 48 37
7200 35 16 48
7200 36 10 48
7200 37 24 12
7200 38 20 1
7200 39 45 31
7200 40 45 11
7200 41 15 10
7200 42 30 18
7200 43 2 37
7200 44 23 16
7200 45 34 6
7200 46 38 22
7200 47 47 35
7200 48 12 24
7200 49 22 10
7200 50 3 24
7200 51 29 15
7200 52 28 43
7200 53 4 18
7200 54 4 7
7200 55 39 49
7200 56 42 44
7200 57 44 31
7200 58 38 13
7200 59 8 43
7200 60 43 35
7200 61 27 32
7200 62 3 45
7200 63 44 17
7200 64 37 24
7200 65 20 34
7200 66 21 50
7200 67 20 9
7200 68 31 21
7200 69 1 26
7200 70 28 2
7200 71 37 19
7200 72 47 50
7200 73 11 46
7200 74 48 10
7200 75 0 24
7200 76 49 7
7200 77 7 31
7200 78 7 41
7200 79 8 14
7200 80 16 5
7200 81 22 32
7200 82 30 7
7200 83 20 28
7200 84 30 50
7200 85 16 45
7200 86 40 16
7200 87 39 30
7200 88 38 6
7200 89 29 36
7200 90 46 5
7200 91 43 0
7200 92 2 3
7200 93 27 2
7200 94 31 17
7200 95 1 7
7200 96 21 4
7200 97 44 33
7200 98 1 45
7200 99 21 37
7200 100 43 17
7200 101 30 33
7200 102 24 46
7200 103 1 6
7200 104 22 24
7200 105 2 11
7200 106 1 13
7200 107 43 39
7200 108 19 33
7200 109 36 18
7200 110 16 4
7200 111 15 39
7200 112 42 10
7200 113 49 22
7200 114 7 46
7200 115 12 39
7200 116 24 46
7200 117 15 12
7200 118 37 29
7200 119 29 4
7200 120 21 41
7200 121 26 32
7200 122 43 32
7200 123 47 45
7200 124 39 10
7200 125 4 31
7200 126 41 5
7200 127 39 11
7200 128 42 12
7200 129 2 7
7200 130 3 3
7200 131 1 0
7200 132 19 38
7200 133 30 9
7200 134 12 41
7200 135 31 33
7200 136 19 9
7200 137 11 50
7200 138 28 29
7200 139 27 41
7200 140 43 17
7200 141 49 21
7200 142 7 26
7200 143 34 38
7200 144 22 37
7200 145 0 30
7200 146 33 31
7200 147 16 26
7200 148 49 35
7200 149 41 18
7200 150 35 28
7200 151 26 34
7200 152 27 1
7200 153 3 1
7200 154 44 24
7200 155 42 37
7200 156 4 3
7200 157 11 0
7200 158 42 48
7200 159 21 13
7200 160 5 22
7200 161 40 18
7200 162 38 29
7200 163 43 35
7200 164 15 7
7200 165 28 12
7200 166 10 10
7200 167 45 24
7200 168 47 50
7200 169 45 44
7200 170 22 18
7200 171 15 3
7200 172 33 27
7200 173 15 40
7200 174 18 41
7200 175 20 4
7200 176 12 37
7200 177 50 10
7200 178 38 20
7200 179 28 49
7200 180 4 17
7200 181 38 22
7200 182 20 23
7200 183 2 18
7200 184 9 13
7200 185 30 16
7200 186 5 26
7200 187 22 44
7200 188 35 16
7200 189 23 20
7200 190 7 46
7200 191 38 19
7200 192 34 23
7200 193 21 7
7200 194 43 1
7200 195 40 20
7200 196 41 14
7200 197 8 34
7200 198 9 49
7200 199 29 34
