0 7200 0 300 0 300
0 0 14 1
0 1 35 32
0 2 19 43
0 3 1 38
0 4 31 32
0 5 50 35
0 6 33 33
0 7 49 6
0 8 8 11
0 9 21 30
0 10 46 31
0 11 37 31
0 12 37 47
0 13 15 43
0 14 29 29
0 15 9 4
0 16 31 44
0 17 34 8
0 18 5 49
0 19 39 8
0 20 29 16
0 21 33 37
0 22 3 12
0 23 37 6
0 24 40 6
0 25 2 8
0 26 32 37
0 27 8 31
0 28 20 28
0 29 7 2
0 30 7 45
0 31 24 34
0 32 30 3
0 33 30 42
0 34 42 40
0 35 39 48
0 36 43 20
0 37 3 10
0 38 45 12
0 39 14 24
0 40 49 13
0 41 18 24
0 42 36 47
0 43 6 30
0 44 29 14
0 45 2 26
0 46 17 23
0 47 32 9
0 48 50 11
0 49 29 40
0 50 38 12
0 51 17 0
0 52 31 22
0 53 50 9
0 54 50 50
0 55 33 12
0 56 13 8
0 57 19 16
0 58 33 50
0 59 40 40
0 60 36 26
0 61 21 2
0 62 24 17
0 63 44 2
0 64 19 20
0 65 23 11
0 66 28 16
0 67 38 39
0 68 22 45
0 69 22 41
0 70 20 39
0 71 15 1
0 72 11 8
0 73 33 23
0 74 32 41
0 75 4 16
0 76 30 32
0 77 7 19
0 78 23 8
0 79 28 32
0 80 7 11
0 81 8 45
0 82 18 38
0 83 26 18
0 84 20 17
0 85 24 33
0 86 20 15
0 87 17 1
0 88 40 4
0 89 42 14
0 90 16 11
0 91 36 44
0 92 49 38
0 93 35 23
0 94 20 13
0 95 36 37
0 96 23 14
0 97 42 49
0 98 9 44
0 99 48 32
0 100 9 49
0 101 11 8
0 102 22 34
0 103 18 27
0 104 6 50
0 105 13 46
0 106 31 4
0 107 46 16
0 108 49 16
0 109 26 46
0 110 44 14
0 111 24 4
0 112 44 1
0 113 0 35
0 114 2 18
0 115 5 12
0 116 11 43
0 117 25 8
0 118 41 0
0 119 25 15
0 120 0 6
0 121 42 36
0 122 24 17
0 123 22 48
0 124 50 42
0 125 42 30
0 126 19 33
0 127 10 23
0 128 14 43
0 129 10 35
0 130 34 37
0 131 32 29
0 132 34 28
0 133 11 40
0 134 19 4
0 135 18 32
0 136 21 1
0 137 2 17
0 138 2 28
0 139 14 2
0 140 19 31
0 141 22 21
0 142 26 42
0 143 13 9
0 144 9 35
0 145 49 14
0 146 49 8
0 147 44 30
0 148 31 0
0 149 42 50
0 150 48 46
0 151 39 46
0 152 20 11
0 153 33 3
0 154 9 21
0 155 19 30
0 156 35 46
0 157 7 21
0 158 33 41
0 159 14 2
0 160 43 23
0 161 9 31
0 162 23 7
0 163 28 24
0 164 30 33
0 165 18 38
0 166 26 34
0 167 9 5
0 168 5 35
0 169 47 47
0 170 11 30
0 171 12 35
0 172 1 18
0 173 46 32
0 174 47 5
0 175 42 12
0 176 0 43
0 177 44 16
0 178 47 19
0 179 32 33
0 180 41 6
0 181 5 22
0 182 47 26
0 183 13 35
0 184 35 39
0 185 37 43
0 186 15 27
0 187 14 31
0 188 30 36
0 189 19 46
0 190 24 31
0 191 19 25
0 192 48 26
0 193 38 28
0 194 38 34
0 195 12 19
0 196 12 23
0 197 9 2
0 198 32 33
0 199 39 49
0 200 32 5
0 201 40 49
0 202 4 6
0 203 34 23
0 204 10 29
0 205 36 50
0 206 19 41
0 207 33 20
0 208 11 9
0 209 20 50
0 210 48 50
0 211 2 46
0 212 24 35
0 213 42 18
0 214 9 17
0 215 34 25
0 216 5 35
0 217 50 6
0 218 22 1
0 219 36 16
0 220 11 19
0 221 37 5
0 222 34 42
0 223 37 1
0 224 45 16
0 225 21 45
0 226 0 41
0 227 31 9
0 228 38 11
0 229 38 47
0 230 33 46
0 231 30 30
0 232 29 7
0 233 28 36
0 234 46 4
0 235 39 2
0 236 30 47
0 237 29 7
0 238 43 23
0 239 17 40
0 240 8 26
0 241 10 47
0 242 19 18
0 243 45 45
0 244 38 28
0 245 1 24
0 246 18 34
0 247 14 36
0 248 49 48
0 249 1 43
0 250 26 1
0 251 50 23
0 252 29 1
0 253 14 9
0 254 33 23
0 255 26 38
0 256 32 10
0 257 9 8
0 258 28 36
0 259 38 38
0 260 39 44
0 261 38 38
0 262 4 16
0 263 32 0
0 264 33 4
0 265 19 44
0 266 11 23
0 267 7 50
0 268 30 16
0 269 48 42
0 270 17 22
0 271 44 45
0 272 9 29
0 273 14 40
0 274 29 30
0 275 26 26
0 276 30 14
0 277 24 18
0 278 40 14
0 279 10 12
0 280 8 35
0 281 36 8
0 282 17 21
0 283 7 42
0 284 18 17
0 285 10 26
0 286 24 35
0 287 34 4
0 288 15 38
0 289 45 13
0 290 39 47
0 291 40 40
0 292 45 46
0 293 48 41
0 294 41 4
0 295 21 45
0 296 14 4
0 297 2 41
0 298 4 33
0 299 27 7
600 0 14 1
600 1 35 32
600 2 19 43
600 3 1 38
600 4 31 32
600 5 50 35
600 6 12 46
600 7 49 6
600 8 29 13
600 9 21 30
600 10 46 31
600 11 37 31
600 12 20 37
600 13 15 43
600 14 29 29
600 15 9 4
600 16 31 44
600 17 34 8
600 18 5 49
600 19 5 0
600 20 29 16
600 21 33 37
600 22 3 12
600 23 37 6
600 24 40 6
600 25 47 19
600 26 37 38
600 27 8 31
600 28 20 28
600 29 7 2
600 30 7 45
600 31 0 8
600 32 6 35
600 33 3 1
600 34 15 19
600 35 39 48
600 36 43 20
600 37 3 10
600 38 45 12
600 39 14 24
600 40 49 13
600 41 18 24
600 42 36 47
600 43 6 30
600 44 29 14
600 45 2 26
600 46 31 0
600 47 32 9
600 48 50 11
600 49 29 40
600 50 38 12
600 51 17 0
600 52 31 22
600 53 50 9
600 54 50 50
600 55 1 39
600 56 36 39
600 57 19 16
600 58 33 50
600 59 36 46
600 60 5 9
600 61 21 2
600 62 24 17
600 63 44 2
600 64 30 14
600 65 23 11
600 66 28 16
600 67 10 49
600 68 22 45
600 69 22 41
600 70 20 39
600 71 15 1
600 72 11 8
600 73 33 23
600 74 32 41
600 75 4 16
600 76 30 32
600 77 7 19
600 78 17 12
600 79 28 32
600 80 7 11
600 81 8 45
600 82 18 38
600 83 26 18
600 84 20 17
600 85 24 33
600 86 20 15
600 87 17 1
600 88 40 4
600 89 48 48
600 90 16 11
600 91 36 44
600 92 49 38
600 93 20 3
600 94 20 13
600 95 36 37
600 96 23 14
600 97 42 49
600 98 9 44
600 99 48 32
600 100 9 49
600 101 5 42
600 102 44 23
600 103 27 7
600 104 6 50
600 105 13 46
600 106 31 4
600 107 46 16
600 108 49 16
600 109 26 46
600 110 44 14
600 111 24 4
600 112 44 1
600 113 0 35
600 114 2 18
600 115 5 12
600 116 11 43
600 117 20 2
600 118 35 6
600 119 8 48
600 120 0 6
600 121 42 36
600 122 24 17
600 123 50 21
600 124 50 42
600 125 42 30
600 126 19 33
600 127 10 23
600 128 31 36
600 129 10 35
600 130 25 30
600 131 29 0
600 132 43 25
600 133 11 40
600 134 19 4
600 135 18 32
600 136 45 10
600 137 2 17
600 138 2 28
600 139 14 2
600 140 19 31
600 141 16 42
600 142 26 42
600 143 13 9
600 144 9 35
600 145 29 7
600 146 16 20
600 147 39 44
600 148 31 0
600 149 42 50
600 150 48 46
600 151 39 46
600 152 10 12
600 153 33 3
600 154 10 43
600 155 19 30
600 156 35 46
600 157 7 21
600 158 0 0
600 159 14 2
600 160 43 23
600 161 9 31
600 162 35 22
600 163 28 24
600 164 30 33
600 165 18 38
600 166 26 34
600 167 9 5
600 168 5 35
600 169 47 47
600 170 11 30
600 171 12 35
600 172 6 16
600 173 46 32
600 174 47 5
600 175 42 12
600 176 0 43
600 177 14 21
600 178 47 19
600 179 32 33
600 180 41 6
600 181 5 22
600 182 47 26
600 183 13 35
600 184 11 11
600 185 37 43
600 186 15 27
600 187 14 31
600 188 30 36
600 189 19 46
600 190 33 30
600 191 19 25
600 192 48 26
600 193 38 28
600 194 38 34
600 195 12 19
600 196 12 23
600 197 26 12
600 198 32 33
600 199 39 49
600 200 7 3
600 201 40 49
600 202 4 6
600 203 34 23
600 204 10 29
600 205 15 49
600 206 19 41
600 207 35 17
600 208 7 1
600 209 38 4
600 210 48 50
600 211 2 46
600 212 24 35
600 213 42 18
600 214 33 42
600 215 34 25
600 216 5 35
600 217 50 6
600 218 22 1
600 219 36 16
600 220 11 19
600 221 37 5
600 222 11 41
600 223 37 1
600 224 45 16
600 225 21 45
600 226 0 41
600 227 31 9
600 228 38 11
600 229 38 47
600 230 33 46
600 231 30 30
600 232 29 7
600 233 28 36
600 234 38 7
600 235 39 2
600 236 30 47
600 237 32 8
600 238 43 23
600 239 17 40
600 240 8 26
600 241 10 47
600 242 19 18
600 243 45 45
600 244 28 37
600 245 1 24
600 246 35 8
600 247 14 36
600 248 49 48
600 249 1 43
600 250 26 1
600 251 50 23
600 252 29 1
600 253 14 9
600 254 33 23
600 255 26 38
600 256 32 10
600 257 9 8
600 258 28 36
600 259 38 38
600 260 39 44
600 261 38 38
600 262 4 16
600 263 32 0
600 264 33 4
600 265 19 44
600 266 11 23
600 267 7 50
600 268 30 16
600 269 48 42
600 270 17 22
600 271 44 45
600 272 9 29
600 273 14 40
600 274 47 30
600 275 26 26
600 276 30 14
600 277 24 18
600 278 40 14
600 279 10 12
600 280 36 45
600 281 36 8
600 282 17 21
600 283 40 2
600 284 18 17
600 285 10 26
600 286 44 7
600 287 34 4
600 288 15 38
600 289 45 13
600 290 39 47
600 291 40 40
600 292 45 46
600 293 48 41
600 294 41 4
600 295 21 45
600 296 14 4
600 297 2 41
600 298 4 33
600 299 27 7
1200 0 14 1
1200 1 35 32
1200 2 19 43
1200 3 1 38
1200 4 31 32
1200 5 50 35
1200 6 13 0
1200 7 49 6
1200 8 36 42
1200 9 21 30
1200 10 46 31
1200 11 37 31
1200 12 20 37
1200 13 15 43
1200 14 29 29
1200 15 31 27
1200 16 31 44
1200 17 34 8
1200 18 24 31
1200 19 44 3
1200 20 5 36
1200 21 33 37
1200 22 3 12
1200 23 25 42
1200 24 40 6
1200 25 47 19
1200 26 37 38
1200 27 8 31
1200 28 20 28
1200 29 7 2
1200 30 7 45
1200 31 0 8
1200 32 6 35
1200 33 3 1
1200 34 15 19
1200 35 39 48
1200 36 1 39
1200 37 3 10
1200 38 45 12
1200 39 14 24
1200 40 49 13
1200 41 18 24
1200 42 40 26
1200 43 6 30
1200 44 29 14
1200 45 2 26
1200 46 31 0
1200 47 32 9
1200 48 50 11
1200 49 29 40
1200 50 38 12
1200 51 17 0
1200 52 31 22
1200 53 50 9
1200 54 50 50
1200 55 1 39
1200 56 36 39
1200 57 19 16
1200 58 49 19
1200 59 36 46
1200 60 5 9
1200 61 34 33
1200 62 33 9
1200 63 44 2
1200 64 30 14
1200 65 37 47
1200 66 28 16
1200 67 47 42
1200 68 22 45
1200 69 22 41
1200 70 20 39
1200 71 15 1
1200 72 11 8
1200 73 33 23
1200 74 38 17
1200 75 4 16
1200 76 30 32
1200 77 3 38
1200 78 17 12
1200 79 28 32
1200 80 7 11
1200 81 8 45
1200 82 18 38
1200 83 26 18
1200 84 20 17
1200 85 24 33
1200 86 5 22
1200 87 17 1
1200 88 40 4
1200 89 30 9
1200 90 16 11
1200 91 36 44
1200 92 49 38
1200 93 20 3
1200 94 20 13
1200 95 36 37
1200 96 21 27
1200 97 42 49
1200 98 19 19
1200 99 48 32
1200 100 42 50
1200 101 5 42
1200 102 32 25
1200 103 27 7
1200 104 6 50
1200 105 13 46
1200 106 31 4
1200 107 27 19
1200 108 49 16
1200 109 26 46
1200 110 26 18
1200 111 24 4
1200 112 44 1
1200 113 0 35
1200 114 2 18
1200 115 5 12
1200 116 11 43
1200 117 20 2
1200 118 35 6
1200 119 8 48
1200 120 0 6
1200 121 42 36
1200 122 14 42
1200 123 50 21
1200 124 50 42
1200 125 42 30
1200 126 19 33
1200 127 10 23
1200 128 31 36
1200 129 10 35
1200 130 25 30
1200 131 29 0
1200 132 43 25
1200 133 11 40
1200 134 19 4
1200 135 18 32
1200 136 45 10
1200 137 15 33
1200 138 2 28
1200 139 21 22
1200 140 14 8
1200 141 16 42
1200 142 26 42
1200 143 49 22
1200 144 9 35
1200 145 10 1
1200 146 16 20
1200 147 39 44
1200 148 45 34
1200 149 42 50
1200 150 48 46
1200 151 40 24
1200 152 13 29
1200 153 33 3
1200 154 10 43
1200 155 19 30
1200 156 31 17
1200 157 7 21
1200 158 0 0
1200 159 4 0
1200 160 43 23
1200 161 9 31
1200 162 35 22
1200 163 11 38
1200 164 30 33
1200 165 18 38
1200 166 26 34
1200 167 9 5
1200 168 25 22
1200 169 47 47
1200 170 11 30
1200 171 12 35
1200 172 6 16
1200 173 46 32
1200 174 47 5
1200 175 42 12
1200 176 0 43
1200 177 14 21
1200 178 47 19
1200 179 32 33
1200 180 41 6
1200 181 19 28
1200 182 47 26
1200 183 2 41
1200 184 11 11
1200 185 37 43
1200 186 20 22
1200 187 14 31
1200 188 29 15
1200 189 19 46
1200 190 33 30
1200 191 19 25
1200 192 48 26
1200 193 38 28
1200 194 38 34
1200 195 12 19
1200 196 23 5
1200 197 26 12
1200 198 32 33
1200 199 39 49
1200 200 7 3
1200 201 15 14
1200 202 4 6
1200 203 34 23
1200 204 1 32
1200 205 15 49
1200 206 19 41
1200 207 35 17
1200 208 7 1
1200 209 38 4
1200 210 48 50
1200 211 2 46
1200 212 24 35
1200 213 42 18
1200 214 33 42
1200 215 27 3
1200 216 5 35
1200 217 38 32
1200 218 22 1
1200 219 36 16
1200 220 11 19
1200 221 37 5
1200 222 35 5
1200 223 37 1
1200 224 13 26
1200 225 8 22
1200 226 0 41
1200 227 28 8
1200 228 38 11
1200 229 38 47
1200 230 33 46
1200 231 30 30
1200 232 29 7
1200 233 28 36
1200 234 38 7
1200 235 39 2
1200 236 30 47
1200 237 32 8
1200 238 43 23
1200 239 17 40
1200 240 8 26
1200 241 10 47
1200 242 19 18
1200 243 45 45
1200 244 28 37
1200 245 1 24
1200 246 35 8
1200 247 14 36
1200 248 49 48
1200 249 1 43
1200 250 26 1
1200 251 50 23
1200 252 29 1
1200 253 14 9
1200 254 33 23
1200 255 26 38
1200 256 32 10
1200 257 3 29
1200 258 28 36
1200 259 38 38
1200 260 39 44
1200 261 38 38
1200 262 7 21
1200 263 32 0
1200 264 33 4
1200 265 19 0
1200 266 39 30
1200 267 29 30
1200 268 30 16
1200 269 48 42
1200 270 17 22
1200 271 32 44
1200 272 9 29
1200 273 14 40
1200 274 47 30
1200 275 26 26
1200 276 30 14
1200 277 24 18
1200 278 40 14
1200 279 10 12
1200 280 36 45
1200 281 3 27
1200 282 17 21
1200 283 40 2
1200 284 18 17
1200 285 10 26
1200 286 44 7
1200 287 34 4
1200 288 4 20
1200 289 45 13
1200 290 39 47
1200 291 12 5
1200 292 45 46
1200 293 48 41
1200 294 41 4
1200 295 21 45
1200 296 14 4
1200 297 2 41
1200 298 4 33
1200 299 27 7
1800 0 14 1
1800 1 35 32
1800 2 19 43
1800 3 1 38
1800 4 31 32
1800 5 50 35
1800 6 5 37
1800 7 49 6
1800 8 36 42
1800 9 19 7
1800 10 46 31
1800 11 8 47
1800 12 20 37
1800 13 37 45
1800 14 29 29
1800 15 36 16
1800 16 31 44
1800 17 3 0
1800 18 24 31
1800 19 44 3
1800 20 29 29
1800 21 35 19
1800 22 43 14
1800 23 25 42
1800 24 40 6
1800 25 0 36
1800 26 37 38
1800 27 8 31
1800 28 44 40
1800 29 7 2
1800 30 7 45
1800 31 0 8
1800 32 6 35
1800 33 3 1
1800 34 15 19
1800 35 39 48
1800 36 29 25
1800 37 3 10
1800 38 20 10
1800 39 14 24
1800 40 24 29
1800 41 18 24
1800 42 23 32
1800 43 6 30
1800 44 29 14
1800 45 2 26
1800 46 31 0
1800 47 32 9
1800 48 2 14
1800 49 29 40
1800 50 38 12
1800 51 32 11
1800 52 34 4
1800 53 50 9
1800 54 50 50
1800 55 1 39
1800 56 36 39
1800 57 19 16
1800 58 49 19
1800 59 36 46
1800 60 5 9
1800 61 34 33
1800 62 38 46
1800 63 44 2
1800 64 30 14
1800 65 37 47
1800 66 1 6
1800 67 12 45
1800 68 22 45
1800 69 22 41
1800 70 23 11
1800 71 15 1
1800 72 11 8
1800 73 33 23
1800 74 38 17
1800 75 4 16
1800 76 27 24
1800 77 3 38
1800 78 17 12
1800 79 4 31
1800 80 7 11
1800 81 8 45
1800 82 18 38
1800 83 26 18
1800 84 20 17
1800 85 44 36
1800 86 5 22
1800 87 17 1
1800 88 40 4
1800 89 30 9
1800 90 16 11
1800 91 36 44
1800 92 49 38
1800 93 20 3
1800 94 20 13
1800 95 36 37
1800 96 21 27
1800 97 42 49
1800 98 19 19
1800 99 48 32
1800 100 42 50
1800 101 5 42
1800 102 32 25
1800 103 27 7
1800 104 6 50
1800 105 24 26
1800 106 31 4
1800 107 27 19
1800 108 49 16
1800 109 22 8
1800 110 26 18
1800 111 24 4
1800 112 44 1
1800 113 0 1
1800 114 2 18
1800 115 5 12
1800 116 11 43
1800 117 20 2
1800 118 35 6
1800 119 8 48
1800 120 0 6
1800 121 11 18
1800 122 4 39
1800 123 50 21
1800 124 50 42
1800 125 33 46
1800 126 19 33
1800 127 7 25
1800 128 31 36
1800 129 10 35
1800 130 25 30
1800 131 29 0
1800 132 43 25
1800 133 11 40
1800 134 31 18
1800 135 18 32
1800 136 45 10
1800 137 25 14
1800 138 2 28
1800 139 21 22
1800 140 14 8
1800 141 31 15
1800 142 26 42
1800 143 11 19
1800 144 9 35
1800 145 10 1
1800 146 9 17
1800 147 39 44
1800 148 45 34
1800 149 49 10
1800 150 48 46
1800 151 40 24
1800 152 13 29
1800 153 33 3
1800 154 10 43
1800 155 19 30
1800 156 31 17
1800 157 7 21
1800 158 0 0
1800 159 4 0
1800 160 43 23
1800 161 9 31
1800 162 35 22
1800 163 10 38
1800 164 30 33
1800 165 18 38
1800 166 26 34
1800 167 9 5
1800 168 25 22
1800 169 47 47
1800 170 49 22
1800 171 12 35
1800 172 6 16
1800 173 46 32
1800 174 47 5
1800 175 42 12
1800 176 0 43
1800 177 3 11
1800 178 47 19
1800 179 32 33
1800 180 41 6
1800 181 19 28
1800 182 47 26
1800 183 2 41
1800 184 11 11
1800 185 30 28
1800 186 20 22
1800 187 14 31
1800 188 29 15
1800 189 19 46
1800 190 33 30
1800 191 19 25
1800 192 48 26
1800 193 38 28
1800 194 38 34
1800 195 12 19
1800 196 32 23
1800 197 26 12
1800 198 32 33
1800 199 39 49
1800 200 7 3
1800 201 15 14
1800 202 4 6
1800 203 34 23
1800 204 1 32
1800 205 15 49
1800 206 19 41
1800 207 35 17
1800 208 7 1
1800 209 38 4
1800 210 48 50
1800 211 2 46
1800 212 24 35
1800 213 42 18
1800 214 34 36
1800 215 27 3
1800 216 5 35
1800 217 38 32
1800 218 22 1
1800 219 36 16
1800 220 22 40
1800 221 37 5
1800 222 11 48
1800 223 37 1
1800 224 13 26
1800 225 38 32
1800 226 0 41
1800 227 2 29
1800 228 38 11
1800 229 38 47
1800 230 33 46
1800 231 30 30
1800 232 29 7
1800 233 28 36
1800 234 38 7
1800 235 39 2
1800 236 30 47
1800 237 47 7
1800 238 43 23
1800 239 15 33
1800 240 8 26
1800 241 10 47
1800 242 19 18
1800 243 45 45
1800 244 28 37
1800 245 1 24
1800 246 35 8
1800 247 14 36
1800 248 14 49
1800 249 1 43
1800 250 26 1
1800 251 50 23
1800 252 29 1
1800 253 23 9
1800 254 33 23
1800 255 26 38
1800 256 32 10
1800 257 3 29
1800 258 28 36
1800 259 38 38
1800 260 39 44
1800 261 38 38
1800 262 7 21
1800 263 46 7
1800 264 33 4
1800 265 19 0
1800 266 39 30
1800 267 29 30
1800 268 30 16
1800 269 48 42
1800 270 17 5
1800 271 50 5
1800 272 9 29
1800 273 14 40
1800 274 47 30
1800 275 28 39
1800 276 30 14
1800 277 11 9
1800 278 40 21
1800 279 10 12
1800 280 36 45
1800 281 3 27
1800 282 17 21
1800 283 40 2
1800 284 18 17
1800 285 10 26
1800 286 44 7
1800 287 1 50
1800 288 4 20
1800 289 45 13
1800 290 9 15
1800 291 12 5
1800 292 45 46
1800 293 48 41
1800 294 41 4
1800 295 21 45
1800 296 14 4
1800 297 2 41
1800 298 4 33
1800 299 27 7
2400 0 14 1
2400 1 35 32
2400 2 19 43
2400 3 1 38
2400 4 31 32
2400 5 50 35
2400 6 34 39
2400 7 2 5
2400 8 36 42
2400 9 19 7
2400 10 46 31
2400 11 8 47
2400 12 20 37
2400 13 1 2
2400 14 29 29
2400 15 36 16
2400 16 31 44
2400 17 3 0
2400 18 24 31
2400 19 44 3
2400 20 9 49
2400 21 35 19
2400 22 43 14
2400 23 25 42
2400 24 40 6
2400 25 0 36
2400 26 4 3
2400 27 8 31
2400 28 44 40
2400 29 7 2
2400 30 7 45
2400 31 0 8
2400 32 6 35
2400 33 3 1
2400 34 17 46
2400 35 20 43
2400 36 29 25
2400 37 3 10
2400 38 20 10
2400 39 14 24
2400 40 24 29
2400 41 18 24
2400 42 23 32
2400 43 6 30
2400 44 29 14
2400 45 2 26
2400 46 31 0
2400 47 32 9
2400 48 2 14
2400 49 29 40
2400 50 44 1
2400 51 32 11
2400 52 34 4
2400 53 50 9
2400 54 50 50
2400 55 1 39
2400 56 36 39
2400 57 19 16
2400 58 47 10
2400 59 36 46
2400 60 29 19
2400 61 37 37
2400 62 38 46
2400 63 25 5
2400 64 30 14
2400 65 37 47
2400 66 1 6
2400 67 12 45
2400 68 39 36
2400 69 22 41
2400 70 23 11
2400 71 15 1
2400 72 11 8
2400 73 33 23
2400 74 10 22
2400 75 4 16
2400 76 27 24
2400 77 3 38
2400 78 17 12
2400 79 4 31
2400 80 7 11
2400 81 8 45
2400 82 18 38
2400 83 26 18
2400 84 20 17
2400 85 44 36
2400 86 5 22
2400 87 17 1
2400 88 40 4
2400 89 30 9
2400 90 16 11
2400 91 37 41
2400 92 10 34
2400 93 4 15
2400 94 20 13
2400 95 36 37
2400 96 21 27
2400 97 42 49
2400 98 19 19
2400 99 48 32
2400 100 6 40
2400 101 5 42
2400 102 15 17
2400 103 27 7
2400 104 6 50
2400 105 24 26
2400 106 31 4
2400 107 27 19
2400 108 49 16
2400 109 22 8
2400 110 26 18
2400 111 24 4
2400 112 44 1
2400 113 0 1
2400 114 2 18
2400 115 5 12
2400 116 11 43
2400 117 20 2
2400 118 35 6
2400 119 8 48
2400 120 0 6
2400 121 11 18
2400 122 13 50
2400 123 50 21
2400 124 50 42
2400 125 47 16
2400 126 19 33
2400 127 7 25
2400 128 31 36
2400 129 10 35
2400 130 25 30
2400 131 29 0
2400 132 43 25
2400 133 11 40
2400 134 31 18
2400 135 18 32
2400 136 45 10
2400 137 25 14
2400 138 49 34
2400 139 21 22
2400 140 14 8
2400 141 31 15
2400 142 10 44
2400 143 41 45
2400 144 9 35
2400 145 10 1
2400 146 9 17
2400 147 39 44
2400 148 37 37
2400 149 49 10
2400 150 48 46
2400 151 40 24
2400 152 13 29
2400 153 33 3
2400 154 0 28
2400 155 19 30
2400 156 31 17
2400 157 7 21
2400 158 0 0
2400 159 4 0
2400 160 43 23
2400 161 9 31
2400 162 18 38
2400 163 10 38
2400 164 30 33
2400 165 37 35
2400 166 26 34
2400 167 9 5
2400 168 25 22
2400 169 47 47
2400 170 49 22
2400 171 12 35
2400 172 6 16
2400 173 46 32
2400 174 47 5
2400 175 42 12
2400 176 0 43
2400 177 3 11
2400 178 42 34
2400 179 32 33
2400 180 41 6
2400 181 19 28
2400 182 47 26
2400 183 2 41
2400 184 11 11
2400 185 9 32
2400 186 20 22
2400 187 18 37
2400 188 16 31
2400 189 19 46
2400 190 33 30
2400 191 19 25
2400 192 48 26
2400 193 38 28
2400 194 38 34
2400 195 12 19
2400 196 32 23
2400 197 26 12
2400 198 32 33
2400 199 39 49
2400 200 7 3
2400 201 15 14
2400 202 4 6
2400 203 34 23
2400 204 1 32
2400 205 15 49
2400 206 17 35
2400 207 35 17
2400 208 4 47
2400 209 47 42
2400 210 46 33
2400 211 2 46
2400 212 46 44
2400 213 42 18
2400 214 34 36
2400 215 27 3
2400 216 3 30
2400 217 38 47
2400 218 22 1
2400 219 36 16
2400 220 43 1
2400 221 37 5
2400 222 11 48
2400 223 30 3
2400 224 13 26
2400 225 49 3
2400 226 0 41
2400 227 2 29
2400 228 38 11
2400 229 38 47
2400 230 33 46
2400 231 30 30
2400 232 29 7
2400 233 28 36
2400 234 38 7
2400 235 39 2
2400 236 30 47
2400 237 47 7
2400 238 6 38
2400 239 15 33
2400 240 8 26
2400 241 10 47
2400 242 18 39
2400 243 45 45
2400 244 28 37
2400 245 1 24
2400 246 39 38
2400 247 29 11
2400 248 14 49
2400 249 1 43
2400 250 26 1
2400 251 23 0
2400 252 48 20
2400 253 23 9
2400 254 33 23
2400 255 21 21
2400 256 7 5
2400 257 3 29
2400 258 28 36
2400 259 38 38
2400 260 0 42
2400 261 38 38
2400 262 10 29
2400 263 46 7
2400 264 33 4
2400 265 19 0
2400 266 39 30
2400 267 29 30
2400 268 31 40
2400 269 48 42
2400 270 7 39
2400 271 50 5
2400 272 9 29
2400 273 14 40
2400 274 47 30
2400 275 28 39
2400 276 30 14
2400 277 11 9
2400 278 7 45
2400 279 49 3
2400 280 36 45
2400 281 3 27
2400 282 17 21
2400 283 40 2
2400 284 18 17
2400 285 10 26
2400 286 44 7
2400 287 1 50
2400 288 4 20
2400 289 45 13
2400 290 9 15
2400 291 12 5
2400 292 21 33
2400 293 48 41
2400 294 41 4
2400 295 33 48
2400 296 38 34
2400 297 2 41
2400 298 4 33
2400 299 38 32
3000 0 14 1
3000 1 35 32
3000 2 19 43
3000 3 1 38
3000 4 31 32
3000 5 50 35
3000 6 34 39
3000 7 2 5
3000 8 36 42
3000 9 39 37
3000 10 46 31
3000 11 8 47
3000 12 20 37
3000 13 1 2
3000 14 29 29
3000 15 48 1
3000 16 31 44
3000 17 3 0
3000 18 24 31
3000 19 44 3
3000 20 9 49
3000 21 15 1
3000 22 41 42
3000 23 25 42
3000 24 40 6
3000 25 0 36
3000 26 4 3
3000 27 12 16
3000 28 44 40
3000 29 7 2
3000 30 7 45
3000 31 0 8
3000 32 6 35
3000 33 3 1
3000 34 17 46
3000 35 20 43
3000 36 29 25
3000 37 10 40
3000 38 20 10
3000 39 14 24
3000 40 1 23
3000 41 18 24
3000 42 23 32
3000 43 6 30
3000 44 29 14
3000 45 2 26
3000 46 31 0
3000 47 31 28
3000 48 2 14
3000 49 29 40
3000 50 8 21
3000 51 32 11
3000 52 34 4
3000 53 50 9
3000 54 50 50
3000 55 1 39
3000 56 36 39
3000 57 19 16
3000 58 47 10
3000 59 36 46
3000 60 49 21
3000 61 37 37
3000 62 38 46
3000 63 25 5
3000 64 30 14
3000 65 37 47
3000 66 48 41
3000 67 12 45
3000 68 39 36
3000 69 21 25
3000 70 23 11
3000 71 22 38
3000 72 11 8
3000 73 33 23
3000 74 10 22
3000 75 48 18
3000 76 27 24
3000 77 24 8
3000 78 17 12
3000 79 4 31
3000 80 7 11
3000 81 8 45
3000 82 18 38
3000 83 26 18
3000 84 20 17
3000 85 37 43
3000 86 18 17
3000 87 17 1
3000 88 40 4
3000 89 30 9
3000 90 16 11
3000 91 37 41
3000 92 10 34
3000 93 4 15
3000 94 20 13
3000 95 36 37
3000 96 21 27
3000 97 42 49
3000 98 19 19
3000 99 48 32
3000 100 6 40
3000 101 5 42
3000 102 15 17
3000 103 37 1
3000 104 6 50
3000 105 24 26
3000 106 31 4
3000 107 24 17
3000 108 49 16
3000 109 14 32
3000 110 26 18
3000 111 24 4
3000 112 44 1
3000 113 0 1
3000 114 2 18
3000 115 5 12
3000 116 11 43
3000 117 20 2
3000 118 24 15
3000 119 8 48
3000 120 0 6
3000 121 11 18
3000 122 13 50
3000 123 50 21
3000 124 50 42
3000 125 47 16
3000 126 19 33
3000 127 7 25
3000 128 7 6
3000 129 10 29
3000 130 25 30
3000 131 29 0
3000 132 43 25
3000 133 11 40
3000 134 39 30
3000 135 18 32
3000 136 45 10
3000 137 25 14
3000 138 49 34
3000 139 15 22
3000 140 14 8
3000 141 31 15
3000 142 10 44
3000 143 41 45
3000 144 9 35
3000 145 10 1
3000 146 9 17
3000 147 39 44
3000 148 13 5
3000 149 49 10
3000 150 48 46
3000 151 40 24
3000 152 13 29
3000 153 33 3
3000 154 0 28
3000 155 19 30
3000 156 31 17
3000 157 7 21
3000 158 0 0
3000 159 4 0
3000 160 43 23
3000 161 9 31
3000 162 18 38
3000 163 10 38
3000 164 30 33
3000 165 43 24
3000 166 26 34
3000 167 9 5
3000 168 25 22
3000 169 47 47
3000 170 49 22
3000 171 12 35
3000 172 47 24
3000 173 46 32
3000 174 47 5
3000 175 42 12
3000 176 0 43
3000 177 3 11
3000 178 42 34
3000 179 32 33
3000 180 41 6
3000 181 19 28
3000 182 47 26
3000 183 2 41
3000 184 11 29
3000 185 9 32
3000 186 20 22
3000 187 18 37
3000 188 16 31
3000 189 19 46
3000 190 33 30
3000 191 19 25
3000 192 34 11
3000 193 38 28
3000 194 23 0
3000 195 12 19
3000 196 50 44
3000 197 19 47
3000 198 32 33
3000 199 39 49
3000 200 7 3
3000 201 15 14
3000 202 4 6
3000 203 34 23
3000 204 20 33
3000 205 28 13
3000 206 17 35
3000 207 35 17
3000 208 2 34
3000 209 47 42
3000 210 46 33
3000 211 2 46
3000 212 46 44
3000 213 42 18
3000 214 34 36
3000 215 27 3
3000 216 29 11
3000 217 38 47
3000 218 22 1
3000 219 36 16
3000 220 43 1
3000 221 37 5
3000 222 11 48
3000 223 48 43
3000 224 3 36
3000 225 49 3
3000 226 0 41
3000 227 2 29
3000 228 38 11
3000 229 38 47
3000 230 33 46
3000 231 42 10
3000 232 29 7
3000 233 28 36
3000 234 38 7
3000 235 39 2
3000 236 30 47
3000 237 47 7
3000 238 6 38
3000 239 28 43
3000 240 8 26
3000 241 10 47
3000 242 18 39
3000 243 45 45
3000 244 3 37
3000 245 42 17
3000 246 39 38
3000 247 29 11
3000 248 14 49
3000 249 1 43
3000 250 43 9
3000 251 23 0
3000 252 48 20
3000 253 23 9
3000 254 10 18
3000 255 21 21
3000 256 7 5
3000 257 21 34
3000 258 28 36
3000 259 38 38
3000 260 19 12
3000 261 38 38
3000 262 10 29
3000 263 46 7
3000 264 33 4
3000 265 34 28
3000 266 8 50
3000 267 9 36
3000 268 7 9
3000 269 7 30
3000 270 7 39
3000 271 18 7
3000 272 9 29
3000 273 14 40
3000 274 18 2
3000 275 28 39
3000 276 30 14
3000 277 11 9
3000 278 7 45
3000 279 49 3
3000 280 36 45
3000 281 3 27
3000 282 17 21
3000 283 40 2
3000 284 18 17
3000 285 10 26
3000 286 44 7
3000 287 1 50
3000 288 45 28
3000 289 45 13
3000 290 0 7
3000 291 38 45
3000 292 21 33
3000 293 48 41
3000 294 41 4
3000 295 8 48
3000 296 17 49
3000 297 2 41
3000 298 4 33
3000 299 6 26
3600 0 14 1
3600 1 35 32
3600 2 19 43
3600 3 1 38
3600 4 31 32
3600 5 50 35
3600 6 28 8
3600 7 2 5
3600 8 36 42
3600 9 39 37
3600 10 46 30
3600 11 8 47
3600 12 20 37
3600 13 1 2
3600 14 14 42
3600 15 48 1
3600 16 37 36
3600 17 8 15
3600 18 24 31
3600 19 44 3
3600 20 9 49
3600 21 40 30
3600 22 41 42
3600 23 25 42
3600 24 40 6
3600 25 0 36
3600 26 4 3
3600 27 29 24
3600 28 44 40
3600 29 7 2
3600 30 7 45
3600 31 0 8
3600 32 6 35
3600 33 26 40
3600 34 17 46
3600 35 20 43
3600 36 29 25
3600 37 10 40
3600 38 20 10
3600 39 14 24
3600 40 1 23
3600 41 18 24
3600 42 23 32
3600 43 6 30
3600 44 29 14
3600 45 2 26
3600 46 31 0
3600 47 31 28
3600 48 2 14
3600 49 29 40
3600 50 8 21
3600 51 32 11
3600 52 10 19
3600 53 50 9
3600 54 38 33
3600 55 14 0
3600 56 36 39
3600 57 19 16
3600 58 47 10
3600 59 36 46
3600 60 49 21
3600 61 37 37
3600 62 38 46
3600 63 25 5
3600 64 30 14
3600 65 37 47
3600 66 48 41
3600 67 12 45
3600 68 39 36
3600 69 21 25
3600 70 14 19
3600 71 1 11
3600 72 11 8
3600 73 33 23
3600 74 10 22
3600 75 17 50
3600 76 27 24
3600 77 24 8
3600 78 17 12
3600 79 4 31
3600 80 7 11
3600 81 8 45
3600 82 18 38
3600 83 23 48
3600 84 20 17
3600 85 37 43
3600 86 18 17
3600 87 17 1
3600 88 40 4
3600 89 30 9
3600 90 16 11
3600 91 37 41
3600 92 50 19
3600 93 43 23
3600 94 45 4
3600 95 36 37
3600 96 40 17
3600 97 42 49
3600 98 19 19
3600 99 48 32
3600 100 6 40
3600 101 5 42
3600 102 15 17
3600 103 37 1
3600 104 6 50
3600 105 24 26
3600 106 31 4
3600 107 24 17
3600 108 49 16
3600 109 14 32
3600 110 38 3
3600 111 24 4
3600 112 44 1
3600 113 0 1
3600 114 2 18
3600 115 5 12
3600 116 11 43
3600 117 20 2
3600 118 24 15
3600 119 8 48
3600 120 0 6
3600 121 11 18
3600 122 13 50
3600 123 50 21
3600 124 50 42
3600 125 47 16
3600 126 19 33
3600 127 7 25
3600 128 11 42
3600 129 10 29
3600 130 25 30
3600 131 29 0
3600 132 43 25
3600 133 11 40
3600 134 39 30
3600 135 18 32
3600 136 45 10
3600 137 25 14
3600 138 49 34
3600 139 15 22
3600 140 14 8
3600 141 31 15
3600 142 14 41
3600 143 42 2
3600 144 9 35
3600 145 10 1
3600 146 9 17
3600 147 39 44
3600 148 13 5
3600 149 49 10
3600 150 34 7
3600 151 11 38
3600 152 13 29
3600 153 33 3
3600 154 0 28
3600 155 19 30
3600 156 31 17
3600 157 7 21
3600 158 29 47
3600 159 4 0
3600 160 44 35
3600 161 9 31
3600 162 18 38
3600 163 10 38
3600 164 30 33
3600 165 43 24
3600 166 26 34
3600 167 9 5
3600 168 25 22
3600 169 47 47
3600 170 49 22
3600 171 12 35
3600 172 47 24
3600 173 46 32
3600 174 47 5
3600 175 42 12
3600 176 0 43
3600 177 19 20
3600 178 42 34
3600 179 32 33
3600 180 41 6
3600 181 19 28
3600 182 47 26
3600 183 2 41
3600 184 25 18
3600 185 9 32
3600 186 13 24
3600 187 18 37
3600 188 16 31
3600 189 19 46
3600 190 33 30
3600 191 36 22
3600 192 34 11
3600 193 38 28
3600 194 23 0
3600 195 18 5
3600 196 50 44
3600 197 19 47
3600 198 32 33
3600 199 7 4
3600 200 7 3
3600 201 15 14
3600 202 35 0
3600 203 9 23
3600 204 20 33
3600 205 28 13
3600 206 17 35
3600 207 3 19
3600 208 4 31
3600 209 47 42
3600 210 41 50
3600 211 2 46
3600 212 46 44
3600 213 42 18
3600 214 34 36
3600 215 27 3
3600 216 29 11
3600 217 38 47
3600 218 34 20
3600 219 36 16
3600 220 43 1
3600 221 37 5
3600 222 11 48
3600 223 48 43
3600 224 3 36
3600 225 37 47
3600 226 0 41
3600 227 2 29
3600 228 38 11
3600 229 38 47
3600 230 3 25
3600 231 42 10
3600 232 29 7
3600 233 10 43
3600 234 38 7
3600 235 39 2
3600 236 30 47
3600 237 47 7
3600 238 6 38
3600 239 47 40
3600 240 8 26
3600 241 10 47
3600 242 18 39
3600 243 45 45
3600 244 24 44
3600 245 40 17
3600 246 39 38
3600 247 7 10
3600 248 14 49
3600 249 47 46
3600 250 15 0
3600 251 23 0
3600 252 48 20
3600 253 23 9
3600 254 10 18
3600 255 21 21
3600 256 7 5
3600 257 21 34
3600 258 28 36
3600 259 38 38
3600 260 14 20
3600 261 38 38
3600 262 10 29
3600 263 46 7
3600 264 7 32
3600 265 34 28
3600 266 8 50
3600 267 9 36
3600 268 7 9
3600 269 7 30
3600 270 7 39
3600 271 18 7
3600 272 9 29
3600 273 14 40
3600 274 18 2
3600 275 28 39
3600 276 30 14
3600 277 22 32
3600 278 48 2
3600 279 49 3
3600 280 36 45
3600 281 42 25
3600 282 17 21
3600 283 40 2
3600 284 30 21
3600 285 11 30
3600 286 44 7
3600 287 1 50
3600 288 45 28
3600 289 7 32
3600 290 0 7
3600 291 23 13
3600 292 21 33
3600 293 16 36
3600 294 41 4
3600 295 14 24
3600 296 46 17
3600 297 2 41
3600 298 4 33
3600 299 6 26
4200 0 14 1
4200 1 35 32
4200 2 19 43
4200 3 1 38
4200 4 31 32
4200 5 50 35
4200 6 24 30
4200 7 13 47
4200 8 36 42
4200 9 39 37
4200 10 46 30
4200 11 8 47
4200 12 20 37
4200 13 22 48
4200 14 14 42
4200 15 48 1
4200 16 16 1
4200 17 8 15
4200 18 24 31
4200 19 45 30
4200 20 9 49
4200 21 40 30
4200 22 41 42
4200 23 25 42
4200 24 8 47
4200 25 0 36
4200 26 4 3
4200 27 29 24
4200 28 23 20
4200 29 37 28
4200 30 7 45
4200 31 0 8
4200 32 6 35
4200 33 19 32
4200 34 17 46
4200 35 48 36
4200 36 12 6
4200 37 10 40
4200 38 37 35
4200 39 14 24
4200 40 1 23
4200 41 18 24
4200 42 16 31
4200 43 6 30
4200 44 29 14
4200 45 2 26
4200 46 31 0
4200 47 31 28
4200 48 2 14
4200 49 29 40
4200 50 8 21
4200 51 32 11
4200 52 10 19
4200 53 50 9
4200 54 38 33
4200 55 24 28
4200 56 36 39
4200 57 19 16
4200 58 47 10
4200 59 36 46
4200 60 49 21
4200 61 9 43
4200 62 13 5
4200 63 25 5
4200 64 30 14
4200 65 37 47
4200 66 48 41
4200 67 12 45
4200 68 39 36
4200 69 26 35
4200 70 14 19
4200 71 1 11
4200 72 11 8
4200 73 32 48
4200 74 10 22
4200 75 17 50
4200 76 27 24
4200 77 24 8
4200 78 17 12
4200 79 11 33
4200 80 7 11
4200 81 8 45
4200 82 1 7
4200 83 23 48
4200 84 37 31
4200 85 37 43
4200 86 18 17
4200 87 17 1
4200 88 40 4
4200 89 30 9
4200 90 23 7
4200 91 37 41
4200 92 50 19
4200 93 27 10
4200 94 2 0
4200 95 36 37
4200 96 26 6
4200 97 42 49
4200 98 19 19
4200 99 48 32
4200 100 6 40
4200 101 5 42
4200 102 15 17
4200 103 37 1
4200 104 6 50
4200 105 32 15
4200 106 31 4
4200 107 24 17
4200 108 49 16
4200 109 14 32
4200 110 39 31
4200 111 24 4
4200 112 44 1
4200 113 0 1
4200 114 2 18
4200 115 27 49
4200 116 11 43
4200 117 14 33
4200 118 24 15
4200 119 8 48
4200 120 40 47
4200 121 11 18
4200 122 13 50
4200 123 50 21
4200 124 50 42
4200 125 47 16
4200 126 19 33
4200 127 7 25
4200 128 11 42
4200 129 10 29
4200 130 25 30
4200 131 29 0
4200 132 43 25
4200 133 44 4
4200 134 39 30
4200 135 18 32
4200 136 45 10
4200 137 45 24
4200 138 49 34
4200 139 15 22
4200 140 14 8
4200 141 31 15
4200 142 14 41
4200 143 27 36
4200 144 9 35
4200 145 10 1
4200 146 9 17
4200 147 39 44
4200 148 13 5
4200 149 49 10
4200 150 34 7
4200 151 11 38
4200 152 13 29
4200 153 48 24
4200 154 0 28
4200 155 19 30
4200 156 31 17
4200 157 7 21
4200 158 29 47
4200 159 4 0
4200 160 17 14
4200 161 9 31
4200 162 18 38
4200 163 10 38
4200 164 30 33
4200 165 43 24
4200 166 26 34
4200 167 9 5
4200 168 25 22
4200 169 47 47
4200 170 49 22
4200 171 12 35
4200 172 47 24
4200 173 46 32
4200 174 47 5
4200 175 42 12
4200 176 0 43
4200 177 19 20
4200 178 42 34
4200 179 32 33
4200 180 41 6
4200 181 19 28
4200 182 47 26
4200 183 2 41
4200 184 25 18
4200 185 14 9
4200 186 13 24
4200 187 18 37
4200 188 47 29
4200 189 19 46
4200 190 33 30
4200 191 36 22
4200 192 34 11
4200 193 38 28
4200 194 23 0
4200 195 18 5
4200 196 50 44
4200 197 47 16
4200 198 32 33
4200 199 7 4
4200 200 48 14
4200 201 15 14
4200 202 31 48
4200 203 9 23
4200 204 20 33
4200 205 28 13
4200 206 0 33
4200 207 3 19
4200 208 47 6
4200 209 39 26
4200 210 41 50
4200 211 11 28
4200 212 46 44
4200 213 42 18
4200 214 34 36
4200 215 27 3
4200 216 29 11
4200 217 38 47
4200 218 34 20
4200 219 36 16
4200 220 43 1
4200 221 37 5
4200 222 11 48
4200 223 48 43
4200 224 15 16
4200 225 6 7
4200 226 0 41
4200 227 41 2
4200 228 38 11
4200 229 38 47
4200 230 3 25
4200 231 2 38
4200 232 29 7
4200 233 10 43
4200 234 38 7
4200 235 39 2
4200 236 30 47
4200 237 47 7
4200 238 6 38
4200 239 47 40
4200 240 20 25
4200 241 10 47
4200 242 18 39
4200 243 45 45
4200 244 24 44
4200 245 29 46
4200 246 39 38
4200 247 7 10
4200 248 14 49
4200 249 47 46
4200 250 15 0
4200 251 2 31
4200 252 48 20
4200 253 23 9
4200 254 10 18
4200 255 21 21
4200 256 7 5
4200 257 21 34
4200 258 28 36
4200 259 38 38
4200 260 14 20
4200 261 38 38
4200 262 10 29
4200 263 46 7
4200 264 7 32
4200 265 34 28
4200 266 8 50
4200 267 44 15
4200 268 7 9
4200 269 7 30
4200 270 25 16
4200 271 18 7
4200 272 50 24
4200 273 14 40
4200 274 19 32
4200 275 4 12
4200 276 30 14
4200 277 22 32
4200 278 24 34
4200 279 49 3
4200 280 36 45
4200 281 42 25
4200 282 17 21
4200 283 40 2
4200 284 11 50
4200 285 11 30
4200 286 44 7
4200 287 1 50
4200 288 20 5
4200 289 7 32
4200 290 0 7
4200 291 23 13
4200 292 48 2
4200 293 16 36
4200 294 41 4
4200 295 14 24
4200 296 46 17
4200 297 2 41
4200 298 4 33
4200 299 6 26
4800 0 14 1
4800 1 35 32
4800 2 19 43
4800 3 1 38
4800 4 31 32
4800 5 50 35
4800 6 26 46
4800 7 13 47
4800 8 18 41
4800 9 39 37
4800 10 46 30
4800 11 13 5
4800 12 20 37
4800 13 35 12
4800 14 14 42
4800 15 48 1
4800 16 16 1
4800 17 17 29
4800 18 24 31
4800 19 45 30
4800 20 9 49
4800 21 40 30
4800 22 41 42
4800 23 25 42
4800 24 8 47
4800 25 0 36
4800 26 4 3
4800 27 29 24
4800 28 23 20
4800 29 37 28
4800 30 7 45
4800 31 0 8
4800 32 38 14
4800 33 19 32
4800 34 17 46
4800 35 38 17
4800 36 7 46
4800 37 10 40
4800 38 37 35
4800 39 14 24
4800 40 1 23
4800 41 22 26
4800 42 16 31
4800 43 9 15
4800 44 29 14
4800 45 2 26
4800 46 31 0
4800 47 19 46
4800 48 2 14
4800 49 29 40
4800 50 8 21
4800 51 32 11
4800 52 10 19
4800 53 50 9
4800 54 14 38
4800 55 24 28
4800 56 36 39
4800 57 19 16
4800 58 47 10
4800 59 36 46
4800 60 49 21
4800 61 35 47
4800 62 16 17
4800 63 25 5
4800 64 30 14
4800 65 37 47
4800 66 48 41
4800 67 12 45
4800 68 39 36
4800 69 26 35
4800 70 14 19
4800 71 5 39
4800 72 11 8
4800 73 0 14
4800 74 10 22
4800 75 17 50
4800 76 27 24
4800 77 34 22
4800 78 17 12
4800 79 11 33
4800 80 7 11
4800 81 8 45
4800 82 1 7
4800 83 3 37
4800 84 18 19
4800 85 18 26
4800 86 18 17
4800 87 36 26
4800 88 40 4
4800 89 30 9
4800 90 49 30
4800 91 37 41
4800 92 19 17
4800 93 27 10
4800 94 2 0
4800 95 36 37
4800 96 26 6
4800 97 42 49
4800 98 19 19
4800 99 48 32
4800 100 6 40
4800 101 5 42
4800 102 15 17
4800 103 37 1
4800 104 6 50
4800 105 32 15
4800 106 47 28
4800 107 24 17
4800 108 6 22
4800 109 14 32
4800 110 2 39
4800 111 24 4
4800 112 44 1
4800 113 0 1
4800 114 9 30
4800 115 4 15
4800 116 11 43
4800 117 34 40
4800 118 24 15
4800 119 8 48
4800 120 40 47
4800 121 11 18
4800 122 13 50
4800 123 50 21
4800 124 50 42
4800 125 47 16
4800 126 47 34
4800 127 7 25
4800 128 11 42
4800 129 10 29
4800 130 25 30
4800 131 29 0
4800 132 14 2
4800 133 44 4
4800 134 39 30
4800 135 18 32
4800 136 45 10
4800 137 45 24
4800 138 49 34
4800 139 50 0
4800 140 14 8
4800 141 31 15
4800 142 24 0
4800 143 27 36
4800 144 9 35
4800 145 3 26
4800 146 9 17
4800 147 39 44
4800 148 13 5
4800 149 49 10
4800 150 5 21
4800 151 11 38
4800 152 13 29
4800 153 48 24
4800 154 0 28
4800 155 19 30
4800 156 31 17
4800 157 7 21
4800 158 29 47
4800 159 18 40
4800 160 8 15
4800 161 14 5
4800 162 18 38
4800 163 16 4
4800 164 30 33
4800 165 43 24
4800 166 26 34
4800 167 12 38
4800 168 25 22
4800 169 50 46
4800 170 49 22
4800 171 12 35
4800 172 47 24
4800 173 46 32
4800 174 47 5
4800 175 42 12
4800 176 49 29
4800 177 19 20
4800 178 46 22
4800 179 24 33
4800 180 41 6
4800 181 19 28
4800 182 47 26
4800 183 2 41
4800 184 50 2
4800 185 14 9
4800 186 13 24
4800 187 18 37
4800 188 47 29
4800 189 19 46
4800 190 23 27
4800 191 36 22
4800 192 0 27
4800 193 38 28
4800 194 23 0
4800 195 18 5
4800 196 50 44
4800 197 47 16
4800 198 32 33
4800 199 28 49
4800 200 48 14
4800 201 15 14
4800 202 31 48
4800 203 9 23
4800 204 20 33
4800 205 28 13
4800 206 2 8
4800 207 3 19
4800 208 47 6
4800 209 3 17
4800 210 2 4
4800 211 11 28
4800 212 29 41
4800 213 42 18
4800 214 34 36
4800 215 27 3
4800 216 29 11
4800 217 38 47
4800 218 34 20
4800 219 36 16
4800 220 43 1
4800 221 7 18
4800 222 11 48
4800 223 48 43
4800 224 15 16
4800 225 6 7
4800 226 0 41
4800 227 41 2
4800 228 38 11
4800 229 38 47
4800 230 3 25
4800 231 2 38
4800 232 21 41
4800 233 10 43
4800 234 38 7
4800 235 39 2
4800 236 30 47
4800 237 47 7
4800 238 6 38
4800 239 47 40
4800 240 20 25
4800 241 10 47
4800 242 18 39
4800 243 45 45
4800 244 24 44
4800 245 29 46
4800 246 39 38
4800 247 7 10
4800 248 14 49
4800 249 47 46
4800 250 15 0
4800 251 2 31
4800 252 48 20
4800 253 23 9
4800 254 10 18
4800 255 21 21
4800 256 7 5
4800 257 1 28
4800 258 32 1
4800 259 38 38
4800 260 14 20
4800 261 38 38
4800 262 10 29
4800 263 46 7
4800 264 7 32
4800 265 34 28
4800 266 8 50
4800 267 8 21
4800 268 7 9
4800 269 7 30
4800 270 25 16
4800 271 18 7
4800 272 50 24
4800 273 14 40
4800 274 19 32
4800 275 4 12
4800 276 30 14
4800 277 22 32
4800 278 38 4
4800 279 49 3
4800 280 36 45
4800 281 42 25
4800 282 17 21
4800 283 40 2
4800 284 11 50
4800 285 11 30
4800 286 44 7
4800 287 1 50
4800 288 12 50
4800 289 7 32
4800 290 0 7
4800 291 14 38
4800 292 48 2
4800 293 16 36
4800 294 41 4
4800 295 14 24
4800 296 46 17
4800 297 2 41
4800 298 4 33
4800 299 6 26
5400 0 14 1
5400 1 35 32
5400 2 19 43
5400 3 1 38
5400 4 31 32
5400 5 50 35
5400 6 13 27
5400 7 13 47
5400 8 18 41
5400 9 39 37
5400 10 46 30
5400 11 13 5
5400 12 20 37
5400 13 35 12
5400 14 14 42
5400 15 48 1
5400 16 16 1
5400 17 17 29
5400 18 24 0
5400 19 45 30
5400 20 1 8
5400 21 40 30
5400 22 41 42
5400 23 25 42
5400 24 47 24
5400 25 0 36
5400 26 4 3
5400 27 29 24
5400 28 23 20
5400 29 37 28
5400 30 36 10
5400 31 0 8
5400 32 38 14
5400 33 19 32
5400 34 9 14
5400 35 38 17
5400 36 7 46
5400 37 10 40
5400 38 12 34
5400 39 47 7
5400 40 1 23
5400 41 22 26
5400 42 33 12
5400 43 14 4
5400 44 3 21
5400 45 2 26
5400 46 31 0
5400 47 19 46
5400 48 2 14
5400 49 29 40
5400 50 8 21
5400 51 32 11
5400 52 10 19
5400 53 50 9
5400 54 14 38
5400 55 24 28
5400 56 36 39
5400 57 19 16
5400 58 47 10
5400 59 8 30
5400 60 49 21
5400 61 35 47
5400 62 16 17
5400 63 25 5
5400 64 25 0
5400 65 37 47
5400 66 48 41
5400 67 10 27
5400 68 39 36
5400 69 26 35
5400 70 14 19
5400 71 5 39
5400 72 40 48
5400 73 37 32
5400 74 10 22
5400 75 17 50
5400 76 27 24
5400 77 34 22
5400 78 12 38
5400 79 11 33
5400 80 7 11
5400 81 8 45
5400 82 1 7
5400 83 3 37
5400 84 18 19
5400 85 18 26
5400 86 18 17
5400 87 4 8
5400 88 40 4
5400 89 36 29
5400 90 49 30
5400 91 30 40
5400 92 41 2
5400 93 27 10
5400 94 2 0
5400 95 36 37
5400 96 20 46
5400 97 14 22
5400 98 19 19
5400 99 48 32
5400 100 40 6
5400 101 5 42
5400 102 15 17
5400 103 37 1
5400 104 6 50
5400 105 32 15
5400 106 47 28
5400 107 24 17
5400 108 6 22
5400 109 14 32
5400 110 39 19
5400 111 24 4
5400 112 1 19
5400 113 0 1
5400 114 9 30
5400 115 4 15
5400 116 11 43
5400 117 34 40
5400 118 24 15
5400 119 8 48
5400 120 7 48
5400 121 2 34
5400 122 4 21
5400 123 50 21
5400 124 50 42
5400 125 47 16
5400 126 47 34
5400 127 4 24
5400 128 11 42
5400 129 10 29
5400 130 25 30
5400 131 29 0
5400 132 14 2
5400 133 44 4
5400 134 39 30
5400 135 18 32
5400 136 45 10
5400 137 45 24
5400 138 49 34
5400 139 50 0
5400 140 14 8
5400 141 31 15
5400 142 24 0
5400 143 27 36
5400 144 9 35
5400 145 0 17
5400 146 9 17
5400 147 39 44
5400 148 13 5
5400 149 49 10
5400 150 31 6
5400 151 11 38
5400 152 13 29
5400 153 48 24
5400 154 0 28
5400 155 19 30
5400 156 31 17
5400 157 7 21
5400 158 29 47
5400 159 18 40
5400 160 8 15
5400 161 14 5
5400 162 50 48
5400 163 16 4
5400 164 30 33
5400 165 43 24
5400 166 18 19
5400 167 12 38
5400 168 25 22
5400 169 50 46
5400 170 49 22
5400 171 12 35
5400 172 48 20
5400 173 46 32
5400 174 47 5
5400 175 42 12
5400 176 49 29
5400 177 19 20
5400 178 46 22
5400 179 24 33
5400 180 3 29
5400 181 19 28
5400 182 14 18
5400 183 2 41
5400 184 50 2
5400 185 14 9
5400 186 13 24
5400 187 17 47
5400 188 47 29
5400 189 19 46
5400 190 23 27
5400 191 6 34
5400 192 0 27
5400 193 38 28
5400 194 23 0
5400 195 18 5
5400 196 50 44
5400 197 46 50
5400 198 10 27
5400 199 22 21
5400 200 48 14
5400 201 9 10
5400 202 7 10
5400 203 9 23
5400 204 20 33
5400 205 28 13
5400 206 4 1
5400 207 3 19
5400 208 47 6
5400 209 3 17
5400 210 2 4
5400 211 11 28
5400 212 29 41
5400 213 42 18
5400 214 34 36
5400 215 27 3
5400 216 29 11
5400 217 38 47
5400 218 34 20
5400 219 20 29
5400 220 43 1
5400 221 7 18
5400 222 11 48
5400 223 30 21
5400 224 15 16
5400 225 6 7
5400 226 0 41
5400 227 41 2
5400 228 38 11
5400 229 38 47
5400 230 3 25
5400 231 2 38
5400 232 21 41
5400 233 10 43
5400 234 38 7
5400 235 39 2
5400 236 30 47
5400 237 3 12
5400 238 6 38
5400 239 47 40
5400 240 20 25
5400 241 10 47
5400 242 17 4
5400 243 45 45
5400 244 24 44
5400 245 29 46
5400 246 19 45
5400 247 28 41
5400 248 14 49
5400 249 34 24
5400 250 15 0
5400 251 30 8
5400 252 48 20
5400 253 11 20
5400 254 10 18
5400 255 21 21
5400 256 7 5
5400 257 1 28
5400 258 32 1
5400 259 38 38
5400 260 14 20
5400 261 38 38
5400 262 10 29
5400 263 46 7
5400 264 7 32
5400 265 34 28
5400 266 8 50
5400 267 8 21
5400 268 7 9
5400 269 7 30
5400 270 25 16
5400 271 40 7
5400 272 50 24
5400 273 14 40
5400 274 19 32
5400 275 13 2
5400 276 30 14
5400 277 22 32
5400 278 38 4
5400 279 49 3
5400 280 36 45
5400 281 42 25
5400 282 17 21
5400 283 40 2
5400 284 11 50
5400 285 6 5
5400 286 44 7
5400 287 1 50
5400 288 12 50
5400 289 7 32
5400 290 0 7
5400 291 40 15
5400 292 48 2
5400 293 16 36
5400 294 41 4
5400 295 14 24
5400 296 46 17
5400 297 47 0
5400 298 4 33
5400 299 6 26
6000 0 14 1
6000 1 35 32
6000 2 19 43
6000 3 1 38
6000 4 31 32
6000 5 50 35
6000 6 50 17
6000 7 13 47
6000 8 18 41
6000 9 39 37
6000 10 46 30
6000 11 13 5
6000 12 20 37
6000 13 35 12
6000 14 14 42
6000 15 48 1
6000 16 16 1
6000 17 17 29
6000 18 24 0
6000 19 45 30
6000 20 1 8
6000 21 40 30
6000 22 41 42
6000 23 25 42
6000 24 47 24
6000 25 0 36
6000 26 4 3
6000 27 29 24
6000 28 23 20
6000 29 37 28
6000 30 36 10
6000 31 0 8
6000 32 38 14
6000 33 3 34
6000 34 9 14
6000 35 38 17
6000 36 7 46
6000 37 10 40
6000 38 12 34
6000 39 48 15
6000 40 1 23
6000 41 22 26
6000 42 33 12
6000 43 14 4
6000 44 34 7
6000 45 2 26
6000 46 31 0
6000 47 19 46
6000 48 2 14
6000 49 41 36
6000 50 8 21
6000 51 32 11
6000 52 7 12
6000 53 50 9
6000 54 14 38
6000 55 24 28
6000 56 36 39
6000 57 19 16
6000 58 5 23
6000 59 8 30
6000 60 49 21
6000 61 35 47
6000 62 0 19
6000 63 25 5
6000 64 25 0
6000 65 37 47
6000 66 48 41
6000 67 10 27
6000 68 39 36
6000 69 26 35
6000 70 14 19
6000 71 5 39
6000 72 40 48
6000 73 37 32
6000 74 10 22
6000 75 34 24
6000 76 27 24
6000 77 34 22
6000 78 47 0
6000 79 11 33
6000 80 7 11
6000 81 8 45
6000 82 1 7
6000 83 3 37
6000 84 18 19
6000 85 18 26
6000 86 18 17
6000 87 4 8
6000 88 40 4
6000 89 36 29
6000 90 49 30
6000 91 30 40
6000 92 41 2
6000 93 6 1
6000 94 2 0
6000 95 36 37
6000 96 20 46
6000 97 14 22
6000 98 19 19
6000 99 48 32
6000 100 43 31
6000 101 5 42
6000 102 15 17
6000 103 37 1
6000 104 6 50
6000 105 32 15
6000 106 47 28
6000 107 24 17
6000 108 6 22
6000 109 14 32
6000 110 39 19
6000 111 50 1
6000 112 1 19
6000 113 17 41
6000 114 33 12
6000 115 33 12
6000 116 11 43
6000 117 34 40
6000 118 24 15
6000 119 8 48
6000 120 7 48
6000 121 2 34
6000 122 12 30
6000 123 47 36
6000 124 50 42
6000 125 19 35
6000 126 47 34
6000 127 3 28
6000 128 11 42
6000 129 10 29
6000 130 25 30
6000 131 29 0
6000 132 14 2
6000 133 44 4
6000 134 39 30
6000 135 46 29
6000 136 45 10
6000 137 45 24
6000 138 21 37
6000 139 50 0
6000 140 14 8
6000 141 31 15
6000 142 24 0
6000 143 27 36
6000 144 9 35
6000 145 0 17
6000 146 9 17
6000 147 39 44
6000 148 13 5
6000 149 49 10
6000 150 31 6
6000 151 11 38
6000 152 13 29
6000 153 48 24
6000 154 9 10
6000 155 19 30
6000 156 25 5
6000 157 7 21
6000 158 7 9
6000 159 40 39
6000 160 8 15
6000 161 3 0
6000 162 50 48
6000 163 2 24
6000 164 30 33
6000 165 46 35
6000 166 21 0
6000 167 12 38
6000 168 25 22
6000 169 50 46
6000 170 49 22
6000 171 33 47
6000 172 48 20
6000 173 46 32
6000 174 47 5
6000 175 42 12
6000 176 49 29
6000 177 24 15
6000 178 46 22
6000 179 24 33
6000 180 11 3
6000 181 44 46
6000 182 14 18
6000 183 2 41
6000 184 50 2
6000 185 14 9
6000 186 13 24
6000 187 17 47
6000 188 47 29
6000 189 19 46
6000 190 23 27
6000 191 6 34
6000 192 15 38
6000 193 38 28
6000 194 21 10
6000 195 18 5
6000 196 11 22
6000 197 46 50
6000 198 10 27
6000 199 22 21
6000 200 48 14
6000 201 9 10
6000 202 7 10
6000 203 9 23
6000 204 20 33
6000 205 31 13
6000 206 4 1
6000 207 3 19
6000 208 47 6
6000 209 1 0
6000 210 2 4
6000 211 11 28
6000 212 29 41
6000 213 10 41
6000 214 34 36
6000 215 27 3
6000 216 29 11
6000 217 38 47
6000 218 18 34
6000 219 20 29
6000 220 43 1
6000 221 7 18
6000 222 11 48
6000 223 12 27
6000 224 15 16
6000 225 6 7
6000 226 0 41
6000 227 41 2
6000 228 38 11
6000 229 50 25
6000 230 36 44
6000 231 2 38
6000 232 21 41
6000 233 10 43
6000 234 38 7
6000 235 39 2
6000 236 30 47
6000 237 3 12
6000 238 6 38
6000 239 47 40
6000 240 20 25
6000 241 44 9
6000 242 17 4
6000 243 45 45
6000 244 24 44
6000 245 24 6
6000 246 19 45
6000 247 28 41
6000 248 14 49
6000 249 29 23
6000 250 15 0
6000 251 30 8
6000 252 48 20
6000 253 33 38
6000 254 50 33
6000 255 21 21
6000 256 7 5
6000 257 1 28
6000 258 32 1
6000 259 38 38
6000 260 14 20
6000 261 28 13
6000 262 10 29
6000 263 21 35
6000 264 24 2
6000 265 34 28
6000 266 8 50
6000 267 28 12
6000 268 47 24
6000 269 7 30
6000 270 25 16
6000 271 40 7
6000 272 50 24
6000 273 14 40
6000 274 19 32
6000 275 13 2
6000 276 30 14
6000 277 22 32
6000 278 27 2
6000 279 49 3
6000 280 36 45
6000 281 42 25
6000 282 47 20
6000 283 40 2
6000 284 11 50
6000 285 18 34
6000 286 39 29
6000 287 1 50
6000 288 12 50
6000 289 7 32
6000 290 0 7
6000 291 40 15
6000 292 48 2
6000 293 16 36
6000 294 41 4
6000 295 14 24
6000 296 46 17
6000 297 47 0
6000 298 4 33
6000 299 6 26
6600 0 14 1
6600 1 35 32
6600 2 19 43
6600 3 1 38
6600 4 31 32
6600 5 50 35
6600 6 27 11
6600 7 13 47
6600 8 18 41
6600 9 39 37
6600 10 46 30
6600 11 50 18
6600 12 20 37
6600 13 4 12
6600 14 14 42
6600 15 23 21
6600 16 12 40
6600 17 17 29
6600 18 24 0
6600 19 20 32
6600 20 1 8
6600 21 40 30
6600 22 41 42
6600 23 25 42
6600 24 47 24
6600 25 0 36
6600 26 4 3
6600 27 29 24
6600 28 23 20
6600 29 37 28
6600 30 36 10
6600 31 35 42
6600 32 38 14
6600 33 3 34
6600 34 9 14
6600 35 38 17
6600 36 7 46
6600 37 10 40
6600 38 12 34
6600 39 48 15
6600 40 1 23
6600 41 7 30
6600 42 33 12
6600 43 12 23
6600 44 34 7
6600 45 2 26
6600 46 31 0
6600 47 19 46
6600 48 2 14
6600 49 41 36
6600 50 8 21
6600 51 32 11
6600 52 7 12
6600 53 20 48
6600 54 14 38
6600 55 0 23
6600 56 36 39
6600 57 19 16
6600 58 28 22
6600 59 35 27
6600 60 47 5
6600 61 35 47
6600 62 0 19
6600 63 25 5
6600 64 25 0
6600 65 37 47
6600 66 48 41
6600 67 10 27
6600 68 39 36
6600 69 26 35
6600 70 14 19
6600 71 5 39
6600 72 40 48
6600 73 37 32
6600 74 10 22
6600 75 27 40
6600 76 23 33
6600 77 34 22
6600 78 47 0
6600 79 11 33
6600 80 7 11
6600 81 8 45
6600 82 1 7
6600 83 3 37
6600 84 18 19
6600 85 18 26
6600 86 18 17
6600 87 4 8
6600 88 40 4
6600 89 36 29
6600 90 49 30
6600 91 30 40
6600 92 41 2
6600 93 6 1
6600 94 2 0
6600 95 49 39
6600 96 20 46
6600 97 14 22
6600 98 19 19
6600 99 48 32
6600 100 4 30
6600 101 5 42
6600 102 15 17
6600 103 42 27
6600 104 6 50
6600 105 32 15
6600 106 47 28
6600 107 24 17
6600 108 6 22
6600 109 40 32
6600 110 39 19
6600 111 50 1
6600 112 2 32
6600 113 17 41
6600 114 33 12
6600 115 33 12
6600 116 11 43
6600 117 34 40
6600 118 24 15
6600 119 8 48
6600 120 7 48
6600 121 2 34
6600 122 46 28
6600 123 47 36
6600 124 50 42
6600 125 19 35
6600 126 47 34
6600 127 3 28
6600 128 11 42
6600 129 10 29
6600 130 25 30
6600 131 29 0
6600 132 14 2
6600 133 44 4
6600 134 4 34
6600 135 46 29
6600 136 45 10
6600 137 45 24
6600 138 21 37
6600 139 50 0
6600 140 35 13
6600 141 31 15
6600 142 24 0
6600 143 18 0
6600 144 9 35
6600 145 0 17
6600 146 9 17
6600 147 39 44
6600 148 13 5
6600 149 49 10
6600 150 31 6
6600 151 11 38
6600 152 13 29
6600 153 48 24
6600 154 9 10
6600 155 19 30
6600 156 25 5
6600 157 7 21
6600 158 7 9
6600 159 40 39
6600 160 16 11
6600 161 3 0
6600 162 50 48
6600 163 2 24
6600 164 30 33
6600 165 46 35
6600 166 21 0
6600 167 12 38
6600 168 25 22
6600 169 16 17
6600 170 49 22
6600 171 33 47
6600 172 48 20
6600 173 46 32
6600 174 47 5
6600 175 42 12
6600 176 49 29
6600 177 24 15
6600 178 16 28
6600 179 24 33
6600 180 23 49
6600 181 44 46
6600 182 14 18
6600 183 1 39
6600 184 50 2
6600 185 14 9
6600 186 13 24
6600 187 17 47
6600 188 47 29
6600 189 19 46
6600 190 23 27
6600 191 6 34
6600 192 15 38
6600 193 34 2
6600 194 21 10
6600 195 18 5
6600 196 30 6
6600 197 46 50
6600 198 10 27
6600 199 22 21
6600 200 12 1
6600 201 9 10
6600 202 7 10
6600 203 43 24
6600 204 20 33
6600 205 31 13
6600 206 32 41
6600 207 3 19
6600 208 47 6
6600 209 1 0
6600 210 2 4
6600 211 11 28
6600 212 29 41
6600 213 10 41
6600 214 34 36
6600 215 27 3
6600 216 29 11
6600 217 4 1
6600 218 18 34
6600 219 20 29
6600 220 43 1
6600 221 7 18
6600 222 11 48
6600 223 12 27
6600 224 15 16
6600 225 26 27
6600 226 0 41
6600 227 11 10
6600 228 38 11
6600 229 29 31
6600 230 3 38
6600 231 2 38
6600 232 21 41
6600 233 10 43
6600 234 38 7
6600 235 39 2
6600 236 30 47
6600 237 3 12
6600 238 6 38
6600 239 47 40
6600 240 14 12
6600 241 4 9
6600 242 19 5
6600 243 45 45
6600 244 28 34
6600 245 32 47
6600 246 19 45
6600 247 26 22
6600 248 14 49
6600 249 29 23
6600 250 15 0
6600 251 30 8
6600 252 48 20
6600 253 33 38
6600 254 50 33
6600 255 31 29
6600 256 7 5
6600 257 1 28
6600 258 32 1
6600 259 38 38
6600 260 14 20
6600 261 28 13
6600 262 10 29
6600 263 32 46
6600 264 24 2
6600 265 18 13
6600 266 8 50
6600 267 28 12
6600 268 47 24
6600 269 7 30
6600 270 11 9
6600 271 40 7
6600 272 5 12
6600 273 14 40
6600 274 19 32
6600 275 13 2
6600 276 3 7
6600 277 11 28
6600 278 27 2
6600 279 18 45
6600 280 6 9
6600 281 42 25
6600 282 47 20
6600 283 40 2
6600 284 36 32
6600 285 22 48
6600 286 39 29
6600 287 38 19
6600 288 12 50
6600 289 7 32
6600 290 0 7
6600 291 24 29
6600 292 48 2
6600 293 16 36
6600 294 41 4
6600 295 14 24
6600 296 46 17
6600 297 47 0
6600 298 6 50
6600 299 6 26
7200 0 14 1
7200 1 35 32
7200 2 19 43
7200 3 1 38
7200 4 31 32
7200 5 50 35
7200 6 26 12
7200 7 13 47
7200 8 18 41
7200 9 39 37
7200 10 46 30
7200 11 50 18
7200 12 20 37
7200 13 4 12
7200 14 14 42
7200 15 0 5
7200 16 12 40
7200 17 17 29
7200 18 24 0
7200 19 20 32
7200 20 1 8
7200 21 40 30
7200 22 41 42
7200 23 25 42
7200 24 47 24
7200 25 0 36
7200 26 4 3
7200 27 29 24
7200 28 23 20
7200 29 37 28
7200 30 36 10
7200 31 35 42
7200 32 16 19
7200 33 45 2
7200 34 26 34
7200 35 38 17
7200 36 37 33
7200 37 10 40
7200 38 12 34
7200 39 48 15
7200 40 1 23
7200 41 7 30
7200 42 33 12
7200 43 12 23
7200 44 34 7
7200 45 2 26
7200 46 16 46
7200 47 19 46
7200 48 19 44
7200 49 41 36
7200 50 8 21
7200 51 32 11
7200 52 7 12
7200 53 20 48
7200 54 14 38
7200 55 0 23
7200 56 36 39
7200 57 19 16
7200 58 4 14
7200 59 35 27
7200 60 25 7
7200 61 35 47
7200 62 50 0
7200 63 25 5
7200 64 44 47
7200 65 37 47
7200 66 48 41
7200 67 10 27
7200 68 14 28
7200 69 26 35
7200 70 17 10
7200 71 5 39
7200 72 40 48
7200 73 37 32
7200 74 10 22
7200 75 27 40
7200 76 23 33
7200 77 34 22
7200 78 47 0
7200 79 32 35
7200 80 7 11
7200 81 8 45
7200 82 1 7
7200 83 3 37
7200 84 18 19
7200 85 32 45
7200 86 18 17
7200 87 4 8
7200 88 40 4
7200 89 36 29
7200 90 49 30
7200 91 30 40
7200 92 25 17
7200 93 6 1
7200 94 2 0
7200 95 49 39
7200 96 34 3
7200 97 14 22
7200 98 19 19
7200 99 48 32
7200 100 4 30
7200 101 5 42
7200 102 15 17
7200 103 42 27
7200 104 6 50
7200 105 32 15
7200 106 47 28
7200 107 24 17
7200 108 6 22
7200 109 40 32
7200 110 39 19
7200 111 50 1
7200 112 29 48
7200 113 1 25
7200 114 33 12
7200 115 33 12
7200 116 11 43
7200 117 34 40
7200 118 24 15
7200 119 8 48
7200 120 7 48
7200 121 2 34
7200 122 46 28
7200 123 47 36
7200 124 39 33
7200 125 19 35
7200 126 47 34
7200 127 3 28
7200 128 11 42
7200 129 11 17
7200 130 25 30
7200 131 29 0
7200 132 22 7
7200 133 44 4
7200 134 4 34
7200 135 30 50
7200 136 22 45
7200 137 4 47
7200 138 21 37
7200 139 50 0
7200 140 35 13
7200 141 31 15
7200 142 24 0
7200 143 18 0
7200 144 9 35
7200 145 0 17
7200 146 9 17
7200 147 39 44
7200 148 13 5
7200 149 49 10
7200 150 31 6
7200 151 11 38
7200 152 13 29
7200 153 48 24
7200 154 9 10
7200 155 19 30
7200 156 25 5
7200 157 19 25
7200 158 7 9
7200 159 40 39
7200 160 16 11
7200 161 41 8
7200 162 50 48
7200 163 2 24
7200 164 0 0
7200 165 46 35
7200 166 21 0
7200 167 12 38
7200 168 25 22
7200 169 16 17
7200 170 49 22
7200 171 16 5
7200 172 22 8
7200 173 19 6
7200 174 47 5
7200 175 43 21
7200 176 49 29
7200 177 24 15
7200 178 16 28
7200 179 24 33
7200 180 23 49
7200 181 44 46
7200 182 27 10
7200 183 1 39
7200 184 50 2
7200 185 31 29
7200 186 43 17
7200 187 17 47
7200 188 47 29
7200 189 7 25
7200 190 23 27
7200 191 6 34
7200 192 15 38
7200 193 34 2
7200 194 26 27
7200 195 16 27
7200 196 30 6
7200 197 46 50
7200 198 10 27
7200 199 43 17
7200 200 12 1
7200 201 9 10
7200 202 7 10
7200 203 43 24
7200 204 45 30
7200 205 31 13
7200 206 32 41
7200 207 3 19
7200 208 47 6
7200 209 1 0
7200 210 36 6
7200 211 11 28
7200 212 29 41
7200 213 10 41
7200 214 34 36
7200 215 27 3
7200 216 29 11
7200 217 4 1
7200 218 18 34
7200 219 20 29
7200 220 43 1
7200 221 30 23
7200 222 17 11
7200 223 12 27
7200 224 36 6
7200 225 26 27
7200 226 0 41
7200 227 16 31
7200 228 2 39
7200 229 29 31
7200 230 3 38
7200 231 2 38
7200 232 21 41
7200 233 10 43
7200 234 38 7
7200 235 39 2
7200 236 30 47
7200 237 3 12
7200 238 6 38
7200 239 47 40
7200 240 39 47
7200 241 4 9
7200 242 19 5
7200 243 45 45
7200 244 28 34
7200 245 32 47
7200 246 19 45
7200 247 26 22
7200 248 44 5
7200 249 44 7
7200 250 15 0
7200 251 30 8
7200 252 48 20
7200 253 33 38
7200 254 50 33
7200 255 31 29
7200 256 38 33
7200 257 40 25
7200 258 32 1
7200 259 38 38
7200 260 14 20
7200 261 28 13
7200 262 10 29
7200 263 32 46
7200 264 24 2
7200 265 18 13
7200 266 8 50
7200 267 28 12
7200 268 47 24
7200 269 7 30
7200 270 11 9
7200 271 40 7
7200 272 5 12
7200 273 14 40
7200 274 19 32
7200 275 13 2
7200 276 47 9
7200 277 11 28
7200 278 27 2
7200 279 18 45
7200 280 6 9
7200 281 9 7
7200 282 47 20
7200 283 40 2
7200 284 36 32
7200 285 22 48
7200 286 39 29
7200 287 38 19
7200 288 26 29
7200 289 7 32
7200 290 0 7
7200 291 47 3
7200 292 41 47
7200 293 16 36
7200 294 22 33
7200 295 14 24
7200 296 46 17
7200 297 47 0
7200 298 6 50
7200 299 28 19
