0 
600 174 51 114 60 
1200 174 51 114 60 109 53 115 185 
1800 174 51 114 60 109 53 115 185 134 102 75 156 
2400 174 51 114 60 109 53 115 185 134 102 75 156 99 171 127 66 
3000 174 51 114 60 109 53 115 185 134 102 75 156 99 171 127 66 188 144 74 107 
3600 174 51 114 60 109 53 115 185 134 102 75 156 99 171 127 66 188 144 74 107 106 158 65 47 
4200 174 51 114 60 109 53 115 185 134 102 75 156 99 171 127 66 188 144 74 107 106 158 65 47 62 33 3 73 
4800 174 51 114 60 109 53 115 185 134 102 75 156 99 171 127 66 188 144 74 107 106 158 65 47 62 33 3 73 152 4 26 89 
5400 174 51 114 60 109 53 115 185 134 102 75 156 99 171 127 66 188 144 74 107 106 158 65 47 62 33 3 73 152 4 26 89 159 45 31 118 
6000 174 51 114 60 109 53 115 185 134 102 75 156 99 171 127 66 188 144 74 107 106 158 65 47 62 33 3 73 152 4 26 89 159 45 31 118 136 141 27 96 
6600 174 51 114 60 109 53 115 185 134 102 75 156 99 171 127 66 188 144 74 107 106 158 65 47 62 33 3 73 152 4 26 89 159 45 31 118 136 141 27 96 71 194 43 61 
