0 7800 0 3000 0 3000
0 0 2921 307
0 1 2313 2242
0 2 1857 791
0 3 2078 364
0 4 776 1520
0 5 1889 1737
0 6 1030 2381
0 7 117 527
0 8 1165 2527
0 9 1803 2798
0 10 1407 2699
0 11 2069 990
0 12 1938 1957
0 13 2365 2310
0 14 2227 2031
0 15 2137 1953
0 16 2707 250
0 17 2372 2708
0 18 644 154
0 19 2539 2345
0 20 2275 1850
0 21 213 354
0 22 2312 2296
0 23 923 652
0 24 2055 2010
0 25 2071 1852
0 26 2856 2603
0 27 411 30
0 28 2877 2831
0 29 55 537
0 30 554 616
0 31 780 1369
0 32 368 2924
0 33 1317 405
0 34 2614 2270
0 35 2093 2931
0 36 1474 1417
0 37 2279 2473
0 38 426 2746
0 39 305 2533
0 40 2322 1417
0 41 1586 2660
0 42 601 1765
0 43 277 454
0 44 2124 387
0 45 638 1438
0 46 2997 555
0 47 1392 2196
0 48 733 188
0 49 1582 1361
0 50 2844 2258
0 51 768 2117
0 52 952 1173
0 53 1326 1590
0 54 199 1385
0 55 2275 1784
0 56 1335 2664
0 57 2834 2581
0 58 628 716
0 59 155 400
0 60 186 2173
0 61 711 740
0 62 947 895
0 63 1499 1781
0 64 1804 752
0 65 2698 2382
0 66 837 775
0 67 2162 1151
0 68 2515 2614
0 69 852 1849
0 70 2896 2277
0 71 2599 2737
0 72 172 2250
0 73 2072 202
0 74 2396 717
0 75 1978 2141
0 76 351 254
0 77 2038 1998
0 78 780 1443
0 79 834 353
0 80 2158 1070
0 81 275 461
0 82 1944 2015
0 83 1205 1995
0 84 2101 1169
0 85 2025 807
0 86 1355 936
0 87 2087 1079
0 88 2778 2245
0 89 641 2468
0 90 2336 986
0 91 1003 2207
0 92 2623 2016
0 93 1110 2820
0 94 2333 1080
0 95 1467 2556
0 96 441 1365
0 97 2459 109
0 98 447 2990
0 99 2879 821
0 100 8 729
0 101 953 618
0 102 1373 851
0 103 521 1809
0 104 2755 2704
0 105 1068 1083
0 106 1765 1571
0 107 139 255
0 108 1558 1368
0 109 461 946
0 110 522 2742
0 111 1923 1601
0 112 976 2294
0 113 439 1935
0 114 812 906
0 115 1956 2450
0 116 2109 1823
0 117 854 1109
0 118 584 2250
0 119 363 1119
0 120 196 821
0 121 1277 2969
0 122 2374 2909
0 123 2867 512
0 124 681 976
0 125 1939 63
0 126 2420 1921
0 127 446 815
0 128 1598 1169
0 129 89 699
0 130 2372 2598
0 131 632 352
0 132 1144 2984
0 133 2678 1178
0 134 584 1432
0 135 2102 2379
0 136 824 1474
0 137 1907 2034
0 138 1242 1240
0 139 374 1095
0 140 532 2435
0 141 717 392
0 142 1284 1642
0 143 1981 1804
0 144 2455 2170
0 145 2756 993
0 146 2123 2965
0 147 2219 2342
0 148 909 917
0 149 396 230
0 150 765 1262
0 151 1722 1125
0 152 1064 2705
0 153 2522 1327
0 154 468 121
0 155 2381 1261
0 156 1541 1411
0 157 1982 2743
0 158 2990 2340
0 159 797 171
0 160 1717 2475
0 161 1286 684
0 162 730 842
0 163 1773 2094
0 164 757 2186
0 165 2837 2109
0 166 1254 2963
0 167 120 2886
0 168 2679 1407
0 169 256 547
0 170 641 1400
0 171 1841 246
0 172 2974 2526
0 173 174 2685
0 174 2954 634
0 175 64 400
0 176 113 1249
0 177 1559 2991
0 178 2107 1279
0 179 1653 1097
0 180 2225 1588
0 181 2594 1592
0 182 2716 2688
0 183 2824 20
0 184 2908 2980
0 185 636 1511
0 186 662 835
0 187 2859 2164
0 188 2654 704
0 189 954 1027
0 190 2047 1255
0 191 1951 2518
0 192 1831 2064
0 193 726 1470
0 194 532 1429
0 195 1067 311
0 196 717 638
0 197 2829 2358
0 198 125 1227
0 199 234 326
0 200 1963 2932
0 201 847 732
0 202 335 2457
0 203 2098 2023
0 204 1099 1158
0 205 519 294
0 206 1307 1329
0 207 929 1648
0 208 1863 2486
0 209 2729 2739
0 210 2416 2431
0 211 2641 891
0 212 354 2399
0 213 1723 2074
0 214 537 2960
0 215 247 341
0 216 854 2738
0 217 1447 2880
0 218 2930 977
0 219 2523 684
0 220 2389 53
0 221 2099 117
0 222 2638 256
0 223 1006 181
0 224 2496 2388
0 225 1163 1675
0 226 2483 1164
0 227 673 1091
0 228 1180 733
0 229 1124 250
0 230 2262 555
0 231 1988 2303
0 232 2286 2017
0 233 2721 2368
0 234 1793 2734
0 235 1421 1367
0 236 69 1209
0 237 2317 1699
0 238 2239 373
0 239 1648 1845
0 240 2851 2333
0 241 930 1501
0 242 1396 2308
0 243 1600 933
0 244 1677 2723
0 245 2003 1540
0 246 429 1396
0 247 1970 702
0 248 443 1391
0 249 2034 1201
0 250 2923 567
0 251 545 2791
0 252 303 1579
0 253 2517 349
0 254 2410 1725
0 255 660 2560
0 256 325 2439
0 257 140 1943
0 258 2441 100
0 259 2236 226
0 260 924 1467
0 261 98 938
0 262 1461 2200
0 263 1835 467
0 264 1067 2499
0 265 2941 2655
0 266 2331 1689
0 267 154 798
0 268 1029 539
0 269 936 2030
0 270 1502 232
0 271 784 1624
0 272 1351 970
0 273 1129 1570
0 274 502 2080
0 275 1142 607
0 276 1738 1117
0 277 2063 1052
0 278 2182 1865
0 279 1013 1857
0 280 2703 1815
0 281 1420 2347
0 282 1636 1960
0 283 156 384
0 284 1649 2089
0 285 2209 2332
0 286 171 1386
0 287 989 575
0 288 429 320
0 289 1707 986
0 290 914 34
0 291 1579 1559
0 292 309 811
0 293 1297 1931
0 294 2667 2503
0 295 1141 1530
0 296 2299 1183
0 297 2130 775
0 298 2552 829
0 299 509 2039
600 0 2921 307
600 1 2313 2242
600 2 1857 791
600 3 2078 364
600 4 776 1520
600 5 1889 1737
600 6 1030 2381
600 7 117 527
600 8 1165 2527
600 9 1803 2798
600 10 1796 1117
600 11 2069 990
600 12 1938 1957
600 13 2365 2310
600 14 2227 2031
600 15 2137 1953
600 16 2707 250
600 17 2618 2121
600 18 644 154
600 19 2592 2119
600 20 2275 1850
600 21 213 354
600 22 2312 2296
600 23 923 652
600 24 2055 2010
600 25 2071 1852
600 26 2856 2603
600 27 714 255
600 28 2877 2831
600 29 144 382
600 30 554 616
600 31 780 1369
600 32 368 2924
600 33 1317 405
600 34 2614 2270
600 35 2093 2931
600 36 1474 1417
600 37 2279 2473
600 38 426 2746
600 39 305 2533
600 40 2322 1417
600 41 1586 2660
600 42 752 584
600 43 277 454
600 44 2124 387
600 45 972 378
600 46 2997 555
600 47 1392 2196
600 48 733 188
600 49 1582 1361
600 50 2844 2258
600 51 768 2117
600 52 1186 1429
600 53 1326 1590
600 54 199 1385
600 55 2275 1784
600 56 1335 2664
600 57 2834 2581
600 58 628 716
600 59 155 400
600 60 186 2173
600 61 711 740
600 62 947 895
600 63 1499 1781
600 64 1447 1806
600 65 2726 2281
600 66 348 917
600 67 2162 1151
600 68 2515 2614
600 69 852 1849
600 70 2604 2763
600 71 2599 2737
600 72 172 2250
600 73 1627 1676
600 74 2396 717
600 75 1978 2141
600 76 351 254
600 77 2038 1998
600 78 780 1443
600 79 834 353
600 80 2158 1070
600 81 275 461
600 82 1944 2015
600 83 1205 1995
600 84 1609 1912
600 85 2025 807
600 86 1355 936
600 87 2087 1079
600 88 2778 2245
600 89 641 2468
600 90 2336 986
600 91 1003 2207
600 92 2623 2016
600 93 1110 2820
600 94 2333 1080
600 95 1467 2556
600 96 441 1365
600 97 2459 109
600 98 447 2990
600 99 2879 821
600 100 8 729
600 101 953 618
600 102 1314 1542
600 103 323 513
600 104 2755 2704
600 105 1068 1083
600 106 1765 1571
600 107 139 255
600 108 1892 1475
600 109 461 946
600 110 522 2742
600 111 1923 1601
600 112 976 2294
600 113 439 1935
600 114 842 572
600 115 1698 1603
600 116 2475 1876
600 117 854 1109
600 118 584 2250
600 119 363 1119
600 120 196 821
600 121 1277 2969
600 122 2374 2909
600 123 2867 512
600 124 681 976
600 125 1939 63
600 126 2420 1921
600 127 337 832
600 128 1598 1169
600 129 89 699
600 130 2513 2047
600 131 632 352
600 132 1144 2984
600 133 2776 2523
600 134 584 1432
600 135 2102 2379
600 136 824 1474
600 137 1917 1863
600 138 1242 1240
600 139 374 1095
600 140 532 2435
600 141 717 392
600 142 1284 1642
600 143 1996 1951
600 144 2651 2748
600 145 2756 993
600 146 2123 2965
600 147 2219 2342
600 148 909 917
600 149 396 230
600 150 765 1262
600 151 1722 1125
600 152 1064 2705
600 153 2522 1327
600 154 468 121
600 155 2381 1261
600 156 1541 1411
600 157 1982 2743
600 158 2550 2503
600 159 797 171
600 160 1717 2475
600 161 1286 684
600 162 730 842
600 163 1773 2094
600 164 757 2186
600 165 2837 2109
600 166 1254 2963
600 167 120 2886
600 168 2679 1407
600 169 604 587
600 170 641 1400
600 171 1723 1681
600 172 2974 2526
600 173 174 2685
600 174 2954 634
600 175 250 91
600 176 113 1249
600 177 1559 2991
600 178 2107 1279
600 179 1653 1097
600 180 1941 2103
600 181 2594 1592
600 182 2716 2688
600 183 2415 2485
600 184 2908 2980
600 185 636 1511
600 186 662 835
600 187 2859 2164
600 188 2654 704
600 189 954 1027
600 190 2047 1255
600 191 1951 2518
600 192 1831 2064
600 193 726 1470
600 194 532 1429
600 195 1067 311
600 196 717 638
600 197 2829 2358
600 198 125 1227
600 199 234 326
600 200 1963 2932
600 201 847 732
600 202 335 2457
600 203 2098 2023
600 204 1099 1158
600 205 519 294
600 206 1307 1329
600 207 929 1648
600 208 2318 1956
600 209 2335 2919
600 210 2416 2431
600 211 2641 891
600 212 354 2399
600 213 1723 2074
600 214 537 2960
600 215 247 341
600 216 854 2738
600 217 1447 2880
600 218 2930 977
600 219 2523 684
600 220 2389 53
600 221 2099 117
600 222 2638 256
600 223 1006 181
600 224 2496 2388
600 225 1163 1675
600 226 2483 1164
600 227 673 1091
600 228 1657 869
600 229 1265 773
600 230 2262 555
600 231 2398 1616
600 232 2286 2017
600 233 2721 2368
600 234 1793 2734
600 235 1421 1367
600 236 69 1209
600 237 2317 1699
600 238 2239 373
600 239 1648 1845
600 240 2851 2333
600 241 930 1501
600 242 1396 2308
600 243 1600 933
600 244 1677 2723
600 245 2003 1540
600 246 429 1396
600 247 1970 702
600 248 928 19
600 249 2274 1833
600 250 2923 567
600 251 545 2791
600 252 771 574
600 253 2517 349
600 254 2564 1935
600 255 660 2560
600 256 325 2439
600 257 140 1943
600 258 2642 2721
600 259 2236 226
600 260 924 1467
600 261 98 938
600 262 1461 2200
600 263 1835 467
600 264 1067 2499
600 265 2941 2655
600 266 2734 2622
600 267 154 798
600 268 1029 539
600 269 936 2030
600 270 1502 232
600 271 784 1624
600 272 1559 1175
600 273 1129 1570
600 274 352 192
600 275 1142 607
600 276 1738 1117
600 277 2444 1845
600 278 2454 2604
600 279 1013 1857
600 280 2703 1815
600 281 1447 1869
600 282 1547 1472
600 283 331 333
600 284 1649 2089
600 285 2209 2332
600 286 171 1386
600 287 742 1399
600 288 429 320
600 289 1707 986
600 290 1405 1174
600 291 1579 1559
600 292 309 811
600 293 1695 1654
600 294 2784 2238
600 295 956 1366
600 296 2490 2153
600 297 2130 775
600 298 2552 829
600 299 509 2039
1200 0 2921 307
1200 1 2313 2242
1200 2 1857 791
1200 3 1752 2161
1200 4 776 1520
1200 5 1889 1737
1200 6 1030 2381
1200 7 117 527
1200 8 1165 2527
1200 9 1865 2091
1200 10 1796 1117
1200 11 2230 2002
1200 12 2045 2008
1200 13 2365 2310
1200 14 2227 2031
1200 15 2137 1953
1200 16 2707 250
1200 17 2618 2121
1200 18 644 154
1200 19 2592 2119
1200 20 2275 1850
1200 21 213 354
1200 22 2312 2296
1200 23 923 652
1200 24 2340 2273
1200 25 2071 1852
1200 26 2856 2603
1200 27 714 255
1200 28 2877 2831
1200 29 144 382
1200 30 633 265
1200 31 780 1369
1200 32 368 2924
1200 33 1317 405
1200 34 2795 2887
1200 35 2251 2573
1200 36 1474 1417
1200 37 2279 2473
1200 38 426 2746
1200 39 305 2533
1200 40 2322 1417
1200 41 1586 2660
1200 42 1130 333
1200 43 277 454
1200 44 2124 387
1200 45 1308 1101
1200 46 2997 555
1200 47 1392 2196
1200 48 733 188
1200 49 1582 1361
1200 50 2822 2414
1200 51 768 2117
1200 52 1186 1429
1200 53 851 1523
1200 54 199 1385
1200 55 2275 1784
1200 56 1335 2664
1200 57 2834 2581
1200 58 628 716
1200 59 184 103
1200 60 186 2173
1200 61 917 780
1200 62 947 895
1200 63 1499 1781
1200 64 1447 1806
1200 65 2726 2281
1200 66 348 917
1200 67 2379 2551
1200 68 2515 2614
1200 69 852 1849
1200 70 2604 2763
1200 71 2599 2737
1200 72 172 2250
1200 73 1627 1676
1200 74 2396 717
1200 75 1978 2141
1200 76 351 254
1200 77 2038 1998
1200 78 780 1443
1200 79 834 353
1200 80 2158 1070
1200 81 275 461
1200 82 1599 2375
1200 83 1205 1995
1200 84 1609 1912
1200 85 1994 1792
1200 86 1355 936
1200 87 1668 1844
1200 88 2778 2245
1200 89 641 2468
1200 90 2336 986
1200 91 1003 2207
1200 92 2623 2016
1200 93 833 1032
1200 94 2333 1080
1200 95 1467 2556
1200 96 441 1365
1200 97 2459 109
1200 98 447 2990
1200 99 2879 821
1200 100 8 729
1200 101 953 618
1200 102 1314 1542
1200 103 633 586
1200 104 2755 2704
1200 105 1068 1083
1200 106 1765 1571
1200 107 139 255
1200 108 1892 1475
1200 109 461 946
1200 110 522 2742
1200 111 1923 1601
1200 112 1349 1300
1200 113 294 163
1200 114 842 572
1200 115 1698 1603
1200 116 2475 1876
1200 117 854 1109
1200 118 584 2250
1200 119 363 1119
1200 120 196 821
1200 121 1277 2969
1200 122 2374 2909
1200 123 2867 512
1200 124 681 976
1200 125 1939 63
1200 126 2420 1921
1200 127 337 832
1200 128 1598 1169
1200 129 89 699
1200 130 2513 2047
1200 131 632 352
1200 132 1144 2984
1200 133 2776 2523
1200 134 584 1432
1200 135 2102 2379
1200 136 824 1474
1200 137 1917 1863
1200 138 1242 1240
1200 139 374 1095
1200 140 532 2435
1200 141 229 365
1200 142 1284 1642
1200 143 1996 1951
1200 144 2651 2748
1200 145 2902 2384
1200 146 2123 2965
1200 147 2219 2342
1200 148 909 917
1200 149 396 230
1200 150 301 1025
1200 151 1722 1125
1200 152 649 1378
1200 153 2522 1327
1200 154 468 121
1200 155 2381 1261
1200 156 1541 1411
1200 157 1982 2743
1200 158 2550 2503
1200 159 599 777
1200 160 1717 2475
1200 161 1659 1779
1200 162 558 528
1200 163 1773 2094
1200 164 757 2186
1200 165 2837 2109
1200 166 1667 1190
1200 167 120 2886
1200 168 2679 1407
1200 169 604 587
1200 170 435 182
1200 171 1723 1681
1200 172 2974 2526
1200 173 174 2685
1200 174 2808 2728
1200 175 250 91
1200 176 97 523
1200 177 1461 1477
1200 178 2372 2521
1200 179 1653 1097
1200 180 1941 2103
1200 181 2762 2532
1200 182 2716 2688
1200 183 2415 2485
1200 184 2908 2980
1200 185 636 1511
1200 186 941 955
1200 187 2859 2164
1200 188 2654 704
1200 189 954 1027
1200 190 2047 1255
1200 191 1951 2518
1200 192 1831 2064
1200 193 726 1470
1200 194 191 977
1200 195 1067 311
1200 196 717 638
1200 197 2829 2358
1200 198 125 1227
1200 199 234 326
1200 200 1963 2932
1200 201 847 732
1200 202 335 2457
1200 203 2098 2023
1200 204 1099 1158
1200 205 519 294
1200 206 1307 1329
1200 207 1222 1173
1200 208 2318 1956
1200 209 2335 2919
1200 210 2416 2431
1200 211 2641 891
1200 212 354 2399
1200 213 1723 2074
1200 214 537 2960
1200 215 247 341
1200 216 854 2738
1200 217 1791 1214
1200 218 2930 977
1200 219 2523 684
1200 220 2389 53
1200 221 2099 117
1200 222 2638 256
1200 223 1006 181
1200 224 2210 2554
1200 225 1271 1314
1200 226 2483 1164
1200 227 673 1091
1200 228 1657 869
1200 229 1265 773
1200 230 2262 555
1200 231 2398 1616
1200 232 2681 2584
1200 233 2721 2368
1200 234 1793 2734
1200 235 1421 1367
1200 236 69 1209
1200 237 2317 1699
1200 238 2636 2118
1200 239 1648 1845
1200 240 2851 2333
1200 241 930 1501
1200 242 1396 2308
1200 243 1600 933
1200 244 1677 2723
1200 245 2003 1540
1200 246 429 1396
1200 247 1970 702
1200 248 928 19
1200 249 2274 1833
1200 250 2923 567
1200 251 545 2791
1200 252 771 574
1200 253 2517 349
1200 254 2404 2593
1200 255 660 2560
1200 256 325 2439
1200 257 140 1943
1200 258 2642 2721
1200 259 2236 226
1200 260 924 1467
1200 261 98 938
1200 262 1461 2200
1200 263 1459 1565
1200 264 818 1293
1200 265 2995 2756
1200 266 2734 2622
1200 267 154 798
1200 268 1029 539
1200 269 936 2030
1200 270 1438 1472
1200 271 784 1624
1200 272 1559 1175
1200 273 1129 1570
1200 274 352 192
1200 275 1142 607
1200 276 1925 2150
1200 277 2444 1845
1200 278 2454 2604
1200 279 1013 1857
1200 280 2703 1815
1200 281 1107 966
1200 282 1547 1472
1200 283 331 333
1200 284 1649 2089
1200 285 2209 2332
1200 286 449 465
1200 287 742 1399
1200 288 429 320
1200 289 1707 986
1200 290 1405 1174
1200 291 2016 1984
1200 292 747 767
1200 293 1709 2086
1200 294 2784 2238
1200 295 956 1366
1200 296 2490 2153
1200 297 1912 2460
1200 298 2552 829
1200 299 509 2039
1800 0 2921 307
1800 1 2158 2470
1800 2 1857 791
1800 3 1752 2161
1800 4 938 897
1800 5 1889 1737
1800 6 1030 2381
1800 7 117 527
1800 8 1165 2527
1800 9 1865 2091
1800 10 1451 1313
1800 11 2230 2002
1800 12 2045 2008
1800 13 2365 2310
1800 14 2227 2031
1800 15 2137 1953
1800 16 2707 250
1800 17 2485 2622
1800 18 644 154
1800 19 2592 2119
1800 20 1905 2403
1800 21 511 248
1800 22 2565 2677
1800 23 923 652
1800 24 1851 2807
1800 25 2071 1852
1800 26 2856 2603
1800 27 714 255
1800 28 2877 2831
1800 29 144 382
1800 30 633 265
1800 31 780 1369
1800 32 368 2924
1800 33 1317 405
1800 34 2795 2887
1800 35 2251 2573
1800 36 1106 1435
1800 37 2279 2473
1800 38 426 2746
1800 39 357 286
1800 40 2322 1417
1800 41 1586 2660
1800 42 1130 333
1800 43 277 454
1800 44 2208 2225
1800 45 1308 1101
1800 46 2655 2700
1800 47 1392 2196
1800 48 733 188
1800 49 1582 1361
1800 50 2822 2414
1800 51 768 2117
1800 52 1456 817
1800 53 851 1523
1800 54 199 1385
1800 55 2275 1784
1800 56 913 1431
1800 57 2834 2581
1800 58 628 716
1800 59 184 103
1800 60 186 2173
1800 61 917 780
1800 62 1443 1165
1800 63 1499 1781
1800 64 1447 1806
1800 65 2726 2281
1800 66 348 917
1800 67 2379 2551
1800 68 2515 2614
1800 69 852 1849
1800 70 2604 2763
1800 71 2599 2737
1800 72 172 2250
1800 73 1627 1676
1800 74 2396 717
1800 75 1978 2141
1800 76 351 254
1800 77 2038 1998
1800 78 780 1443
1800 79 834 353
1800 80 2158 1070
1800 81 200 60
1800 82 1599 2375
1800 83 1589 1431
1800 84 1609 1912
1800 85 1994 1792
1800 86 1365 1130
1800 87 1668 1844
1800 88 2778 2245
1800 89 641 2468
1800 90 2336 986
1800 91 1003 2207
1800 92 2623 2016
1800 93 833 1032
1800 94 2333 1080
1800 95 1467 2556
1800 96 663 162
1800 97 2459 109
1800 98 447 2990
1800 99 2879 821
1800 100 8 729
1800 101 953 618
1800 102 1314 1542
1800 103 1049 632
1800 104 2964 2889
1800 105 1068 1083
1800 106 1765 1571
1800 107 139 255
1800 108 1892 1475
1800 109 450 513
1800 110 522 2742
1800 111 1923 1601
1800 112 1349 1300
1800 113 294 163
1800 114 842 572
1800 115 2049 1365
1800 116 2367 2724
1800 117 528 941
1800 118 584 2250
1800 119 363 1119
1800 120 196 821
1800 121 1277 2969
1800 122 1998 2066
1800 123 2867 512
1800 124 681 976
1800 125 1939 63
1800 126 2420 1921
1800 127 337 832
1800 128 1598 1169
1800 129 89 699
1800 130 2513 2047
1800 131 632 352
1800 132 1144 2984
1800 133 2776 2523
1800 134 584 1432
1800 135 2102 2379
1800 136 824 1474
1800 137 1758 2071
1800 138 1242 1240
1800 139 528 378
1800 140 532 2435
1800 141 229 365
1800 142 1284 1642
1800 143 1578 2477
1800 144 2651 2748
1800 145 2902 2384
1800 146 2123 2965
1800 147 2219 2342
1800 148 909 917
1800 149 396 230
1800 150 301 1025
1800 151 1493 2110
1800 152 649 1378
1800 153 2522 1327
1800 154 468 121
1800 155 2381 1261
1800 156 1541 1411
1800 157 1982 2743
1800 158 2550 2503
1800 159 599 777
1800 160 1717 2475
1800 161 1659 1779
1800 162 558 528
1800 163 1773 2094
1800 164 757 2186
1800 165 2837 2109
1800 166 1667 1190
1800 167 120 2886
1800 168 2679 1407
1800 169 604 587
1800 170 746 574
1800 171 1723 1681
1800 172 2974 2526
1800 173 29 423
1800 174 2808 2728
1800 175 250 91
1800 176 97 523
1800 177 1461 1477
1800 178 2372 2521
1800 179 1653 1097
1800 180 1941 2103
1800 181 2762 2532
1800 182 2365 2333
1800 183 2415 2485
1800 184 2723 2496
1800 185 636 1511
1800 186 941 955
1800 187 2859 2164
1800 188 2654 704
1800 189 1366 981
1800 190 2047 1255
1800 191 1951 2518
1800 192 1831 2064
1800 193 726 1470
1800 194 191 977
1800 195 1067 311
1800 196 717 638
1800 197 2829 2358
1800 198 589 443
1800 199 234 326
1800 200 1963 2932
1800 201 847 732
1800 202 335 2457
1800 203 2098 2023
1800 204 1099 1158
1800 205 519 294
1800 206 1307 1329
1800 207 1222 1173
1800 208 2318 1956
1800 209 2555 2589
1800 210 2416 2431
1800 211 2641 891
1800 212 354 2399
1800 213 1843 1524
1800 214 377 954
1800 215 247 341
1800 216 1060 960
1800 217 1791 1214
1800 218 2930 977
1800 219 2523 684
1800 220 2389 53
1800 221 1909 2365
1800 222 2361 2622
1800 223 1006 181
1800 224 2042 2360
1800 225 963 1253
1800 226 2483 1164
1800 227 673 1091
1800 228 1657 869
1800 229 1265 773
1800 230 1926 2465
1800 231 2398 1616
1800 232 2681 2584
1800 233 2335 2714
1800 234 1793 2734
1800 235 1421 1367
1800 236 189 243
1800 237 2317 1699
1800 238 2636 2118
1800 239 1648 1845
1800 240 2851 2333
1800 241 930 1501
1800 242 1396 2308
1800 243 1600 933
1800 244 1677 2723
1800 245 2003 1540
1800 246 429 1396
1800 247 1970 702
1800 248 928 19
1800 249 2274 1833
1800 250 2923 567
1800 251 545 2791
1800 252 1055 288
1800 253 2517 349
1800 254 2404 2593
1800 255 660 2560
1800 256 325 2439
1800 257 140 1943
1800 258 2642 2721
1800 259 2133 2066
1800 260 924 1467
1800 261 98 938
1800 262 1461 2200
1800 263 1309 1647
1800 264 818 1293
1800 265 2995 2756
1800 266 2734 2622
1800 267 154 798
1800 268 1029 539
1800 269 936 2030
1800 270 1815 1543
1800 271 1163 601
1800 272 1401 1378
1800 273 1129 1570
1800 274 352 192
1800 275 1142 607
1800 276 1925 2150
1800 277 2444 1845
1800 278 2454 2604
1800 279 1013 1857
1800 280 2703 1815
1800 281 1107 966
1800 282 1547 1472
1800 283 331 333
1800 284 1649 2089
1800 285 2209 2332
1800 286 127 423
1800 287 742 1399
1800 288 429 320
1800 289 1874 1824
1800 290 1405 1174
1800 291 2265 2184
1800 292 747 767
1800 293 1709 2086
1800 294 2784 2238
1800 295 956 1366
1800 296 2490 2153
1800 297 1912 2460
1800 298 2552 829
1800 299 509 2039
2400 0 2921 307
2400 1 1794 2649
2400 2 1885 2284
2400 3 1752 2161
2400 4 938 897
2400 5 1889 1737
2400 6 1030 2381
2400 7 117 527
2400 8 1165 2527
2400 9 1475 2324
2400 10 1451 1313
2400 11 2230 2002
2400 12 2514 1657
2400 13 2365 2310
2400 14 2227 2031
2400 15 2137 1953
2400 16 2707 250
2400 17 2485 2622
2400 18 644 154
2400 19 2592 2119
2400 20 1905 2403
2400 21 511 248
2400 22 2391 2881
2400 23 923 652
2400 24 1399 1847
2400 25 2071 1852
2400 26 2856 2603
2400 27 714 255
2400 28 2877 2831
2400 29 144 382
2400 30 633 265
2400 31 691 417
2400 32 368 2924
2400 33 1317 405
2400 34 2795 2887
2400 35 2251 2573
2400 36 1106 1435
2400 37 2279 2473
2400 38 426 2746
2400 39 357 286
2400 40 2322 1417
2400 41 1586 2660
2400 42 1130 333
2400 43 277 454
2400 44 2208 2225
2400 45 1308 1101
2400 46 2655 2700
2400 47 1674 1511
2400 48 733 188
2400 49 1582 1361
2400 50 2894 2575
2400 51 768 2117
2400 52 1580 1727
2400 53 851 1523
2400 54 199 1385
2400 55 2275 1784
2400 56 913 1431
2400 57 2834 2581
2400 58 628 716
2400 59 184 103
2400 60 186 2173
2400 61 917 780
2400 62 1443 1165
2400 63 1499 1781
2400 64 1447 1806
2400 65 2726 2281
2400 66 348 917
2400 67 2379 2551
2400 68 2515 2614
2400 69 852 1849
2400 70 2604 2763
2400 71 2599 2737
2400 72 172 2250
2400 73 1627 1676
2400 74 2163 2527
2400 75 1978 2141
2400 76 351 254
2400 77 2283 2247
2400 78 780 1443
2400 79 834 353
2400 80 2158 1070
2400 81 200 60
2400 82 1599 2375
2400 83 1589 1431
2400 84 1609 1912
2400 85 1994 1792
2400 86 1365 1130
2400 87 1668 1844
2400 88 2778 2245
2400 89 641 2468
2400 90 2336 986
2400 91 1003 2207
2400 92 2623 2016
2400 93 959 1141
2400 94 2660 2614
2400 95 1467 2556
2400 96 359 817
2400 97 2459 109
2400 98 447 2990
2400 99 2879 821
2400 100 76 454
2400 101 1093 1259
2400 102 1314 1542
2400 103 1049 632
2400 104 2964 2889
2400 105 1068 1083
2400 106 1765 1571
2400 107 139 255
2400 108 1892 1475
2400 109 450 513
2400 110 935 986
2400 111 1923 1601
2400 112 1569 1097
2400 113 294 163
2400 114 842 572
2400 115 2049 1365
2400 116 2367 2724
2400 117 528 941
2400 118 584 2250
2400 119 363 1119
2400 120 196 821
2400 121 1277 2969
2400 122 1998 2066
2400 123 2867 512
2400 124 681 976
2400 125 1939 63
2400 126 2420 1921
2400 127 337 832
2400 128 1598 1169
2400 129 89 699
2400 130 2513 2047
2400 131 632 352
2400 132 1144 2984
2400 133 2937 2305
2400 134 584 1432
2400 135 2102 2379
2400 136 1323 727
2400 137 1758 2071
2400 138 1242 1240
2400 139 68 240
2400 140 532 2435
2400 141 21 117
2400 142 1284 1642
2400 143 1578 2477
2400 144 2651 2748
2400 145 2902 2384
2400 146 2123 2965
2400 147 2219 2342
2400 148 909 917
2400 149 396 230
2400 150 301 1025
2400 151 1493 2110
2400 152 649 1378
2400 153 2522 1327
2400 154 93 672
2400 155 2381 1261
2400 156 1541 1411
2400 157 1982 2743
2400 158 2550 2503
2400 159 955 257
2400 160 1717 2475
2400 161 1659 1779
2400 162 558 528
2400 163 1773 2094
2400 164 1084 664
2400 165 2403 2602
2400 166 1667 1190
2400 167 410 71
2400 168 2679 1407
2400 169 1037 492
2400 170 746 574
2400 171 1723 1681
2400 172 2739 2910
2400 173 301 422
2400 174 2796 2989
2400 175 250 91
2400 176 97 523
2400 177 1461 1477
2400 178 2372 2521
2400 179 1653 1097
2400 180 1941 2103
2400 181 2888 2793
2400 182 2084 2790
2400 183 1974 2606
2400 184 2723 2496
2400 185 636 1511
2400 186 941 955
2400 187 2859 2164
2400 188 2654 704
2400 189 1366 981
2400 190 2047 1255
2400 191 2391 1501
2400 192 1831 2064
2400 193 726 1470
2400 194 191 977
2400 195 1067 311
2400 196 717 638
2400 197 2983 2437
2400 198 589 443
2400 199 234 326
2400 200 1963 2932
2400 201 847 732
2400 202 335 2457
2400 203 1727 2525
2400 204 1099 1158
2400 205 519 294
2400 206 1307 1329
2400 207 1222 1173
2400 208 2318 1956
2400 209 2555 2589
2400 210 2416 2431
2400 211 2895 2265
2400 212 354 2399
2400 213 1843 1524
2400 214 61 274
2400 215 247 341
2400 216 1060 960
2400 217 1791 1214
2400 218 2930 977
2400 219 2523 684
2400 220 2870 2173
2400 221 1909 2365
2400 222 2361 2622
2400 223 1076 1435
2400 224 2042 2360
2400 225 963 1253
2400 226 2483 1164
2400 227 673 1091
2400 228 1657 869
2400 229 1310 1556
2400 230 2201 2320
2400 231 2566 2735
2400 232 2453 2228
2400 233 1983 2079
2400 234 1793 2734
2400 235 1421 1367
2400 236 189 243
2400 237 2806 2085
2400 238 2636 2118
2400 239 1648 1845
2400 240 2851 2333
2400 241 930 1501
2400 242 1396 2308
2400 243 1600 933
2400 244 1677 2723
2400 245 1976 2025
2400 246 429 1396
2400 247 1970 702
2400 248 928 19
2400 249 2047 1922
2400 250 2923 567
2400 251 545 2791
2400 252 1055 288
2400 253 2517 349
2400 254 2404 2593
2400 255 660 2560
2400 256 325 2439
2400 257 140 1943
2400 258 2642 2721
2400 259 2133 2066
2400 260 681 771
2400 261 98 938
2400 262 1461 2200
2400 263 1309 1647
2400 264 818 1293
2400 265 2995 2756
2400 266 2327 2695
2400 267 154 798
2400 268 1029 539
2400 269 936 2030
2400 270 1986 1510
2400 271 1163 601
2400 272 1401 1378
2400 273 1129 1570
2400 274 352 192
2400 275 1142 607
2400 276 1925 2150
2400 277 2444 1845
2400 278 2454 2604
2400 279 1013 1857
2400 280 2703 1815
2400 281 1107 966
2400 282 1547 1472
2400 283 331 333
2400 284 1530 1532
2400 285 2209 2332
2400 286 127 423
2400 287 742 1399
2400 288 705 604
2400 289 1874 1824
2400 290 1405 1174
2400 291 2265 2184
2400 292 747 767
2400 293 1709 2086
2400 294 2784 2238
2400 295 956 1366
2400 296 2490 2153
2400 297 1912 2460
2400 298 2589 2635
2400 299 509 2039
3000 0 2921 307
3000 1 1794 2649
3000 2 1885 2284
3000 3 1752 2161
3000 4 938 897
3000 5 1889 1737
3000 6 1030 2381
3000 7 117 527
3000 8 1165 2527
3000 9 1475 2324
3000 10 1451 1313
3000 11 2230 2002
3000 12 2514 1657
3000 13 2365 2310
3000 14 2227 2031
3000 15 2137 1953
3000 16 2707 250
3000 17 2485 2622
3000 18 644 154
3000 19 2592 2119
3000 20 1460 1842
3000 21 277 140
3000 22 2391 2881
3000 23 923 652
3000 24 1399 1847
3000 25 2071 1852
3000 26 2497 2663
3000 27 714 255
3000 28 2877 2831
3000 29 144 382
3000 30 633 265
3000 31 691 417
3000 32 368 2924
3000 33 899 1599
3000 34 2795 2887
3000 35 2251 2573
3000 36 1106 1435
3000 37 2543 1927
3000 38 575 464
3000 39 357 286
3000 40 2322 1417
3000 41 1586 2660
3000 42 1130 333
3000 43 277 454
3000 44 2208 2225
3000 45 1344 1633
3000 46 2655 2700
3000 47 1674 1511
3000 48 733 188
3000 49 1582 1361
3000 50 2894 2575
3000 51 768 2117
3000 52 1580 1727
3000 53 851 1523
3000 54 199 1385
3000 55 2275 1784
3000 56 913 1431
3000 57 2834 2581
3000 58 628 716
3000 59 184 103
3000 60 186 2173
3000 61 917 780
3000 62 946 1095
3000 63 1499 1781
3000 64 1447 1806
3000 65 2726 2281
3000 66 348 917
3000 67 2175 2691
3000 68 2515 2614
3000 69 852 1849
3000 70 2604 2763
3000 71 2599 2737
3000 72 105 371
3000 73 1627 1676
3000 74 2163 2527
3000 75 2168 1935
3000 76 351 254
3000 77 2283 2247
3000 78 780 1443
3000 79 834 353
3000 80 2158 1070
3000 81 200 60
3000 82 1599 2375
3000 83 1589 1431
3000 84 1836 1911
3000 85 1994 1792
3000 86 1365 1130
3000 87 1668 1844
3000 88 2725 2427
3000 89 641 2468
3000 90 2336 986
3000 91 641 539
3000 92 2623 2016
3000 93 959 1141
3000 94 2660 2614
3000 95 1467 2556
3000 96 359 817
3000 97 2459 109
3000 98 447 2990
3000 99 2607 2758
3000 100 76 454
3000 101 1093 1259
3000 102 1314 1542
3000 103 1049 632
3000 104 2964 2889
3000 105 1068 1083
3000 106 1765 1571
3000 107 74 376
3000 108 1892 1475
3000 109 450 513
3000 110 935 986
3000 111 1923 1601
3000 112 1569 1097
3000 113 294 163
3000 114 1230 1318
3000 115 2049 1365
3000 116 2367 2724
3000 117 528 941
3000 118 584 2250
3000 119 745 464
3000 120 196 821
3000 121 1277 2969
3000 122 1998 2066
3000 123 2762 2963
3000 124 681 976
3000 125 1939 63
3000 126 2420 1921
3000 127 337 832
3000 128 1847 1270
3000 129 554 375
3000 130 2513 2047
3000 131 632 352
3000 132 1144 2984
3000 133 2914 2680
3000 134 849 934
3000 135 2102 2379
3000 136 1323 727
3000 137 1758 2071
3000 138 1242 1240
3000 139 68 240
3000 140 532 2435
3000 141 21 117
3000 142 1284 1642
3000 143 1578 2477
3000 144 2651 2748
3000 145 2902 2384
3000 146 2123 2965
3000 147 2219 2342
3000 148 909 917
3000 149 396 230
3000 150 301 1025
3000 151 1803 1687
3000 152 649 1378
3000 153 2522 1327
3000 154 93 672
3000 155 2381 1261
3000 156 1170 1159
3000 157 1982 2743
3000 158 2744 2714
3000 159 955 257
3000 160 1717 2475
3000 161 1659 1779
3000 162 558 528
3000 163 1857 1457
3000 164 716 1159
3000 165 2403 2602
3000 166 1667 1190
3000 167 410 71
3000 168 2730 2269
3000 169 1037 492
3000 170 746 574
3000 171 1723 1681
3000 172 2739 2910
3000 173 301 422
3000 174 2796 2989
3000 175 250 91
3000 176 97 523
3000 177 1452 1062
3000 178 2372 2521
3000 179 1653 1097
3000 180 2432 2349
3000 181 2888 2793
3000 182 2084 2790
3000 183 1974 2606
3000 184 2723 2496
3000 185 636 1511
3000 186 941 955
3000 187 2859 2164
3000 188 2654 704
3000 189 1366 981
3000 190 2047 1255
3000 191 2391 1501
3000 192 1997 1687
3000 193 726 1470
3000 194 191 977
3000 195 1067 311
3000 196 717 638
3000 197 2983 2437
3000 198 589 443
3000 199 234 326
3000 200 1963 2932
3000 201 705 1342
3000 202 335 2457
3000 203 1727 2525
3000 204 1099 1158
3000 205 519 294
3000 206 1307 1329
3000 207 1222 1173
3000 208 2318 1956
3000 209 2555 2589
3000 210 2416 2431
3000 211 2895 2265
3000 212 354 2399
3000 213 1746 2153
3000 214 61 250
3000 215 247 341
3000 216 1060 960
3000 217 1791 1214
3000 218 2740 2443
3000 219 2523 684
3000 220 2870 2173
3000 221 1909 2365
3000 222 2562 2094
3000 223 1076 1435
3000 224 2042 2360
3000 225 963 1253
3000 226 2483 1164
3000 227 673 1091
3000 228 1657 869
3000 229 1372 1757
3000 230 2201 2320
3000 231 2186 2805
3000 232 2453 2228
3000 233 1983 2079
3000 234 1793 2734
3000 235 1855 1560
3000 236 189 243
3000 237 2806 2085
3000 238 2636 2118
3000 239 1648 1845
3000 240 2417 2549
3000 241 1218 1214
3000 242 1396 2308
3000 243 1600 933
3000 244 1677 2723
3000 245 2004 2250
3000 246 429 1396
3000 247 2082 1840
3000 248 928 19
3000 249 2158 2097
3000 250 2923 567
3000 251 545 2791
3000 252 1055 288
3000 253 2514 2592
3000 254 2404 2593
3000 255 943 197
3000 256 325 2439
3000 257 140 1943
3000 258 2642 2721
3000 259 2133 2066
3000 260 681 771
3000 261 98 938
3000 262 1461 2200
3000 263 1309 1647
3000 264 818 1293
3000 265 2995 2756
3000 266 2327 2695
3000 267 529 607
3000 268 1029 539
3000 269 1396 550
3000 270 1986 1510
3000 271 1163 601
3000 272 1459 1899
3000 273 832 1256
3000 274 352 192
3000 275 1142 607
3000 276 1925 2150
3000 277 2683 2169
3000 278 2454 2604
3000 279 1017 513
3000 280 2703 1815
3000 281 1107 966
3000 282 1547 1472
3000 283 331 333
3000 284 1530 1532
3000 285 2209 2332
3000 286 127 423
3000 287 742 1399
3000 288 705 604
3000 289 1874 1824
3000 290 1405 1174
3000 291 2538 2019
3000 292 516 1042
3000 293 1709 2086
3000 294 2784 2238
3000 295 956 1366
3000 296 2490 2153
3000 297 1749 1524
3000 298 2589 2635
3000 299 509 2039
3600 0 2921 307
3600 1 1794 2649
3600 2 1885 2284
3600 3 1752 2161
3600 4 938 897
3600 5 1998 1713
3600 6 1030 2381
3600 7 117 527
3600 8 1165 2527
3600 9 1475 2324
3600 10 1451 1313
3600 11 2230 2002
3600 12 2514 1657
3600 13 2365 2310
3600 14 2227 2031
3600 15 2137 1953
3600 16 2707 250
3600 17 2485 2622
3600 18 771 504
3600 19 2592 2119
3600 20 1293 1100
3600 21 277 140
3600 22 2391 2881
3600 23 923 652
3600 24 1415 1594
3600 25 2071 1852
3600 26 2497 2663
3600 27 1000 669
3600 28 2877 2831
3600 29 144 382
3600 30 633 265
3600 31 1153 1055
3600 32 368 2924
3600 33 899 1599
3600 34 2795 2887
3600 35 2027 2209
3600 36 1273 858
3600 37 2543 1927
3600 38 575 464
3600 39 357 286
3600 40 2322 1417
3600 41 1586 2660
3600 42 1130 333
3600 43 421 83
3600 44 2208 2225
3600 45 1344 1633
3600 46 2655 2700
3600 47 1321 1675
3600 48 733 188
3600 49 1582 1361
3600 50 2894 2575
3600 51 768 2117
3600 52 1580 1727
3600 53 851 1523
3600 54 199 1385
3600 55 2275 1784
3600 56 800 475
3600 57 2754 2698
3600 58 921 441
3600 59 184 103
3600 60 186 2173
3600 61 917 780
3600 62 1059 474
3600 63 1499 1781
3600 64 1447 1806
3600 65 2726 2281
3600 66 348 917
3600 67 2175 2691
3600 68 2515 2614
3600 69 852 1849
3600 70 2604 2763
3600 71 2599 2737
3600 72 105 371
3600 73 1697 2124
3600 74 2163 2527
3600 75 2168 1935
3600 76 351 254
3600 77 2283 2247
3600 78 780 1443
3600 79 834 353
3600 80 2158 1070
3600 81 476 407
3600 82 1599 2375
3600 83 1589 1431
3600 84 1836 1911
3600 85 1994 1792
3600 86 1460 1187
3600 87 1668 1844
3600 88 2725 2427
3600 89 641 2468
3600 90 2336 986
3600 91 641 539
3600 92 2623 2016
3600 93 959 1141
3600 94 2660 2614
3600 95 1676 1035
3600 96 359 817
3600 97 2459 109
3600 98 447 2990
3600 99 2311 2896
3600 100 76 454
3600 101 1093 1259
3600 102 1314 1542
3600 103 1049 632
3600 104 2964 2889
3600 105 1427 752
3600 106 1781 1393
3600 107 74 376
3600 108 1892 1475
3600 109 596 38
3600 110 935 986
3600 111 2021 1793
3600 112 1569 1097
3600 113 294 163
3600 114 1230 1318
3600 115 2049 1365
3600 116 2765 2495
3600 117 528 941
3600 118 101 950
3600 119 745 464
3600 120 196 821
3600 121 1277 2969
3600 122 1998 2066
3600 123 2762 2963
3600 124 681 976
3600 125 1732 2047
3600 126 2864 2536
3600 127 337 832
3600 128 1847 1270
3600 129 554 375
3600 130 2513 2047
3600 131 632 352
3600 132 1144 2984
3600 133 2914 2680
3600 134 849 934
3600 135 1785 1883
3600 136 1323 727
3600 137 1758 2071
3600 138 1242 1240
3600 139 68 240
3600 140 532 2435
3600 141 21 117
3600 142 1284 1642
3600 143 1578 2477
3600 144 2651 2748
3600 145 2902 2384
3600 146 2123 2965
3600 147 2219 2342
3600 148 909 917
3600 149 396 230
3600 150 301 1025
3600 151 1803 1687
3600 152 649 1378
3600 153 2522 1327
3600 154 93 672
3600 155 2381 1261
3600 156 1170 1159
3600 157 1727 2169
3600 158 2364 2833
3600 159 955 257
3600 160 1717 2475
3600 161 1659 1779
3600 162 558 528
3600 163 1857 1457
3600 164 716 1159
3600 165 2403 2602
3600 166 1997 1328
3600 167 410 71
3600 168 2672 2881
3600 169 1037 492
3600 170 746 574
3600 171 1748 1814
3600 172 2739 2910
3600 173 437 357
3600 174 2796 2989
3600 175 250 91
3600 176 97 523
3600 177 1452 1062
3600 178 2372 2521
3600 179 1653 1097
3600 180 2432 2349
3600 181 2445 2701
3600 182 2084 2790
3600 183 1933 2194
3600 184 2723 2496
3600 185 636 1511
3600 186 941 955
3600 187 2859 2164
3600 188 2654 704
3600 189 1446 1300
3600 190 2047 1255
3600 191 2391 1501
3600 192 2045 1573
3600 193 726 1470
3600 194 191 977
3600 195 1067 311
3600 196 717 638
3600 197 2983 2437
3600 198 589 443
3600 199 234 326
3600 200 1963 2932
3600 201 705 1342
3600 202 335 2457
3600 203 1727 2525
3600 204 1099 1158
3600 205 519 294
3600 206 1307 1329
3600 207 1222 1173
3600 208 2318 1956
3600 209 2555 2589
3600 210 2416 2431
3600 211 2895 2265
3600 212 696 186
3600 213 1746 2153
3600 214 61 250
3600 215 247 341
3600 216 734 1165
3600 217 1791 1214
3600 218 2740 2443
3600 219 2396 2710
3600 220 2870 2173
3600 221 1909 2365
3600 222 2562 2094
3600 223 1076 1435
3600 224 2042 2360
3600 225 963 1253
3600 226 2483 1164
3600 227 673 1091
3600 228 1657 869
3600 229 1372 1757
3600 230 2201 2320
3600 231 2186 2805
3600 232 2453 2228
3600 233 2075 1519
3600 234 1793 2734
3600 235 1855 1560
3600 236 189 243
3600 237 2867 2737
3600 238 2343 2475
3600 239 1648 1845
3600 240 2417 2549
3600 241 1218 1214
3600 242 1396 2308
3600 243 1600 933
3600 244 2152 1493
3600 245 2004 2250
3600 246 429 1396
3600 247 2082 1840
3600 248 928 19
3600 249 2158 2097
3600 250 2680 2728
3600 251 545 2791
3600 252 1055 288
3600 253 2514 2592
3600 254 2404 2593
3600 255 943 197
3600 256 563 151
3600 257 260 624
3600 258 2642 2721
3600 259 2133 2066
3600 260 681 771
3600 261 98 938
3600 262 1461 2200
3600 263 1309 1647
3600 264 818 1293
3600 265 2678 2873
3600 266 2327 2695
3600 267 529 607
3600 268 834 1316
3600 269 1396 550
3600 270 1986 1510
3600 271 1163 601
3600 272 1901 1397
3600 273 1236 539
3600 274 352 192
3600 275 1142 607
3600 276 1925 2150
3600 277 2683 2169
3600 278 2454 2604
3600 279 1017 513
3600 280 2703 1815
3600 281 1069 872
3600 282 1547 1472
3600 283 331 333
3600 284 1530 1532
3600 285 2209 2332
3600 286 112 614
3600 287 742 1399
3600 288 705 604
3600 289 1874 1824
3600 290 1405 1174
3600 291 2538 2019
3600 292 516 1042
3600 293 1709 2086
3600 294 2895 2551
3600 295 956 1366
3600 296 2490 2153
3600 297 1749 1524
3600 298 2714 2685
3600 299 509 2039
4200 0 2921 307
4200 1 1973 1385
4200 2 1885 2284
4200 3 1752 2161
4200 4 938 897
4200 5 1998 1713
4200 6 1030 2381
4200 7 117 527
4200 8 1165 2527
4200 9 1287 1195
4200 10 1451 1313
4200 11 2230 2002
4200 12 2514 1657
4200 13 2861 1986
4200 14 2227 2031
4200 15 2137 1953
4200 16 2707 250
4200 17 2485 2622
4200 18 515 715
4200 19 2592 2119
4200 20 1293 1100
4200 21 277 140
4200 22 2391 2881
4200 23 923 652
4200 24 1649 1508
4200 25 1755 1916
4200 26 2497 2663
4200 27 1000 669
4200 28 2951 2747
4200 29 144 382
4200 30 633 265
4200 31 1153 1055
4200 32 368 2924
4200 33 899 1599
4200 34 2795 2887
4200 35 1823 1657
4200 36 1273 858
4200 37 2543 1927
4200 38 575 464
4200 39 357 286
4200 40 2322 1417
4200 41 1586 2660
4200 42 1130 333
4200 43 421 83
4200 44 2208 2225
4200 45 1445 1184
4200 46 2655 2700
4200 47 1321 1675
4200 48 733 188
4200 49 1582 1361
4200 50 2566 2729
4200 51 768 2117
4200 52 1580 1727
4200 53 489 977
4200 54 199 1385
4200 55 2275 1784
4200 56 800 475
4200 57 2754 2698
4200 58 921 441
4200 59 44 189
4200 60 186 2173
4200 61 917 780
4200 62 1059 474
4200 63 1499 1781
4200 64 1447 1806
4200 65 2726 2281
4200 66 348 917
4200 67 1927 2262
4200 68 2515 2614
4200 69 852 1849
4200 70 2304 2295
4200 71 2599 2737
4200 72 105 371
4200 73 1697 2124
4200 74 2163 2527
4200 75 2168 1935
4200 76 351 254
4200 77 2283 2247
4200 78 780 1443
4200 79 834 353
4200 80 2158 1070
4200 81 476 407
4200 82 1599 2375
4200 83 1170 1122
4200 84 1836 1911
4200 85 1849 2044
4200 86 1460 1187
4200 87 1509 1581
4200 88 2725 2427
4200 89 641 2468
4200 90 2219 2768
4200 91 641 539
4200 92 2623 2016
4200 93 959 1141
4200 94 2791 2525
4200 95 1676 1035
4200 96 359 817
4200 97 2459 109
4200 98 447 2990
4200 99 2311 2896
4200 100 76 454
4200 101 1093 1259
4200 102 1314 1542
4200 103 1049 632
4200 104 2964 2889
4200 105 1427 752
4200 106 1781 1393
4200 107 74 376
4200 108 1892 1475
4200 109 596 38
4200 110 935 986
4200 111 2021 1793
4200 112 1569 1097
4200 113 294 163
4200 114 1230 1318
4200 115 2049 1365
4200 116 2765 2495
4200 117 528 941
4200 118 101 950
4200 119 745 464
4200 120 196 821
4200 121 1277 2969
4200 122 1998 2066
4200 123 2762 2963
4200 124 681 976
4200 125 1732 2047
4200 126 2864 2536
4200 127 337 832
4200 128 1847 1270
4200 129 554 375
4200 130 2513 2047
4200 131 156 582
4200 132 1144 2984
4200 133 2914 2680
4200 134 849 934
4200 135 1785 1883
4200 136 1323 727
4200 137 1758 2071
4200 138 1013 1341
4200 139 68 240
4200 140 532 2435
4200 141 21 117
4200 142 1284 1642
4200 143 1578 2477
4200 144 2651 2748
4200 145 2523 2561
4200 146 2123 2965
4200 147 2219 2342
4200 148 909 917
4200 149 396 230
4200 150 531 212
4200 151 1803 1687
4200 152 649 1378
4200 153 2522 1327
4200 154 93 672
4200 155 2778 2604
4200 156 880 1556
4200 157 1727 2169
4200 158 2326 2021
4200 159 955 257
4200 160 1717 2475
4200 161 1659 1779
4200 162 558 528
4200 163 1857 1457
4200 164 1071 466
4200 165 2892 2339
4200 166 1997 1328
4200 167 410 71
4200 168 2672 2881
4200 169 1037 492
4200 170 746 574
4200 171 1743 1846
4200 172 2597 2857
4200 173 33 165
4200 174 2937 2725
4200 175 250 91
4200 176 97 523
4200 177 1452 1062
4200 178 2372 2521
4200 179 1653 1097
4200 180 2637 2486
4200 181 2445 2701
4200 182 2084 2790
4200 183 1933 2194
4200 184 2336 2674
4200 185 422 743
4200 186 941 955
4200 187 2859 2164
4200 188 2654 704
4200 189 1446 1300
4200 190 2047 1255
4200 191 2391 1501
4200 192 2045 1573
4200 193 726 1470
4200 194 191 977
4200 195 1067 311
4200 196 717 638
4200 197 2791 2796
4200 198 589 443
4200 199 405 263
4200 200 1963 2932
4200 201 705 1342
4200 202 335 2457
4200 203 1727 2525
4200 204 1099 1158
4200 205 519 294
4200 206 1307 1329
4200 207 854 1091
4200 208 2318 1956
4200 209 2284 2651
4200 210 2416 2431
4200 211 2895 2265
4200 212 696 186
4200 213 1746 2153
4200 214 61 250
4200 215 247 341
4200 216 714 1113
4200 217 1791 1214
4200 218 2740 2443
4200 219 2396 2710
4200 220 2870 2173
4200 221 1909 2365
4200 222 2562 2094
4200 223 1076 1435
4200 224 2042 2360
4200 225 1341 565
4200 226 2483 1164
4200 227 673 1091
4200 228 1657 869
4200 229 1598 1596
4200 230 2383 2509
4200 231 2186 2805
4200 232 2453 2228
4200 233 1869 2413
4200 234 1793 2734
4200 235 1855 1560
4200 236 189 243
4200 237 2867 2737
4200 238 2343 2475
4200 239 1648 1845
4200 240 2417 2549
4200 241 1218 1214
4200 242 1396 2308
4200 243 1600 933
4200 244 2191 1788
4200 245 2004 2250
4200 246 429 1396
4200 247 2082 1840
4200 248 928 19
4200 249 2158 2097
4200 250 2835 2397
4200 251 545 2791
4200 252 1055 288
4200 253 2212 2158
4200 254 2404 2593
4200 255 459 535
4200 256 563 151
4200 257 260 624
4200 258 2183 2218
4200 259 2133 2066
4200 260 681 771
4200 261 98 938
4200 262 1461 2200
4200 263 1725 1010
4200 264 818 1293
4200 265 2678 2873
4200 266 2327 2695
4200 267 529 607
4200 268 834 1316
4200 269 1396 550
4200 270 1986 1510
4200 271 1261 1319
4200 272 1901 1397
4200 273 1236 539
4200 274 352 192
4200 275 1364 1509
4200 276 1925 2150
4200 277 2232 2700
4200 278 2454 2604
4200 279 1017 513
4200 280 2703 1815
4200 281 1069 872
4200 282 1547 1472
4200 283 331 333
4200 284 1530 1532
4200 285 1781 2003
4200 286 417 71
4200 287 742 1399
4200 288 705 604
4200 289 1874 1824
4200 290 1405 1174
4200 291 2538 2019
4200 292 418 475
4200 293 1709 2086
4200 294 2895 2551
4200 295 956 1366
4200 296 2490 2153
4200 297 1749 1524
4200 298 2714 2685
4200 299 509 2039
4800 0 2921 307
4800 1 1973 1385
4800 2 1885 2284
4800 3 1752 2161
4800 4 938 897
4800 5 1998 1713
4800 6 1179 582
4800 7 117 527
4800 8 1165 2527
4800 9 1132 1169
4800 10 1451 1313
4800 11 1969 2571
4800 12 2514 1657
4800 13 2861 1986
4800 14 1998 2464
4800 15 2137 1953
4800 16 2707 250
4800 17 2677 2072
4800 18 515 715
4800 19 2592 2119
4800 20 1293 1100
4800 21 277 140
4800 22 2391 2881
4800 23 583 947
4800 24 1649 1508
4800 25 1755 1916
4800 26 2497 2663
4800 27 869 668
4800 28 2892 2940
4800 29 144 382
4800 30 633 265
4800 31 910 786
4800 32 368 2924
4800 33 710 663
4800 34 2795 2887
4800 35 1823 1657
4800 36 1273 858
4800 37 2743 2803
4800 38 575 464
4800 39 357 286
4800 40 2322 1417
4800 41 1586 2660
4800 42 1130 333
4800 43 421 83
4800 44 2208 2225
4800 45 1445 1184
4800 46 2655 2700
4800 47 1321 1675
4800 48 733 188
4800 49 1582 1361
4800 50 2566 2729
4800 51 768 2117
4800 52 1580 1727
4800 53 489 977
4800 54 368 13
4800 55 2275 1784
4800 56 800 475
4800 57 2754 2698
4800 58 921 441
4800 59 44 189
4800 60 186 2173
4800 61 917 780
4800 62 843 1047
4800 63 1499 1781
4800 64 1447 1806
4800 65 2726 2281
4800 66 348 917
4800 67 2052 1909
4800 68 2515 2614
4800 69 852 1849
4800 70 2304 2295
4800 71 2599 2737
4800 72 105 371
4800 73 1697 2124
4800 74 2163 2527
4800 75 2168 1935
4800 76 351 254
4800 77 2283 2247
4800 78 780 1443
4800 79 834 353
4800 80 2158 1070
4800 81 415 892
4800 82 1335 1543
4800 83 1170 1122
4800 84 1836 1911
4800 85 1849 2044
4800 86 1460 1187
4800 87 1509 1581
4800 88 2944 2762
4800 89 641 2468
4800 90 2219 2768
4800 91 645 1136
4800 92 2623 2016
4800 93 959 1141
4800 94 2791 2525
4800 95 1676 1035
4800 96 322 717
4800 97 2459 109
4800 98 447 2990
4800 99 2311 2896
4800 100 76 454
4800 101 1093 1259
4800 102 1314 1542
4800 103 1049 632
4800 104 2641 2715
4800 105 1427 752
4800 106 1781 1393
4800 107 74 376
4800 108 1892 1475
4800 109 596 38
4800 110 935 986
4800 111 2021 1793
4800 112 1569 1097
4800 113 294 163
4800 114 1230 1318
4800 115 2049 1365
4800 116 2765 2495
4800 117 528 941
4800 118 101 950
4800 119 800 1191
4800 120 196 821
4800 121 1277 2969
4800 122 1998 2066
4800 123 2762 2963
4800 124 588 630
4800 125 1990 1932
4800 126 2864 2536
4800 127 231 166
4800 128 1847 1270
4800 129 401 360
4800 130 2513 2047
4800 131 156 582
4800 132 1144 2984
4800 133 2914 2680
4800 134 849 934
4800 135 1785 1883
4800 136 1323 727
4800 137 1758 2071
4800 138 1013 1341
4800 139 68 240
4800 140 532 2435
4800 141 21 117
4800 142 1166 1228
4800 143 1174 1113
4800 144 2651 2748
4800 145 2523 2561
4800 146 2506 2417
4800 147 2674 2556
4800 148 909 917
4800 149 166 809
4800 150 531 212
4800 151 1699 1580
4800 152 649 1378
4800 153 2900 2355
4800 154 357 200
4800 155 2778 2604
4800 156 880 1556
4800 157 1727 2169
4800 158 2326 2021
4800 159 955 257
4800 160 1789 1427
4800 161 1659 1779
4800 162 558 528
4800 163 1501 2097
4800 164 1071 466
4800 165 2892 2339
4800 166 1898 2483
4800 167 410 71
4800 168 2672 2881
4800 169 1037 492
4800 170 746 574
4800 171 1743 1846
4800 172 2597 2857
4800 173 33 165
4800 174 2937 2725
4800 175 250 91
4800 176 97 523
4800 177 1452 1062
4800 178 2372 2521
4800 179 1653 1097
4800 180 2637 2486
4800 181 2445 2701
4800 182 2084 2790
4800 183 1933 2194
4800 184 2336 2674
4800 185 352 859
4800 186 941 955
4800 187 2859 2164
4800 188 2654 704
4800 189 1446 1300
4800 190 2047 1255
4800 191 2391 1501
4800 192 2045 1573
4800 193 546 527
4800 194 191 977
4800 195 1279 619
4800 196 717 638
4800 197 2791 2796
4800 198 589 443
4800 199 405 263
4800 200 1963 2932
4800 201 1132 411
4800 202 476 680
4800 203 1727 2525
4800 204 1483 1156
4800 205 519 294
4800 206 1307 1329
4800 207 854 1091
4800 208 2318 1956
4800 209 2284 2651
4800 210 2416 2431
4800 211 2895 2265
4800 212 283 251
4800 213 1746 2153
4800 214 61 250
4800 215 344 218
4800 216 714 1113
4800 217 1791 1214
4800 218 2740 2443
4800 219 2396 2710
4800 220 2600 2405
4800 221 1909 2365
4800 222 2562 2094
4800 223 1076 1435
4800 224 2042 2360
4800 225 1341 565
4800 226 2483 1164
4800 227 673 1091
4800 228 1576 1691
4800 229 1598 1596
4800 230 2047 2414
4800 231 2186 2805
4800 232 2453 2228
4800 233 1869 2413
4800 234 2134 2103
4800 235 1855 1560
4800 236 189 243
4800 237 2995 2571
4800 238 2343 2475
4800 239 1648 1845
4800 240 2417 2549
4800 241 1218 1214
4800 242 1396 2308
4800 243 1537 1998
4800 244 2191 1788
4800 245 2004 2250
4800 246 429 1396
4800 247 2082 1840
4800 248 928 19
4800 249 2158 2097
4800 250 2835 2397
4800 251 545 2791
4800 252 1055 288
4800 253 2212 2158
4800 254 2404 2593
4800 255 459 535
4800 256 563 151
4800 257 260 624
4800 258 2183 2218
4800 259 2133 2066
4800 260 681 771
4800 261 98 938
4800 262 1461 2200
4800 263 1725 1010
4800 264 818 1293
4800 265 2678 2873
4800 266 2327 2695
4800 267 529 607
4800 268 834 1316
4800 269 1043 1575
4800 270 1986 1510
4800 271 1261 1319
4800 272 1869 1668
4800 273 1236 539
4800 274 352 192
4800 275 1134 1541
4800 276 1925 2150
4800 277 2232 2700
4800 278 2454 2604
4800 279 1017 513
4800 280 2615 2390
4800 281 1069 872
4800 282 1547 1472
4800 283 331 333
4800 284 1530 1532
4800 285 1781 2003
4800 286 417 71
4800 287 743 1138
4800 288 705 604
4800 289 1874 1824
4800 290 1405 1174
4800 291 2538 2019
4800 292 418 475
4800 293 1866 1424
4800 294 2895 2551
4800 295 956 1366
4800 296 2490 2153
4800 297 1749 1524
4800 298 2714 2685
4800 299 509 2039
5400 0 2921 307
5400 1 1525 2355
5400 2 1885 2284
5400 3 1752 2161
5400 4 938 897
5400 5 1998 1713
5400 6 1179 582
5400 7 15 444
5400 8 1014 1184
5400 9 1132 1169
5400 10 1451 1313
5400 11 1969 2571
5400 12 2514 1657
5400 13 2861 1986
5400 14 2123 1909
5400 15 2137 1953
5400 16 2707 250
5400 17 2677 2072
5400 18 515 715
5400 19 2592 2119
5400 20 1555 1706
5400 21 504 98
5400 22 2391 2881
5400 23 583 947
5400 24 1649 1508
5400 25 1689 1943
5400 26 2497 2663
5400 27 869 668
5400 28 2892 2940
5400 29 462 102
5400 30 646 170
5400 31 910 786
5400 32 368 2924
5400 33 710 663
5400 34 2795 2887
5400 35 1823 1657
5400 36 1247 1556
5400 37 2768 2972
5400 38 575 464
5400 39 357 286
5400 40 2322 1417
5400 41 1586 2660
5400 42 706 1045
5400 43 421 83
5400 44 2208 2225
5400 45 1445 1184
5400 46 2655 2700
5400 47 1773 1674
5400 48 303 753
5400 49 1456 1409
5400 50 2868 2797
5400 51 768 2117
5400 52 1580 1727
5400 53 489 977
5400 54 368 13
5400 55 2051 1972
5400 56 800 475
5400 57 2754 2698
5400 58 921 441
5400 59 44 189
5400 60 186 2173
5400 61 917 780
5400 62 387 1113
5400 63 1499 1781
5400 64 1447 1806
5400 65 2726 2281
5400 66 348 917
5400 67 2501 1696
5400 68 2515 2614
5400 69 852 1849
5400 70 2304 2295
5400 71 2421 2286
5400 72 105 371
5400 73 1812 1343
5400 74 1694 2516
5400 75 2168 1935
5400 76 351 254
5400 77 2283 2247
5400 78 780 1443
5400 79 834 353
5400 80 2158 1070
5400 81 429 550
5400 82 1335 1543
5400 83 1170 1122
5400 84 1836 1911
5400 85 1849 2044
5400 86 1460 1187
5400 87 1509 1581
5400 88 2944 2762
5400 89 641 2468
5400 90 2219 2768
5400 91 645 1136
5400 92 2623 2016
5400 93 959 1141
5400 94 2791 2525
5400 95 1676 1035
5400 96 474 287
5400 97 2459 109
5400 98 447 2990
5400 99 2311 2896
5400 100 76 454
5400 101 1593 1207
5400 102 1314 1542
5400 103 1049 632
5400 104 2641 2715
5400 105 1427 752
5400 106 1781 1393
5400 107 361 211
5400 108 1892 1475
5400 109 473 356
5400 110 935 986
5400 111 2021 1793
5400 112 1569 1097
5400 113 294 163
5400 114 1230 1318
5400 115 1881 2346
5400 116 2765 2495
5400 117 528 941
5400 118 101 950
5400 119 800 1191
5400 120 196 821
5400 121 1277 2969
5400 122 1998 2066
5400 123 2762 2963
5400 124 588 630
5400 125 1990 1932
5400 126 2864 2536
5400 127 231 166
5400 128 1847 1270
5400 129 401 360
5400 130 2307 2152
5400 131 156 582
5400 132 1144 2984
5400 133 2914 2680
5400 134 849 934
5400 135 1785 1883
5400 136 1323 727
5400 137 1758 2071
5400 138 1013 1341
5400 139 68 240
5400 140 532 2435
5400 141 125 11
5400 142 1166 1228
5400 143 1174 1113
5400 144 2651 2748
5400 145 2736 2051
5400 146 2506 2417
5400 147 2930 2775
5400 148 764 525
5400 149 166 809
5400 150 498 123
5400 151 1699 1580
5400 152 649 1378
5400 153 2900 2355
5400 154 357 200
5400 155 2556 2720
5400 156 880 1556
5400 157 1727 2169
5400 158 2326 2021
5400 159 955 257
5400 160 1789 1427
5400 161 1659 1779
5400 162 558 528
5400 163 1501 2097
5400 164 1071 466
5400 165 2892 2339
5400 166 1898 2483
5400 167 410 71
5400 168 2250 2859
5400 169 613 1461
5400 170 1018 642
5400 171 1743 1846
5400 172 2597 2857
5400 173 26 401
5400 174 2937 2725
5400 175 250 91
5400 176 97 523
5400 177 1452 1062
5400 178 2372 2521
5400 179 1653 1097
5400 180 2635 2435
5400 181 2445 2701
5400 182 2084 2790
5400 183 1933 2194
5400 184 2336 2674
5400 185 352 859
5400 186 941 955
5400 187 2859 2164
5400 188 2654 704
5400 189 1446 1300
5400 190 2047 1255
5400 191 2391 1501
5400 192 2045 1573
5400 193 546 527
5400 194 191 977
5400 195 1279 619
5400 196 717 638
5400 197 2791 2796
5400 198 589 443
5400 199 405 263
5400 200 1963 2932
5400 201 1132 411
5400 202 476 680
5400 203 1727 2525
5400 204 1483 1156
5400 205 519 294
5400 206 1307 1329
5400 207 854 1091
5400 208 2147 2557
5400 209 2284 2651
5400 210 2416 2431
5400 211 2895 2265
5400 212 283 251
5400 213 1746 2153
5400 214 61 250
5400 215 344 218
5400 216 714 1113
5400 217 1750 1381
5400 218 2740 2443
5400 219 2396 2710
5400 220 2600 2405
5400 221 1936 1852
5400 222 2562 2094
5400 223 1076 1435
5400 224 2042 2360
5400 225 1341 565
5400 226 2483 1164
5400 227 673 1091
5400 228 1576 1691
5400 229 1598 1596
5400 230 2047 2414
5400 231 2186 2805
5400 232 2453 2228
5400 233 1869 2413
5400 234 2134 2103
5400 235 1855 1560
5400 236 189 243
5400 237 2995 2571
5400 238 2343 2475
5400 239 1648 1845
5400 240 2417 2549
5400 241 1218 1214
5400 242 1396 2308
5400 243 1537 1998
5400 244 2191 1788
5400 245 2004 2250
5400 246 429 1396
5400 247 2082 1840
5400 248 928 19
5400 249 2137 1890
5400 250 2940 2707
5400 251 545 2791
5400 252 1055 288
5400 253 2212 2158
5400 254 2404 2593
5400 255 459 535
5400 256 563 151
5400 257 260 624
5400 258 2183 2218
5400 259 2420 1812
5400 260 681 771
5400 261 98 938
5400 262 1238 1705
5400 263 1725 1010
5400 264 818 1293
5400 265 2678 2873
5400 266 2715 2761
5400 267 1014 66
5400 268 834 1316
5400 269 628 1242
5400 270 1986 1510
5400 271 1261 1319
5400 272 1869 1668
5400 273 1236 539
5400 274 68 258
5400 275 1134 1541
5400 276 1925 2150
5400 277 2232 2700
5400 278 2454 2604
5400 279 1447 1016
5400 280 2615 2390
5400 281 1069 872
5400 282 1547 1472
5400 283 331 333
5400 284 1530 1532
5400 285 1781 2003
5400 286 417 71
5400 287 513 854
5400 288 705 604
5400 289 1874 1824
5400 290 1405 1174
5400 291 2538 2019
5400 292 418 475
5400 293 2360 2247
5400 294 2850 2755
5400 295 956 1366
5400 296 2490 2153
5400 297 1749 1524
5400 298 2714 2685
5400 299 245 968
6000 0 2921 307
6000 1 1525 2355
6000 2 1885 2284
6000 3 1752 2161
6000 4 938 897
6000 5 1998 1713
6000 6 1179 582
6000 7 15 444
6000 8 1014 1184
6000 9 1132 1169
6000 10 1164 1029
6000 11 1969 2571
6000 12 2514 1657
6000 13 2861 1986
6000 14 2123 1909
6000 15 2137 1953
6000 16 2707 250
6000 17 2947 2898
6000 18 515 715
6000 19 2479 2919
6000 20 1555 1706
6000 21 504 98
6000 22 2391 2881
6000 23 583 947
6000 24 1649 1508
6000 25 1689 1943
6000 26 2497 2663
6000 27 869 668
6000 28 2892 2940
6000 29 462 102
6000 30 646 170
6000 31 910 786
6000 32 368 2924
6000 33 710 663
6000 34 2795 2887
6000 35 1823 1657
6000 36 1247 1556
6000 37 2768 2972
6000 38 575 464
6000 39 357 286
6000 40 2322 1417
6000 41 1586 2660
6000 42 252 934
6000 43 421 83
6000 44 2208 2225
6000 45 1070 1204
6000 46 2655 2700
6000 47 1773 1674
6000 48 303 753
6000 49 1456 1409
6000 50 2868 2797
6000 51 768 2117
6000 52 1580 1727
6000 53 220 371
6000 54 368 13
6000 55 2051 1972
6000 56 447 758
6000 57 2754 2698
6000 58 921 441
6000 59 44 189
6000 60 264 230
6000 61 917 780
6000 62 387 1113
6000 63 1499 1781
6000 64 1447 1806
6000 65 2429 2758
6000 66 348 917
6000 67 2501 1696
6000 68 2515 2614
6000 69 852 1849
6000 70 2304 2295
6000 71 2421 2286
6000 72 97 533
6000 73 1812 1343
6000 74 1694 2516
6000 75 2168 1935
6000 76 351 254
6000 77 2283 2247
6000 78 780 1443
6000 79 834 353
6000 80 2158 1070
6000 81 429 550
6000 82 1335 1543
6000 83 1170 1122
6000 84 1836 1911
6000 85 1849 2044
6000 86 1460 1187
6000 87 1509 1581
6000 88 2944 2762
6000 89 641 2468
6000 90 2219 2768
6000 91 645 1136
6000 92 2623 2016
6000 93 959 1141
6000 94 2791 2525
6000 95 1676 1035
6000 96 474 287
6000 97 2459 109
6000 98 412 181
6000 99 2311 2896
6000 100 76 454
6000 101 1593 1207
6000 102 1314 1542
6000 103 1049 632
6000 104 2641 2715
6000 105 1427 752
6000 106 1781 1393
6000 107 688 665
6000 108 1892 1475
6000 109 473 356
6000 110 1245 457
6000 111 2021 1793
6000 112 1569 1097
6000 113 294 163
6000 114 1439 965
6000 115 2111 1851
6000 116 2765 2495
6000 117 528 941
6000 118 580 336
6000 119 800 1191
6000 120 196 821
6000 121 1277 2969
6000 122 1998 2066
6000 123 2458 2524
6000 124 588 630
6000 125 1990 1932
6000 126 2907 2433
6000 127 231 166
6000 128 1847 1270
6000 129 401 360
6000 130 2307 2152
6000 131 156 582
6000 132 1144 2984
6000 133 2914 2680
6000 134 1056 937
6000 135 1785 1883
6000 136 1588 1773
6000 137 1758 2071
6000 138 1013 1341
6000 139 68 240
6000 140 532 2435
6000 141 125 11
6000 142 1166 1228
6000 143 1174 1113
6000 144 2651 2748
6000 145 2736 2051
6000 146 2506 2417
6000 147 2930 2775
6000 148 764 525
6000 149 166 809
6000 150 870 308
6000 151 2037 1842
6000 152 649 1378
6000 153 2852 2954
6000 154 357 200
6000 155 2556 2720
6000 156 880 1556
6000 157 1727 2169
6000 158 2326 2021
6000 159 955 257
6000 160 1789 1427
6000 161 1659 1779
6000 162 558 528
6000 163 1501 2097
6000 164 1071 466
6000 165 2892 2877
6000 166 1898 2483
6000 167 410 71
6000 168 2250 2859
6000 169 613 1461
6000 170 1018 642
6000 171 1743 1846
6000 172 2597 2857
6000 173 26 401
6000 174 2937 2725
6000 175 250 91
6000 176 97 523
6000 177 1652 1474
6000 178 2488 2284
6000 179 1653 1097
6000 180 2635 2435
6000 181 2445 2701
6000 182 2084 2790
6000 183 1933 2194
6000 184 2800 2004
6000 185 352 859
6000 186 768 1294
6000 187 2859 2164
6000 188 2155 2715
6000 189 1446 1300
6000 190 2047 1255
6000 191 2391 1501
6000 192 2045 1573
6000 193 546 527
6000 194 191 977
6000 195 1279 619
6000 196 1170 1152
6000 197 2791 2796
6000 198 896 97
6000 199 405 263
6000 200 1963 2932
6000 201 1132 411
6000 202 476 680
6000 203 1727 2525
6000 204 1483 1156
6000 205 974 37
6000 206 1307 1329
6000 207 854 1091
6000 208 2147 2557
6000 209 2284 2651
6000 210 2416 2431
6000 211 2895 2265
6000 212 304 437
6000 213 1746 2153
6000 214 61 250
6000 215 354 486
6000 216 728 248
6000 217 2060 1783
6000 218 2740 2443
6000 219 2396 2710
6000 220 2937 2136
6000 221 2140 2207
6000 222 2562 2094
6000 223 1347 722
6000 224 2042 2360
6000 225 1341 565
6000 226 2483 1164
6000 227 673 1091
6000 228 1942 1697
6000 229 1796 1842
6000 230 2047 2414
6000 231 2186 2805
6000 232 2453 2228
6000 233 1869 2413
6000 234 2134 2103
6000 235 1855 1560
6000 236 189 243
6000 237 2995 2571
6000 238 2343 2475
6000 239 1786 1484
6000 240 2417 2549
6000 241 1218 1214
6000 242 1396 2308
6000 243 1718 1635
6000 244 2191 1788
6000 245 2004 2250
6000 246 429 1396
6000 247 2357 2417
6000 248 928 19
6000 249 1768 2035
6000 250 2904 2711
6000 251 545 2791
6000 252 1055 288
6000 253 1922 2211
6000 254 2404 2593
6000 255 459 535
6000 256 563 151
6000 257 260 624
6000 258 2183 2218
6000 259 2420 1812
6000 260 681 771
6000 261 98 938
6000 262 1238 1705
6000 263 2154 2004
6000 264 818 1293
6000 265 2209 2700
6000 266 2715 2761
6000 267 1014 66
6000 268 834 1316
6000 269 628 1242
6000 270 1986 1510
6000 271 1261 1319
6000 272 1869 1668
6000 273 1236 539
6000 274 68 258
6000 275 1134 1541
6000 276 1925 2150
6000 277 2232 2700
6000 278 2692 2655
6000 279 1140 1433
6000 280 2727 2734
6000 281 1069 872
6000 282 1547 1472
6000 283 331 333
6000 284 1530 1532
6000 285 1781 2003
6000 286 417 71
6000 287 513 854
6000 288 705 604
6000 289 2235 1615
6000 290 1405 1174
6000 291 2538 2019
6000 292 418 475
6000 293 2622 2095
6000 294 2850 2755
6000 295 956 1366
6000 296 2490 2153
6000 297 1384 1552
6000 298 2714 2685
6000 299 542 424
6600 0 2921 307
6600 1 1525 2355
6600 2 1885 2284
6600 3 1752 2161
6600 4 938 897
6600 5 1998 1713
6600 6 1179 582
6600 7 15 444
6600 8 1014 1184
6600 9 1132 1169
6600 10 1164 1029
6600 11 1969 2571
6600 12 2514 1657
6600 13 2861 1986
6600 14 2123 1909
6600 15 1657 2466
6600 16 2707 250
6600 17 2958 2818
6600 18 515 715
6600 19 2479 2919
6600 20 1555 1706
6600 21 504 98
6600 22 2391 2881
6600 23 583 947
6600 24 1649 1508
6600 25 2143 2128
6600 26 2497 2663
6600 27 869 668
6600 28 2892 2940
6600 29 462 102
6600 30 646 170
6600 31 910 786
6600 32 399 571
6600 33 714 331
6600 34 2957 2885
6600 35 1823 1657
6600 36 1247 1556
6600 37 2768 2972
6600 38 799 899
6600 39 780 446
6600 40 2283 2235
6600 41 1586 2660
6600 42 252 934
6600 43 421 83
6600 44 2208 2225
6600 45 1070 1204
6600 46 2655 2700
6600 47 1773 1674
6600 48 753 229
6600 49 1456 1409
6600 50 2868 2797
6600 51 768 2117
6600 52 1580 1727
6600 53 220 371
6600 54 368 13
6600 55 2247 2223
6600 56 447 758
6600 57 2754 2698
6600 58 454 868
6600 59 44 189
6600 60 597 690
6600 61 917 780
6600 62 387 1113
6600 63 1499 1781
6600 64 1447 1806
6600 65 2429 2758
6600 66 348 917
6600 67 2501 1696
6600 68 2515 2614
6600 69 852 1849
6600 70 2304 2295
6600 71 2421 2286
6600 72 97 533
6600 73 1812 1343
6600 74 1694 2516
6600 75 2168 1935
6600 76 351 254
6600 77 2283 2247
6600 78 1124 915
6600 79 834 353
6600 80 2158 1070
6600 81 429 550
6600 82 1335 1543
6600 83 1170 1122
6600 84 1836 1911
6600 85 1849 2044
6600 86 1460 1187
6600 87 1509 1581
6600 88 2944 2762
6600 89 641 2468
6600 90 2219 2768
6600 91 645 1136
6600 92 2181 2652
6600 93 959 1141
6600 94 2791 2525
6600 95 1676 1035
6600 96 474 287
6600 97 2762 2812
6600 98 412 181
6600 99 2311 2896
6600 100 76 454
6600 101 1593 1207
6600 102 1314 1542
6600 103 1049 632
6600 104 2377 2957
6600 105 1427 752
6600 106 1913 1504
6600 107 688 665
6600 108 1601 2192
6600 109 473 356
6600 110 1245 457
6600 111 2021 1793
6600 112 1569 1097
6600 113 735 23
6600 114 1439 965
6600 115 1913 2270
6600 116 2765 2495
6600 117 528 941
6600 118 580 336
6600 119 800 1191
6600 120 196 821
6600 121 899 970
6600 122 1652 1620
6600 123 2679 2629
6600 124 588 630
6600 125 1990 1932
6600 126 2907 2433
6600 127 231 166
6600 128 1847 1270
6600 129 401 360
6600 130 2307 2152
6600 131 149 355
6600 132 1144 2984
6600 133 2914 2680
6600 134 1056 937
6600 135 1785 1883
6600 136 1588 1773
6600 137 1758 2071
6600 138 1034 633
6600 139 68 240
6600 140 532 2435
6600 141 125 11
6600 142 1166 1228
6600 143 1174 1113
6600 144 2651 2748
6600 145 2736 2051
6600 146 2506 2417
6600 147 2930 2775
6600 148 505 684
6600 149 166 809
6600 150 870 308
6600 151 2037 1842
6600 152 649 1378
6600 153 2852 2954
6600 154 357 200
6600 155 2889 2173
6600 156 880 1556
6600 157 1727 2169
6600 158 2326 2021
6600 159 955 257
6600 160 1789 1427
6600 161 1659 1779
6600 162 558 528
6600 163 1501 2097
6600 164 1071 466
6600 165 2892 2877
6600 166 1898 2483
6600 167 410 71
6600 168 2250 2859
6600 169 613 1461
6600 170 1236 1083
6600 171 1743 1846
6600 172 2597 2857
6600 173 81 449
6600 174 2937 2725
6600 175 557 692
6600 176 97 523
6600 177 1652 1474
6600 178 2488 2284
6600 179 1653 1097
6600 180 2635 2435
6600 181 2445 2701
6600 182 2084 2790
6600 183 1933 2194
6600 184 2800 2004
6600 185 642 358
6600 186 713 1141
6600 187 2859 2164
6600 188 1750 1668
6600 189 1446 1300
6600 190 2047 1255
6600 191 2391 1501
6600 192 2045 1573
6600 193 546 527
6600 194 613 594
6600 195 1279 619
6600 196 1170 1152
6600 197 2941 2369
6600 198 896 97
6600 199 405 263
6600 200 1963 2932
6600 201 1567 1237
6600 202 476 680
6600 203 1727 2525
6600 204 1483 1156
6600 205 508 785
6600 206 1728 1647
6600 207 854 1091
6600 208 2147 2557
6600 209 2284 2651
6600 210 2416 2431
6600 211 2895 2265
6600 212 304 437
6600 213 1746 2153
6600 214 61 250
6600 215 104 603
6600 216 728 248
6600 217 2060 1783
6600 218 2243 2814
6600 219 2396 2710
6600 220 2937 2136
6600 221 2140 2207
6600 222 2562 2094
6600 223 1229 1689
6600 224 2042 2360
6600 225 1341 565
6600 226 2483 1164
6600 227 673 1091
6600 228 1942 1697
6600 229 1796 1842
6600 230 2047 2414
6600 231 2511 2318
6600 232 2474 2740
6600 233 1869 2413
6600 234 2134 2103
6600 235 1855 1560
6600 236 189 243
6600 237 2995 2571
6600 238 2343 2475
6600 239 1786 1484
6600 240 2417 2549
6600 241 1218 1214
6600 242 1396 2308
6600 243 1570 1234
6600 244 2191 1788
6600 245 2251 1827
6600 246 429 1396
6600 247 2357 2417
6600 248 928 19
6600 249 1768 2035
6600 250 2904 2711
6600 251 226 608
6600 252 1055 288
6600 253 1922 2211
6600 254 2404 2593
6600 255 459 535
6600 256 752 1063
6600 257 260 624
6600 258 2183 2218
6600 259 2420 1812
6600 260 830 988
6600 261 98 938
6600 262 1238 1705
6600 263 2154 2004
6600 264 818 1293
6600 265 2209 2700
6600 266 2715 2761
6600 267 1014 66
6600 268 834 1316
6600 269 628 1242
6600 270 1986 1510
6600 271 1261 1319
6600 272 1869 1668
6600 273 1236 539
6600 274 68 258
6600 275 1134 1541
6600 276 1925 2150
6600 277 2232 2700
6600 278 2349 2719
6600 279 1140 1433
6600 280 2537 2315
6600 281 1069 872
6600 282 1547 1472
6600 283 331 333
6600 284 1530 1532
6600 285 1781 2003
6600 286 417 71
6600 287 513 854
6600 288 705 604
6600 289 2235 1615
6600 290 1405 1174
6600 291 2938 2699
6600 292 418 475
6600 293 2622 2095
6600 294 2850 2755
6600 295 956 1366
6600 296 2020 2382
6600 297 1030 1648
6600 298 2229 2720
6600 299 725 510
7200 0 2921 307
7200 1 1525 2355
7200 2 1885 2284
7200 3 1925 1442
7200 4 938 897
7200 5 1998 1713
7200 6 1179 582
7200 7 237 308
7200 8 1014 1184
7200 9 1132 1169
7200 10 993 719
7200 11 1969 2571
7200 12 2514 1657
7200 13 2861 1986
7200 14 2123 1909
7200 15 1657 2466
7200 16 2592 2522
7200 17 2481 2692
7200 18 515 715
7200 19 2479 2919
7200 20 1555 1706
7200 21 504 98
7200 22 2391 2881
7200 23 583 947
7200 24 1649 1508
7200 25 2143 2128
7200 26 2260 2327
7200 27 869 668
7200 28 2892 2940
7200 29 462 102
7200 30 646 170
7200 31 910 786
7200 32 399 571
7200 33 714 331
7200 34 2957 2885
7200 35 1823 1657
7200 36 1247 1556
7200 37 2951 2794
7200 38 799 899
7200 39 780 446
7200 40 2283 2235
7200 41 1586 2660
7200 42 436 149
7200 43 421 83
7200 44 2085 2145
7200 45 1070 1204
7200 46 2655 2700
7200 47 1773 1674
7200 48 968 713
7200 49 1456 1409
7200 50 2868 2797
7200 51 768 2117
7200 52 1580 1727
7200 53 220 371
7200 54 368 13
7200 55 2247 2223
7200 56 736 602
7200 57 2754 2698
7200 58 458 33
7200 59 136 24
7200 60 597 690
7200 61 917 780
7200 62 387 1113
7200 63 1499 1781
7200 64 1447 1806
7200 65 2615 2195
7200 66 348 917
7200 67 2844 2187
7200 68 2515 2614
7200 69 852 1849
7200 70 2304 2295
7200 71 2421 2286
7200 72 97 533
7200 73 1822 1350
7200 74 1694 2516
7200 75 2168 1935
7200 76 351 254
7200 77 2283 2247
7200 78 1124 915
7200 79 806 707
7200 80 2158 1070
7200 81 429 550
7200 82 1335 1543
7200 83 1170 1122
7200 84 1836 1911
7200 85 1849 2044
7200 86 1460 1187
7200 87 1189 1342
7200 88 2944 2762
7200 89 756 593
7200 90 2219 2768
7200 91 645 1136
7200 92 2181 2652
7200 93 959 1141
7200 94 2791 2525
7200 95 1676 1035
7200 96 474 287
7200 97 2762 2812
7200 98 412 181
7200 99 2311 2896
7200 100 76 454
7200 101 2008 1543
7200 102 1314 1542
7200 103 1049 632
7200 104 2377 2957
7200 105 1427 752
7200 106 1913 1504
7200 107 688 665
7200 108 1401 1697
7200 109 473 356
7200 110 1245 457
7200 111 2021 1793
7200 112 1569 1097
7200 113 735 23
7200 114 1439 965
7200 115 1913 2270
7200 116 2765 2495
7200 117 528 941
7200 118 580 336
7200 119 800 1191
7200 120 196 821
7200 121 1250 819
7200 122 1652 1620
7200 123 2679 2629
7200 124 588 630
7200 125 2112 1612
7200 126 2907 2433
7200 127 231 166
7200 128 1847 1270
7200 129 401 360
7200 130 2307 2152
7200 131 149 355
7200 132 1144 2984
7200 133 2914 2680
7200 134 1056 937
7200 135 2088 2084
7200 136 1588 1773
7200 137 1451 2118
7200 138 1034 633
7200 139 68 240
7200 140 64 927
7200 141 125 11
7200 142 1166 1228
7200 143 1174 1113
7200 144 2651 2748
7200 145 2857 2506
7200 146 2506 2417
7200 147 2930 2775
7200 148 505 684
7200 149 599 505
7200 150 540 614
7200 151 2037 1842
7200 152 649 1378
7200 153 2852 2954
7200 154 166 296
7200 155 2766 2942
7200 156 880 1556
7200 157 1727 2169
7200 158 2326 2021
7200 159 955 257
7200 160 1789 1427
7200 161 1659 1779
7200 162 611 411
7200 163 1501 2097
7200 164 1071 466
7200 165 2892 2877
7200 166 1949 2300
7200 167 410 71
7200 168 2250 2859
7200 169 613 1461
7200 170 743 1208
7200 171 1743 1846
7200 172 2597 2857
7200 173 81 449
7200 174 2937 2725
7200 175 557 692
7200 176 405 254
7200 177 1652 1474
7200 178 2488 2284
7200 179 1653 1097
7200 180 2969 2870
7200 181 2445 2701
7200 182 2004 1606
7200 183 1933 2194
7200 184 2800 2004
7200 185 642 358
7200 186 713 1141
7200 187 2859 2164
7200 188 1750 1668
7200 189 1446 1300
7200 190 2233 2490
7200 191 2391 1501
7200 192 2045 1573
7200 193 546 527
7200 194 613 594
7200 195 845 1310
7200 196 1170 1152
7200 197 2941 2369
7200 198 896 97
7200 199 405 263
7200 200 1963 2932
7200 201 1425 2051
7200 202 476 680
7200 203 1727 2525
7200 204 1483 1156
7200 205 508 785
7200 206 1728 1647
7200 207 854 1091
7200 208 2147 2557
7200 209 2284 2651
7200 210 2416 2431
7200 211 2895 2265
7200 212 191 392
7200 213 1838 1534
7200 214 61 250
7200 215 539 126
7200 216 728 248
7200 217 2060 1783
7200 218 2243 2814
7200 219 2396 2710
7200 220 2937 2136
7200 221 2140 2207
7200 222 2562 2094
7200 223 1229 1689
7200 224 2042 2360
7200 225 1341 565
7200 226 2483 1164
7200 227 1083 1172
7200 228 1942 1697
7200 229 1796 1842
7200 230 2047 2414
7200 231 2804 2282
7200 232 2264 2348
7200 233 1869 2413
7200 234 2134 2103
7200 235 1855 1560
7200 236 189 243
7200 237 2995 2571
7200 238 2343 2475
7200 239 1831 2133
7200 240 2170 2638
7200 241 1218 1214
7200 242 1396 2308
7200 243 1570 1234
7200 244 2191 1788
7200 245 2250 2415
7200 246 209 409
7200 247 2357 2417
7200 248 928 19
7200 249 1768 2035
7200 250 2904 2711
7200 251 226 608
7200 252 1055 288
7200 253 1922 2211
7200 254 2404 2593
7200 255 459 535
7200 256 752 1063
7200 257 260 624
7200 258 2183 2218
7200 259 2380 2828
7200 260 830 988
7200 261 98 938
7200 262 1238 1705
7200 263 2154 2004
7200 264 818 1293
7200 265 2209 2700
7200 266 2715 2761
7200 267 1014 66
7200 268 834 1316
7200 269 628 1242
7200 270 1986 1510
7200 271 1261 1319
7200 272 1869 1668
7200 273 1236 539
7200 274 68 258
7200 275 704 1141
7200 276 1925 2150
7200 277 2232 2700
7200 278 2349 2719
7200 279 1140 1433
7200 280 2537 2315
7200 281 1069 872
7200 282 1547 1472
7200 283 331 333
7200 284 1530 1532
7200 285 1766 1602
7200 286 417 71
7200 287 513 854
7200 288 705 604
7200 289 2235 1615
7200 290 1405 1174
7200 291 2938 2699
7200 292 418 475
7200 293 2164 2411
7200 294 2850 2755
7200 295 956 1366
7200 296 1912 2093
7200 297 713 1308
7200 298 2229 2720
7200 299 725 510
