0 7200 
0 0 6 13 15 21 32 35 41 42 46 51 78 120 128 147 
0 1 9 12 19 30 32 46 47 54 58 69 70 72 82 92 94 96 100 101 102 103 105 106 108 109 110 115 121 124 126 132 134 135 139 143 
0 2 12 43 55 62 67 75 82 100 105 121 124 135 137 143 
0 3 8 9 10 11 18 25 26 27 44 46 46 48 49 57 59 64 65 70 74 85 87 89 93 94 99 108 111 119 123 127 134 136 138 141 142 149 
0 4 5 14 15 19 21 23 29 32 36 46 56 61 66 69 73 77 79 83 88 90 91 94 96 101 106 107 108 112 113 114 115 118 127 130 131 137 144 
0 5 4 7 7 11 14 15 17 18 19 21 22 27 29 32 33 40 43 46 48 56 61 65 66 67 69 73 77 79 87 88 90 92 94 96 99 106 107 108 109 114 116 118 119 122 125 127 134 136 137 138 141 145 148 
0 6 0 8 11 15 22 24 25 28 31 32 45 46 50 52 53 60 61 63 68 71 73 76 95 97 108 114 119 127 133 134 138 140 141 
0 7 5 5 17 19 21 21 33 34 55 56 77 80 84 86 92 106 117 118 
0 8 3 6 11 12 15 19 25 26 32 39 49 53 55 56 58 61 69 70 77 81 87 90 94 96 98 101 102 107 108 109 115 118 135 
0 9 1 3 15 17 18 22 37 43 65 67 93 98 102 116 
0 10 3 
0 11 3 5 6 8 
0 12 1 2 8 15 20 146 
0 13 0 
0 14 4 5 
0 15 0 4 5 6 8 9 12 
0 16 21 
0 17 5 7 9 
0 18 3 5 9 
0 19 1 4 5 7 8 
0 20 12 
0 21 0 4 5 7 7 16 33 79 104 
0 22 5 6 9 
0 23 4 
0 24 6 
0 25 3 6 8 
0 26 3 8 
0 27 3 5 
0 28 6 
0 29 4 5 
0 30 1 
0 31 6 
0 32 0 1 4 5 6 8 
0 33 5 7 21 38 
0 34 7 
0 35 0 
0 36 4 
0 37 9 
0 38 33 
0 39 8 
0 40 5 
0 41 0 
0 42 0 
0 43 2 5 9 
0 44 3 
0 45 6 
0 46 0 1 3 3 4 5 6 
0 47 1 
0 48 3 5 
0 49 3 8 
0 50 6 
0 51 0 
0 52 6 
0 53 6 8 
0 54 1 
0 55 2 7 8 
0 56 4 5 7 8 
0 57 3 
0 58 1 8 
0 59 3 
0 60 6 
0 61 4 5 6 8 
0 62 2 
0 63 6 
0 64 3 
0 65 3 5 9 
0 66 4 5 
0 67 2 5 9 
0 68 6 
0 69 1 4 5 8 
0 70 1 3 8 
0 71 6 
0 72 1 
0 73 4 5 6 
0 74 3 
0 75 2 
0 76 6 
0 77 4 5 7 8 
0 78 0 
0 79 4 5 21 129 
0 80 7 
0 81 8 
0 82 1 2 
0 83 4 
0 84 7 
0 85 3 
0 86 7 
0 87 3 5 8 
0 88 4 5 
0 89 3 
0 90 4 5 8 
0 91 4 
0 92 1 5 7 
0 93 3 9 
0 94 1 3 4 5 8 
0 95 6 
0 96 1 4 5 8 
0 97 6 
0 98 8 9 
0 99 3 5 
0 100 1 2 
0 101 1 4 8 
0 102 1 8 9 
0 103 1 
0 104 21 
0 105 1 2 
0 106 1 4 5 7 
0 107 4 5 8 
0 108 1 3 4 5 6 8 
0 109 1 5 8 
0 110 1 
0 111 3 
0 112 4 
0 113 4 
0 114 4 5 6 
0 115 1 4 8 
0 116 5 9 
0 117 7 
0 118 4 5 7 8 
0 119 3 5 6 
0 120 0 
0 121 1 2 
0 122 5 
0 123 3 
0 124 1 2 
0 125 5 
0 126 1 
0 127 3 4 5 6 
0 128 0 
0 129 79 
0 130 4 
0 131 4 
0 132 1 
0 133 6 
0 134 1 3 5 6 
0 135 1 2 8 
0 136 3 5 
0 137 2 4 5 
0 138 3 5 6 
0 139 1 
0 140 6 
0 141 3 5 6 
0 142 3 
0 143 1 2 
0 144 4 
0 145 5 
0 146 12 
0 147 0 
0 148 5 
0 149 3 
0 7200 
600 0 5 6 13 21 22 28 32 35 37 41 97 140 144 147 
600 1 10 12 20 30 32 32 40 49 54 65 69 72 79 82 85 94 96 103 105 110 115 116 118 126 127 134 139 143 146 148 
600 2 30 38 40 45 47 54 55 65 79 82 96 105 124 146 
600 3 16 66 112 113 
600 4 7 17 29 66 86 112 117 130 131 
600 5 0 7 11 12 14 15 18 19 21 22 29 32 39 42 43 51 56 70 73 78 83 91 96 100 114 120 121 127 128 134 145 
600 6 0 11 15 22 23 25 26 27 31 32 46 48 52 53 60 61 68 71 73 88 95 98 100 107 114 119 121 127 128 129 134 141 145 
600 7 4 5 19 21 33 34 36 39 43 47 56 58 77 79 80 82 84 86 92 104 106 117 137 
600 8 9 11 18 22 22 24 44 50 57 59 63 64 74 76 81 85 87 89 90 93 94 96 101 102 108 111 116 119 122 123 127 132 133 134 135 139 142 143 148 149 
600 9 8 11 12 17 18 19 22 25 27 32 43 48 55 56 58 61 63 67 69 73 77 85 87 88 90 92 93 94 99 100 101 102 105 106 107 109 111 114 115 116 118 119 121 122 125 134 135 141 
600 10 1 
600 11 5 6 8 9 
600 12 1 5 9 
600 13 0 
600 14 5 
600 15 5 6 
600 16 3 
600 17 4 9 
600 18 5 8 9 
600 19 5 7 9 62 
600 20 1 
600 21 0 5 7 55 138 
600 22 0 5 6 8 8 9 136 
600 23 6 
600 24 8 
600 25 6 9 
600 26 6 
600 27 6 9 
600 28 0 
600 29 4 5 
600 30 1 2 
600 31 6 
600 32 0 1 1 5 6 9 
600 33 7 
600 34 7 
600 35 0 
600 36 7 
600 37 0 
600 38 2 
600 39 5 7 
600 40 1 2 
600 41 0 
600 42 5 
600 43 5 7 9 
600 44 8 
600 45 2 
600 46 6 
600 47 2 7 
600 48 6 9 
600 49 1 
600 50 8 
600 51 5 
600 52 6 
600 53 6 
600 54 1 2 
600 55 2 9 21 75 
600 56 5 7 9 
600 57 8 
600 58 7 9 
600 59 8 
600 60 6 
600 61 6 9 
600 62 19 
600 63 8 9 
600 64 8 
600 65 1 2 
600 66 3 4 
600 67 9 
600 68 6 
600 69 1 9 
600 70 5 
600 71 6 
600 72 1 
600 73 5 6 9 
600 74 8 
600 75 55 
600 76 8 
600 77 7 9 
600 78 5 
600 79 1 2 7 
600 80 7 
600 81 8 
600 82 1 2 7 
600 83 5 
600 84 7 
600 85 1 8 9 
600 86 4 7 
600 87 8 9 
600 88 6 9 
600 89 8 
600 90 8 9 
600 91 5 
600 92 7 9 
600 93 8 9 
600 94 1 8 9 
600 95 6 
600 96 1 2 5 8 
600 97 0 
600 98 6 
600 99 9 
600 100 5 6 9 
600 101 8 9 
600 102 8 9 
600 103 1 
600 104 7 
600 105 1 2 9 
600 106 7 9 
600 107 6 9 
600 108 8 
600 109 9 
600 110 1 
600 111 8 9 
600 112 3 4 
600 113 3 
600 114 5 6 9 
600 115 1 9 
600 116 1 8 9 
600 117 4 7 
600 118 1 9 
600 119 6 8 9 
600 120 5 
600 121 5 6 9 
600 122 8 9 
600 123 8 
600 124 2 
600 125 9 
600 126 1 
600 127 1 5 6 8 
600 128 5 6 
600 129 6 
600 130 4 
600 131 4 
600 132 8 
600 133 8 
600 134 1 5 6 8 9 
600 135 8 9 
600 136 22 
600 137 7 
600 138 21 
600 139 1 8 
600 140 0 
600 141 6 9 
600 142 8 
600 143 1 8 
600 144 0 
600 145 5 6 
600 146 1 2 
600 147 0 
600 148 1 8 
600 149 8 
0 7200 
1200 0 5 6 15 21 23 28 35 52 61 77 97 106 131 144 145 147 
1200 1 10 30 32 45 49 56 65 69 78 81 85 94 106 106 110 111 113 114 115 116 124 125 127 134 137 139 146 
1200 2 10 13 40 43 58 72 78 84 95 114 121 124 125 146 
1200 3 66 104 112 
1200 4 7 36 39 58 66 77 
1200 5 0 7 9 15 17 19 33 39 42 51 75 80 86 87 88 90 91 94 96 99 100 106 107 109 113 114 115 117 119 120 126 128 129 130 134 137 
1200 6 0 15 18 24 25 27 28 31 34 46 48 53 60 68 71 76 87 98 107 119 120 127 128 134 140 
1200 7 4 5 17 21 22 37 47 55 79 82 92 99 114 118 130 137 
1200 8 9 9 11 12 14 25 32 41 48 50 64 65 74 75 76 81 85 87 90 94 95 96 102 105 108 110 113 116 122 132 134 136 141 142 143 148 149 
1200 9 5 8 8 14 17 18 19 22 26 27 29 32 34 48 55 56 57 58 61 63 67 69 70 73 75 77 78 81 85 87 90 92 93 94 95 96 99 100 101 102 105 106 107 109 110 113 116 118 119 122 127 134 137 145 148 
1200 10 1 2 
1200 11 8 
1200 12 8 28 44 
1200 13 2 
1200 14 8 9 
1200 15 0 5 6 85 
1200 16 21 
1200 17 5 7 9 20 
1200 18 6 9 
1200 19 5 9 62 
1200 20 17 
1200 21 0 7 16 55 138 
1200 22 7 9 
1200 23 0 
1200 24 6 
1200 25 6 8 
1200 26 9 
1200 27 6 9 
1200 28 0 6 12 83 122 136 
1200 29 9 
1200 30 1 
1200 31 6 
1200 32 1 8 9 61 89 
1200 33 5 38 
1200 34 6 9 
1200 35 0 
1200 36 4 
1200 37 7 
1200 38 33 
1200 39 4 5 
1200 40 2 
1200 41 8 
1200 42 5 
1200 43 2 
1200 44 12 
1200 45 1 
1200 46 6 
1200 47 7 
1200 48 6 8 9 
1200 49 1 
1200 50 8 
1200 51 5 
1200 52 0 
1200 53 6 
1200 54 122 
1200 55 7 9 21 135 
1200 56 1 9 
1200 57 9 
1200 58 2 4 9 
1200 59 134 
1200 60 6 
1200 61 0 9 32 
1200 62 19 
1200 63 9 
1200 64 8 
1200 65 1 8 
1200 66 3 4 
1200 67 9 
1200 68 6 
1200 69 1 9 
1200 70 9 
1200 71 6 
1200 72 2 
1200 73 9 
1200 74 8 
1200 75 5 8 9 
1200 76 6 8 
1200 77 0 4 9 
1200 78 1 2 9 
1200 79 7 
1200 80 5 
1200 81 1 8 9 
1200 82 7 
1200 83 28 
1200 84 2 
1200 85 1 8 9 15 103 
1200 86 5 
1200 87 5 6 8 9 
1200 88 5 
1200 89 32 
1200 90 5 8 9 123 
1200 91 5 
1200 92 7 9 
1200 93 9 
1200 94 1 5 8 9 
1200 95 2 8 9 
1200 96 5 8 9 
1200 97 0 
1200 98 6 
1200 99 5 7 9 
1200 100 5 9 
1200 101 9 
1200 102 8 9 
1200 103 85 
1200 104 3 
1200 105 8 9 
1200 106 0 1 1 5 9 
1200 107 5 6 9 
1200 108 8 
1200 109 5 9 
1200 110 1 8 9 
1200 111 1 
1200 112 3 
1200 113 1 5 8 9 
1200 114 1 2 5 7 
1200 115 1 5 
1200 116 1 8 9 
1200 117 5 
1200 118 7 9 
1200 119 5 6 9 
1200 120 5 6 
1200 121 2 
1200 122 8 9 28 54 
1200 123 90 
1200 124 1 2 
1200 125 1 2 
1200 126 5 
1200 127 1 6 9 
1200 128 5 6 
1200 129 5 
1200 130 5 7 
1200 131 0 
1200 132 8 
1200 133 136 
1200 134 1 5 6 8 9 59 
1200 135 55 
1200 136 8 28 133 
1200 137 1 5 7 9 
1200 138 21 
1200 139 1 
1200 140 6 
1200 141 8 
1200 142 8 
1200 143 8 
1200 144 0 
1200 145 0 9 
1200 146 1 2 
1200 147 0 
1200 148 8 9 
1200 149 8 
0 7200 
1800 0 5 7 15 17 61 77 106 107 129 144 
1800 1 14 20 40 47 49 55 58 62 63 67 73 82 90 92 93 95 106 111 124 125 146 
1800 2 20 30 32 55 65 67 73 79 82 84 85 90 92 94 95 98 99 109 116 124 125 128 146 
1800 3 132 138 
1800 4 9 9 17 18 19 22 29 42 56 61 66 67 69 70 79 85 87 90 104 106 107 110 113 118 119 121 126 127 128 132 147 
1800 5 0 6 7 9 9 12 15 26 27 31 33 35 36 46 61 71 75 76 83 87 88 96 100 105 107 108 119 120 122 127 129 131 136 140 145 
1800 6 5 7 9 15 18 26 27 28 34 41 48 61 75 76 97 100 107 120 127 134 141 
1800 7 0 5 6 15 21 23 28 51 52 60 68 69 72 75 87 88 91 94 96 97 100 106 107 110 119 127 131 145 
1800 8 9 10 12 24 27 33 36 48 53 54 59 63 64 65 72 74 75 76 81 85 86 89 90 93 94 98 101 102 103 108 110 113 116 122 127 128 134 136 139 141 142 143 148 
1800 9 4 4 5 5 6 8 12 19 22 25 26 27 29 32 33 34 36 48 53 56 61 65 69 70 72 75 76 77 81 85 87 90 92 94 99 101 106 107 108 109 110 113 115 116 118 119 121 122 126 127 128 134 136 137 141 148 
1800 10 8 
1800 11 12 
1800 12 5 8 9 11 50 123 149 
1800 13 22 
1800 14 1 
1800 15 0 5 6 7 22 37 85 114 117 130 
1800 16 17 
1800 17 0 4 16 39 78 80 112 
1800 18 4 6 
1800 19 4 9 
1800 20 1 2 
1800 21 7 
1800 22 4 9 13 15 
1800 23 7 
1800 24 8 
1800 25 9 
1800 26 5 6 9 
1800 27 5 6 8 9 
1800 28 6 7 
1800 29 4 9 
1800 30 2 
1800 31 5 
1800 32 2 9 
1800 33 5 8 9 
1800 34 6 9 
1800 35 5 
1800 36 5 8 9 
1800 37 15 
1800 38 55 
1800 39 17 
1800 40 1 
1800 41 6 
1800 42 4 
1800 43 102 
1800 44 85 
1800 45 94 
1800 46 5 
1800 47 1 
1800 48 6 8 9 
1800 49 1 
1800 50 12 
1800 51 7 
1800 52 7 
1800 53 8 9 
1800 54 8 
1800 55 1 2 38 77 135 
1800 56 4 9 
1800 57 102 
1800 58 1 
1800 59 8 
1800 60 7 
1800 61 0 4 5 6 9 102 
1800 62 1 
1800 63 1 8 
1800 64 8 
1800 65 2 8 9 
1800 66 4 
1800 67 1 2 4 
1800 68 7 
1800 69 4 7 9 
1800 70 4 9 
1800 71 5 
1800 72 7 8 9 
1800 73 1 2 
1800 74 8 
1800 75 5 6 7 8 9 
1800 76 5 6 8 9 
1800 77 0 9 55 
1800 78 17 
1800 79 2 4 
1800 80 17 
1800 81 8 9 
1800 82 1 2 
1800 83 5 
1800 84 2 
1800 85 2 4 8 9 15 44 
1800 86 8 
1800 87 4 5 7 9 
1800 88 5 7 
1800 89 8 
1800 90 1 2 4 8 9 
1800 91 7 
1800 92 1 2 9 
1800 93 1 8 
1800 94 2 7 8 9 45 
1800 95 1 2 
1800 96 5 7 
1800 97 6 7 
1800 98 2 8 
1800 99 2 9 
1800 100 5 6 7 
1800 101 8 9 
1800 102 8 43 57 61 133 
1800 103 8 
1800 104 4 
1800 105 5 
1800 106 0 1 4 7 9 
1800 107 0 4 5 6 7 9 
1800 108 5 8 9 
1800 109 2 9 
1800 110 4 7 8 9 
1800 111 1 
1800 112 17 
1800 113 4 8 9 
1800 114 15 
1800 115 9 
1800 116 2 8 9 
1800 117 15 
1800 118 4 9 
1800 119 4 5 7 9 
1800 120 5 6 
1800 121 4 9 
1800 122 5 8 9 
1800 123 12 
1800 124 1 2 
1800 125 1 2 
1800 126 4 9 
1800 127 4 5 6 7 8 9 
1800 128 2 4 8 9 
1800 129 0 5 
1800 130 15 
1800 131 5 7 
1800 132 3 4 
1800 133 102 
1800 134 6 8 9 
1800 135 55 
1800 136 5 8 9 
1800 137 9 
1800 138 3 
1800 139 8 
1800 140 5 
1800 141 6 8 9 
1800 142 8 
1800 143 8 
1800 144 0 
1800 145 5 7 
1800 146 1 2 
1800 147 4 
1800 148 8 9 
1800 149 12 
0 7200 
2400 0 3 5 14 21 25 28 42 47 70 91 92 106 120 
2400 1 7 17 20 30 32 37 50 62 95 97 102 103 106 118 121 125 139 143 
2400 2 17 20 32 37 49 71 72 85 90 94 98 109 110 111 113 121 125 128 129 135 
2400 3 0 4 5 6 21 24 26 31 33 36 40 46 52 56 60 68 71 75 78 81 96 99 105 119 122 145 149 
2400 4 3 15 18 19 22 23 50 55 56 58 61 66 67 72 75 77 81 85 87 88 90 94 99 106 107 109 110 113 115 121 126 128 132 136 144 
2400 5 0 3 12 15 27 29 33 34 36 41 48 75 76 81 83 86 87 88 100 107 122 131 134 141 
2400 6 3 15 27 47 50 52 60 61 76 87 88 107 127 131 140 141 149 
2400 7 1 17 20 27 32 37 54 62 83 87 90 93 94 95 103 108 109 111 113 115 116 121 123 125 128 129 134 137 141 148 
2400 8 10 22 23 27 33 35 36 43 44 45 48 50 53 55 56 58 59 63 65 67 69 71 72 73 75 76 78 79 80 85 87 90 94 98 99 101 102 106 109 110 113 114 115 116 122 124 128 134 139 141 142 143 146 148 
2400 9 16 19 22 51 77 114 118 119 
2400 10 8 
2400 11 12 
2400 12 5 11 74 
2400 13 19 
2400 14 0 104 112 117 130 138 
2400 15 4 5 6 
2400 16 9 
2400 17 1 2 7 
2400 18 4 
2400 19 4 9 13 25 38 84 
2400 20 1 2 7 
2400 21 0 3 
2400 22 4 8 9 
2400 23 4 8 
2400 24 3 59 
2400 25 0 19 39 
2400 26 3 
2400 27 5 6 7 8 
2400 28 0 
2400 29 5 
2400 30 1 
2400 31 3 
2400 32 1 2 7 
2400 33 3 5 8 
2400 34 5 
2400 35 8 
2400 36 3 5 8 
2400 37 1 2 7 
2400 38 19 
2400 39 25 
2400 40 3 
2400 41 5 
2400 42 0 
2400 43 8 
2400 44 8 
2400 45 8 
2400 46 3 
2400 47 0 6 102 
2400 48 5 8 
2400 49 2 
2400 50 1 4 6 8 
2400 51 9 
2400 52 3 6 
2400 53 8 
2400 54 7 
2400 55 4 8 
2400 56 3 4 8 82 
2400 57 102 
2400 58 4 8 
2400 59 8 24 64 147 
2400 60 3 6 
2400 61 4 6 
2400 62 1 7 
2400 63 8 
2400 64 59 
2400 65 8 
2400 66 4 
2400 67 4 8 
2400 68 3 
2400 69 8 
2400 70 0 
2400 71 2 3 8 133 
2400 72 2 4 8 
2400 73 8 
2400 74 12 
2400 75 3 4 5 8 
2400 76 5 6 8 
2400 77 4 9 
2400 78 3 8 
2400 79 8 
2400 80 8 
2400 81 3 4 5 
2400 82 56 
2400 83 5 7 
2400 84 19 
2400 85 2 4 8 
2400 86 5 
2400 87 4 5 6 7 8 
2400 88 4 5 6 
2400 89 102 
2400 90 2 4 7 8 
2400 91 0 
2400 92 0 
2400 93 7 
2400 94 2 4 7 8 
2400 95 1 7 
2400 96 3 
2400 97 1 
2400 98 2 8 
2400 99 3 4 8 
2400 100 5 
2400 101 8 
2400 102 1 8 47 57 89 
2400 103 1 7 
2400 104 14 
2400 105 3 
2400 106 0 1 4 8 
2400 107 4 5 6 
2400 108 7 
2400 109 2 4 7 8 
2400 110 2 4 8 
2400 111 2 7 
2400 112 14 
2400 113 2 4 7 8 
2400 114 8 9 
2400 115 4 7 8 
2400 116 7 8 
2400 117 14 
2400 118 1 9 
2400 119 3 9 
2400 120 0 
2400 121 1 2 4 7 
2400 122 3 5 8 
2400 123 7 
2400 124 8 
2400 125 1 2 7 
2400 126 4 
2400 127 6 
2400 128 2 4 7 8 
2400 129 2 7 
2400 130 14 
2400 131 5 6 
2400 132 4 
2400 133 71 
2400 134 5 7 8 
2400 135 2 
2400 136 4 
2400 137 7 
2400 138 14 
2400 139 1 8 
2400 140 6 
2400 141 5 6 7 8 
2400 142 8 
2400 143 1 8 
2400 144 4 
2400 145 3 
2400 146 8 
2400 147 59 
2400 148 7 8 
2400 149 3 6 
0 7200 
3000 0 3 14 15 25 28 42 69 70 106 136 
3000 1 10 20 21 23 30 35 45 49 62 63 73 80 86 87 93 103 106 111 116 118 119 124 125 134 
3000 2 8 17 18 21 22 23 30 53 55 62 65 71 72 80 85 86 94 95 99 103 110 113 121 125 128 146 148 
3000 3 0 5 7 15 18 19 26 27 33 34 48 61 71 78 87 92 94 98 99 102 105 107 108 109 113 115 118 119 120 124 126 127 128 131 134 140 144 
3000 4 9 77 92 98 132 
3000 5 3 6 13 24 27 33 36 40 46 50 56 60 76 81 87 88 89 101 126 131 
3000 6 5 13 15 27 29 31 47 48 50 56 61 68 76 78 88 89 96 101 145 149 
3000 7 3 10 12 13 18 20 21 27 32 36 37 44 45 48 50 52 53 54 55 58 65 67 71 72 73 76 78 79 80 83 85 86 90 94 95 99 100 102 106 109 110 112 113 114 115 121 122 123 128 129 133 139 141 142 143 146 148 
3000 8 2 10 30 38 62 82 84 90 95 114 129 146 
3000 9 4 16 22 37 39 43 51 91 106 117 118 119 
3000 10 1 7 8 64 
3000 11 19 
3000 12 7 
3000 13 5 6 7 
3000 14 0 41 66 104 130 138 
3000 15 0 3 6 22 97 
3000 16 9 
3000 17 2 
3000 18 2 3 7 
3000 19 3 11 59 74 
3000 20 1 7 
3000 21 1 2 7 
3000 22 2 9 15 137 
3000 23 1 2 106 135 
3000 24 5 
3000 25 0 
3000 26 3 
3000 27 3 5 6 7 
3000 28 0 
3000 29 6 
3000 30 1 2 8 
3000 31 6 
3000 32 7 
3000 33 3 5 
3000 34 3 
3000 35 1 
3000 36 5 7 
3000 37 7 9 
3000 38 8 
3000 39 9 
3000 40 5 
3000 41 14 
3000 42 0 
3000 43 9 
3000 44 7 
3000 45 1 7 
3000 46 5 
3000 47 6 
3000 48 3 6 7 
3000 49 1 
3000 50 5 6 7 
3000 51 9 
3000 52 7 
3000 53 2 7 
3000 54 7 
3000 55 2 7 
3000 56 5 6 
3000 57 102 
3000 58 7 
3000 59 19 
3000 60 5 
3000 61 3 6 
3000 62 1 2 8 
3000 63 1 
3000 64 10 
3000 65 2 7 
3000 66 14 
3000 67 7 
3000 68 6 
3000 69 0 
3000 70 0 
3000 71 2 3 7 
3000 72 2 7 
3000 73 1 7 
3000 74 19 
3000 75 106 
3000 76 5 6 7 
3000 77 4 
3000 78 3 6 7 
3000 79 7 
3000 80 1 2 7 
3000 81 5 
3000 82 8 
3000 83 7 
3000 84 8 
3000 85 2 7 
3000 86 1 2 7 
3000 87 1 3 5 
3000 88 5 6 
3000 89 5 6 
3000 90 7 8 
3000 91 9 
3000 92 3 4 
3000 93 1 
3000 94 2 3 7 
3000 95 2 7 8 
3000 96 6 
3000 97 15 
3000 98 3 4 
3000 99 2 3 7 
3000 100 7 
3000 101 5 6 
3000 102 3 7 57 
3000 103 1 2 
3000 104 14 
3000 105 3 
3000 106 0 1 7 9 23 75 
3000 107 3 
3000 108 3 
3000 109 3 7 
3000 110 2 7 
3000 111 1 
3000 112 7 
3000 113 2 3 7 
3000 114 7 8 
3000 115 3 7 
3000 116 1 
3000 117 9 
3000 118 1 3 9 
3000 119 1 3 9 
3000 120 3 
3000 121 2 7 
3000 122 7 
3000 123 7 
3000 124 1 3 147 
3000 125 1 2 
3000 126 3 5 
3000 127 3 
3000 128 2 3 7 
3000 129 7 8 
3000 130 14 
3000 131 3 5 
3000 132 4 
3000 133 7 
3000 134 1 3 
3000 135 23 
3000 136 0 
3000 137 22 
3000 138 14 
3000 139 7 
3000 140 3 
3000 141 7 
3000 142 7 
3000 143 7 
3000 144 3 
3000 145 6 
3000 146 2 7 8 
3000 147 124 
3000 148 2 7 
3000 149 6 
0 7200 
3600 0 3 5 13 14 15 28 40 77 91 92 98 131 132 144 
3600 1 17 30 36 50 53 62 63 65 67 79 86 101 102 114 116 121 127 146 
3600 2 8 17 20 21 22 44 49 53 62 63 65 67 71 72 79 81 83 84 86 90 94 95 107 110 113 116 146 148 
3600 3 0 5 7 24 34 36 45 50 60 69 71 72 76 85 87 90 94 100 101 102 105 110 111 113 118 119 120 128 134 138 140 141 145 
3600 4 9 14 92 104 
3600 5 0 3 6 15 25 27 29 31 42 46 47 48 56 61 68 78 85 87 88 89 96 108 111 122 126 134 140 
3600 6 5 15 33 45 56 61 70 76 78 87 88 120 123 126 134 138 141 149 
3600 7 3 10 12 19 20 22 23 26 27 32 35 37 52 53 54 55 58 71 72 73 76 78 80 81 83 87 90 93 94 95 99 100 103 106 107 109 110 112 113 115 122 124 125 128 129 133 134 135 139 142 143 146 148 
3600 8 2 20 22 23 35 37 38 49 55 73 80 99 109 
3600 9 4 16 41 43 51 82 92 97 106 114 136 
3600 10 7 64 
3600 11 100 
3600 12 7 
3600 13 0 
3600 14 0 4 18 66 117 130 
3600 15 0 5 6 22 
3600 16 9 
3600 17 1 2 
3600 18 14 
3600 19 7 
3600 20 2 7 8 
3600 21 2 
3600 22 2 7 8 15 75 137 
3600 23 7 8 
3600 24 3 
3600 25 5 
3600 26 7 
3600 27 5 7 
3600 28 0 
3600 29 5 
3600 30 1 
3600 31 5 
3600 32 7 
3600 33 6 
3600 34 3 
3600 35 7 8 
3600 36 1 3 
3600 37 7 8 
3600 38 8 
3600 39 92 
3600 40 0 
3600 41 9 
3600 42 5 
3600 43 9 
3600 44 2 
3600 45 3 6 74 
3600 46 5 
3600 47 5 
3600 48 5 
3600 49 2 8 
3600 50 1 3 
3600 51 9 
3600 52 7 
3600 53 1 2 7 
3600 54 7 
3600 55 7 8 
3600 56 5 6 
3600 57 101 
3600 58 7 
3600 59 100 
3600 60 3 
3600 61 5 6 
3600 62 1 2 
3600 63 1 2 
3600 64 10 
3600 65 1 2 
3600 66 14 
3600 67 1 2 
3600 68 5 
3600 69 3 
3600 70 6 
3600 71 2 3 7 
3600 72 2 3 7 
3600 73 7 8 
3600 74 45 
3600 75 22 
3600 76 3 6 7 
3600 77 0 
3600 78 5 6 7 
3600 79 1 2 
3600 80 7 8 
3600 81 2 7 
3600 82 9 
3600 83 2 7 
3600 84 2 
3600 85 3 5 
3600 86 1 2 
3600 87 3 5 6 7 
3600 88 5 6 
3600 89 5 
3600 90 2 3 7 
3600 91 0 
3600 92 0 4 9 39 
3600 93 7 
3600 94 2 3 7 
3600 95 2 7 
3600 96 5 
3600 97 9 
3600 98 0 
3600 99 7 8 
3600 100 3 7 11 59 
3600 101 1 3 57 147 
3600 102 1 3 
3600 103 7 
3600 104 4 
3600 105 3 
3600 106 7 9 
3600 107 2 7 
3600 108 5 
3600 109 7 8 
3600 110 2 3 7 
3600 111 3 5 
3600 112 7 
3600 113 2 3 7 
3600 114 1 9 
3600 115 7 
3600 116 1 2 
3600 117 14 
3600 118 3 
3600 119 3 
3600 120 3 6 
3600 121 1 
3600 122 5 7 
3600 123 6 
3600 124 7 
3600 125 7 
3600 126 5 6 
3600 127 1 
3600 128 3 7 
3600 129 7 
3600 130 14 
3600 131 0 
3600 132 0 
3600 133 7 
3600 134 3 5 6 7 
3600 135 7 
3600 136 9 
3600 137 22 
3600 138 3 6 
3600 139 7 
3600 140 3 5 
3600 141 3 6 
3600 142 7 
3600 143 7 
3600 144 0 
3600 145 3 
3600 146 1 2 7 
3600 147 101 
3600 148 2 7 
3600 149 6 
0 7200 
4200 0 3 5 6 15 16 36 43 69 91 92 119 120 132 138 144 148 149 
4200 1 8 30 32 36 36 43 50 65 73 81 87 90 95 97 99 110 112 113 115 118 119 121 128 135 139 146 
4200 2 17 20 21 32 44 55 63 65 75 81 84 86 90 93 114 121 134 
4200 3 0 11 14 15 24 27 29 34 36 40 43 45 50 60 61 71 72 76 77 78 87 89 90 92 95 96 98 99 102 105 106 107 110 113 115 118 119 120 122 124 125 128 130 134 137 141 145 
4200 4 9 18 103 108 111 117 
4200 5 0 10 14 25 28 31 33 35 36 40 46 47 48 56 61 68 70 76 85 87 88 89 126 131 138 140 142 
4200 6 0 11 14 25 33 42 60 96 105 120 123 130 149 
4200 7 9 51 67 79 104 111 116 118 119 
4200 8 1 22 30 32 38 41 49 51 55 62 67 71 72 79 80 84 86 90 95 106 107 110 113 114 115 116 125 127 128 129 143 146 
4200 9 4 7 22 37 77 98 118 119 136 141 
4200 10 5 
4200 11 3 6 26 
4200 12 14 
4200 13 32 
4200 14 3 5 6 12 52 53 59 74 83 109 
4200 15 0 3 66 
4200 16 0 82 100 
4200 17 2 
4200 18 4 
4200 19 32 
4200 20 2 
4200 21 2 
4200 22 8 9 
4200 23 43 
4200 24 3 
4200 25 5 6 
4200 26 11 64 
4200 27 3 
4200 28 5 
4200 29 3 
4200 30 1 8 
4200 31 5 
4200 32 1 2 8 13 19 43 54 57 133 147 
4200 33 5 6 
4200 34 3 
4200 35 5 
4200 36 0 1 1 3 5 
4200 37 9 
4200 38 8 
4200 39 92 
4200 40 3 5 
4200 41 8 
4200 42 6 
4200 43 0 1 3 23 32 
4200 44 2 
4200 45 3 
4200 46 5 
4200 47 5 
4200 48 5 
4200 49 8 
4200 50 1 3 
4200 51 7 8 
4200 52 14 
4200 53 14 
4200 54 32 
4200 55 2 8 
4200 56 5 
4200 57 32 
4200 58 119 
4200 59 14 
4200 60 3 6 
4200 61 3 5 
4200 62 8 
4200 63 2 
4200 64 26 
4200 65 1 2 
4200 66 15 
4200 67 7 8 
4200 68 5 
4200 69 0 
4200 70 5 
4200 71 3 8 
4200 72 3 8 
4200 73 1 
4200 74 14 
4200 75 2 
4200 76 3 5 
4200 77 3 9 
4200 78 3 
4200 79 7 8 
4200 80 8 
4200 81 1 2 
4200 82 16 
4200 83 14 
4200 84 2 8 
4200 85 5 
4200 86 2 8 
4200 87 1 3 5 
4200 88 5 
4200 89 3 5 
4200 90 1 2 3 8 
4200 91 0 
4200 92 0 3 39 94 
4200 93 2 
4200 94 92 
4200 95 1 3 8 
4200 96 3 6 
4200 97 1 
4200 98 3 9 
4200 99 1 3 
4200 100 16 
4200 101 119 
4200 102 3 
4200 103 4 
4200 104 7 
4200 105 3 6 
4200 106 3 8 
4200 107 3 8 
4200 108 4 
4200 109 14 
4200 110 1 3 8 
4200 111 4 7 
4200 112 1 
4200 113 1 3 8 
4200 114 2 8 
4200 115 1 3 8 
4200 116 7 8 
4200 117 4 
4200 118 1 3 7 9 
4200 119 0 1 3 7 9 58 101 
4200 120 0 3 6 
4200 121 1 2 
4200 122 3 
4200 123 6 
4200 124 3 
4200 125 3 8 
4200 126 5 
4200 127 8 
4200 128 1 3 8 
4200 129 8 
4200 130 3 6 
4200 131 5 
4200 132 0 
4200 133 32 
4200 134 2 3 
4200 135 1 
4200 136 9 
4200 137 3 
4200 138 0 5 
4200 139 1 
4200 140 5 
4200 141 3 9 
4200 142 5 
4200 143 8 
4200 144 0 
4200 145 3 
4200 146 1 8 
4200 147 32 
4200 148 0 
4200 149 0 6 
0 7200 
4800 0 6 7 14 15 25 54 56 61 71 85 91 96 103 104 108 119 132 136 148 
4800 1 8 17 18 21 22 23 30 52 53 55 62 65 72 79 81 83 84 87 90 95 102 106 107 113 116 118 119 120 125 127 128 134 147 
4800 2 17 20 22 23 38 53 55 62 80 81 86 116 121 146 147 
4800 3 19 27 32 33 36 41 50 52 53 57 59 60 63 66 70 72 73 74 76 78 80 83 84 86 87 90 95 98 99 102 104 106 107 110 113 115 122 124 125 128 129 130 134 135 137 138 143 149 
4800 4 7 82 111 
4800 5 10 11 24 28 31 34 35 42 45 50 52 78 89 102 104 105 107 115 140 
4800 6 0 11 15 27 29 33 35 36 45 46 48 49 50 52 61 69 76 85 87 88 89 104 105 123 126 130 131 133 135 137 138 142 145 149 
4800 7 0 4 9 15 16 40 47 49 88 111 117 118 119 126 132 142 144 145 
4800 8 1 30 41 43 51 58 67 68 75 80 120 127 146 
4800 9 7 14 16 37 47 92 100 101 114 118 119 141 147 
4800 10 5 
4800 11 5 6 26 
4800 12 27 
4800 13 26 
4800 14 0 9 37 39 94 97 
4800 15 0 6 7 107 
4800 16 7 9 
4800 17 1 2 
4800 18 1 
4800 19 3 
4800 20 2 
4800 21 1 
4800 22 1 2 
4800 23 1 2 
4800 24 5 
4800 25 0 
4800 26 11 13 64 
4800 27 3 6 12 109 
4800 28 5 
4800 29 6 
4800 30 1 8 
4800 31 5 
4800 32 3 
4800 33 3 6 
4800 34 5 
4800 35 5 6 
4800 36 3 6 
4800 37 9 14 77 
4800 38 2 
4800 39 14 
4800 40 7 
4800 41 3 8 
4800 42 5 
4800 43 8 
4800 44 95 
4800 45 5 6 
4800 46 6 
4800 47 7 9 
4800 48 6 
4800 49 6 7 
4800 50 3 5 6 
4800 51 8 
4800 52 1 3 5 6 
4800 53 1 2 3 
4800 54 0 
4800 55 1 2 
4800 56 0 
4800 57 3 
4800 58 8 93 119 
4800 59 3 
4800 60 3 
4800 61 0 6 95 
4800 62 1 2 
4800 63 3 
4800 64 26 
4800 65 1 
4800 66 3 
4800 67 8 
4800 68 8 
4800 69 6 
4800 70 3 
4800 71 0 
4800 72 1 3 
4800 73 3 
4800 74 3 
4800 75 8 
4800 76 3 6 112 
4800 77 37 
4800 78 3 5 
4800 79 1 
4800 80 2 3 8 
4800 81 1 2 
4800 82 4 
4800 83 1 3 
4800 84 1 3 
4800 85 0 6 
4800 86 2 3 
4800 87 1 3 6 
4800 88 6 7 
4800 89 5 6 
4800 90 1 3 
4800 91 0 
4800 92 9 
4800 93 58 
4800 94 14 
4800 95 1 3 44 61 
4800 96 0 
4800 97 14 
4800 98 3 
4800 99 3 
4800 100 9 
4800 101 9 
4800 102 1 3 5 
4800 103 0 
4800 104 0 3 5 6 
4800 105 5 6 
4800 106 1 3 
4800 107 1 3 5 15 139 
4800 108 0 
4800 109 27 
4800 110 3 
4800 111 4 7 
4800 112 76 
4800 113 1 3 
4800 114 9 
4800 115 3 5 
4800 116 1 2 
4800 117 7 
4800 118 1 7 9 
4800 119 0 1 7 9 58 
4800 120 1 8 
4800 121 2 
4800 122 3 
4800 123 6 
4800 124 3 
4800 125 1 3 
4800 126 6 7 
4800 127 1 8 
4800 128 1 3 
4800 129 3 
4800 130 3 6 
4800 131 6 
4800 132 0 7 
4800 133 6 
4800 134 1 3 
4800 135 3 6 
4800 136 0 
4800 137 3 6 
4800 138 3 6 
4800 139 107 
4800 140 5 
4800 141 9 
4800 142 6 7 
4800 143 3 
4800 144 7 
4800 145 6 7 
4800 146 2 8 
4800 147 1 2 9 
4800 148 0 
4800 149 3 6 
0 7200 
5400 0 6 7 10 14 15 25 42 69 92 108 119 138 142 
5400 1 17 21 23 34 37 53 62 63 72 74 77 79 84 112 114 119 122 127 129 139 146 
5400 2 17 20 22 23 34 37 41 44 53 56 62 63 72 79 86 90 95 107 114 115 116 127 134 140 143 
5400 3 5 11 18 19 20 32 45 52 53 56 57 59 65 66 70 71 72 73 76 82 83 87 90 95 98 102 104 106 107 109 113 115 121 122 124 128 129 134 135 138 138 140 149 
5400 4 7 16 54 108 148 
5400 5 3 6 27 28 29 33 45 46 48 52 61 71 72 73 76 85 87 88 89 97 102 106 107 123 124 125 126 128 135 137 138 145 
5400 6 0 5 8 8 12 15 27 33 61 71 73 76 87 91 96 97 125 130 133 135 137 138 145 149 
5400 7 0 4 9 9 16 31 40 43 47 68 89 97 99 100 103 105 117 118 119 120 125 126 132 136 141 144 
5400 8 6 6 20 24 26 27 33 35 36 46 51 52 60 61 71 74 80 90 91 106 107 110 112 128 130 135 137 
5400 9 7 7 22 31 34 43 54 94 111 114 118 119 147 
5400 10 0 
5400 11 3 
5400 12 6 
5400 13 82 
5400 14 0 37 39 
5400 15 0 6 22 
5400 16 4 7 
5400 17 1 2 
5400 18 3 
5400 19 3 
5400 20 2 3 8 
5400 21 1 
5400 22 2 9 15 49 75 
5400 23 1 2 38 50 119 
5400 24 8 
5400 25 0 
5400 26 8 64 
5400 27 5 6 8 
5400 28 5 
5400 29 5 
5400 30 99 
5400 31 7 9 
5400 32 3 
5400 33 5 6 8 
5400 34 1 2 9 
5400 35 8 
5400 36 8 
5400 37 1 2 14 78 
5400 38 23 
5400 39 14 
5400 40 7 
5400 41 2 
5400 42 0 
5400 43 7 9 
5400 44 2 
5400 45 3 5 
5400 46 5 8 
5400 47 7 
5400 48 5 
5400 49 22 
5400 50 23 
5400 51 8 
5400 52 3 5 8 
5400 53 1 2 3 
5400 54 4 9 
5400 55 119 
5400 56 2 3 
5400 57 3 
5400 58 93 119 
5400 59 3 
5400 60 8 
5400 61 5 6 8 
5400 62 1 2 
5400 63 1 2 
5400 64 26 
5400 65 3 
5400 66 3 
5400 67 119 
5400 68 7 
5400 69 0 
5400 70 3 
5400 71 3 5 6 8 
5400 72 1 2 3 5 
5400 73 3 5 6 
5400 74 1 8 
5400 75 22 
5400 76 3 5 6 
5400 77 1 
5400 78 37 
5400 79 1 2 
5400 80 8 
5400 81 119 
5400 82 3 13 138 
5400 83 3 
5400 84 1 
5400 85 5 
5400 86 2 
5400 87 3 5 6 131 
5400 88 5 
5400 89 5 7 
5400 90 2 3 8 
5400 91 6 8 
5400 92 0 
5400 93 58 
5400 94 9 
5400 95 2 3 
5400 96 6 
5400 97 5 6 7 
5400 98 3 
5400 99 7 30 
5400 100 7 
5400 101 119 
5400 102 3 5 
5400 103 7 
5400 104 3 
5400 105 7 
5400 106 3 5 8 
5400 107 2 3 5 8 
5400 108 0 4 
5400 109 3 
5400 110 8 
5400 111 9 
5400 112 1 8 
5400 113 3 
5400 114 1 2 9 
5400 115 2 3 
5400 116 2 
5400 117 7 
5400 118 7 9 
5400 119 0 1 7 9 23 55 58 67 81 101 
5400 120 7 
5400 121 3 
5400 122 1 3 
5400 123 5 
5400 124 3 5 
5400 125 5 6 7 
5400 126 5 7 
5400 127 1 2 
5400 128 3 5 8 
5400 129 1 3 
5400 130 6 8 
5400 131 87 
5400 132 7 
5400 133 6 
5400 134 2 3 
5400 135 3 5 6 8 
5400 136 7 
5400 137 5 6 8 
5400 138 0 3 3 5 6 82 
5400 139 1 
5400 140 2 3 
5400 141 7 
5400 142 0 
5400 143 2 
5400 144 7 
5400 145 5 6 
5400 146 1 
5400 147 9 
5400 148 4 
5400 149 3 6 
0 7200 
6000 0 6 7 14 15 16 25 28 31 41 48 51 69 87 92 105 108 119 120 126 
6000 1 10 13 18 21 30 37 41 41 43 44 47 52 55 72 74 76 79 81 82 84 94 106 107 116 118 119 127 128 130 134 135 139 140 
6000 2 30 33 37 50 70 71 79 86 94 113 114 116 130 138 146 
6000 3 4 7 54 100 101 111 114 126 132 136 142 148 
6000 4 3 9 9 10 14 18 22 23 34 43 54 58 67 111 118 119 143 147 
6000 5 6 11 12 13 28 29 35 36 41 52 61 63 72 73 88 89 97 102 103 106 107 124 125 128 135 137 145 149 
6000 6 0 5 8 8 11 12 15 35 36 41 52 61 63 73 83 88 89 91 104 123 125 133 137 
6000 7 0 3 15 40 42 43 68 85 89 96 97 104 111 117 118 119 129 141 143 144 145 148 
6000 8 6 6 11 12 13 24 26 29 32 45 46 47 52 53 59 60 72 73 80 82 90 95 106 109 110 112 113 121 124 128 135 137 149 
6000 9 4 4 10 13 15 17 18 20 22 23 27 31 33 34 41 43 52 56 58 61 62 65 67 72 77 78 81 90 94 95 97 99 100 104 106 107 111 114 118 119 125 126 128 129 130 131 134 140 141 143 
6000 10 1 4 9 
6000 11 5 6 8 
6000 12 5 6 8 
6000 13 1 5 8 9 
6000 14 0 4 39 
6000 15 0 6 7 9 22 
6000 16 0 
6000 17 9 
6000 18 1 4 9 
6000 19 20 
6000 20 9 19 41 57 
6000 21 1 
6000 22 4 9 15 49 75 
6000 23 4 9 38 41 98 
6000 24 8 
6000 25 0 
6000 26 8 64 
6000 27 9 
6000 28 0 5 122 
6000 29 5 8 
6000 30 1 2 
6000 31 0 9 
6000 32 8 
6000 33 2 9 
6000 34 4 9 
6000 35 5 6 
6000 36 5 6 
6000 37 1 2 
6000 38 23 
6000 39 14 
6000 40 7 
6000 41 0 1 1 5 6 9 20 23 82 
6000 42 7 
6000 43 1 4 7 9 
6000 44 1 
6000 45 8 
6000 46 8 
6000 47 1 8 
6000 48 0 
6000 49 22 
6000 50 2 
6000 51 0 
6000 52 1 5 6 8 9 
6000 53 8 
6000 54 3 4 
6000 55 1 
6000 56 9 
6000 57 20 
6000 58 4 9 93 119 
6000 59 8 
6000 60 8 
6000 61 5 6 9 
6000 62 9 
6000 63 5 6 
6000 64 26 
6000 65 9 
6000 66 82 
6000 67 4 9 
6000 68 7 
6000 69 0 
6000 70 2 
6000 71 2 
6000 72 1 5 8 9 
6000 73 5 6 8 115 
6000 74 1 
6000 75 22 
6000 76 1 
6000 77 9 
6000 78 9 
6000 79 1 2 
6000 80 8 
6000 81 1 9 
6000 82 1 8 41 66 
6000 83 6 
6000 84 1 
6000 85 7 
6000 86 2 
6000 87 0 
6000 88 5 6 
6000 89 5 6 7 
6000 90 8 9 
6000 91 6 
6000 92 0 
6000 93 58 
6000 94 1 2 9 
6000 95 8 9 
6000 96 7 
6000 97 5 7 9 
6000 98 23 
6000 99 9 
6000 100 3 9 
6000 101 3 
6000 102 5 
6000 103 5 
6000 104 6 7 9 
6000 105 0 
6000 106 1 5 8 9 
6000 107 1 5 9 
6000 108 0 
6000 109 8 
6000 110 8 
6000 111 3 4 7 9 
6000 112 8 
6000 113 2 8 
6000 114 2 3 9 
6000 115 73 
6000 116 1 2 
6000 117 7 
6000 118 1 4 7 9 
6000 119 0 1 4 7 9 58 
6000 120 0 
6000 121 8 
6000 122 28 
6000 123 6 
6000 124 5 8 
6000 125 5 6 9 
6000 126 0 3 9 
6000 127 1 
6000 128 1 5 8 9 
6000 129 7 9 
6000 130 1 2 9 
6000 131 9 
6000 132 3 
6000 133 6 
6000 134 1 9 
6000 135 1 5 8 
6000 136 3 
6000 137 5 6 8 
6000 138 2 
6000 139 1 
6000 140 1 9 
6000 141 7 9 
6000 142 3 
6000 143 4 7 9 
6000 144 7 
6000 145 5 7 
6000 146 2 
6000 147 4 
6000 148 3 7 
6000 149 5 8 
0 7200 
6600 0 6 7 14 15 16 19 25 28 58 69 104 105 108 117 119 145 
6600 1 10 17 18 20 21 22 23 27 33 34 43 44 52 53 62 70 72 73 74 76 77 81 90 104 104 106 107 113 115 118 119 121 124 127 134 138 139 140 146 
6600 2 17 33 34 37 38 53 70 71 79 81 94 95 113 134 
6600 3 7 9 10 15 20 23 39 43 54 65 87 90 92 97 104 118 119 126 129 132 135 136 140 141 143 
6600 4 9 9 14 14 20 34 39 40 43 55 67 90 92 99 118 119 143 147 
6600 5 6 60 83 91 103 123 137 145 148 
6600 6 0 5 8 8 12 24 36 45 46 51 52 58 61 63 73 84 88 89 96 97 104 109 126 133 142 
6600 7 0 3 31 42 54 68 87 89 92 96 97 103 104 111 118 119 125 126 129 132 136 143 144 
6600 8 6 6 11 13 26 28 29 32 35 47 48 53 59 72 73 80 83 85 86 100 106 107 110 120 121 124 128 
6600 9 3 4 4 13 15 20 34 39 43 52 55 56 61 62 67 72 77 78 79 82 87 90 92 94 97 100 101 104 106 107 113 114 116 118 119 125 126 128 129 130 131 135 140 141 143 149 
6600 10 1 3 
6600 11 8 
6600 12 6 
6600 13 8 9 
6600 14 0 4 4 
6600 15 0 3 9 
6600 16 0 
6600 17 1 2 
6600 18 1 
6600 19 0 
6600 20 1 3 4 9 
6600 21 1 
6600 22 1 
6600 23 1 3 50 75 98 104 
6600 24 6 
6600 25 0 
6600 26 8 49 64 
6600 27 1 
6600 28 0 8 122 
6600 29 8 
6600 30 52 
6600 31 7 
6600 32 8 
6600 33 1 2 
6600 34 1 2 4 9 
6600 35 8 
6600 36 6 
6600 37 2 
6600 38 2 
6600 39 3 4 9 
6600 40 4 
6600 41 102 
6600 42 7 
6600 43 1 3 4 9 
6600 44 1 
6600 45 6 
6600 46 6 
6600 47 8 
6600 48 8 
6600 49 26 
6600 50 23 
6600 51 6 
6600 52 1 6 9 30 
6600 53 1 2 8 
6600 54 3 7 
6600 55 4 9 
6600 56 9 
6600 57 102 
6600 58 0 6 102 
6600 59 8 
6600 60 5 
6600 61 6 9 
6600 62 1 9 
6600 63 6 
6600 64 26 
6600 65 3 
6600 66 102 
6600 67 4 9 93 119 
6600 68 7 
6600 69 0 
6600 70 1 2 
6600 71 2 
6600 72 1 8 9 
6600 73 1 6 8 
6600 74 1 
6600 75 23 
6600 76 1 
6600 77 1 9 
6600 78 9 
6600 79 2 9 
6600 80 8 
6600 81 1 2 
6600 82 9 
6600 83 5 8 
6600 84 6 
6600 85 8 
6600 86 8 
6600 87 3 7 9 
6600 88 6 
6600 89 6 7 
6600 90 1 3 4 9 
6600 91 5 
6600 92 3 4 7 9 
6600 93 67 
6600 94 2 9 
6600 95 2 
6600 96 6 7 
6600 97 3 6 7 9 
6600 98 23 
6600 99 4 
6600 100 8 9 
6600 101 9 
6600 102 41 57 58 66 112 
6600 103 5 7 
6600 104 0 1 1 3 6 7 9 23 
6600 105 0 
6600 106 1 8 9 
6600 107 1 8 9 
6600 108 0 
6600 109 6 
6600 110 8 
6600 111 7 
6600 112 102 
6600 113 1 2 9 
6600 114 9 
6600 115 1 
6600 116 9 
6600 117 0 
6600 118 1 3 4 7 9 
6600 119 0 1 3 4 7 9 67 
6600 120 8 
6600 121 1 8 
6600 122 28 
6600 123 5 
6600 124 1 8 
6600 125 7 9 
6600 126 3 6 7 9 
6600 127 1 
6600 128 8 9 
6600 129 3 7 9 
6600 130 9 
6600 131 9 
6600 132 3 7 
6600 133 6 
6600 134 1 2 
6600 135 3 9 
6600 136 3 7 
6600 137 5 
6600 138 1 
6600 139 1 
6600 140 1 3 9 
6600 141 3 9 
6600 142 6 
6600 143 3 4 7 9 
6600 144 7 
6600 145 0 5 
6600 146 1 
6600 147 4 
6600 148 5 
6600 149 9 
0 7200 
7200 0 7 9 15 19 28 50 51 58 65 71 87 101 108 119 
7200 1 18 21 22 23 30 33 37 47 67 73 79 82 86 101 114 116 118 139 140 146 
7200 2 10 23 38 55 56 62 63 67 72 77 78 79 86 90 95 100 128 135 140 146 
7200 3 4 7 9 20 25 31 34 40 43 54 62 68 70 90 97 101 103 111 117 118 119 126 129 132 136 141 143 144 145 
7200 4 3 9 27 34 43 67 83 90 92 99 111 118 119 135 141 143 147 
7200 5 8 10 13 29 50 52 60 61 73 88 89 91 96 97 100 102 106 122 124 125 128 133 137 138 
7200 6 10 10 11 13 16 30 33 36 45 46 48 49 52 57 59 63 64 66 74 76 80 85 86 88 94 104 112 137 138 146 
7200 7 0 3 9 9 14 20 25 27 31 40 43 68 69 89 97 101 103 105 111 118 119 126 142 143 145 
7200 8 5 46 50 61 91 109 123 148 
7200 9 0 3 4 7 7 10 13 14 15 20 23 25 27 31 38 39 40 42 43 50 52 55 56 61 62 70 72 89 90 94 96 97 100 101 103 105 106 111 116 118 119 125 126 128 129 130 132 134 141 142 143 144 145 149 
7200 10 2 5 6 6 9 26 53 121 127 
7200 11 6 15 32 
7200 12 28 
7200 13 5 6 9 
7200 14 7 9 
7200 15 0 9 11 
7200 16 6 
7200 17 23 
7200 18 1 
7200 19 0 
7200 20 3 7 9 113 131 
7200 21 1 
7200 22 1 
7200 23 1 2 9 17 44 75 98 
7200 24 28 
7200 25 3 7 9 
7200 26 10 
7200 27 4 7 9 
7200 28 0 12 24 35 84 120 
7200 29 5 
7200 30 1 6 
7200 31 3 7 9 
7200 32 11 
7200 33 1 6 
7200 34 3 4 
7200 35 28 110 
7200 36 6 
7200 37 1 
7200 38 2 9 
7200 39 9 
7200 40 3 7 9 
7200 41 102 
7200 42 9 
7200 43 3 4 7 9 
7200 44 23 
7200 45 6 
7200 46 6 8 
7200 47 1 
7200 48 6 
7200 49 6 
7200 50 0 5 8 9 102 
7200 51 0 
7200 52 5 6 9 
7200 53 10 
7200 54 3 
7200 55 2 9 
7200 56 2 9 
7200 57 6 
7200 58 0 
7200 59 6 
7200 60 5 
7200 61 5 8 9 
7200 62 2 3 9 
7200 63 2 6 
7200 64 6 
7200 65 0 
7200 66 6 
7200 67 1 2 4 93 101 
7200 68 3 7 
7200 69 7 
7200 70 3 9 
7200 71 0 
7200 72 2 9 
7200 73 1 5 
7200 74 6 
7200 75 23 
7200 76 6 
7200 77 2 
7200 78 2 
7200 79 1 2 
7200 80 6 
7200 81 101 
7200 82 1 
7200 83 4 
7200 84 28 
7200 85 6 
7200 86 1 2 6 
7200 87 0 
7200 88 5 6 
7200 89 5 7 9 
7200 90 2 3 4 9 
7200 91 5 8 
7200 92 4 
7200 93 67 
7200 94 6 9 
7200 95 2 
7200 96 5 9 
7200 97 3 5 7 9 
7200 98 23 
7200 99 4 
7200 100 2 5 9 
7200 101 0 1 3 7 9 67 81 107 
7200 102 5 41 50 115 
7200 103 3 7 9 
7200 104 6 
7200 105 7 9 
7200 106 5 9 
7200 107 101 
7200 108 0 
7200 109 8 
7200 110 35 
7200 111 3 4 7 9 
7200 112 6 
7200 113 20 
7200 114 1 
7200 115 102 
7200 116 1 9 
7200 117 3 
7200 118 1 3 4 7 9 
7200 119 0 3 4 7 9 
7200 120 28 
7200 121 10 
7200 122 5 
7200 123 8 
7200 124 5 
7200 125 5 9 
7200 126 3 7 9 
7200 127 10 
7200 128 2 5 9 
7200 129 3 9 
7200 130 9 
7200 131 20 
7200 132 3 9 
7200 133 5 
7200 134 9 
7200 135 2 4 
7200 136 3 
7200 137 5 6 
7200 138 5 6 
7200 139 1 
7200 140 1 2 
7200 141 3 4 9 
7200 142 7 9 
7200 143 3 4 7 9 
7200 144 3 9 
7200 145 3 7 9 
7200 146 1 2 6 
7200 147 4 
7200 148 8 
7200 149 9 
