0 7200 
0 0 1 6 8 10 14 19 26 33 36 38 41 47 48 58 84 94 105 109 111 113 122 127 149 152 182 188 206 232 
0 1 0 5 7 11 17 19 21 27 28 40 46 47 63 66 70 73 74 77 85 96 98 100 116 119 124 126 128 132 138 140 147 155 162 164 167 168 198 211 214 218 222 225 239 242 
0 2 23 37 121 130 134 140 142 148 151 174 175 181 240 
0 3 18 26 30 50 57 67 100 117 121 150 181 212 230 233 238 244 
0 4 13 15 54 81 144 158 194 247 248 
0 5 1 7 16 18 21 27 28 29 45 47 54 59 65 75 80 86 89 91 95 96 101 104 114 117 118 127 130 139 145 146 149 151 155 173 185 186 204 205 207 209 210 214 225 226 229 240 242 245 248 
0 6 0 11 11 18 19 32 35 40 42 47 51 54 55 59 60 64 65 71 74 79 84 87 89 91 94 96 101 104 107 111 112 115 117 118 121 123 128 129 131 133 136 137 138 139 140 144 149 151 154 155 156 160 165 166 167 168 169 170 172 177 179 184 185 187 197 198 201 202 204 207 212 214 215 217 219 222 223 227 240 242 243 246 248 
0 7 1 5 11 17 26 40 44 46 56 74 79 83 84 87 91 111 118 121 130 140 151 152 157 161 162 176 184 207 211 219 240 
0 8 0 
0 9 21 62 75 91 127 
0 10 0 44 82 100 220 228 
0 11 1 6 6 7 19 29 47 53 65 79 82 84 87 89 94 101 111 118 129 139 154 165 167 170 179 185 187 197 198 202 214 216 220 222 227 239 
0 12 45 83 86 88 91 93 97 171 186 196 234 237 
0 13 4 54 59 67 78 81 125 177 207 217 234 
0 14 0 
0 15 4 18 52 90 103 140 142 148 159 183 199 200 211 249 
0 16 5 21 31 86 
0 17 1 7 
0 18 3 5 6 15 24 39 43 49 72 110 135 153 178 190 191 193 203 221 235 236 
0 19 0 1 6 11 106 
0 20 94 
0 21 1 5 9 16 195 
0 22 94 
0 23 2 47 76 108 224 
0 24 18 
0 25 84 120 
0 26 0 3 7 61 143 163 189 
0 27 1 5 
0 28 1 5 
0 29 5 11 
0 30 3 
0 31 16 
0 32 6 
0 33 0 
0 34 111 
0 35 6 
0 36 0 
0 37 2 
0 38 0 
0 39 18 
0 40 1 6 7 
0 41 0 
0 42 6 
0 43 18 
0 44 7 10 
0 45 5 12 
0 46 1 7 
0 47 0 1 5 6 11 23 69 92 102 192 213 
0 48 0 
0 49 18 
0 50 3 
0 51 6 
0 52 15 
0 53 11 
0 54 4 5 6 13 
0 55 6 
0 56 7 
0 57 3 
0 58 0 
0 59 5 6 13 
0 60 6 
0 61 26 
0 62 9 
0 63 1 
0 64 6 
0 65 5 6 11 
0 66 1 
0 67 3 13 
0 68 94 
0 69 47 
0 70 1 
0 71 6 
0 72 18 
0 73 1 
0 74 1 6 7 
0 75 5 9 
0 76 23 
0 77 1 
0 78 13 
0 79 6 7 11 
0 80 5 
0 81 4 13 
0 82 10 11 
0 83 7 12 
0 84 0 6 7 11 25 
0 85 1 
0 86 5 12 16 
0 87 6 7 11 
0 88 12 
0 89 5 6 11 
0 90 15 
0 91 5 6 7 9 12 
0 92 47 
0 93 12 
0 94 0 6 11 20 22 68 141 208 231 
0 95 5 
0 96 1 5 6 
0 97 12 
0 98 1 
0 99 149 
0 100 1 3 10 
0 101 5 6 11 
0 102 47 
0 103 15 
0 104 5 6 
0 105 0 
0 106 19 
0 107 6 
0 108 23 
0 109 0 
0 110 18 
0 111 0 6 7 11 34 241 
0 112 6 
0 113 0 
0 114 5 
0 115 6 
0 116 1 
0 117 3 5 6 
0 118 5 6 7 11 
0 119 1 
0 120 25 
0 121 2 3 6 7 
0 122 0 
0 123 6 
0 124 1 
0 125 13 
0 126 1 
0 127 0 5 9 
0 128 1 6 
0 129 6 11 
0 130 2 5 7 
0 131 6 
0 132 1 
0 133 6 
0 134 2 
0 135 18 
0 136 6 
0 137 6 
0 138 1 6 
0 139 5 6 11 
0 140 1 2 6 7 15 180 
0 141 94 
0 142 2 15 
0 143 26 
0 144 4 6 
0 145 5 
0 146 5 
0 147 1 
0 148 2 15 
0 149 0 5 6 99 
0 150 3 
0 151 2 5 6 7 
0 152 0 7 
0 153 18 
0 154 6 11 
0 155 1 5 6 
0 156 6 
0 157 7 
0 158 4 
0 159 15 
0 160 6 
0 161 7 
0 162 1 7 
0 163 26 
0 164 1 
0 165 6 11 
0 166 6 
0 167 1 6 11 
0 168 1 6 
0 169 6 
0 170 6 11 
0 171 12 
0 172 6 
0 173 5 
0 174 2 
0 175 2 
0 176 7 
0 177 6 13 
0 178 18 
0 179 6 11 
0 180 140 
0 181 2 3 
0 182 0 
0 183 15 
0 184 6 7 
0 185 5 6 11 
0 186 5 12 
0 187 6 11 
0 188 0 
0 189 26 
0 190 18 
0 191 18 
0 192 47 
0 193 18 
0 194 4 
0 195 21 
0 196 12 
0 197 6 11 
0 198 1 6 11 
0 199 15 
0 200 15 
0 201 6 
0 202 6 11 
0 203 18 
0 204 5 6 
0 205 5 
0 206 0 
0 207 5 6 7 13 
0 208 94 
0 209 5 
0 210 5 
0 211 1 7 15 
0 212 3 6 
0 213 47 
0 214 1 5 6 11 
0 215 6 
0 216 11 
0 217 6 13 
0 218 1 
0 219 6 7 
0 220 10 11 
0 221 18 
0 222 1 6 11 
0 223 6 
0 224 23 
0 225 1 5 
0 226 5 
0 227 6 11 
0 228 10 
0 229 5 
0 230 3 
0 231 94 
0 232 0 
0 233 3 
0 234 12 13 
0 235 18 
0 236 18 
0 237 12 
0 238 3 
0 239 1 11 
0 240 2 5 6 7 
0 241 111 
0 242 1 5 6 
0 243 6 
0 244 3 
0 245 5 
0 246 6 
0 247 4 
0 248 4 5 6 
0 249 15 
0 7200 
600 0 1 7 10 11 14 19 26 36 40 44 47 50 58 84 87 94 106 111 112 118 122 127 142 149 158 172 179 216 
600 1 0 5 7 9 27 31 36 40 63 65 66 70 77 83 86 100 101 105 117 118 119 126 129 140 146 147 149 152 154 164 181 188 211 218 219 220 222 237 243 
600 2 13 123 140 144 148 153 159 185 221 224 226 235 236 
600 3 8 32 71 127 155 156 161 202 207 212 241 
600 4 6 59 120 246 
600 5 1 7 9 12 12 21 23 29 33 36 40 46 47 53 59 65 69 72 74 75 77 79 80 83 85 95 96 98 102 104 116 118 121 136 137 138 146 168 174 181 188 204 205 207 209 210 234 240 242 243 245 248 
600 6 4 18 23 49 51 54 55 104 177 185 203 207 217 230 234 239 240 248 
600 7 0 1 5 11 17 19 21 38 46 47 48 56 60 63 65 66 72 79 82 83 84 96 98 100 104 109 111 113 116 117 118 121 129 137 138 140 160 167 170 175 176 181 182 184 185 207 211 228 231 232 234 237 238 240 243 
600 8 3 19 19 25 52 74 81 91 107 127 133 138 139 153 159 161 177 180 187 190 193 195 197 198 199 204 207 211 229 230 234 239 240 242 248 
600 9 1 5 12 28 40 70 86 89 119 124 127 140 146 148 162 192 211 218 225 226 231 
600 10 0 
600 11 0 7 17 26 39 41 42 47 53 57 65 72 79 89 99 100 111 121 128 131 150 152 160 166 167 175 185 194 220 223 227 238 244 
600 12 5 5 9 18 21 23 25 28 33 35 36 36 40 47 54 55 59 63 65 69 72 73 74 78 79 83 84 88 90 93 96 97 102 104 110 116 118 121 125 127 135 137 138 140 146 160 161 168 170 173 174 177 180 181 183 188 192 204 205 206 207 213 217 218 224 225 226 229 230 231 234 237 239 240 242 243 246 247 248 
600 13 2 23 139 144 173 207 233 234 249 
600 14 0 
600 15 46 56 60 75 155 157 176 182 
600 16 45 93 132 145 148 165 171 211 
600 17 7 11 
600 18 6 12 19 130 134 191 
600 19 0 7 8 8 18 30 64 67 115 169 196 201 215 
600 20 94 
600 21 5 7 12 
600 22 26 
600 23 5 6 12 13 36 76 108 
600 24 72 
600 25 8 12 
600 26 0 11 22 61 143 163 186 189 214 
600 27 1 
600 28 9 12 
600 29 5 
600 30 19 
600 31 1 
600 32 3 
600 33 5 12 
600 34 111 
600 35 12 
600 36 0 1 5 12 12 23 37 
600 37 36 
600 38 7 
600 39 11 
600 40 0 1 5 9 12 
600 41 11 
600 42 11 
600 43 140 
600 44 0 
600 45 16 
600 46 5 7 15 
600 47 0 5 7 11 12 62 92 103 
600 48 7 
600 49 6 
600 50 0 
600 51 6 
600 52 8 
600 53 5 11 
600 54 6 12 
600 55 6 12 
600 56 7 15 
600 57 11 
600 58 0 
600 59 4 5 12 
600 60 7 15 
600 61 26 
600 62 47 
600 63 1 7 12 
600 64 19 
600 65 1 5 7 11 12 
600 66 1 7 
600 67 19 
600 68 94 
600 69 5 12 
600 70 1 9 
600 71 3 
600 72 5 7 11 12 24 151 178 
600 73 12 
600 74 5 8 12 
600 75 5 15 
600 76 23 
600 77 1 5 
600 78 12 
600 79 5 7 11 12 
600 80 5 
600 81 8 
600 82 7 
600 83 1 5 7 12 
600 84 0 7 12 
600 85 5 
600 86 1 9 
600 87 0 
600 88 12 
600 89 9 11 
600 90 12 
600 91 8 
600 92 47 
600 93 12 16 
600 94 0 20 68 141 208 
600 95 5 
600 96 5 7 12 
600 97 12 
600 98 5 7 
600 99 11 
600 100 1 7 11 
600 101 1 
600 102 5 12 
600 103 47 
600 104 5 6 7 12 
600 105 1 
600 106 0 
600 107 8 
600 108 23 
600 109 7 
600 110 12 
600 111 0 7 11 34 200 
600 112 0 
600 113 7 
600 114 149 
600 115 19 
600 116 5 7 12 
600 117 1 7 
600 118 0 1 5 7 12 
600 119 1 9 
600 120 4 
600 121 5 7 11 12 
600 122 0 
600 123 2 
600 124 9 
600 125 12 
600 126 1 
600 127 0 3 8 9 12 
600 128 11 
600 129 1 7 
600 130 18 
600 131 11 
600 132 16 
600 133 8 
600 134 18 
600 135 12 
600 136 5 
600 137 5 7 12 
600 138 5 7 8 12 
600 139 8 13 
600 140 1 2 7 9 12 43 
600 141 94 
600 142 0 
600 143 26 
600 144 2 13 
600 145 16 
600 146 1 5 9 12 
600 147 1 
600 148 2 9 16 
600 149 0 1 114 
600 150 11 
600 151 72 
600 152 1 11 
600 153 2 8 
600 154 1 
600 155 3 15 
600 156 3 
600 157 15 
600 158 0 
600 159 2 8 
600 160 7 11 12 
600 161 3 8 12 
600 162 9 
600 163 26 
600 164 1 
600 165 16 
600 166 11 
600 167 7 11 
600 168 5 12 
600 169 19 
600 170 7 12 
600 171 16 
600 172 0 
600 173 12 13 
600 174 5 12 
600 175 7 11 
600 176 7 15 
600 177 6 8 12 
600 178 72 
600 179 0 
600 180 8 12 
600 181 1 5 7 12 
600 182 7 15 
600 183 12 
600 184 7 
600 185 2 6 7 11 
600 186 26 
600 187 8 
600 188 1 5 12 
600 189 26 
600 190 8 
600 191 18 
600 192 9 12 
600 193 8 
600 194 11 
600 195 8 
600 196 19 
600 197 8 
600 198 8 
600 199 8 
600 200 111 
600 201 19 
600 202 3 
600 203 6 
600 204 5 8 12 
600 205 5 12 
600 206 12 
600 207 3 5 6 7 8 12 13 
600 208 94 
600 209 5 
600 210 5 
600 211 1 7 8 9 16 
600 212 3 
600 213 12 
600 214 26 
600 215 19 
600 216 0 
600 217 6 12 
600 218 1 9 12 
600 219 1 
600 220 1 11 
600 221 2 
600 222 1 
600 223 11 
600 224 2 12 
600 225 9 12 
600 226 2 9 12 
600 227 11 
600 228 7 
600 229 8 12 
600 230 6 8 12 
600 231 7 9 12 
600 232 7 
600 233 13 
600 234 5 6 7 8 12 13 
600 235 2 
600 236 2 
600 237 1 7 12 
600 238 7 11 
600 239 6 8 12 
600 240 5 6 7 8 12 
600 241 3 
600 242 5 8 12 
600 243 1 5 7 12 
600 244 11 
600 245 5 
600 246 4 12 
600 247 12 
600 248 5 6 8 12 
600 249 13 
0 7200 
1200 0 1 5 10 20 38 47 53 60 61 101 105 112 113 129 149 167 174 182 224 
1200 1 0 9 19 21 27 31 35 46 47 70 75 77 85 93 98 116 117 119 124 126 133 137 140 142 146 164 188 217 218 
1200 2 6 13 20 49 68 76 78 81 88 90 95 102 108 110 120 123 125 130 134 135 136 137 139 144 145 151 156 159 193 209 221 226 229 235 236 238 239 
1200 3 5 7 8 12 20 22 30 41 42 44 51 58 68 79 84 100 104 106 107 109 111 118 127 128 152 156 177 197 206 219 223 241 247 
1200 4 64 67 104 156 173 191 199 207 210 230 
1200 5 0 3 7 8 14 14 20 25 32 39 40 55 65 67 71 72 74 79 80 84 96 97 104 106 109 111 117 118 121 141 143 160 163 175 179 186 187 194 196 197 200 201 205 206 208 214 215 216 219 230 233 234 238 240 242 243 247 248 
1200 6 2 54 55 72 151 153 176 178 185 234 240 248 249 
1200 7 3 5 12 14 14 19 21 40 44 56 72 73 74 79 82 84 87 89 94 96 97 104 111 118 121 122 132 149 156 158 160 166 168 172 179 185 189 194 198 202 204 205 207 222 231 234 240 243 
1200 8 3 5 12 17 19 20 21 26 51 54 68 91 94 96 99 107 127 138 144 150 159 167 177 178 185 190 203 204 207 212 223 234 240 243 248 
1200 9 1 16 19 21 36 40 66 74 127 138 145 147 161 162 165 168 171 204 211 227 231 242 243 245 
1200 10 0 
1200 11 29 48 58 97 184 212 216 228 232 244 
1200 12 3 7 8 14 17 20 22 30 39 42 50 51 57 58 65 68 99 107 117 127 128 131 142 154 155 163 177 238 
1200 13 2 18 24 34 43 153 
1200 14 5 5 7 7 12 17 19 21 22 25 26 30 32 37 40 42 44 50 54 55 56 63 64 65 67 72 74 79 82 84 87 89 91 94 96 104 111 115 117 118 121 127 131 137 138 142 144 154 156 160 163 168 169 177 179 181 185 187 197 198 202 204 205 207 211 212 220 222 225 230 234 238 239 240 242 243 249 
1200 15 28 48 60 86 155 170 237 242 
1200 16 9 
1200 17 8 12 14 
1200 18 13 
1200 19 1 7 8 9 14 45 183 195 
1200 20 0 2 3 5 8 12 23 33 59 148 192 246 
1200 21 1 7 8 9 14 83 
1200 22 3 12 14 
1200 23 20 
1200 24 13 
1200 25 5 14 
1200 26 8 14 
1200 27 1 
1200 28 15 
1200 29 11 
1200 30 3 12 14 
1200 31 1 
1200 32 5 14 
1200 33 20 
1200 34 13 
1200 35 1 
1200 36 9 
1200 37 14 
1200 38 0 
1200 39 5 12 
1200 40 5 7 9 14 
1200 41 3 
1200 42 3 12 14 
1200 43 13 
1200 44 3 7 14 
1200 45 19 
1200 46 1 
1200 47 0 1 52 62 69 92 103 157 213 
1200 48 11 15 
1200 49 2 
1200 50 12 14 
1200 51 3 8 12 
1200 52 47 
1200 53 0 
1200 54 6 8 14 
1200 55 5 6 14 
1200 56 7 14 
1200 57 12 
1200 58 3 11 12 
1200 59 20 
1200 60 0 15 
1200 61 0 
1200 62 47 
1200 63 14 
1200 64 4 14 
1200 65 5 12 14 
1200 66 9 
1200 67 4 5 14 
1200 68 2 3 8 12 
1200 69 47 
1200 70 1 
1200 71 5 
1200 72 5 6 7 14 
1200 73 7 
1200 74 5 7 9 14 
1200 75 1 
1200 76 2 
1200 77 1 
1200 78 2 
1200 79 3 5 7 14 
1200 80 5 
1200 81 2 
1200 82 7 14 
1200 83 21 
1200 84 3 5 7 14 
1200 85 1 
1200 86 15 
1200 87 7 14 
1200 88 2 
1200 89 7 14 
1200 90 2 
1200 91 8 14 
1200 92 47 
1200 93 1 
1200 94 7 8 14 
1200 95 2 
1200 96 5 7 8 14 
1200 97 5 7 11 
1200 98 1 
1200 99 8 12 
1200 100 3 
1200 101 0 
1200 102 2 
1200 103 47 
1200 104 3 4 5 7 14 
1200 105 0 
1200 106 3 5 
1200 107 3 8 12 
1200 108 2 
1200 109 3 5 
1200 110 2 
1200 111 3 5 7 14 
1200 112 0 
1200 113 0 
1200 114 149 
1200 115 14 
1200 116 1 
1200 117 1 5 12 14 
1200 118 3 5 7 14 
1200 119 1 
1200 120 2 
1200 121 5 7 14 
1200 122 7 
1200 123 2 
1200 124 1 
1200 125 2 
1200 126 1 
1200 127 3 8 9 12 14 
1200 128 3 12 
1200 129 0 
1200 130 2 
1200 131 12 14 
1200 132 7 
1200 133 1 
1200 134 2 
1200 135 2 
1200 136 2 
1200 137 1 2 14 
1200 138 8 9 14 
1200 139 2 
1200 140 1 180 
1200 141 5 
1200 142 1 12 14 
1200 143 5 
1200 144 2 8 14 
1200 145 2 9 
1200 146 1 
1200 147 9 
1200 148 20 
1200 149 0 7 114 
1200 150 8 
1200 151 2 6 
1200 152 3 
1200 153 6 13 
1200 154 12 14 
1200 155 12 15 
1200 156 2 3 4 7 14 
1200 157 47 
1200 158 7 
1200 159 2 8 
1200 160 5 7 14 
1200 161 9 
1200 162 9 
1200 163 5 12 14 
1200 164 1 
1200 165 9 
1200 166 7 
1200 167 0 8 
1200 168 7 9 14 
1200 169 14 
1200 170 15 
1200 171 9 
1200 172 7 
1200 173 4 
1200 174 0 
1200 175 5 
1200 176 6 
1200 177 3 8 12 14 
1200 178 6 8 
1200 179 5 7 14 
1200 180 140 
1200 181 14 
1200 182 0 
1200 183 19 
1200 184 11 
1200 185 6 7 8 14 
1200 186 5 
1200 187 5 14 
1200 188 1 
1200 189 7 
1200 190 8 
1200 191 4 
1200 192 20 
1200 193 2 
1200 194 5 7 
1200 195 19 
1200 196 5 
1200 197 3 5 14 
1200 198 7 14 
1200 199 4 
1200 200 5 
1200 201 5 
1200 202 7 14 
1200 203 8 
1200 204 7 8 9 14 
1200 205 5 7 14 
1200 206 3 5 
1200 207 4 7 8 14 
1200 208 5 
1200 209 2 
1200 210 4 
1200 211 9 14 
1200 212 8 11 14 
1200 213 47 
1200 214 5 
1200 215 5 
1200 216 5 11 
1200 217 1 
1200 218 1 
1200 219 3 5 
1200 220 14 
1200 221 2 
1200 222 7 14 
1200 223 3 8 
1200 224 0 
1200 225 14 
1200 226 2 
1200 227 9 
1200 228 11 
1200 229 2 
1200 230 4 5 14 
1200 231 7 9 
1200 232 11 
1200 233 5 
1200 234 5 6 7 8 14 
1200 235 2 
1200 236 2 
1200 237 15 
1200 238 2 5 12 14 
1200 239 2 14 
1200 240 5 6 7 8 14 
1200 241 3 
1200 242 5 9 14 15 
1200 243 5 7 8 9 14 
1200 244 11 
1200 245 9 
1200 246 20 
1200 247 3 5 
1200 248 5 6 8 
1200 249 6 14 
0 7200 
1800 0 1 11 12 14 20 38 44 47 53 60 61 105 113 122 149 158 160 189 212 215 224 240 
1800 1 0 7 9 11 19 20 21 27 31 41 42 46 47 63 70 73 74 77 85 93 94 95 98 101 108 109 112 116 117 118 119 121 124 127 128 129 132 133 137 139 143 166 170 179 202 204 214 217 218 231 237 238 240 242 
1800 2 18 20 43 45 49 59 78 79 88 90 102 110 120 125 130 134 135 136 144 145 168 178 188 191 192 193 209 221 234 235 236 243 246 
1800 3 17 30 51 65 72 80 82 87 100 114 127 128 144 152 163 174 175 177 179 181 183 247 
1800 4 22 81 185 
1800 5 9 
1800 6 54 91 104 153 156 161 177 182 185 187 210 230 233 234 239 
1800 7 1 11 12 48 58 63 65 79 84 87 94 97 109 111 118 119 121 137 140 142 146 149 152 155 167 172 194 205 206 211 214 220 229 234 242 243 
1800 8 12 14 14 17 19 20 21 25 28 30 37 51 53 54 64 67 72 74 84 91 92 96 104 111 114 127 139 143 144 146 150 156 160 161 167 169 180 185 190 194 199 200 201 202 203 206 207 225 234 238 241 248 
1800 9 1 5 16 29 34 35 36 55 56 63 66 74 95 97 98 103 124 137 149 165 171 192 204 226 242 243 245 
1800 10 82 86 127 164 174 184 
1800 11 0 1 7 14 14 20 39 40 44 47 53 57 64 67 79 84 97 117 139 141 143 154 155 156 160 162 164 167 183 185 194 197 198 205 206 212 215 223 227 229 232 240 244 
1800 12 0 7 8 14 20 26 44 48 53 58 64 65 67 68 71 72 89 104 106 117 127 131 142 156 160 169 172 177 179 186 207 208 219 228 240 249 
1800 13 24 76 151 159 163 180 195 230 234 
1800 14 0 8 8 11 11 12 17 19 20 21 22 25 28 32 37 40 44 47 50 51 53 54 56 64 67 68 72 74 79 84 87 91 92 95 96 97 99 101 104 107 117 121 131 137 139 140 142 143 149 154 155 156 160 162 167 181 182 183 185 194 196 197 198 201 202 204 205 206 207 211 212 216 223 228 229 230 234 238 239 240 242 243 247 248 249 
1800 15 123 126 146 147 173 215 222 
1800 16 9 
1800 17 3 8 14 
1800 18 2 
1800 19 1 8 14 
1800 20 0 1 2 8 11 12 14 33 148 176 
1800 21 1 8 14 83 
1800 22 4 14 
1800 23 47 
1800 24 13 
1800 25 8 14 
1800 26 12 
1800 27 1 
1800 28 8 14 
1800 29 9 
1800 30 3 8 
1800 31 1 
1800 32 14 
1800 33 20 
1800 34 9 
1800 35 9 
1800 36 9 
1800 37 8 14 
1800 38 0 
1800 39 11 
1800 40 11 14 
1800 41 1 
1800 42 1 
1800 43 2 
1800 44 0 11 12 14 
1800 45 2 
1800 46 1 
1800 47 0 1 11 14 23 52 62 69 157 213 
1800 48 7 12 
1800 49 2 
1800 50 14 
1800 51 3 8 14 
1800 52 47 
1800 53 0 8 11 12 14 115 138 
1800 54 6 8 14 
1800 55 9 
1800 56 9 14 
1800 57 11 
1800 58 7 12 
1800 59 2 
1800 60 0 
1800 61 0 
1800 62 47 
1800 63 1 7 9 
1800 64 8 11 12 14 
1800 65 3 7 12 
1800 66 9 
1800 67 8 11 12 14 
1800 68 12 14 
1800 69 47 
1800 70 1 
1800 71 12 
1800 72 3 8 12 14 
1800 73 1 
1800 74 1 8 9 14 
1800 75 149 
1800 76 13 
1800 77 1 
1800 78 2 
1800 79 2 7 11 14 
1800 80 3 
1800 81 4 
1800 82 3 10 
1800 83 21 
1800 84 7 8 11 14 
1800 85 1 
1800 86 10 
1800 87 3 7 14 
1800 88 2 
1800 89 12 
1800 90 2 
1800 91 6 8 14 
1800 92 8 14 
1800 93 1 
1800 94 1 7 
1800 95 1 9 14 
1800 96 8 14 
1800 97 7 9 11 14 
1800 98 1 9 
1800 99 14 
1800 100 3 
1800 101 1 14 
1800 102 2 
1800 103 9 
1800 104 6 8 12 14 
1800 105 0 
1800 106 12 
1800 107 14 
1800 108 1 
1800 109 1 7 
1800 110 2 
1800 111 7 8 
1800 112 1 
1800 113 0 
1800 114 3 8 
1800 115 53 
1800 116 1 
1800 117 1 11 12 14 
1800 118 1 7 
1800 119 1 7 
1800 120 2 
1800 121 1 7 14 
1800 122 0 
1800 123 15 
1800 124 1 9 
1800 125 2 
1800 126 15 
1800 127 1 3 8 10 12 
1800 128 1 3 
1800 129 1 
1800 130 2 
1800 131 12 14 
1800 132 1 
1800 133 1 
1800 134 2 
1800 135 2 
1800 136 2 
1800 137 1 7 9 14 
1800 138 53 
1800 139 1 8 11 14 
1800 140 7 14 
1800 141 11 
1800 142 7 12 14 
1800 143 1 8 11 14 
1800 144 2 3 8 
1800 145 2 
1800 146 7 8 15 
1800 147 15 
1800 148 20 
1800 149 0 7 9 14 75 
1800 150 8 
1800 151 13 
1800 152 3 7 
1800 153 6 
1800 154 11 14 
1800 155 7 11 14 
1800 156 6 8 11 12 14 
1800 157 47 
1800 158 0 
1800 159 13 
1800 160 0 8 11 12 14 
1800 161 6 8 
1800 162 11 14 
1800 163 3 13 
1800 164 10 11 
1800 165 9 
1800 166 1 
1800 167 7 8 11 14 
1800 168 2 
1800 169 8 12 
1800 170 1 
1800 171 9 
1800 172 7 12 
1800 173 15 
1800 174 3 10 
1800 175 3 
1800 176 20 
1800 177 3 6 12 
1800 178 2 
1800 179 1 3 12 
1800 180 8 13 
1800 181 3 14 
1800 182 6 14 
1800 183 3 11 14 
1800 184 10 
1800 185 4 6 8 11 14 
1800 186 12 
1800 187 6 
1800 188 2 
1800 189 0 
1800 190 8 
1800 191 2 
1800 192 2 9 
1800 193 2 
1800 194 7 8 11 14 
1800 195 13 
1800 196 14 
1800 197 11 14 
1800 198 11 14 
1800 199 8 
1800 200 8 
1800 201 8 14 
1800 202 1 8 14 
1800 203 8 
1800 204 1 9 14 
1800 205 7 11 14 
1800 206 7 8 11 14 
1800 207 8 12 14 
1800 208 12 
1800 209 2 
1800 210 6 
1800 211 7 14 
1800 212 0 11 14 
1800 213 47 
1800 214 1 7 
1800 215 0 11 15 
1800 216 14 
1800 217 1 
1800 218 1 
1800 219 12 
1800 220 7 
1800 221 2 
1800 222 15 
1800 223 11 14 
1800 224 0 
1800 225 8 
1800 226 9 
1800 227 11 
1800 228 12 14 
1800 229 7 11 14 
1800 230 6 13 14 
1800 231 1 
1800 232 11 
1800 233 6 
1800 234 2 6 7 8 13 14 
1800 235 2 
1800 236 2 
1800 237 1 
1800 238 1 8 14 
1800 239 6 14 
1800 240 0 1 11 12 14 
1800 241 8 
1800 242 1 7 9 14 
1800 243 2 7 9 14 
1800 244 11 
1800 245 9 
1800 246 2 
1800 247 3 14 
1800 248 8 14 
1800 249 12 14 
0 7200 
2400 0 1 10 12 14 15 20 29 40 47 50 61 63 82 105 108 111 113 122 126 167 188 189 198 215 220 227 232 241 
2400 1 0 11 19 21 27 35 46 47 56 60 65 73 77 87 93 94 95 98 119 124 128 129 133 136 137 140 147 148 154 155 166 168 170 173 177 205 217 218 224 237 
2400 2 13 18 20 31 43 45 49 69 70 76 78 90 102 110 120 125 130 134 135 136 143 145 151 153 183 191 193 199 207 209 210 221 229 235 236 
2400 3 7 8 12 26 30 53 58 67 68 72 79 83 87 88 100 104 127 138 139 141 144 148 154 155 156 160 163 164 169 179 208 223 225 230 234 240 249 
2400 4 9 226 234 248 
2400 5 12 74 84 180 186 203 206 233 249 
2400 6 28 182 190 246 
2400 7 3 19 20 38 54 84 86 87 92 96 97 101 104 109 111 116 117 118 121 127 132 139 140 141 143 148 149 152 158 160 162 164 183 194 202 207 211 222 224 228 231 238 244 
2400 8 3 14 21 22 24 32 37 39 58 67 68 70 72 81 97 100 104 115 121 131 139 141 148 149 160 161 169 185 187 195 205 207 211 240 
2400 9 4 74 104 156 172 185 226 247 248 
2400 10 0 
2400 11 1 20 44 54 84 86 96 112 117 123 168 172 174 185 194 202 206 212 214 216 238 244 
2400 12 0 3 5 14 17 20 40 53 54 59 64 71 79 80 84 107 127 139 141 150 152 154 155 156 160 163 176 178 184 194 196 197 201 206 212 219 238 244 
2400 13 2 
2400 14 0 8 12 17 19 20 21 25 28 30 32 37 39 40 48 53 54 57 64 65 67 68 70 72 79 84 86 91 97 99 107 111 114 127 128 129 137 139 141 143 144 146 150 160 167 169 174 175 176 179 182 183 184 187 194 198 201 202 204 205 206 207 212 223 225 228 234 238 240 242 244 
2400 15 0 41 58 99 106 117 143 181 194 200 216 233 244 247 
2400 16 19 
2400 17 12 14 
2400 18 2 
2400 19 1 7 14 16 36 75 165 245 
2400 20 0 2 7 11 12 14 51 89 159 192 239 
2400 21 1 8 14 42 55 
2400 22 8 
2400 23 33 34 47 66 171 
2400 24 8 
2400 25 14 
2400 26 3 
2400 27 1 
2400 28 6 14 
2400 29 0 
2400 30 3 14 
2400 31 2 
2400 32 8 14 
2400 33 23 
2400 34 23 
2400 35 1 
2400 36 19 
2400 37 8 14 
2400 38 7 
2400 39 8 14 
2400 40 0 12 14 
2400 41 15 
2400 42 21 
2400 43 2 
2400 44 11 
2400 45 2 
2400 46 1 
2400 47 0 1 23 52 62 103 142 157 213 243 
2400 48 14 
2400 49 2 
2400 50 0 
2400 51 20 
2400 52 47 
2400 53 3 12 14 
2400 54 7 11 12 14 
2400 55 21 
2400 56 1 
2400 57 14 
2400 58 3 8 15 
2400 59 12 
2400 60 1 
2400 61 0 
2400 62 47 
2400 63 0 
2400 64 12 14 
2400 65 1 14 
2400 66 23 
2400 67 3 8 14 
2400 68 3 8 14 
2400 69 2 
2400 70 2 8 14 
2400 71 12 
2400 72 3 8 14 
2400 73 1 
2400 74 5 9 
2400 75 19 
2400 76 2 
2400 77 1 
2400 78 2 
2400 79 3 12 14 
2400 80 12 
2400 81 8 
2400 82 0 
2400 83 3 
2400 84 5 7 11 12 14 
2400 85 111 
2400 86 7 11 14 
2400 87 1 3 7 
2400 88 3 
2400 89 20 
2400 90 2 
2400 91 14 
2400 92 7 
2400 93 1 
2400 94 1 
2400 95 1 
2400 96 7 11 
2400 97 7 8 14 
2400 98 1 
2400 99 14 15 
2400 100 3 8 
2400 101 7 
2400 102 2 
2400 103 47 
2400 104 3 7 8 9 
2400 105 0 
2400 106 15 
2400 107 12 14 
2400 108 0 
2400 109 7 
2400 110 2 
2400 111 0 7 14 85 
2400 112 11 
2400 113 0 
2400 114 14 
2400 115 8 
2400 116 7 
2400 117 7 11 15 
2400 118 7 
2400 119 1 
2400 120 2 
2400 121 7 8 
2400 122 0 
2400 123 11 
2400 124 1 
2400 125 2 
2400 126 0 
2400 127 3 7 12 14 
2400 128 1 14 
2400 129 1 14 
2400 130 2 
2400 131 8 
2400 132 7 
2400 133 1 
2400 134 2 
2400 135 2 
2400 136 1 2 
2400 137 1 14 
2400 138 3 
2400 139 3 7 8 12 14 
2400 140 1 7 
2400 141 3 7 8 12 14 
2400 142 47 
2400 143 2 7 14 15 
2400 144 3 14 
2400 145 2 
2400 146 14 
2400 147 1 
2400 148 1 3 7 8 
2400 149 7 8 
2400 150 12 14 
2400 151 2 
2400 152 7 12 
2400 153 2 
2400 154 1 3 12 
2400 155 1 3 12 
2400 156 3 9 12 
2400 157 47 
2400 158 7 
2400 159 20 
2400 160 3 7 8 12 14 
2400 161 8 
2400 162 7 
2400 163 3 12 
2400 164 3 7 
2400 165 19 
2400 166 1 
2400 167 0 14 
2400 168 1 11 
2400 169 3 8 14 
2400 170 1 
2400 171 23 
2400 172 9 11 
2400 173 1 
2400 174 11 14 
2400 175 14 
2400 176 12 14 
2400 177 1 
2400 178 12 
2400 179 3 14 
2400 180 5 
2400 181 15 
2400 182 6 14 
2400 183 2 7 14 
2400 184 12 14 
2400 185 8 9 11 
2400 186 5 
2400 187 8 14 
2400 188 0 
2400 189 0 
2400 190 6 
2400 191 2 
2400 192 20 
2400 193 2 
2400 194 7 11 12 14 15 
2400 195 8 
2400 196 12 
2400 197 12 
2400 198 0 14 
2400 199 2 
2400 200 15 
2400 201 12 14 
2400 202 7 11 14 
2400 203 5 
2400 204 14 
2400 205 1 8 14 
2400 206 5 11 12 14 
2400 207 2 7 8 14 
2400 208 3 
2400 209 2 
2400 210 2 
2400 211 7 8 
2400 212 11 12 14 
2400 213 47 
2400 214 11 
2400 215 0 
2400 216 11 15 
2400 217 1 
2400 218 1 
2400 219 12 
2400 220 0 
2400 221 2 
2400 222 7 
2400 223 3 14 
2400 224 1 7 
2400 225 3 14 
2400 226 4 9 
2400 227 0 
2400 228 7 14 
2400 229 2 
2400 230 3 
2400 231 7 
2400 232 0 
2400 233 5 15 
2400 234 3 4 14 
2400 235 2 
2400 236 2 
2400 237 1 
2400 238 7 11 12 14 
2400 239 20 
2400 240 3 8 14 
2400 241 0 
2400 242 14 
2400 243 47 
2400 244 7 11 12 14 15 
2400 245 19 
2400 246 6 
2400 247 9 15 
2400 248 4 9 
2400 249 3 5 
0 7200 
3000 0 1 11 12 14 15 40 47 61 84 105 108 109 122 126 140 143 160 196 216 222 224 231 244 
3000 1 0 11 13 18 19 27 38 43 46 63 77 93 97 98 101 118 121 123 124 129 136 143 147 166 167 170 188 198 201 204 211 212 217 218 231 240 242 
3000 2 6 19 31 45 48 49 76 79 90 102 110 120 125 128 130 134 135 143 145 151 153 191 207 209 239 
3000 3 8 9 12 15 44 64 67 68 70 72 73 79 83 88 92 100 106 111 127 131 138 139 144 148 169 178 182 183 197 205 206 221 240 
3000 4 54 74 78 
3000 5 8 12 17 30 32 39 53 54 84 141 149 160 190 195 208 226 234 235 249 
3000 6 2 
3000 7 12 18 19 28 29 40 41 44 47 53 54 55 56 60 62 64 65 67 73 79 84 91 94 95 97 101 111 112 113 114 115 116 117 118 119 121 127 129 132 133 137 141 143 146 148 149 154 155 156 158 160 162 164 168 170 172 173 174 177 183 184 185 189 195 203 205 206 215 221 227 228 231 232 237 241 244 
3000 8 3 5 9 12 15 17 19 21 24 28 32 37 41 44 53 54 56 58 62 67 73 79 81 84 87 95 99 107 111 114 127 141 146 149 156 160 163 172 175 180 193 195 202 205 210 214 226 235 242 244 247 249 
3000 9 3 8 28 37 44 53 54 58 67 70 79 84 141 159 160 169 183 187 195 199 202 206 210 219 223 229 246 248 
3000 10 82 174 179 198 
3000 11 0 1 38 54 82 86 87 96 150 195 
3000 12 0 3 5 7 8 15 22 26 34 57 59 61 64 65 68 71 72 75 80 92 104 121 127 131 139 143 144 148 154 156 162 181 183 186 198 206 225 238 240 
3000 13 1 86 96 117 188 212 
3000 14 0 
3000 15 0 3 8 12 41 50 53 54 56 62 65 68 72 75 84 92 94 100 104 106 107 139 140 143 148 152 154 156 160 162 169 176 183 186 195 200 204 206 208 220 223 226 230 231 233 234 238 240 244 
3000 16 19 
3000 17 5 8 
3000 18 1 7 36 
3000 19 1 2 7 8 16 165 245 
3000 20 23 
3000 21 8 
3000 22 12 
3000 23 20 33 42 47 66 171 
3000 24 8 
3000 25 61 
3000 26 12 
3000 27 1 
3000 28 7 8 9 
3000 29 7 
3000 30 5 
3000 31 2 
3000 32 5 8 
3000 33 23 
3000 34 12 
3000 35 47 
3000 36 18 
3000 37 8 9 
3000 38 1 11 
3000 39 5 
3000 40 0 7 89 
3000 41 7 8 15 
3000 42 23 
3000 43 1 
3000 44 3 7 8 9 
3000 45 2 
3000 46 1 
3000 47 0 7 23 35 51 52 69 103 142 157 161 192 194 213 236 243 
3000 48 2 
3000 49 2 
3000 50 15 
3000 51 47 
3000 52 47 
3000 53 5 7 8 9 15 
3000 54 4 5 7 8 9 11 15 
3000 55 7 
3000 56 7 8 15 
3000 57 12 
3000 58 8 9 
3000 59 12 
3000 60 7 
3000 61 0 12 25 
3000 62 7 8 15 
3000 63 1 
3000 64 3 7 12 
3000 65 7 12 15 
3000 66 23 
3000 67 3 7 8 9 
3000 68 3 12 15 
3000 69 47 
3000 70 3 9 
3000 71 12 
3000 72 3 12 15 
3000 73 3 7 8 
3000 74 4 
3000 75 12 15 
3000 76 2 
3000 77 1 
3000 78 4 
3000 79 2 3 7 8 9 
3000 80 12 
3000 81 8 
3000 82 10 11 
3000 83 3 
3000 84 0 5 7 8 9 15 
3000 85 160 
3000 86 11 13 
3000 87 8 11 
3000 88 3 
3000 89 40 
3000 90 2 
3000 91 7 
3000 92 3 12 15 
3000 93 1 
3000 94 7 15 
3000 95 7 8 
3000 96 11 13 
3000 97 1 7 
3000 98 1 
3000 99 8 
3000 100 3 15 
3000 101 1 7 
3000 102 2 
3000 103 47 
3000 104 12 15 
3000 105 0 
3000 106 3 15 
3000 107 8 15 
3000 108 0 
3000 109 0 
3000 110 2 
3000 111 3 7 8 
3000 112 7 
3000 113 7 
3000 114 7 8 
3000 115 7 
3000 116 7 
3000 117 7 13 
3000 118 1 7 
3000 119 7 
3000 120 2 
3000 121 1 7 12 
3000 122 0 
3000 123 1 
3000 124 1 
3000 125 2 
3000 126 0 
3000 127 3 7 8 12 
3000 128 2 
3000 129 1 7 
3000 130 2 
3000 131 3 12 
3000 132 7 
3000 133 7 
3000 134 2 
3000 135 2 
3000 136 1 
3000 137 7 
3000 138 3 
3000 139 3 12 15 
3000 140 0 15 
3000 141 5 7 8 9 
3000 142 47 
3000 143 0 1 2 7 12 15 
3000 144 3 12 
3000 145 2 
3000 146 7 8 
3000 147 1 
3000 148 3 7 12 15 
3000 149 5 7 8 
3000 150 11 
3000 151 2 
3000 152 15 
3000 153 2 
3000 154 7 12 15 
3000 155 7 
3000 156 7 8 12 15 
3000 157 47 
3000 158 7 
3000 159 9 
3000 160 0 5 7 8 9 15 85 
3000 161 47 
3000 162 7 12 15 
3000 163 8 
3000 164 7 
3000 165 19 
3000 166 1 
3000 167 1 
3000 168 7 
3000 169 3 9 15 
3000 170 1 7 
3000 171 23 
3000 172 7 8 
3000 173 7 
3000 174 7 10 
3000 175 8 
3000 176 15 
3000 177 7 
3000 178 3 
3000 179 10 
3000 180 8 
3000 181 12 
3000 182 3 
3000 183 3 7 9 12 15 
3000 184 7 
3000 185 7 
3000 186 12 15 
3000 187 9 
3000 188 1 13 
3000 189 7 
3000 190 5 
3000 191 2 
3000 192 47 
3000 193 8 
3000 194 47 
3000 195 5 7 8 9 11 15 
3000 196 0 
3000 197 3 
3000 198 1 10 12 
3000 199 9 
3000 200 15 
3000 201 1 
3000 202 8 9 
3000 203 7 
3000 204 1 15 
3000 205 3 7 8 
3000 206 3 7 9 12 15 
3000 207 2 
3000 208 5 15 
3000 209 2 
3000 210 8 9 
3000 211 1 
3000 212 1 13 
3000 213 47 
3000 214 8 
3000 215 7 
3000 216 0 
3000 217 1 
3000 218 1 
3000 219 9 
3000 220 15 
3000 221 3 7 
3000 222 0 
3000 223 9 15 
3000 224 0 
3000 225 12 
3000 226 5 8 15 
3000 227 7 
3000 228 7 
3000 229 9 
3000 230 15 
3000 231 0 1 7 15 
3000 232 7 
3000 233 15 
3000 234 5 15 
3000 235 5 8 
3000 236 47 
3000 237 7 
3000 238 12 15 
3000 239 2 
3000 240 1 3 12 15 
3000 241 7 
3000 242 1 8 
3000 243 47 
3000 244 0 7 8 15 
3000 245 19 
3000 246 9 
3000 247 8 
3000 248 9 
3000 249 5 8 
0 7200 
3600 0 1 7 11 15 39 47 61 68 73 106 111 116 122 143 179 195 222 224 225 231 244 
3600 1 0 9 10 12 27 29 43 62 72 73 77 98 101 113 126 127 136 137 166 167 177 185 201 203 211 217 218 232 240 249 
3600 2 6 23 45 48 49 62 76 78 79 90 93 102 110 114 120 125 128 130 134 135 143 145 149 156 168 191 196 210 214 229 235 238 239 
3600 3 5 8 11 15 20 22 32 37 39 44 50 54 56 65 80 107 139 140 148 156 160 164 174 192 197 203 205 207 223 228 230 240 
3600 4 141 163 180 183 
3600 5 3 8 15 37 53 54 84 100 148 151 153 159 160 176 183 187 190 195 230 241 244 
3600 6 2 
3600 7 0 11 18 19 28 29 37 38 39 40 41 44 46 47 50 53 54 55 56 60 62 64 65 67 68 73 79 82 84 86 87 92 95 104 109 111 112 113 115 117 118 119 121 123 129 140 147 149 150 152 154 155 156 158 160 162 170 172 173 174 179 183 184 185 186 189 192 195 198 203 204 205 206 212 215 216 220 221 227 242 244 247 
3600 8 3 5 15 19 24 31 39 41 42 53 54 55 62 64 67 68 79 84 87 95 100 104 114 121 127 131 140 144 146 149 150 156 159 172 176 183 186 192 193 195 198 205 242 244 246 
3600 9 1 16 33 36 51 66 96 97 114 124 132 142 165 171 175 209 213 220 226 237 245 
3600 10 1 41 55 72 85 87 91 94 105 117 126 129 150 152 155 221 231 
3600 11 0 3 7 15 40 44 56 57 65 67 68 72 73 75 82 88 94 99 111 160 169 179 185 201 203 205 212 215 216 228 242 
3600 12 1 41 96 97 108 234 
3600 13 29 63 72 85 
3600 14 15 
3600 15 0 3 5 8 11 14 17 20 26 30 32 34 55 56 64 67 70 71 79 83 84 94 99 104 105 111 117 138 143 150 160 178 179 181 182 187 195 200 204 206 207 208 219 220 223 228 231 233 240 242 244 
3600 16 9 
3600 17 15 
3600 18 7 
3600 19 7 8 
3600 20 3 15 
3600 21 39 
3600 22 3 
3600 23 2 
3600 24 8 
3600 25 61 
3600 26 15 
3600 27 1 
3600 28 7 
3600 29 1 7 13 
3600 30 15 
3600 31 8 
3600 32 3 15 
3600 33 9 
3600 34 15 
3600 35 39 
3600 36 9 
3600 37 3 5 7 
3600 38 7 
3600 39 0 3 7 8 21 35 58 81 89 161 236 
3600 40 7 11 
3600 41 7 8 10 12 
3600 42 8 
3600 43 1 
3600 44 3 7 11 
3600 45 2 
3600 46 7 
3600 47 0 7 52 69 103 133 157 194 243 248 
3600 48 2 
3600 49 2 
3600 50 3 7 
3600 51 9 
3600 52 47 
3600 53 5 7 8 
3600 54 3 5 7 8 
3600 55 7 8 10 15 
3600 56 3 7 11 15 
3600 57 11 
3600 58 39 
3600 59 61 
3600 60 7 
3600 61 0 25 59 188 
3600 62 1 2 7 8 
3600 63 13 
3600 64 7 8 15 
3600 65 3 7 11 
3600 66 9 
3600 67 7 8 11 15 
3600 68 0 7 8 11 
3600 69 47 
3600 70 15 
3600 71 15 
3600 72 1 10 11 13 
3600 73 0 1 7 11 
3600 74 244 
3600 75 11 
3600 76 2 
3600 77 1 
3600 78 2 
3600 79 2 7 8 15 
3600 80 3 
3600 81 39 
3600 82 7 11 
3600 83 15 
3600 84 5 7 8 15 
3600 85 10 13 
3600 86 7 
3600 87 7 8 10 
3600 88 11 
3600 89 39 
3600 90 2 
3600 91 10 
3600 92 7 
3600 93 2 
3600 94 10 11 15 
3600 95 7 8 
3600 96 9 12 
3600 97 9 12 
3600 98 1 
3600 99 11 15 
3600 100 5 8 
3600 101 1 
3600 102 2 
3600 103 47 
3600 104 7 8 15 
3600 105 10 15 
3600 106 0 
3600 107 3 
3600 108 12 
3600 109 7 
3600 110 2 
3600 111 0 7 11 15 
3600 112 7 
3600 113 1 7 
3600 114 2 8 9 
3600 115 7 
3600 116 0 
3600 117 7 10 15 
3600 118 7 
3600 119 7 
3600 120 2 
3600 121 7 8 
3600 122 0 
3600 123 7 
3600 124 9 
3600 125 2 
3600 126 1 10 
3600 127 1 8 
3600 128 2 
3600 129 7 10 
3600 130 2 
3600 131 8 
3600 132 9 
3600 133 47 
3600 134 2 
3600 135 2 
3600 136 1 
3600 137 1 
3600 138 15 
3600 139 3 
3600 140 3 7 8 
3600 141 4 
3600 142 9 
3600 143 0 2 15 
3600 144 8 
3600 145 2 
3600 146 8 
3600 147 7 
3600 148 3 5 
3600 149 2 7 8 
3600 150 7 8 10 15 
3600 151 5 
3600 152 7 10 
3600 153 5 
3600 154 7 
3600 155 7 10 
3600 156 2 3 7 8 
3600 157 47 
3600 158 7 
3600 159 5 8 
3600 160 3 5 7 11 15 
3600 161 39 
3600 162 7 
3600 163 4 
3600 164 3 
3600 165 9 
3600 166 1 
3600 167 1 
3600 168 2 
3600 169 11 
3600 170 7 
3600 171 9 
3600 172 7 8 
3600 173 7 
3600 174 3 7 
3600 175 9 
3600 176 5 8 
3600 177 1 
3600 178 15 
3600 179 0 7 11 15 202 
3600 180 4 
3600 181 15 
3600 182 15 
3600 183 4 5 7 8 
3600 184 7 
3600 185 1 7 11 
3600 186 7 8 
3600 187 5 15 
3600 188 61 
3600 189 7 
3600 190 5 
3600 191 2 
3600 192 3 7 8 
3600 193 8 
3600 194 47 
3600 195 0 5 7 8 15 199 
3600 196 2 
3600 197 3 
3600 198 7 8 
3600 199 195 
3600 200 15 
3600 201 1 11 
3600 202 179 
3600 203 1 3 7 11 
3600 204 7 15 
3600 205 3 7 8 11 
3600 206 7 15 
3600 207 3 15 
3600 208 15 
3600 209 9 
3600 210 2 
3600 211 1 
3600 212 7 11 
3600 213 9 
3600 214 2 
3600 215 7 11 
3600 216 7 11 
3600 217 1 
3600 218 1 
3600 219 15 
3600 220 7 9 15 
3600 221 7 10 
3600 222 0 
3600 223 3 15 
3600 224 0 
3600 225 0 
3600 226 9 
3600 227 7 
3600 228 3 11 15 
3600 229 2 
3600 230 3 5 
3600 231 0 10 15 
3600 232 1 
3600 233 15 
3600 234 12 
3600 235 2 
3600 236 39 
3600 237 9 
3600 238 2 
3600 239 2 
3600 240 1 3 15 
3600 241 5 
3600 242 7 8 11 15 
3600 243 47 
3600 244 0 5 7 8 15 74 
3600 245 9 
3600 246 8 
3600 247 7 
3600 248 47 
3600 249 1 
0 7200 
4200 0 1 12 13 15 36 38 39 44 51 53 56 63 65 72 85 91 96 97 100 107 108 109 112 116 122 129 141 143 150 158 164 175 192 201 207 210 222 225 227 232 
4200 1 0 9 18 27 51 77 79 87 98 113 124 131 170 198 204 217 218 249 
4200 2 9 17 21 42 48 78 90 93 95 102 130 134 143 145 151 153 167 168 180 191 196 209 213 214 220 229 238 239 242 
4200 3 8 13 15 17 19 20 32 34 47 49 53 59 65 68 70 92 99 103 106 140 144 150 155 157 161 172 174 175 176 183 197 203 206 207 208 221 223 240 
4200 4 104 139 
4200 5 15 37 57 76 92 138 157 200 241 244 
4200 6 23 24 110 199 246 
4200 7 13 19 25 29 39 44 46 50 51 53 54 55 62 65 67 68 73 82 84 86 87 91 95 97 101 103 104 111 114 115 117 121 123 126 127 137 141 143 150 152 154 155 156 160 162 163 166 170 172 177 179 183 186 189 195 204 205 206 207 208 211 215 216 220 222 224 227 231 234 237 240 244 
4200 8 3 11 13 15 17 20 21 22 26 30 31 39 54 55 62 67 73 74 75 83 84 94 95 96 97 103 104 111 114 127 138 150 156 160 163 179 183 188 189 190 195 202 203 206 208 216 220 228 230 231 235 240 243 244 
4200 9 1 2 16 25 28 33 39 40 43 45 62 66 69 94 95 97 104 115 118 121 127 132 136 142 143 146 147 165 171 184 186 188 194 211 245 
4200 10 164 221 
4200 11 8 24 31 37 67 74 75 81 111 120 125 128 156 195 244 
4200 12 0 101 154 155 162 173 185 231 247 
4200 13 0 3 7 8 14 15 19 32 50 53 61 64 65 68 71 91 92 105 113 121 129 140 149 157 160 161 164 169 172 174 176 181 183 186 193 208 221 226 
4200 14 13 
4200 15 0 3 5 8 13 19 32 37 39 40 41 44 50 52 54 61 62 67 70 80 87 88 99 111 117 121 135 140 143 148 149 160 174 175 178 179 181 182 186 187 189 195 204 216 219 221 223 230 233 244 
4200 16 9 
4200 17 2 3 8 
4200 18 1 
4200 19 3 7 13 15 
4200 20 3 8 
4200 21 2 8 
4200 22 8 
4200 23 6 
4200 24 6 11 
4200 25 7 9 
4200 26 8 
4200 27 1 
4200 28 9 
4200 29 7 
4200 30 8 
4200 31 8 11 
4200 32 3 13 15 
4200 33 9 
4200 34 3 
4200 35 39 
4200 36 0 
4200 37 5 11 15 
4200 38 0 
4200 39 0 7 8 9 15 35 58 60 212 236 
4200 40 9 15 
4200 41 15 
4200 42 2 
4200 43 9 
4200 44 0 7 15 
4200 45 9 
4200 46 7 
4200 47 3 
4200 48 2 
4200 49 3 
4200 50 7 13 15 
4200 51 0 1 7 
4200 52 15 
4200 53 0 3 7 13 
4200 54 7 8 15 
4200 55 7 8 
4200 56 0 159 
4200 57 5 
4200 58 39 
4200 59 3 
4200 60 39 
4200 61 13 15 
4200 62 7 8 9 15 
4200 63 0 
4200 64 13 
4200 65 0 3 7 13 
4200 66 9 
4200 67 7 8 11 15 
4200 68 3 7 13 
4200 69 9 
4200 70 3 15 
4200 71 13 
4200 72 0 
4200 73 7 8 
4200 74 8 11 
4200 75 8 11 
4200 76 5 
4200 77 1 
4200 78 2 
4200 79 1 
4200 80 15 
4200 81 11 
4200 82 7 
4200 83 8 
4200 84 7 8 
4200 85 0 
4200 86 7 
4200 87 1 7 15 
4200 88 15 
4200 89 210 
4200 90 2 
4200 91 0 7 13 
4200 92 3 5 13 
4200 93 2 
4200 94 8 9 
4200 95 2 7 8 9 
4200 96 0 8 
4200 97 0 7 8 9 119 133 
4200 98 1 
4200 99 3 15 
4200 100 0 
4200 101 7 12 
4200 102 2 
4200 103 3 7 8 
4200 104 4 7 8 9 
4200 105 13 
4200 106 3 
4200 107 0 
4200 108 0 
4200 109 0 
4200 110 6 
4200 111 7 8 11 15 
4200 112 0 
4200 113 1 13 
4200 114 7 8 
4200 115 7 9 
4200 116 0 
4200 117 7 15 
4200 118 9 
4200 119 97 
4200 120 11 
4200 121 7 9 13 15 
4200 122 0 
4200 123 7 
4200 124 1 
4200 125 11 
4200 126 7 
4200 127 7 8 9 
4200 128 11 
4200 129 0 13 
4200 130 2 
4200 131 1 
4200 132 9 
4200 133 97 
4200 134 2 
4200 135 15 
4200 136 9 
4200 137 7 
4200 138 5 8 
4200 139 4 
4200 140 3 13 15 
4200 141 0 7 
4200 142 9 
4200 143 0 2 7 9 15 248 
4200 144 3 
4200 145 2 
4200 146 9 
4200 147 9 
4200 148 15 
4200 149 13 15 
4200 150 0 3 7 8 
4200 151 2 
4200 152 7 
4200 153 2 
4200 154 7 12 
4200 155 3 7 12 
4200 156 7 8 11 
4200 157 3 5 13 
4200 158 0 
4200 159 56 
4200 160 7 8 13 15 
4200 161 3 13 
4200 162 7 12 
4200 163 7 8 
4200 164 0 10 13 
4200 165 9 
4200 166 7 
4200 167 2 
4200 168 2 
4200 169 13 
4200 170 1 7 
4200 171 9 
4200 172 3 7 13 
4200 173 12 
4200 174 3 13 15 
4200 175 0 3 15 
4200 176 3 13 
4200 177 7 
4200 178 15 
4200 179 7 8 15 
4200 180 2 
4200 181 13 15 
4200 182 15 
4200 183 3 7 8 13 
4200 184 9 
4200 185 12 
4200 186 7 9 13 15 
4200 187 15 
4200 188 8 9 
4200 189 7 8 15 
4200 190 8 
4200 191 2 
4200 192 0 
4200 193 13 
4200 194 9 
4200 195 7 8 11 15 
4200 196 2 
4200 197 3 
4200 198 1 
4200 199 6 
4200 200 5 
4200 201 0 
4200 202 8 
4200 203 3 8 
4200 204 1 7 15 
4200 205 7 
4200 206 3 7 8 
4200 207 0 3 7 
4200 208 3 7 8 13 
4200 209 2 
4200 210 0 89 
4200 211 7 9 
4200 212 39 
4200 213 2 
4200 214 2 
4200 215 7 
4200 216 7 8 15 
4200 217 1 
4200 218 1 
4200 219 15 
4200 220 2 7 8 
4200 221 3 10 13 15 
4200 222 0 7 
4200 223 3 15 
4200 224 7 
4200 225 0 
4200 226 13 
4200 227 0 7 
4200 228 8 
4200 229 2 
4200 230 8 15 
4200 231 7 8 12 
4200 232 0 
4200 233 15 
4200 234 7 
4200 235 8 
4200 236 39 
4200 237 7 
4200 238 2 
4200 239 2 
4200 240 3 7 8 
4200 241 5 
4200 242 2 
4200 243 8 
4200 244 5 7 8 11 15 
4200 245 9 
4200 246 6 
4200 247 12 
4200 248 143 
4200 249 1 
0 7200 
4800 0 1 7 12 13 15 19 24 29 36 38 39 63 65 67 82 87 91 97 113 116 122 143 150 157 163 169 173 195 201 205 210 218 232 234 244 
4800 1 0 9 18 25 27 55 77 79 124 127 136 137 149 150 152 170 177 192 198 204 
4800 2 11 16 23 41 43 45 48 70 78 90 93 94 95 102 110 143 143 167 180 191 197 213 214 230 238 239 242 
4800 3 8 13 15 20 26 30 39 53 56 59 65 75 80 81 99 103 106 154 155 156 161 164 172 174 175 181 182 195 196 206 207 212 225 244 
4800 4 22 32 
4800 5 15 37 49 54 69 104 111 128 130 153 168 183 190 196 229 233 
4800 6 41 120 125 134 138 168 183 202 228 
4800 7 0 13 15 15 19 37 39 40 46 53 54 55 56 62 67 68 73 81 84 85 86 91 92 95 96 103 104 108 112 114 117 118 121 123 126 127 129 131 132 140 141 142 143 147 150 154 155 156 160 164 166 172 174 175 179 183 185 186 187 189 193 195 204 206 207 208 210 211 218 220 221 224 225 231 237 240 244 246 247 
4800 8 3 13 15 19 21 22 28 30 31 35 39 42 49 50 54 55 62 68 69 73 74 97 104 111 127 128 148 156 157 159 160 161 183 189 192 196 204 206 208 212 231 
4800 9 1 17 33 41 51 66 88 98 115 135 165 171 184 194 204 217 245 249 
4800 10 65 72 82 101 158 221 
4800 11 2 20 22 37 54 84 104 141 144 145 151 153 156 159 162 182 183 195 199 203 206 209 225 241 
4800 12 0 96 107 173 198 
4800 13 0 3 7 8 14 15 26 30 55 56 57 61 64 68 73 75 81 83 91 92 101 105 122 127 150 154 155 156 157 161 164 172 176 178 206 212 215 226 227 235 
4800 14 13 
4800 15 0 3 5 7 7 8 13 19 34 37 40 41 47 52 53 54 55 56 62 68 71 76 82 84 87 96 100 103 104 106 117 126 139 140 141 142 143 144 148 160 164 174 175 179 183 186 187 189 195 200 203 208 216 218 219 223 225 230 231 240 244 
4800 16 2 
4800 17 9 
4800 18 1 
4800 19 0 7 8 15 146 
4800 20 3 11 
4800 21 8 
4800 22 4 8 11 
4800 23 2 
4800 24 0 
4800 25 1 
4800 26 3 13 
4800 27 1 
4800 28 8 
4800 29 0 
4800 30 3 8 13 
4800 31 8 
4800 32 4 
4800 33 9 
4800 34 15 
4800 35 8 
4800 36 0 
4800 37 5 7 11 15 
4800 38 0 
4800 39 0 3 7 8 58 60 109 188 236 243 
4800 40 7 15 
4800 41 2 6 9 15 
4800 42 8 
4800 43 2 
4800 44 218 
4800 45 2 
4800 46 7 
4800 47 15 
4800 48 2 
4800 49 5 8 
4800 50 8 
4800 51 9 
4800 52 15 
4800 53 3 7 15 
4800 54 5 7 8 11 15 
4800 55 1 7 8 13 15 
4800 56 3 7 13 15 
4800 57 13 
4800 58 39 
4800 59 3 
4800 60 39 
4800 61 13 
4800 62 7 8 15 
4800 63 0 
4800 64 13 
4800 65 0 3 10 
4800 66 9 
4800 67 0 7 133 
4800 68 7 8 13 15 
4800 69 5 8 
4800 70 2 
4800 71 15 
4800 72 10 
4800 73 7 8 13 
4800 74 8 
4800 75 3 13 
4800 76 15 
4800 77 1 
4800 78 2 
4800 79 1 
4800 80 3 
4800 81 3 7 13 
4800 82 0 10 15 
4800 83 13 
4800 84 7 11 15 
4800 85 7 
4800 86 7 
4800 87 0 15 
4800 88 9 
4800 89 210 
4800 90 2 
4800 91 0 7 13 
4800 92 7 13 
4800 93 2 
4800 94 2 
4800 95 2 7 
4800 96 7 12 15 
4800 97 0 8 119 
4800 98 9 
4800 99 3 
4800 100 15 
4800 101 10 13 
4800 102 2 
4800 103 3 7 15 
4800 104 5 7 8 11 15 
4800 105 13 
4800 106 3 15 
4800 107 12 
4800 108 7 
4800 109 39 
4800 110 2 
4800 111 5 8 
4800 112 7 
4800 113 0 
4800 114 7 
4800 115 9 
4800 116 0 
4800 117 7 15 
4800 118 7 
4800 119 97 
4800 120 6 
4800 121 7 
4800 122 0 13 
4800 123 7 
4800 124 1 
4800 125 6 
4800 126 7 15 
4800 127 1 7 8 13 
4800 128 5 8 
4800 129 7 
4800 130 5 
4800 131 7 
4800 132 7 
4800 133 67 
4800 134 6 
4800 135 9 
4800 136 1 
4800 137 1 
4800 138 6 
4800 139 15 
4800 140 7 15 
4800 141 7 11 15 
4800 142 7 15 
4800 143 0 2 2 7 15 248 
4800 144 11 15 
4800 145 11 
4800 146 19 
4800 147 7 
4800 148 8 15 
4800 149 1 
4800 150 0 1 7 13 
4800 151 11 
4800 152 1 
4800 153 5 11 
4800 154 3 7 13 
4800 155 3 7 13 
4800 156 3 7 8 11 13 
4800 157 0 8 13 
4800 158 10 
4800 159 8 11 
4800 160 7 8 15 
4800 161 3 8 13 
4800 162 11 
4800 163 0 
4800 164 3 7 13 15 
4800 165 9 
4800 166 7 
4800 167 2 
4800 168 5 6 
4800 169 0 
4800 170 1 
4800 171 9 
4800 172 3 7 13 
4800 173 0 12 
4800 174 3 7 15 
4800 175 3 7 15 
4800 176 13 
4800 177 1 
4800 178 13 
4800 179 7 15 
4800 180 2 
4800 181 3 
4800 182 3 11 
4800 183 5 6 7 8 11 15 
4800 184 9 
4800 185 7 
4800 186 7 15 
4800 187 7 15 
4800 188 39 
4800 189 7 8 15 
4800 190 5 
4800 191 2 
4800 192 1 8 
4800 193 7 
4800 194 9 
4800 195 0 3 7 11 15 222 
4800 196 3 5 8 
4800 197 2 
4800 198 1 12 
4800 199 11 
4800 200 15 
4800 201 0 
4800 202 6 
4800 203 11 15 
4800 204 1 7 8 9 
4800 205 0 
4800 206 3 7 8 11 13 
4800 207 3 7 
4800 208 7 8 15 
4800 209 11 
4800 210 0 7 89 
4800 211 7 
4800 212 3 8 13 
4800 213 2 
4800 214 2 
4800 215 13 
4800 216 15 
4800 217 9 
4800 218 0 7 15 44 
4800 219 15 
4800 220 7 
4800 221 7 10 
4800 222 195 
4800 223 15 
4800 224 7 
4800 225 3 7 11 15 
4800 226 13 
4800 227 13 
4800 228 6 
4800 229 5 
4800 230 2 15 
4800 231 7 8 15 
4800 232 0 
4800 233 5 
4800 234 0 
4800 235 13 
4800 236 39 
4800 237 7 
4800 238 2 
4800 239 2 
4800 240 7 15 
4800 241 11 
4800 242 2 
4800 243 39 
4800 244 0 3 7 15 
4800 245 9 
4800 246 7 
4800 247 7 
4800 248 143 
4800 249 9 
0 7200 
5400 0 1 7 10 13 15 29 37 38 39 40 51 52 61 67 85 88 97 107 111 112 113 116 122 123 158 163 164 173 179 198 205 210 212 218 224 227 232 234 242 246 249 
5400 1 0 9 25 26 63 79 97 117 127 147 149 165 166 170 174 177 189 217 240 247 
5400 2 16 19 23 28 41 43 45 48 78 81 90 93 110 125 134 152 153 156 167 168 180 204 208 213 218 238 
5400 3 7 13 15 20 24 30 54 55 56 65 76 80 84 87 99 105 106 117 124 126 127 138 141 143 154 164 189 201 203 207 212 218 219 222 223 226 230 231 233 240 249 
5400 4 6 21 22 139 183 
5400 5 15 34 99 100 114 119 128 130 148 155 183 190 195 241 244 
5400 6 4 21 114 145 214 221 
5400 7 0 3 13 15 18 37 39 40 53 54 55 56 62 65 92 94 95 150 154 156 164 174 183 185 187 193 204 205 206 210 211 215 216 225 239 244 
5400 8 11 13 13 15 15 20 24 32 35 37 41 42 49 50 53 55 56 62 64 65 68 69 73 74 75 83 84 87 92 95 96 97 100 103 104 120 124 127 139 141 144 146 151 156 160 161 162 169 172 174 176 179 181 182 183 188 189 192 196 203 204 206 208 218 220 225 230 231 240 244 249 
5400 9 1 17 22 24 33 46 56 60 65 66 77 97 98 102 115 131 136 146 150 171 184 194 209 214 220 240 245 
5400 10 0 121 140 175 191 
5400 11 8 24 31 35 41 44 54 65 70 99 144 152 153 159 172 182 197 200 202 203 208 228 
5400 12 86 108 118 131 132 137 243 
5400 13 0 3 7 8 8 14 15 32 53 61 64 68 72 84 87 91 94 95 96 101 103 104 111 117 120 124 126 127 129 135 141 142 156 160 169 174 183 189 192 195 196 199 206 225 227 229 235 239 240 244 
5400 14 13 
5400 15 0 3 5 7 8 8 13 24 39 47 54 57 62 64 68 71 72 73 82 83 84 87 91 96 97 104 106 117 119 126 139 140 141 142 148 156 160 161 169 175 178 179 182 183 186 189 191 195 199 214 218 219 220 221 225 226 230 231 233 240 244 249 
5400 16 2 
5400 17 9 
5400 18 7 
5400 19 2 
5400 20 3 8 
5400 21 4 6 
5400 22 4 9 
5400 23 2 
5400 24 3 8 9 11 15 
5400 25 1 
5400 26 1 
5400 27 97 
5400 28 2 
5400 29 0 
5400 30 3 
5400 31 11 
5400 32 8 13 
5400 33 9 
5400 34 5 
5400 35 8 11 
5400 36 39 
5400 37 0 7 8 
5400 38 0 
5400 39 0 7 15 36 58 109 157 236 237 
5400 40 0 7 
5400 41 2 8 11 
5400 42 8 
5400 43 2 
5400 44 11 
5400 45 2 
5400 46 9 
5400 47 15 
5400 48 2 
5400 49 8 
5400 50 8 
5400 51 0 
5400 52 0 
5400 53 7 8 13 
5400 54 3 7 11 15 
5400 55 3 7 8 
5400 56 3 7 8 9 
5400 57 15 
5400 58 39 
5400 59 61 
5400 60 9 
5400 61 0 13 59 
5400 62 7 8 15 
5400 63 1 
5400 64 8 13 15 
5400 65 3 7 8 9 11 
5400 66 9 
5400 67 0 133 
5400 68 8 13 15 
5400 69 8 
5400 70 11 
5400 71 15 
5400 72 13 15 
5400 73 8 15 
5400 74 8 
5400 75 8 
5400 76 3 
5400 77 9 
5400 78 2 
5400 79 1 
5400 80 3 
5400 81 2 
5400 82 15 
5400 83 8 15 
5400 84 3 8 13 15 
5400 85 0 
5400 86 12 
5400 87 3 8 13 15 
5400 88 0 
5400 89 210 
5400 90 2 
5400 91 13 15 
5400 92 7 8 
5400 93 2 
5400 94 7 13 
5400 95 7 8 13 
5400 96 8 13 15 
5400 97 0 1 8 9 15 27 
5400 98 9 
5400 99 3 5 11 
5400 100 5 8 
5400 101 13 
5400 102 9 
5400 103 8 13 
5400 104 8 13 15 
5400 105 3 
5400 106 3 15 
5400 107 0 
5400 108 12 
5400 109 39 
5400 110 2 
5400 111 0 13 
5400 112 0 
5400 113 0 
5400 114 5 6 
5400 115 9 
5400 116 0 
5400 117 1 3 13 15 
5400 118 12 
5400 119 5 15 
5400 120 8 13 
5400 121 10 
5400 122 0 
5400 123 0 
5400 124 3 8 13 
5400 125 2 
5400 126 3 13 15 
5400 127 1 3 8 13 
5400 128 5 
5400 129 13 
5400 130 5 
5400 131 9 12 
5400 132 12 
5400 133 67 
5400 134 2 
5400 135 13 
5400 136 9 
5400 137 12 
5400 138 3 
5400 139 4 8 15 
5400 140 10 15 
5400 141 3 8 13 15 
5400 142 13 15 
5400 143 3 
5400 144 8 11 
5400 145 6 
5400 146 8 9 
5400 147 1 
5400 148 5 15 
5400 149 1 
5400 150 7 9 
5400 151 8 
5400 152 2 11 
5400 153 2 11 
5400 154 3 7 
5400 155 5 
5400 156 2 7 8 13 15 
5400 157 39 
5400 158 0 
5400 159 11 
5400 160 8 13 15 
5400 161 8 15 
5400 162 8 
5400 163 0 
5400 164 0 3 7 
5400 165 1 
5400 166 1 
5400 167 2 
5400 168 2 
5400 169 8 13 15 
5400 170 1 
5400 171 9 
5400 172 8 11 
5400 173 0 
5400 174 1 7 8 13 
5400 175 10 15 
5400 176 8 
5400 177 1 
5400 178 15 
5400 179 0 8 15 
5400 180 2 
5400 181 8 
5400 182 8 11 15 
5400 183 4 5 7 8 13 15 
5400 184 9 
5400 185 7 
5400 186 15 
5400 187 7 
5400 188 8 
5400 189 1 3 8 13 15 
5400 190 5 
5400 191 10 15 
5400 192 8 13 
5400 193 7 
5400 194 9 
5400 195 5 13 15 
5400 196 8 13 
5400 197 11 
5400 198 0 
5400 199 13 15 
5400 200 11 
5400 201 3 
5400 202 11 
5400 203 3 8 11 
5400 204 2 7 8 
5400 205 0 7 
5400 206 7 8 13 
5400 207 3 
5400 208 2 8 11 
5400 209 9 
5400 210 0 7 89 
5400 211 7 
5400 212 0 3 
5400 213 2 
5400 214 6 9 15 
5400 215 7 
5400 216 7 
5400 217 1 
5400 218 0 2 3 8 15 248 
5400 219 3 15 
5400 220 8 9 15 
5400 221 6 15 
5400 222 3 
5400 223 3 
5400 224 0 
5400 225 7 8 13 15 
5400 226 3 15 
5400 227 0 13 
5400 228 11 
5400 229 13 
5400 230 3 8 15 
5400 231 3 8 15 
5400 232 0 
5400 233 3 15 
5400 234 0 
5400 235 13 
5400 236 39 
5400 237 39 
5400 238 2 
5400 239 7 13 
5400 240 1 3 8 9 13 15 
5400 241 5 
5400 242 0 
5400 243 12 
5400 244 5 7 8 13 15 
5400 245 9 
5400 246 0 
5400 247 1 
5400 248 218 
5400 249 0 3 8 15 
0 7200 
6000 0 1 7 13 38 39 40 53 61 63 67 85 96 101 107 113 121 129 160 163 173 179 193 195 196 205 210 218 224 227 232 234 242 246 
6000 1 0 9 10 12 52 55 88 96 118 125 137 149 150 151 155 165 187 198 207 210 211 239 244 247 
6000 2 8 20 23 26 35 43 48 71 78 81 90 93 102 106 110 122 144 167 176 180 197 213 218 237 240 
6000 3 7 13 24 32 54 55 56 68 75 80 82 84 87 91 95 103 105 124 138 139 140 141 143 148 152 161 169 172 175 206 218 220 221 222 223 226 233 240 244 
6000 4 6 28 41 183 
6000 5 25 47 48 56 67 72 88 97 108 117 126 131 132 135 147 148 166 169 172 186 189 204 218 240 
6000 6 4 41 139 202 209 220 243 
6000 7 0 3 13 15 24 39 47 54 67 96 97 107 108 112 116 140 150 152 156 158 164 166 177 183 189 204 214 215 218 234 
6000 8 2 13 13 20 21 24 30 32 35 39 42 44 49 50 53 54 55 56 60 62 64 68 69 73 76 84 87 92 95 96 97 99 100 104 111 114 116 119 120 124 128 134 136 141 146 148 153 156 159 160 162 169 170 172 174 178 183 186 189 190 195 201 204 206 208 212 218 230 234 240 244 249 
6000 9 1 17 18 21 25 26 27 28 33 36 44 48 51 56 60 62 65 77 79 86 100 146 148 149 154 169 170 171 172 184 186 191 194 199 204 207 210 214 217 228 229 231 236 240 245 248 
6000 10 1 29 31 142 175 185 187 
6000 11 19 22 28 159 168 183 202 214 241 
6000 12 1 117 193 227 
6000 13 0 3 7 8 8 14 32 37 39 53 61 66 68 76 83 84 87 94 99 101 104 111 117 120 126 127 134 148 156 160 169 172 174 181 183 186 189 192 203 206 215 226 234 235 240 244 
6000 14 13 
6000 15 7 46 47 56 96 98 101 115 118 123 125 130 149 165 177 216 231 234 239 
6000 16 36 45 69 70 86 116 132 145 146 170 184 199 211 214 225 238 243 
6000 17 9 
6000 18 9 
6000 19 11 
6000 20 2 8 
6000 21 8 9 
6000 22 11 
6000 23 2 
6000 24 3 7 8 
6000 25 5 9 
6000 26 2 9 
6000 27 9 
6000 28 4 9 11 
6000 29 10 
6000 30 8 
6000 31 10 
6000 32 3 8 13 
6000 33 9 
6000 34 61 
6000 35 2 8 
6000 36 9 16 
6000 37 13 
6000 38 0 
6000 39 0 7 8 13 58 109 188 
6000 40 0 
6000 41 4 6 
6000 42 8 
6000 43 2 
6000 44 8 9 
6000 45 16 
6000 46 15 
6000 47 5 7 15 
6000 48 2 5 9 
6000 49 8 
6000 50 8 
6000 51 9 
6000 52 1 
6000 53 0 8 13 57 182 
6000 54 3 7 8 
6000 55 1 3 8 
6000 56 3 5 8 9 15 
6000 57 53 
6000 58 39 
6000 59 61 
6000 60 8 9 
6000 61 0 13 34 59 
6000 62 8 9 
6000 63 0 
6000 64 8 
6000 65 9 
6000 66 13 
6000 67 0 5 7 133 
6000 68 3 8 13 
6000 69 8 16 
6000 70 16 
6000 71 2 
6000 72 5 
6000 73 8 
6000 74 218 
6000 75 3 
6000 76 8 13 
6000 77 9 
6000 78 2 
6000 79 9 
6000 80 3 
6000 81 2 
6000 82 3 
6000 83 13 
6000 84 3 8 13 
6000 85 0 
6000 86 9 16 
6000 87 3 8 13 
6000 88 1 5 
6000 89 210 
6000 90 2 
6000 91 3 
6000 92 8 
6000 93 2 
6000 94 13 
6000 95 3 8 
6000 96 0 1 7 8 15 
6000 97 5 7 8 
6000 98 15 
6000 99 8 13 
6000 100 8 9 
6000 101 0 13 15 
6000 102 2 
6000 103 3 
6000 104 8 13 
6000 105 3 
6000 106 2 
6000 107 0 7 
6000 108 5 7 
6000 109 39 
6000 110 2 
6000 111 8 13 
6000 112 7 
6000 113 0 
6000 114 8 
6000 115 15 
6000 116 7 8 16 
6000 117 5 12 13 
6000 118 1 15 
6000 119 8 
6000 120 8 13 
6000 121 0 
6000 122 2 
6000 123 15 
6000 124 3 8 
6000 125 1 15 
6000 126 5 13 
6000 127 13 
6000 128 8 
6000 129 0 
6000 130 15 
6000 131 5 
6000 132 5 16 
6000 133 67 
6000 134 8 13 
6000 135 5 
6000 136 8 
6000 137 1 
6000 138 3 
6000 139 3 6 
6000 140 3 7 
6000 141 3 8 
6000 142 10 
6000 143 3 
6000 144 2 
6000 145 16 
6000 146 8 9 16 
6000 147 5 
6000 148 3 5 8 9 13 
6000 149 1 9 15 
6000 150 1 7 
6000 151 1 
6000 152 3 7 
6000 153 8 
6000 154 9 
6000 155 1 
6000 156 7 8 13 
6000 157 195 
6000 158 7 
6000 159 8 11 
6000 160 0 8 13 200 219 
6000 161 3 
6000 162 8 
6000 163 0 
6000 164 7 
6000 165 1 15 
6000 166 5 7 
6000 167 2 
6000 168 11 
6000 169 3 5 8 9 13 
6000 170 8 9 16 
6000 171 9 
6000 172 3 5 8 9 13 
6000 173 0 
6000 174 8 13 
6000 175 3 10 
6000 176 2 
6000 177 7 15 
6000 178 8 
6000 179 0 
6000 180 2 
6000 181 13 
6000 182 53 
6000 183 4 7 8 11 13 
6000 184 9 16 
6000 185 10 
6000 186 5 8 9 13 
6000 187 1 10 
6000 188 39 
6000 189 5 7 8 13 
6000 190 8 
6000 191 9 
6000 192 13 
6000 193 0 12 
6000 194 9 
6000 195 0 8 157 
6000 196 0 
6000 197 2 
6000 198 1 
6000 199 9 16 
6000 200 160 
6000 201 8 
6000 202 6 11 
6000 203 13 
6000 204 5 7 8 9 
6000 205 0 
6000 206 3 8 13 
6000 207 1 9 
6000 208 8 
6000 209 6 
6000 210 0 1 9 89 
6000 211 1 16 
6000 212 8 
6000 213 2 
6000 214 7 9 11 16 
6000 215 7 13 
6000 216 15 
6000 217 9 
6000 218 0 2 3 5 7 8 74 
6000 219 160 
6000 220 3 6 
6000 221 3 
6000 222 3 
6000 223 3 
6000 224 0 
6000 225 16 
6000 226 3 13 
6000 227 0 12 
6000 228 9 
6000 229 9 
6000 230 8 
6000 231 9 15 
6000 232 0 
6000 233 3 
6000 234 0 7 8 13 15 
6000 235 13 
6000 236 9 
6000 237 2 
6000 238 16 
6000 239 1 15 
6000 240 2 3 5 8 9 13 
6000 241 11 
6000 242 0 
6000 243 6 16 
6000 244 1 3 8 13 
6000 245 9 
6000 246 0 
6000 247 1 
6000 248 9 
6000 249 8 
0 7200 
6600 0 1 5 8 31 39 59 61 66 77 88 107 112 160 163 179 189 196 198 205 210 214 237 246 
6600 1 0 9 18 40 46 85 101 125 137 154 164 165 170 187 207 244 247 
6600 2 6 41 47 69 78 86 93 122 123 128 136 139 145 153 177 193 199 220 
6600 3 8 8 13 14 24 32 37 39 55 56 60 61 73 80 82 84 91 103 117 118 119 126 134 138 141 142 152 157 161 172 174 182 184 195 200 202 221 222 234 
6600 4 28 60 159 220 
6600 5 0 9 25 26 29 39 44 67 94 96 97 108 130 147 148 169 172 186 202 234 
6600 6 2 62 106 109 110 114 156 159 191 197 228 233 238 241 248 
6600 7 9 12 12 13 13 20 21 22 24 25 26 27 28 36 39 40 44 47 48 50 54 55 56 58 60 62 67 68 74 79 84 87 94 95 96 97 100 101 104 106 108 109 111 116 117 121 129 131 132 134 140 141 147 148 156 159 160 166 169 170 172 174 177 182 184 185 186 188 189 208 209 210 211 212 220 228 230 234 236 239 244 248 
6600 8 0 3 3 11 13 30 34 49 53 57 61 64 76 83 95 99 103 105 111 119 126 135 136 150 156 161 162 169 170 172 181 182 187 190 192 203 206 215 219 220 221 226 230 234 239 244 
6600 9 1 5 7 12 21 27 28 33 45 56 63 65 72 75 79 81 90 98 102 108 109 116 131 132 133 140 155 168 171 183 186 194 209 211 225 229 236 240 245 
6600 10 12 31 35 38 173 175 204 
6600 11 8 19 23 42 43 51 71 114 119 128 136 141 149 167 176 177 180 184 208 209 218 220 221 
6600 12 7 7 9 10 25 26 31 39 40 46 52 55 56 67 68 84 85 87 96 97 108 113 117 129 131 132 148 150 151 158 166 170 173 174 184 186 187 189 202 224 227 231 232 239 244 
6600 13 3 7 7 8 31 39 44 54 68 92 94 95 96 101 120 124 134 143 148 156 160 169 174 178 186 189 201 239 244 249 
6600 14 3 127 235 
6600 15 17 25 204 207 213 216 217 231 242 
6600 16 115 144 145 146 199 243 
6600 17 15 
6600 18 1 
6600 19 11 
6600 20 7 
6600 21 7 9 39 70 223 
6600 22 7 
6600 23 11 
6600 24 3 7 
6600 25 5 7 12 15 
6600 26 5 7 12 
6600 27 7 9 
6600 28 4 7 9 
6600 29 5 
6600 30 8 
6600 31 0 10 12 13 
6600 32 3 
6600 33 9 
6600 34 8 
6600 35 10 
6600 36 7 
6600 37 3 
6600 38 10 
6600 39 0 3 5 7 12 13 21 
6600 40 1 7 12 
6600 41 2 
6600 42 11 
6600 43 11 
6600 44 5 7 13 
6600 45 9 
6600 46 1 12 
6600 47 2 7 
6600 48 7 
6600 49 8 
6600 50 7 
6600 51 11 
6600 52 12 
6600 53 8 
6600 54 7 13 
6600 55 3 7 12 
6600 56 3 7 9 12 
6600 57 8 
6600 58 7 
6600 59 0 
6600 60 3 4 7 
6600 61 0 3 8 
6600 62 6 7 
6600 63 9 
6600 64 8 
6600 65 9 
6600 66 0 
6600 67 5 7 12 
6600 68 7 12 13 
6600 69 2 
6600 70 21 
6600 71 11 
6600 72 9 
6600 73 3 
6600 74 7 
6600 75 9 
6600 76 8 
6600 77 0 
6600 78 2 
6600 79 7 9 
6600 80 3 
6600 81 9 
6600 82 3 
6600 83 8 
6600 84 3 7 12 
6600 85 1 12 
6600 86 2 
6600 87 7 12 
6600 88 0 
6600 89 210 
6600 90 9 
6600 91 3 
6600 92 13 
6600 93 2 
6600 94 5 7 13 
6600 95 7 8 13 
6600 96 5 7 12 13 
6600 97 5 7 12 
6600 98 9 
6600 99 8 
6600 100 7 
6600 101 1 7 13 
6600 102 9 
6600 103 3 8 
6600 104 7 
6600 105 8 
6600 106 6 7 
6600 107 0 
6600 108 5 7 9 12 
6600 109 6 7 9 
6600 110 6 
6600 111 7 8 
6600 112 0 
6600 113 12 
6600 114 6 11 
6600 115 16 
6600 116 7 9 
6600 117 3 7 12 
6600 118 3 
6600 119 3 8 11 
6600 120 13 
6600 121 7 
6600 122 2 
6600 123 2 
6600 124 13 
6600 125 1 
6600 126 3 8 
6600 127 14 
6600 128 2 11 
6600 129 7 12 
6600 130 5 
6600 131 7 9 12 
6600 132 7 9 12 
6600 133 9 
6600 134 3 7 13 
6600 135 8 
6600 136 2 8 11 
6600 137 1 
6600 138 3 
6600 139 2 
6600 140 7 9 
6600 141 3 7 11 
6600 142 3 
6600 143 13 
6600 144 16 
6600 145 2 16 
6600 146 16 
6600 147 5 7 
6600 148 5 7 12 13 
6600 149 11 
6600 150 8 12 
6600 151 12 
6600 152 3 
6600 153 2 
6600 154 1 
6600 155 9 
6600 156 6 7 8 13 
6600 157 3 
6600 158 12 
6600 159 4 6 7 
6600 160 0 7 13 
6600 161 3 8 
6600 162 8 
6600 163 0 
6600 164 1 
6600 165 1 
6600 166 7 12 
6600 167 11 
6600 168 9 
6600 169 5 7 8 13 
6600 170 1 7 8 12 
6600 171 9 
6600 172 3 5 7 8 
6600 173 10 12 
6600 174 3 7 12 13 
6600 175 10 
6600 176 11 
6600 177 2 7 11 
6600 178 13 
6600 179 0 
6600 180 11 
6600 181 8 
6600 182 3 7 8 
6600 183 9 
6600 184 3 7 11 12 
6600 185 7 
6600 186 5 7 9 12 13 
6600 187 1 8 12 
6600 188 7 
6600 189 0 7 12 13 
6600 190 8 
6600 191 6 
6600 192 8 
6600 193 2 
6600 194 9 
6600 195 3 
6600 196 0 
6600 197 6 
6600 198 0 
6600 199 2 16 
6600 200 3 
6600 201 13 
6600 202 3 5 12 
6600 203 8 
6600 204 10 15 
6600 205 0 
6600 206 8 
6600 207 1 15 
6600 208 7 11 
6600 209 7 9 11 
6600 210 0 7 89 
6600 211 7 9 
6600 212 7 
6600 213 15 
6600 214 0 
6600 215 8 
6600 216 15 
6600 217 15 
6600 218 11 
6600 219 8 
6600 220 2 4 7 8 11 
6600 221 3 8 11 
6600 222 3 
6600 223 21 
6600 224 12 
6600 225 9 
6600 226 8 
6600 227 12 
6600 228 6 7 
6600 229 9 
6600 230 7 8 
6600 231 12 15 
6600 232 12 
6600 233 6 
6600 234 3 5 7 8 
6600 235 14 
6600 236 7 9 
6600 237 0 
6600 238 6 
6600 239 7 8 12 13 
6600 240 9 
6600 241 6 
6600 242 15 
6600 243 16 
6600 244 1 7 8 12 13 
6600 245 9 
6600 246 0 
6600 247 1 
6600 248 6 7 
6600 249 13 
0 7200 
7200 0 1 8 29 34 35 37 38 39 61 66 73 85 101 107 112 113 135 142 158 161 163 173 175 179 185 196 198 204 205 210 224 232 233 237 239 242 244 246 
7200 1 0 9 72 147 155 166 170 202 207 227 247 
7200 2 6 10 43 44 45 51 59 71 96 100 102 108 109 110 114 121 128 136 144 149 153 159 167 171 176 182 183 188 195 211 225 226 231 236 243 
7200 3 8 13 24 34 39 60 84 92 97 103 105 117 119 120 124 141 143 152 157 169 172 174 182 184 186 214 219 226 229 244 248 
7200 4 21 60 62 74 79 209 
7200 5 7 7 9 10 17 19 22 23 24 25 26 28 33 36 39 40 41 44 47 52 53 56 60 62 63 65 67 70 75 90 98 115 116 125 131 144 145 150 154 165 169 170 171 172 183 194 199 208 210 213 216 217 218 223 228 230 231 234 236 238 240 243 245 248 
7200 6 2 11 23 32 50 54 139 149 156 168 177 195 197 206 
7200 7 5 5 9 13 20 21 22 24 25 26 27 28 31 32 34 37 39 41 46 47 48 50 52 53 54 55 56 59 60 62 67 68 69 74 79 84 87 88 100 104 114 116 125 131 134 137 140 141 145 147 148 150 156 160 168 169 170 171 172 174 177 181 184 187 206 208 209 212 214 215 218 220 226 228 230 231 244 248 249 
7200 8 0 3 11 13 20 30 31 42 53 57 64 76 77 78 81 82 83 87 91 99 104 111 117 125 126 127 141 146 148 156 162 168 170 187 190 192 200 201 202 214 
7200 9 1 5 7 10 16 21 22 26 27 44 62 67 79 86 102 108 116 123 129 130 151 165 169 172 183 208 231 
7200 10 2 5 9 21 24 28 34 39 43 44 47 74 79 94 96 102 108 109 110 116 122 123 128 136 139 144 145 149 159 172 174 182 183 186 193 195 208 211 212 220 236 243 244 248 
7200 11 6 8 20 21 24 28 32 34 50 53 54 60 62 71 74 79 93 118 134 136 138 145 156 160 168 174 184 191 197 203 206 208 209 212 220 221 222 228 230 241 244 248 
7200 12 18 95 125 170 202 210 234 
7200 13 3 7 8 39 49 77 84 92 97 104 117 126 141 150 226 227 235 249 
7200 14 119 189 
7200 15 132 164 
7200 16 9 22 25 28 41 44 47 52 58 88 106 116 130 133 140 159 170 206 
7200 17 5 
7200 18 12 
7200 19 5 
7200 20 7 8 11 
7200 21 4 7 9 10 11 
7200 22 5 7 9 16 
7200 23 5 6 
7200 24 3 5 7 10 11 
7200 25 5 7 16 
7200 26 5 7 9 
7200 27 7 9 
7200 28 5 7 10 11 16 
7200 29 0 
7200 30 8 
7200 31 7 8 
7200 32 6 7 11 
7200 33 5 
7200 34 0 3 7 10 11 178 
7200 35 0 
7200 36 5 
7200 37 0 7 
7200 38 0 
7200 39 0 3 5 7 10 13 
7200 40 5 
7200 41 5 7 16 
7200 42 8 
7200 43 2 10 
7200 44 2 5 9 10 16 
7200 45 2 
7200 46 7 
7200 47 5 7 10 16 
7200 48 7 
7200 49 13 
7200 50 6 7 11 
7200 51 2 
7200 52 5 7 16 
7200 53 5 7 8 11 
7200 54 6 7 11 
7200 55 7 
7200 56 5 7 
7200 57 8 
7200 58 16 
7200 59 2 7 
7200 60 3 4 5 7 11 
7200 61 0 80 
7200 62 4 5 7 9 11 
7200 63 5 
7200 64 8 
7200 65 5 
7200 66 0 
7200 67 5 7 9 
7200 68 7 
7200 69 7 
7200 70 5 
7200 71 2 11 
7200 72 1 
7200 73 0 
7200 74 4 7 10 11 
7200 75 5 
7200 76 8 
7200 77 8 13 
7200 78 8 
7200 79 4 7 9 10 11 
7200 80 61 
7200 81 8 
7200 82 8 
7200 83 8 
7200 84 3 7 13 
7200 85 0 
7200 86 9 
7200 87 7 8 
7200 88 7 16 
7200 89 210 
7200 90 5 
7200 91 8 
7200 92 3 13 
7200 93 11 
7200 94 10 
7200 95 12 
7200 96 2 10 
7200 97 3 13 
7200 98 5 
7200 99 8 
7200 100 2 7 
7200 101 0 
7200 102 2 9 10 
7200 103 3 
7200 104 7 8 13 
7200 105 3 
7200 106 16 
7200 107 0 
7200 108 2 9 10 
7200 109 2 10 
7200 110 2 10 
7200 111 8 
7200 112 0 
7200 113 0 
7200 114 2 7 
7200 115 5 
7200 116 5 7 9 10 16 
7200 117 3 8 13 
7200 118 11 
7200 119 3 14 
7200 120 3 
7200 121 2 
7200 122 10 
7200 123 9 10 
7200 124 3 
7200 125 5 7 8 12 
7200 126 8 13 
7200 127 8 
7200 128 2 10 
7200 129 9 
7200 130 9 16 
7200 131 5 7 
7200 132 15 
7200 133 16 
7200 134 7 11 
7200 135 0 
7200 136 2 10 11 
7200 137 7 
7200 138 11 
7200 139 6 10 
7200 140 7 16 
7200 141 3 7 8 13 
7200 142 0 
7200 143 3 
7200 144 2 5 10 
7200 145 5 7 10 11 
7200 146 8 
7200 147 1 7 
7200 148 7 8 
7200 149 2 6 10 
7200 150 5 7 13 
7200 151 9 
7200 152 3 
7200 153 2 
7200 154 5 
7200 155 1 
7200 156 6 7 8 11 
7200 157 3 
7200 158 0 
7200 159 2 10 16 
7200 160 7 11 
7200 161 0 
7200 162 8 
7200 163 0 
7200 164 15 
7200 165 5 9 
7200 166 1 
7200 167 2 
7200 168 6 7 8 11 
7200 169 3 5 7 9 
7200 170 1 5 7 8 12 16 180 
7200 171 2 5 7 
7200 172 3 5 7 9 10 
7200 173 0 
7200 174 3 7 10 11 
7200 175 0 
7200 176 2 
7200 177 6 7 
7200 178 34 
7200 179 0 
7200 180 170 
7200 181 7 
7200 182 2 3 10 
7200 183 2 5 9 10 
7200 184 3 7 11 
7200 185 0 
7200 186 3 10 
7200 187 7 8 
7200 188 2 
7200 189 14 
7200 190 8 
7200 191 11 
7200 192 8 
7200 193 10 
7200 194 5 
7200 195 2 6 10 
7200 196 0 
7200 197 6 11 
7200 198 0 
7200 199 5 
7200 200 8 
7200 201 8 
7200 202 1 8 12 
7200 203 11 
7200 204 0 
7200 205 0 
7200 206 6 7 11 16 
7200 207 1 
7200 208 5 7 9 10 11 
7200 209 4 7 11 
7200 210 0 5 12 89 
7200 211 2 10 
7200 212 7 10 11 
7200 213 5 
7200 214 3 7 8 
7200 215 7 
7200 216 5 
7200 217 5 
7200 218 5 7 
7200 219 3 
7200 220 7 10 11 
7200 221 11 
7200 222 11 
7200 223 5 
7200 224 0 
7200 225 2 
7200 226 2 3 7 13 
7200 227 1 13 
7200 228 5 7 11 
7200 229 3 
7200 230 5 7 11 
7200 231 2 5 7 9 
7200 232 0 
7200 233 0 
7200 234 5 12 
7200 235 13 
7200 236 2 5 10 
7200 237 0 
7200 238 5 
7200 239 0 
7200 240 5 
7200 241 11 
7200 242 0 
7200 243 2 5 10 
7200 244 0 3 7 10 11 
7200 245 5 
7200 246 0 
7200 247 1 
7200 248 3 5 7 10 11 
7200 249 7 13 
