0 7200 
0 0 8 15 22 25 29 32 37 44 47 56 64 71 75 77 78 80 87 90 101 111 115 120 134 136 137 139 143 148 153 159 167 197 202 208 214 218 227 237 250 252 253 257 262 263 277 279 284 296 299 
0 1 6 12 16 20 28 31 42 44 49 52 58 60 64 66 67 68 69 83 85 93 97 103 107 109 122 124 130 149 150 151 155 156 165 166 179 188 190 191 193 198 206 212 213 222 233 238 239 246 254 259 268 274 275 277 286 291 293 
0 2 6 26 33 76 131 144 166 168 230 295 
0 3 18 30 43 77 81 100 104 133 176 211 226 241 249 265 267 
0 4 9 26 34 36 59 64 67 68 69 76 92 95 99 103 123 125 130 147 156 158 160 165 166 179 183 185 186 193 198 203 206 222 229 230 233 243 246 254 269 271 274 275 
0 5 213 
0 6 1 2 11 16 20 21 26 33 46 49 52 60 69 74 76 79 91 102 119 125 131 158 160 163 169 178 182 192 199 201 213 219 247 255 258 260 265 268 276 295 
0 7 32 
0 8 0 27 41 45 114 138 157 172 181 240 245 285 
0 9 4 11 20 27 28 31 57 62 64 65 67 68 69 74 84 86 95 98 103 105 116 122 123 128 130 133 141 152 154 155 158 161 165 166 170 179 187 188 193 198 203 206 207 216 220 222 233 242 259 268 270 272 274 277 282 284 286 288 298 
0 10 38 
0 11 6 9 14 20 35 42 55 62 66 70 73 74 83 85 89 91 103 110 121 122 125 126 132 135 140 141 147 164 173 179 188 190 192 193 194 198 203 207 212 233 238 251 259 261 274 286 290 
0 12 1 
0 13 14 16 21 31 39 41 70 79 82 85 102 103 126 129 135 142 155 164 179 189 191 231 236 247 255 258 265 274 297 
0 14 11 13 16 16 20 20 21 26 28 31 33 39 41 44 46 52 57 60 62 66 70 73 76 79 82 83 84 85 86 91 93 96 102 119 122 126 127 129 131 132 135 140 141 142 147 155 163 164 171 173 183 184 185 186 189 190 191 194 195 196 204 207 212 215 219 225 230 231 236 242 246 247 254 255 258 266 270 275 276 277 278 282 284 286 
0 15 0 
0 16 1 6 13 14 14 21 28 31 54 79 85 102 128 131 132 135 140 142 164 173 184 189 190 205 212 215 225 231 236 239 255 258 275 286 288 292 
0 17 51 53 61 64 94 117 200 264 289 
0 18 3 
0 19 32 
0 20 1 6 9 11 14 14 31 32 36 39 41 44 46 47 50 62 64 66 72 73 79 83 84 85 86 93 102 106 122 126 131 132 135 140 155 162 163 164 166 186 191 195 207 212 215 231 232 242 254 277 282 286 289 
0 21 6 13 14 16 41 210 248 
0 22 0 
0 23 32 
0 24 32 
0 25 0 
0 26 2 4 6 14 
0 27 8 9 273 283 
0 28 1 9 14 16 
0 29 0 
0 30 3 
0 31 1 9 13 14 16 20 
0 32 0 7 19 20 23 24 38 63 88 112 118 146 174 175 177 180 221 223 224 228 234 235 256 281 287 294 
0 33 2 6 14 
0 34 4 
0 35 11 
0 36 4 20 
0 37 0 
0 38 10 32 
0 39 13 14 20 
0 40 47 
0 41 8 13 14 20 21 
0 42 1 11 
0 43 3 
0 44 0 1 14 20 79 145 244 
0 45 8 
0 46 6 14 20 
0 47 0 20 40 48 108 217 
0 48 47 
0 49 1 6 
0 50 20 
0 51 17 
0 52 1 6 14 
0 53 17 
0 54 16 
0 55 11 
0 56 0 
0 57 9 14 
0 58 1 
0 59 4 
0 60 1 6 14 
0 61 17 
0 62 9 11 14 20 
0 63 32 
0 64 0 1 4 9 17 20 280 
0 65 9 
0 66 1 11 14 20 
0 67 1 4 9 
0 68 1 4 9 
0 69 1 4 6 9 
0 70 11 13 14 
0 71 0 
0 72 20 
0 73 11 14 20 
0 74 6 9 11 
0 75 0 113 
0 76 2 4 6 14 
0 77 0 3 
0 78 0 
0 79 6 13 14 16 20 44 209 
0 80 0 
0 81 3 
0 82 13 14 
0 83 1 11 14 20 
0 84 9 14 20 
0 85 1 11 13 14 16 20 
0 86 9 14 20 
0 87 0 
0 88 32 
0 89 11 
0 90 0 
0 91 6 11 14 
0 92 4 
0 93 1 14 20 
0 94 17 
0 95 4 9 
0 96 14 
0 97 1 
0 98 9 
0 99 4 
0 100 3 
0 101 0 
0 102 6 13 14 16 20 
0 103 1 4 9 11 13 
0 104 3 
0 105 9 
0 106 20 
0 107 1 
0 108 47 
0 109 1 
0 110 11 
0 111 0 
0 112 32 
0 113 75 
0 114 8 
0 115 0 
0 116 9 
0 117 17 
0 118 32 
0 119 6 14 
0 120 0 
0 121 11 
0 122 1 9 11 14 20 
0 123 4 9 
0 124 1 
0 125 4 6 11 
0 126 11 13 14 20 
0 127 14 
0 128 9 16 
0 129 13 14 
0 130 1 4 9 
0 131 2 6 14 16 20 
0 132 11 14 16 20 
0 133 3 9 
0 134 0 
0 135 11 13 14 16 20 
0 136 0 
0 137 0 
0 138 8 
0 139 0 
0 140 11 14 16 20 
0 141 9 11 14 
0 142 13 14 16 
0 143 0 
0 144 2 
0 145 44 
0 146 32 
0 147 4 11 14 
0 148 0 
0 149 1 
0 150 1 
0 151 1 
0 152 9 
0 153 0 
0 154 9 
0 155 1 9 13 14 20 
0 156 1 4 
0 157 8 
0 158 4 6 9 
0 159 0 
0 160 4 6 
0 161 9 
0 162 20 
0 163 6 14 20 
0 164 11 13 14 16 20 
0 165 1 4 9 
0 166 1 2 4 9 20 
0 167 0 
0 168 2 
0 169 6 
0 170 9 
0 171 14 
0 172 8 
0 173 11 14 16 
0 174 32 
0 175 32 
0 176 3 
0 177 32 
0 178 6 
0 179 1 4 9 11 13 
0 180 32 
0 181 8 
0 182 6 
0 183 4 14 
0 184 14 16 
0 185 4 14 
0 186 4 14 20 
0 187 9 
0 188 1 9 11 
0 189 13 14 16 
0 190 1 11 14 16 
0 191 1 13 14 20 
0 192 6 11 
0 193 1 4 9 11 
0 194 11 14 
0 195 14 20 
0 196 14 
0 197 0 
0 198 1 4 9 11 
0 199 6 
0 200 17 
0 201 6 
0 202 0 
0 203 4 9 11 
0 204 14 
0 205 16 
0 206 1 4 9 
0 207 9 11 14 20 
0 208 0 
0 209 79 
0 210 21 
0 211 3 
0 212 1 11 14 16 20 
0 213 1 5 6 
0 214 0 
0 215 14 16 20 
0 216 9 
0 217 47 
0 218 0 
0 219 6 14 
0 220 9 
0 221 32 
0 222 1 4 9 
0 223 32 
0 224 32 
0 225 14 16 
0 226 3 
0 227 0 
0 228 32 
0 229 4 
0 230 2 4 14 
0 231 13 14 16 20 
0 232 20 
0 233 1 4 9 11 
0 234 32 
0 235 32 
0 236 13 14 16 
0 237 0 
0 238 1 11 
0 239 1 16 
0 240 8 
0 241 3 
0 242 9 14 20 
0 243 4 
0 244 44 
0 245 8 
0 246 1 4 14 
0 247 6 13 14 
0 248 21 
0 249 3 
0 250 0 
0 251 11 
0 252 0 
0 253 0 
0 254 1 4 14 20 
0 255 6 13 14 16 
0 256 32 
0 257 0 
0 258 6 13 14 16 
0 259 1 9 11 
0 260 6 
0 261 11 
0 262 0 
0 263 0 
0 264 17 
0 265 3 6 13 
0 266 14 
0 267 3 
0 268 1 6 9 
0 269 4 
0 270 9 14 
0 271 4 
0 272 9 
0 273 27 
0 274 1 4 9 11 13 
0 275 1 4 14 16 
0 276 6 14 
0 277 0 1 9 14 20 
0 278 14 
0 279 0 
0 280 64 
0 281 32 
0 282 9 14 20 
0 283 27 
0 284 0 9 14 
0 285 8 
0 286 1 9 11 14 16 20 
0 287 32 
0 288 9 16 
0 289 17 20 
0 290 11 
0 291 1 
0 292 16 
0 293 1 
0 294 32 
0 295 2 6 
0 296 0 
0 297 13 
0 298 9 
0 299 0 
0 7200 
600 0 8 15 19 22 29 31 33 34 37 44 46 47 60 62 71 72 75 77 80 93 103 111 115 120 131 137 139 143 148 152 153 158 159 167 172 177 200 202 208 218 257 262 264 296 
600 1 5 8 9 10 36 73 85 91 99 123 124 125 140 142 151 156 163 179 182 236 251 271 274 290 295 
600 2 14 26 70 130 140 155 164 244 258 288 
600 3 6 18 30 55 67 77 81 100 104 176 211 226 241 249 267 297 
600 4 8 9 11 12 13 20 21 26 28 35 44 56 58 59 62 64 76 79 82 83 96 109 122 126 130 132 135 155 165 185 186 189 192 193 201 207 231 243 247 259 260 261 265 268 269 270 273 275 276 277 284 291 292 293 295 
600 5 1 54 89 128 173 190 210 248 
600 6 3 
600 7 46 
600 8 0 1 4 9 14 17 20 24 39 40 41 47 51 52 63 66 76 78 83 84 87 88 94 107 110 112 117 118 130 132 134 136 145 146 155 160 162 174 175 178 180 186 191 197 209 218 220 221 224 227 228 234 235 238 246 250 254 263 270 275 277 278 279 281 283 284 286 287 289 294 299 
600 9 1 4 8 11 12 20 26 39 43 49 57 73 78 82 85 96 98 101 116 126 127 140 141 142 144 154 157 163 168 181 190 197 198 203 205 207 214 215 216 220 222 231 233 242 259 261 265 266 273 276 282 
600 10 1 
600 11 4 9 12 14 64 73 74 92 121 126 147 163 169 179 193 198 199 201 214 229 231 238 243 259 261 268 276 278 280 
600 12 4 9 11 14 14 28 41 49 52 70 76 79 83 84 85 95 105 119 130 135 140 155 161 163 164 166 177 186 187 188 190 191 194 198 203 204 212 215 230 233 239 242 254 255 258 270 275 277 280 282 285 288 
600 13 4 
600 14 2 8 11 12 12 20 20 28 34 36 39 41 42 44 49 52 57 59 62 64 65 66 68 70 73 74 76 79 83 84 85 86 91 94 95 96 102 121 122 126 130 135 140 141 142 146 155 160 162 163 164 165 166 170 171 177 179 183 186 187 188 189 190 191 193 194 195 196 197 198 203 204 206 207 212 213 215 219 225 231 233 239 242 244 247 254 255 258 268 270 275 277 282 291 
600 15 0 114 
600 16 69 82 97 128 149 150 169 173 
600 17 8 23 38 44 47 50 52 61 62 65 66 83 84 86 90 94 96 102 162 203 207 213 215 219 242 277 284 299 
600 18 3 
600 19 0 
600 20 4 8 9 14 14 25 28 34 38 41 44 52 57 62 65 66 76 79 83 84 85 86 94 106 108 125 130 132 135 146 162 166 179 184 186 190 191 212 220 223 227 232 234 237 242 252 253 254 256 263 270 275 276 277 279 282 283 284 
600 21 4 
600 22 0 27 45 138 240 245 272 
600 23 17 
600 24 8 
600 25 20 
600 26 2 4 9 
600 27 22 
600 28 4 12 14 20 
600 29 0 
600 30 3 
600 31 0 
600 32 34 
600 33 0 
600 34 0 14 20 32 129 298 
600 35 4 
600 36 1 14 
600 37 0 
600 38 17 20 
600 39 8 9 14 
600 40 8 
600 41 8 12 14 20 
600 42 14 
600 43 9 
600 44 0 4 14 17 20 
600 45 22 
600 46 0 7 217 
600 47 0 8 17 48 53 
600 48 47 
600 49 9 12 14 
600 50 17 
600 51 8 
600 52 8 12 14 17 20 
600 53 47 
600 54 5 
600 55 3 
600 56 4 
600 57 9 14 20 
600 58 4 
600 59 4 14 
600 60 0 
600 61 17 
600 62 0 4 14 17 20 
600 63 8 
600 64 4 11 14 
600 65 14 17 20 
600 66 8 14 17 20 
600 67 3 
600 68 14 
600 69 16 
600 70 2 12 14 
600 71 0 
600 72 0 
600 73 1 9 11 14 
600 74 11 14 
600 75 0 113 
600 76 4 8 12 14 20 
600 77 0 3 
600 78 8 9 
600 79 4 12 14 20 
600 80 0 
600 81 3 
600 82 4 9 16 
600 83 4 8 12 14 17 20 
600 84 8 12 14 17 20 
600 85 1 9 12 14 20 
600 86 14 17 20 
600 87 8 
600 88 8 
600 89 5 
600 90 17 
600 91 1 14 
600 92 11 
600 93 0 
600 94 8 14 17 20 
600 95 12 14 
600 96 4 9 14 17 
600 97 16 
600 98 9 
600 99 1 
600 100 3 
600 101 9 
600 102 14 17 
600 103 0 
600 104 3 
600 105 12 
600 106 20 
600 107 8 
600 108 20 
600 109 4 
600 110 8 
600 111 0 
600 112 8 
600 113 75 
600 114 15 
600 115 0 
600 116 9 
600 117 8 
600 118 8 
600 119 12 
600 120 0 
600 121 11 14 
600 122 4 14 
600 123 1 
600 124 1 
600 125 1 20 
600 126 4 9 11 14 
600 127 9 
600 128 5 16 
600 129 34 
600 130 2 4 8 12 14 20 
600 131 0 
600 132 4 8 20 
600 133 177 
600 134 8 
600 135 4 12 14 20 
600 136 8 
600 137 0 
600 138 22 
600 139 0 
600 140 1 2 9 12 14 
600 141 9 14 
600 142 1 9 14 
600 143 0 
600 144 9 
600 145 8 
600 146 8 14 20 
600 147 11 
600 148 0 
600 149 16 
600 150 16 
600 151 1 
600 152 0 
600 153 0 
600 154 9 
600 155 2 4 8 12 14 
600 156 1 
600 157 9 
600 158 0 
600 159 0 
600 160 8 14 
600 161 12 
600 162 8 14 17 20 
600 163 1 9 11 12 14 
600 164 2 12 14 
600 165 4 14 
600 166 12 14 20 
600 167 0 
600 168 9 
600 169 11 16 
600 170 14 
600 171 14 
600 172 0 
600 173 5 16 
600 174 8 
600 175 8 
600 176 3 
600 177 0 12 14 133 
600 178 8 
600 179 1 11 14 20 
600 180 8 
600 181 9 
600 182 1 
600 183 14 
600 184 20 
600 185 4 
600 186 4 8 12 14 20 
600 187 12 14 
600 188 12 14 
600 189 4 14 
600 190 5 9 12 14 20 
600 191 8 12 14 20 
600 192 4 
600 193 4 11 14 
600 194 12 14 
600 195 14 
600 196 14 
600 197 8 9 14 
600 198 9 11 12 14 
600 199 11 
600 200 0 
600 201 4 11 
600 202 0 
600 203 9 12 14 17 
600 204 12 14 
600 205 9 
600 206 14 
600 207 4 9 14 17 
600 208 0 
600 209 8 
600 210 5 
600 211 3 
600 212 12 14 20 
600 213 14 17 
600 214 9 11 
600 215 9 12 14 17 
600 216 9 
600 217 46 
600 218 0 8 
600 219 14 17 
600 220 8 9 20 
600 221 8 
600 222 9 
600 223 20 
600 224 8 
600 225 14 
600 226 3 
600 227 8 20 
600 228 8 
600 229 11 
600 230 12 
600 231 4 9 11 14 
600 232 20 
600 233 9 12 14 
600 234 8 20 
600 235 8 
600 236 1 
600 237 20 
600 238 8 11 
600 239 12 14 
600 240 22 
600 241 3 
600 242 9 12 14 17 20 
600 243 4 11 
600 244 2 14 
600 245 22 
600 246 8 
600 247 4 14 
600 248 5 
600 249 3 
600 250 8 
600 251 1 
600 252 20 
600 253 20 
600 254 8 12 14 20 
600 255 12 14 
600 256 20 
600 257 0 
600 258 2 12 14 
600 259 4 9 11 
600 260 4 
600 261 4 9 11 
600 262 0 
600 263 8 20 
600 264 0 
600 265 4 9 
600 266 9 
600 267 3 
600 268 4 11 14 
600 269 4 
600 270 4 8 12 14 20 
600 271 1 
600 272 22 
600 273 4 9 
600 274 1 
600 275 4 8 12 14 20 
600 276 4 9 11 20 
600 277 4 8 12 14 17 20 
600 278 8 11 
600 279 8 20 
600 280 11 12 
600 281 8 
600 282 9 12 14 20 
600 283 8 20 
600 284 4 8 17 20 
600 285 12 
600 286 8 
600 287 8 
600 288 2 12 
600 289 8 
600 290 1 
600 291 4 14 
600 292 4 
600 293 4 
600 294 8 
600 295 1 4 
600 296 0 
600 297 3 
600 298 34 
600 299 8 17 
0 7200 
1200 0 6 22 29 31 33 34 37 44 46 47 51 60 71 72 75 78 80 87 89 93 103 106 111 115 117 120 131 134 140 145 153 158 159 167 172 184 195 196 200 202 208 215 218 227 232 237 250 252 253 263 264 265 277 279 291 296 299 
1200 1 18 41 44 52 97 100 107 123 124 142 143 149 150 165 169 198 199 203 206 238 243 251 267 269 292 293 
1200 2 9 26 76 79 82 135 155 161 275 
1200 3 247 285 
1200 4 12 15 18 28 39 42 57 59 61 65 66 68 83 84 85 96 102 109 110 126 130 132 139 141 148 155 156 160 162 168 179 188 190 191 206 229 231 233 239 255 277 290 295 
1200 5 203 
1200 6 0 
1200 7 46 
1200 8 9 54 
1200 9 2 8 12 12 14 15 15 16 21 28 34 34 39 41 42 44 49 52 57 64 66 69 70 73 76 77 79 81 83 84 85 90 94 95 96 98 102 107 110 116 122 126 128 130 133 135 137 139 146 151 152 155 156 164 165 166 168 181 186 187 188 190 193 197 198 201 203 205 207 212 214 216 217 220 224 225 233 239 242 244 254 255 257 258 259 261 262 266 267 268 271 273 275 277 281 282 284 298 
1200 10 14 
1200 11 23 99 191 194 213 231 236 254 274 276 278 280 
1200 12 4 9 9 15 18 21 28 30 34 36 43 52 55 56 69 70 76 79 81 82 83 84 85 91 95 96 98 101 104 107 110 119 126 128 130 135 137 139 141 146 155 164 166 168 177 181 183 186 212 214 216 217 224 241 242 249 261 267 273 275 277 281 282 297 
1200 13 27 
1200 14 9 10 15 18 26 28 34 44 49 56 57 61 64 66 73 76 79 83 85 98 110 121 125 126 135 147 151 152 155 162 164 168 170 173 177 179 181 182 185 187 190 194 195 212 231 244 254 258 260 271 275 277 280 282 295 
1200 15 4 9 9 12 14 18 28 44 47 49 50 57 59 61 62 64 66 73 82 83 85 94 95 96 102 107 110 126 128 130 135 137 146 151 152 156 162 164 168 175 178 179 181 186 190 191 192 197 198 206 207 212 217 224 230 231 233 239 242 246 247 254 259 268 275 277 282 284 
1200 16 9 
1200 17 44 
1200 18 1 4 12 14 15 21 27 34 39 41 42 52 69 70 74 107 109 127 129 142 144 146 147 154 157 161 163 165 166 170 171 185 186 187 189 191 201 203 219 230 240 242 244 255 258 266 267 268 272 
1200 19 44 
1200 20 34 176 211 226 
1200 21 9 12 18 41 210 
1200 22 0 27 41 45 86 114 138 245 270 288 
1200 23 11 
1200 24 44 
1200 25 44 
1200 26 2 14 
1200 27 13 18 22 105 
1200 28 4 9 12 14 15 
1200 29 0 
1200 30 12 
1200 31 0 
1200 32 34 
1200 33 0 
1200 34 0 9 9 12 14 18 20 32 76 203 204 256 
1200 35 76 
1200 36 12 
1200 37 0 
1200 38 44 
1200 39 4 9 18 
1200 40 47 
1200 41 1 9 18 21 22 
1200 42 4 9 18 
1200 43 12 
1200 44 0 1 9 14 15 17 19 24 25 38 63 88 112 118 136 180 209 221 222 223 228 234 235 283 286 287 289 294 
1200 45 22 
1200 46 0 7 174 
1200 47 0 15 40 48 53 58 108 
1200 48 47 
1200 49 9 14 15 
1200 50 15 
1200 51 0 
1200 52 1 9 12 18 
1200 53 47 
1200 54 8 
1200 55 12 
1200 56 12 14 
1200 57 4 9 14 15 
1200 58 47 
1200 59 4 15 
1200 60 0 
1200 61 4 14 15 
1200 62 15 
1200 63 44 
1200 64 9 14 15 
1200 65 4 
1200 66 4 9 14 15 
1200 67 76 
1200 68 4 
1200 69 9 12 18 
1200 70 9 12 18 
1200 71 0 
1200 72 0 
1200 73 9 14 15 
1200 74 18 
1200 75 0 113 
1200 76 2 9 12 14 34 35 67 92 
1200 77 9 
1200 78 0 
1200 79 2 9 12 14 
1200 80 0 
1200 81 9 12 
1200 82 2 12 15 
1200 83 4 9 12 14 15 
1200 84 4 9 12 
1200 85 4 9 12 14 15 
1200 86 22 
1200 87 0 
1200 88 44 
1200 89 0 
1200 90 9 
1200 91 12 
1200 92 76 
1200 93 0 
1200 94 9 15 
1200 95 9 12 15 
1200 96 4 9 12 15 
1200 97 1 
1200 98 9 12 14 
1200 99 11 
1200 100 1 
1200 101 12 
1200 102 4 9 15 
1200 103 0 
1200 104 12 
1200 105 27 
1200 106 0 
1200 107 1 9 12 15 18 
1200 108 47 
1200 109 4 18 
1200 110 4 9 12 14 15 
1200 111 0 
1200 112 44 
1200 113 75 
1200 114 22 
1200 115 0 
1200 116 9 
1200 117 0 
1200 118 44 
1200 119 12 
1200 120 0 
1200 121 14 
1200 122 9 
1200 123 1 
1200 124 1 
1200 125 14 
1200 126 4 9 12 14 15 
1200 127 18 
1200 128 9 12 15 
1200 129 18 
1200 130 4 9 12 15 
1200 131 0 
1200 132 4 
1200 133 9 
1200 134 0 
1200 135 2 9 12 14 15 
1200 136 44 
1200 137 9 12 15 
1200 138 22 
1200 139 4 9 12 
1200 140 0 
1200 141 4 12 
1200 142 1 18 
1200 143 1 
1200 144 18 
1200 145 0 
1200 146 9 12 15 18 
1200 147 14 18 
1200 148 4 
1200 149 1 
1200 150 1 
1200 151 9 14 15 
1200 152 9 14 15 
1200 153 0 
1200 154 18 
1200 155 2 4 9 12 14 
1200 156 4 9 15 
1200 157 18 
1200 158 0 
1200 159 0 
1200 160 4 
1200 161 2 18 
1200 162 4 14 15 
1200 163 18 
1200 164 9 12 14 15 
1200 165 1 9 18 
1200 166 9 12 18 
1200 167 0 
1200 168 4 9 12 14 15 
1200 169 1 
1200 170 14 18 
1200 171 18 
1200 172 0 
1200 173 14 
1200 174 46 
1200 175 15 
1200 176 20 
1200 177 12 14 
1200 178 15 
1200 179 4 14 15 
1200 180 44 
1200 181 9 12 14 15 
1200 182 14 
1200 183 12 
1200 184 0 
1200 185 14 18 
1200 186 9 12 15 18 
1200 187 9 14 18 
1200 188 4 9 
1200 189 18 
1200 190 4 9 14 15 
1200 191 4 11 15 18 
1200 192 15 
1200 193 9 
1200 194 11 14 
1200 195 0 14 
1200 196 0 
1200 197 9 15 
1200 198 1 9 15 
1200 199 1 
1200 200 0 
1200 201 9 18 
1200 202 0 
1200 203 1 5 9 18 34 
1200 204 34 
1200 205 9 
1200 206 1 4 15 
1200 207 9 15 
1200 208 0 
1200 209 44 
1200 210 21 
1200 211 20 
1200 212 9 12 14 15 
1200 213 11 
1200 214 9 12 
1200 215 0 
1200 216 9 12 
1200 217 9 12 15 248 277 
1200 218 0 
1200 219 18 
1200 220 9 
1200 221 44 
1200 222 44 
1200 223 44 
1200 224 9 12 15 
1200 225 9 
1200 226 20 
1200 227 0 
1200 228 44 
1200 229 4 
1200 230 15 18 
1200 231 4 11 14 15 
1200 232 0 
1200 233 4 9 15 
1200 234 44 
1200 235 44 
1200 236 11 
1200 237 0 
1200 238 1 
1200 239 4 9 15 
1200 240 18 
1200 241 12 
1200 242 9 12 15 18 
1200 243 1 
1200 244 9 14 18 
1200 245 22 
1200 246 15 
1200 247 3 15 
1200 248 217 
1200 249 12 
1200 250 0 
1200 251 1 
1200 252 0 
1200 253 0 
1200 254 9 11 14 15 
1200 255 4 9 18 
1200 256 34 
1200 257 9 
1200 258 9 14 18 
1200 259 9 15 
1200 260 14 
1200 261 9 12 
1200 262 9 
1200 263 0 
1200 264 0 
1200 265 0 
1200 266 9 18 
1200 267 1 9 12 18 
1200 268 9 15 18 
1200 269 1 
1200 270 22 
1200 271 9 14 
1200 272 18 
1200 273 9 12 
1200 274 11 
1200 275 2 9 12 14 15 
1200 276 11 
1200 277 0 4 9 12 14 15 217 
1200 278 11 
1200 279 0 
1200 280 11 14 
1200 281 9 12 
1200 282 9 12 14 15 
1200 283 44 
1200 284 9 15 
1200 285 3 
1200 286 44 
1200 287 44 
1200 288 22 
1200 289 44 
1200 290 4 
1200 291 0 
1200 292 1 
1200 293 1 
1200 294 44 
1200 295 4 14 
1200 296 0 
1200 297 12 
1200 298 9 
1200 299 0 
0 7200 
1800 0 9 17 31 33 34 37 44 46 47 57 60 66 75 80 87 89 90 93 98 111 113 115 117 120 121 131 140 145 146 153 158 159 167 172 177 184 195 197 200 202 208 242 250 252 253 264 265 270 277 279 291 296 
1800 1 20 44 59 92 97 105 107 110 123 150 166 181 185 194 199 212 229 251 269 275 293 
1800 2 8 18 23 39 41 82 96 128 185 267 
1800 3 104 272 
1800 4 8 14 15 20 21 26 28 35 41 42 44 49 57 61 64 73 74 82 84 91 96 98 99 102 126 130 139 151 155 160 165 168 171 182 186 190 191 203 224 230 231 242 243 244 247 266 268 273 274 276 278 292 
1800 5 8 100 169 
1800 6 11 25 55 77 81 101 121 122 176 183 205 211 222 226 287 297 
1800 7 46 
1800 8 2 4 5 12 18 23 36 40 42 49 73 105 126 142 147 164 196 198 206 233 254 
1800 9 0 15 21 29 34 46 48 70 71 72 94 103 105 106 107 109 118 141 143 157 201 209 215 218 221 223 224 228 234 246 262 268 276 288 290 299 
1800 10 15 54 210 
1800 11 6 
1800 12 8 13 14 18 20 23 26 30 34 36 39 40 49 56 61 69 76 84 96 98 119 127 130 135 139 155 179 186 187 190 196 214 227 236 239 241 247 248 249 258 259 267 280 282 
1800 13 12 
1800 14 4 12 15 18 18 20 26 36 40 42 44 56 57 61 64 74 76 83 84 96 102 105 110 129 130 132 134 135 139 141 155 156 168 186 187 188 190 191 192 193 196 198 207 212 213 217 220 224 225 231 236 239 242 254 255 256 260 266 272 274 282 284 285 
1800 15 4 9 10 14 18 18 20 21 24 38 40 41 44 50 52 53 58 64 70 78 83 96 98 105 107 110 130 132 134 137 139 141 156 162 164 168 170 173 175 185 186 188 190 191 193 196 198 217 219 225 232 235 238 242 254 267 282 284 294 
1800 16 62 65 100 102 124 169 259 260 261 
1800 17 0 114 
1800 18 2 8 12 14 14 15 15 21 27 34 36 39 40 41 42 44 57 61 64 73 74 76 83 94 95 96 98 105 107 110 116 121 125 126 128 129 130 133 134 135 137 139 141 143 144 147 151 152 154 155 156 157 162 163 164 165 166 168 171 179 181 185 186 187 188 189 190 191 193 194 196 198 201 206 207 212 214 217 219 220 224 225 231 233 239 242 254 258 267 268 275 276 282 284 295 
1800 19 44 
1800 20 1 4 12 14 15 51 56 59 69 70 73 82 83 91 94 102 105 107 110 126 134 137 141 142 152 162 164 179 181 182 185 192 203 230 244 258 261 268 273 275 276 278 280 295 
1800 21 4 9 15 18 85 148 
1800 22 44 
1800 23 2 8 12 
1800 24 15 
1800 25 6 
1800 26 4 12 14 
1800 27 18 
1800 28 4 
1800 29 9 
1800 30 12 
1800 31 0 45 86 240 245 281 
1800 32 34 
1800 33 0 
1800 34 0 9 12 18 32 43 79 138 161 204 216 257 298 
1800 35 4 
1800 36 8 12 14 18 
1800 37 0 
1800 38 15 
1800 39 2 12 18 
1800 40 8 12 14 15 18 
1800 41 2 4 15 18 
1800 42 4 8 14 18 
1800 43 34 
1800 44 0 1 4 14 15 18 19 22 63 88 112 136 178 180 237 263 283 286 289 
1800 45 31 
1800 46 0 7 9 174 271 
1800 47 0 108 149 
1800 48 9 
1800 49 4 8 12 
1800 50 15 
1800 51 20 
1800 52 15 
1800 53 15 
1800 54 10 
1800 55 6 
1800 56 12 14 20 
1800 57 0 4 14 18 
1800 58 15 
1800 59 1 20 
1800 60 0 
1800 61 4 12 14 18 
1800 62 16 
1800 63 44 
1800 64 4 14 15 18 
1800 65 16 
1800 66 0 
1800 67 224 
1800 68 105 
1800 69 12 20 
1800 70 9 15 20 
1800 71 9 
1800 72 9 
1800 73 4 8 18 20 
1800 74 4 14 18 
1800 75 0 
1800 76 12 14 18 
1800 77 6 
1800 78 15 
1800 79 34 
1800 80 0 
1800 81 6 
1800 82 2 4 20 
1800 83 14 15 18 20 
1800 84 4 12 14 
1800 85 21 
1800 86 31 
1800 87 0 
1800 88 44 
1800 89 0 
1800 90 0 
1800 91 4 20 
1800 92 1 
1800 93 0 
1800 94 9 18 20 
1800 95 18 
1800 96 2 4 12 14 15 18 
1800 97 1 
1800 98 0 4 12 15 18 
1800 99 4 
1800 100 5 16 
1800 101 6 
1800 102 4 14 16 20 
1800 103 9 
1800 104 3 
1800 105 1 8 9 14 15 18 20 68 
1800 106 9 
1800 107 1 9 15 18 20 
1800 108 47 
1800 109 9 
1800 110 1 14 15 18 20 
1800 111 0 
1800 112 44 
1800 113 0 
1800 114 17 
1800 115 0 
1800 116 18 
1800 117 0 
1800 118 9 
1800 119 12 
1800 120 0 
1800 121 0 6 18 
1800 122 6 
1800 123 1 
1800 124 16 
1800 125 18 
1800 126 4 8 18 20 
1800 127 12 
1800 128 2 18 
1800 129 14 18 
1800 130 4 12 14 15 18 
1800 131 0 
1800 132 14 15 
1800 133 18 
1800 134 14 15 18 20 
1800 135 12 14 18 
1800 136 44 
1800 137 15 18 20 
1800 138 34 
1800 139 4 12 14 15 18 
1800 140 0 
1800 141 9 14 15 18 20 
1800 142 8 20 
1800 143 9 18 
1800 144 18 
1800 145 0 
1800 146 0 
1800 147 8 18 
1800 148 21 
1800 149 47 
1800 150 1 
1800 151 4 18 
1800 152 18 20 
1800 153 0 
1800 154 18 
1800 155 4 12 14 18 
1800 156 14 15 18 
1800 157 9 18 
1800 158 0 
1800 159 0 
1800 160 4 
1800 161 34 
1800 162 15 18 20 
1800 163 18 
1800 164 8 15 18 20 
1800 165 4 18 
1800 166 1 18 
1800 167 0 
1800 168 4 14 15 18 
1800 169 5 16 
1800 170 15 
1800 171 4 18 
1800 172 0 
1800 173 15 
1800 174 46 
1800 175 15 
1800 176 6 
1800 177 0 
1800 178 44 
1800 179 12 18 20 
1800 180 44 
1800 181 1 18 20 
1800 182 4 20 
1800 183 6 
1800 184 0 
1800 185 1 2 15 18 20 
1800 186 4 12 14 15 18 
1800 187 12 14 18 
1800 188 14 15 18 
1800 189 18 
1800 190 4 12 14 15 18 
1800 191 4 14 15 18 
1800 192 14 20 
1800 193 14 15 18 
1800 194 1 18 
1800 195 0 
1800 196 8 12 14 15 18 
1800 197 0 
1800 198 8 14 15 18 
1800 199 1 
1800 200 0 
1800 201 9 18 
1800 202 0 
1800 203 4 20 
1800 204 34 
1800 205 6 
1800 206 8 18 
1800 207 14 18 
1800 208 0 
1800 209 9 
1800 210 10 
1800 211 6 
1800 212 1 14 18 
1800 213 14 
1800 214 12 18 
1800 215 9 
1800 216 34 
1800 217 14 15 18 
1800 218 9 
1800 219 15 18 
1800 220 14 18 
1800 221 9 
1800 222 6 
1800 223 9 
1800 224 4 9 14 18 67 
1800 225 14 15 18 
1800 226 6 
1800 227 12 
1800 228 9 
1800 229 1 
1800 230 4 20 
1800 231 4 14 18 
1800 232 15 
1800 233 8 18 
1800 234 9 
1800 235 15 
1800 236 12 14 
1800 237 44 
1800 238 15 
1800 239 12 14 18 
1800 240 31 
1800 241 12 
1800 242 0 4 14 15 18 
1800 243 4 
1800 244 4 20 
1800 245 31 
1800 246 9 
1800 247 4 12 
1800 248 12 
1800 249 12 
1800 250 0 
1800 251 1 
1800 252 0 
1800 253 0 
1800 254 8 14 15 18 
1800 255 14 
1800 256 14 
1800 257 34 
1800 258 12 18 20 
1800 259 12 16 
1800 260 14 16 
1800 261 16 20 
1800 262 9 
1800 263 44 
1800 264 0 
1800 265 0 
1800 266 4 14 
1800 267 2 12 15 18 
1800 268 4 9 18 20 
1800 269 1 
1800 270 0 
1800 271 46 
1800 272 3 14 
1800 273 4 20 
1800 274 4 14 
1800 275 1 18 20 
1800 276 4 9 18 20 
1800 277 0 
1800 278 4 20 
1800 279 0 
1800 280 12 20 
1800 281 31 
1800 282 12 14 15 18 
1800 283 44 
1800 284 14 15 18 
1800 285 14 
1800 286 44 
1800 287 6 
1800 288 9 
1800 289 44 
1800 290 9 
1800 291 0 
1800 292 4 
1800 293 1 
1800 294 15 
1800 295 18 20 
1800 296 0 
1800 297 6 
1800 298 34 
1800 299 9 
0 7200 
2400 0 7 9 13 17 26 29 31 33 37 44 46 47 48 63 66 70 71 72 75 80 84 87 89 90 102 103 106 113 115 117 120 121 131 140 145 146 153 158 159 167 172 184 197 200 215 218 232 250 251 256 265 277 290 291 
2400 1 18 22 23 36 44 49 62 65 68 83 85 91 97 99 123 132 150 151 156 165 169 170 173 188 190 191 192 193 198 199 206 212 214 229 243 254 268 269 274 280 295 
2400 2 14 40 161 166 206 222 244 248 273 
2400 3 12 82 116 155 188 189 
2400 4 8 14 15 16 23 34 35 36 39 41 42 56 57 59 60 68 76 83 84 85 95 96 98 105 126 130 135 137 138 139 151 155 156 165 168 179 181 182 186 188 190 191 193 207 214 230 239 254 255 282 
2400 5 10 61 148 
2400 6 8 12 14 18 28 34 69 82 96 105 143 155 160 162 168 179 181 187 190 193 203 210 214 230 231 233 236 254 259 266 267 275 292 293 299 
2400 7 0 74 86 114 157 245 288 
2400 8 4 6 12 40 54 124 126 128 138 148 162 164 182 187 196 242 254 292 
2400 9 0 15 21 38 51 52 60 64 74 78 93 98 105 109 110 118 134 139 141 168 177 186 202 221 223 224 228 234 253 276 282 284 
2400 10 5 49 147 173 209 274 280 296 
2400 11 12 
2400 12 3 6 8 11 16 20 27 36 39 40 41 42 73 74 82 84 92 96 98 104 105 107 110 119 122 126 128 130 135 139 152 155 161 162 163 164 166 168 181 183 186 187 188 189 190 194 196 203 204 205 206 208 216 224 227 231 233 238 239 242 244 246 249 255 257 258 259 267 272 273 275 282 292 298 
2400 13 0 
2400 14 2 4 6 15 16 23 35 40 44 56 59 64 69 73 76 91 95 128 129 134 137 148 166 192 195 196 198 206 207 224 236 239 242 255 262 266 268 272 273 275 284 285 296 299 
2400 15 4 9 14 18 36 40 41 57 60 76 78 84 94 96 98 105 107 109 110 111 134 139 151 160 164 165 175 178 179 186 190 191 196 203 213 219 220 225 247 264 267 282 284 
2400 16 4 12 14 35 36 42 49 56 59 69 130 178 194 198 205 206 217 236 239 244 266 275 296 299 
2400 17 0 
2400 18 1 6 15 21 23 32 34 41 42 43 49 57 67 68 69 79 82 83 84 91 96 98 105 126 127 129 130 132 133 135 139 144 151 156 165 171 179 185 191 193 195 198 201 214 231 240 254 258 267 268 285 292 295 299 
2400 19 44 
2400 20 12 
2400 21 9 18 261 
2400 22 1 
2400 23 1 4 14 18 
2400 24 44 
2400 25 74 
2400 26 0 
2400 27 12 48 176 211 226 260 
2400 28 6 
2400 29 0 
2400 30 224 
2400 31 0 45 154 281 
2400 32 18 75 287 
2400 33 0 
2400 34 4 6 18 
2400 35 4 14 16 
2400 36 1 4 12 15 16 
2400 37 0 216 
2400 38 9 
2400 39 4 12 
2400 40 2 8 12 14 15 
2400 41 4 12 15 18 
2400 42 4 12 16 18 
2400 43 18 
2400 44 0 1 14 19 24 50 58 88 112 125 136 180 235 237 252 263 283 286 289 294 
2400 45 31 
2400 46 0 174 271 279 
2400 47 0 53 108 149 
2400 48 0 27 
2400 49 1 10 16 18 
2400 50 44 
2400 51 9 
2400 52 9 
2400 53 47 
2400 54 8 
2400 55 74 
2400 56 4 14 16 
2400 57 4 15 18 
2400 58 44 
2400 59 4 14 16 
2400 60 4 9 15 
2400 61 5 
2400 62 1 
2400 63 0 
2400 64 9 14 
2400 65 1 
2400 66 0 
2400 67 18 
2400 68 1 4 18 
2400 69 6 14 16 18 
2400 70 0 
2400 71 0 
2400 72 0 
2400 73 12 14 
2400 74 7 9 12 25 55 77 100 270 
2400 75 0 32 
2400 76 4 14 15 
2400 77 74 
2400 78 9 15 
2400 79 18 
2400 80 0 
2400 81 224 
2400 82 3 6 12 18 
2400 83 1 4 18 
2400 84 0 4 12 15 18 
2400 85 1 4 
2400 86 7 101 297 
2400 87 0 
2400 88 44 
2400 89 0 
2400 90 0 
2400 91 1 14 18 
2400 92 12 
2400 93 9 
2400 94 15 
2400 95 4 14 
2400 96 4 6 12 15 18 
2400 97 1 
2400 98 4 9 12 15 18 
2400 99 1 
2400 100 74 
2400 101 86 
2400 102 0 
2400 103 0 
2400 104 12 
2400 105 4 6 9 12 15 18 
2400 106 0 
2400 107 12 15 
2400 108 47 
2400 109 9 15 
2400 110 9 12 15 
2400 111 15 
2400 112 44 
2400 113 0 
2400 114 7 
2400 115 0 
2400 116 3 
2400 117 0 
2400 118 9 
2400 119 12 
2400 120 0 
2400 121 0 
2400 122 12 
2400 123 1 
2400 124 8 
2400 125 44 
2400 126 4 8 12 18 
2400 127 18 
2400 128 8 12 14 
2400 129 14 18 
2400 130 4 12 16 18 
2400 131 0 
2400 132 1 18 
2400 133 18 
2400 134 9 14 15 
2400 135 4 12 18 
2400 136 44 
2400 137 4 14 
2400 138 4 8 
2400 139 4 9 12 15 18 
2400 140 0 
2400 141 9 
2400 142 224 
2400 143 6 
2400 144 18 
2400 145 0 
2400 146 0 
2400 147 10 
2400 148 5 8 14 
2400 149 47 
2400 150 1 
2400 151 1 4 15 18 
2400 152 12 
2400 153 0 
2400 154 31 
2400 155 3 4 6 12 
2400 156 1 4 18 
2400 157 7 
2400 158 0 
2400 159 0 
2400 160 6 15 
2400 161 2 12 
2400 162 6 8 12 
2400 163 12 
2400 164 8 12 15 
2400 165 1 4 15 18 
2400 166 2 12 14 
2400 167 0 
2400 168 4 6 9 12 
2400 169 1 
2400 170 1 
2400 171 18 
2400 172 0 
2400 173 1 10 
2400 174 46 
2400 175 15 
2400 176 27 
2400 177 9 
2400 178 15 16 
2400 179 4 6 15 18 
2400 180 44 
2400 181 4 6 12 
2400 182 4 8 
2400 183 12 
2400 184 0 
2400 185 18 
2400 186 4 9 12 15 
2400 187 6 8 12 
2400 188 1 3 4 12 
2400 189 3 12 
2400 190 1 4 6 12 15 
2400 191 1 4 15 18 
2400 192 1 14 
2400 193 1 4 6 18 
2400 194 12 16 
2400 195 14 18 
2400 196 8 12 14 15 
2400 197 0 
2400 198 1 14 16 18 
2400 199 1 
2400 200 0 
2400 201 18 
2400 202 9 
2400 203 6 12 15 
2400 204 12 
2400 205 12 16 
2400 206 1 2 12 14 16 
2400 207 4 14 
2400 208 12 
2400 209 10 
2400 210 6 
2400 211 27 
2400 212 1 
2400 213 15 
2400 214 1 4 6 18 
2400 215 0 
2400 216 12 37 241 
2400 217 16 
2400 218 0 
2400 219 15 
2400 220 15 
2400 221 9 
2400 222 2 
2400 223 9 
2400 224 9 12 14 30 81 142 278 
2400 225 15 
2400 226 27 
2400 227 12 
2400 228 9 
2400 229 1 
2400 230 4 6 
2400 231 6 12 18 
2400 232 0 
2400 233 6 12 
2400 234 9 
2400 235 44 
2400 236 6 14 16 
2400 237 44 
2400 238 12 
2400 239 4 12 14 16 
2400 240 18 
2400 241 216 
2400 242 8 12 14 
2400 243 1 
2400 244 2 12 16 
2400 245 7 
2400 246 12 
2400 247 15 
2400 248 2 
2400 249 12 
2400 250 0 
2400 251 0 
2400 252 44 
2400 253 9 
2400 254 1 4 6 8 18 
2400 255 4 12 14 
2400 256 0 
2400 257 12 
2400 258 12 18 
2400 259 6 12 
2400 260 27 
2400 261 21 
2400 262 14 
2400 263 44 
2400 264 15 
2400 265 0 
2400 266 6 14 16 
2400 267 6 12 15 18 
2400 268 1 14 18 
2400 269 1 
2400 270 74 
2400 271 46 
2400 272 12 14 
2400 273 2 12 14 
2400 274 1 10 
2400 275 6 12 14 16 
2400 276 9 
2400 277 0 
2400 278 224 
2400 279 46 
2400 280 1 10 
2400 281 31 
2400 282 4 9 12 15 
2400 283 44 
2400 284 9 14 15 
2400 285 14 18 
2400 286 44 
2400 287 32 
2400 288 7 
2400 289 44 
2400 290 0 
2400 291 0 
2400 292 6 8 12 18 
2400 293 6 
2400 294 44 
2400 295 1 18 
2400 296 10 14 16 
2400 297 86 
2400 298 12 
2400 299 6 14 16 18 
0 7200 
3000 0 7 13 17 21 26 27 29 31 33 38 44 46 48 63 70 72 77 78 80 84 87 89 90 93 98 106 111 113 115 117 120 121 128 131 140 145 146 148 153 158 159 167 177 194 195 200 202 205 215 218 232 247 251 253 254 256 264 268 271 274 277 290 
3000 1 5 12 28 35 36 44 44 60 62 64 65 66 71 75 82 83 85 91 95 97 123 141 143 150 151 164 170 173 179 182 186 206 210 239 242 243 245 252 257 265 293 
3000 2 14 67 96 162 190 222 230 272 285 
3000 3 126 155 188 204 206 281 
3000 4 6 9 10 14 16 35 36 39 41 42 47 59 64 71 82 83 84 107 109 110 118 126 130 134 135 141 147 152 155 160 168 172 181 186 191 198 204 206 207 236 242 245 255 257 261 265 275 282 288 292 
3000 5 1 
3000 6 4 8 12 14 16 18 18 23 36 42 47 68 69 73 76 96 105 126 130 132 134 138 151 155 165 166 173 179 181 187 188 189 190 197 198 203 204 230 233 257 265 280 292 
3000 7 0 40 74 114 157 
3000 8 6 10 12 14 18 23 47 54 71 82 99 124 126 130 132 138 164 166 178 179 198 203 204 209 217 233 236 239 246 257 259 265 
3000 9 4 14 16 18 36 68 196 212 258 275 288 
3000 10 4 8 16 22 49 56 59 61 73 190 193 203 214 223 233 261 
3000 11 12 144 208 227 257 
3000 12 1 6 8 11 20 32 34 35 37 39 42 43 47 59 65 71 81 82 83 84 84 85 91 95 100 101 104 109 116 122 126 127 129 130 135 152 161 164 179 183 184 188 198 236 240 241 244 248 249 257 259 261 262 266 278 282 292 295 296 297 299 
3000 13 0 
3000 14 2 4 6 8 9 16 35 44 49 51 69 85 91 92 94 95 96 98 102 105 110 118 129 137 162 168 187 190 193 195 214 216 219 230 242 258 262 273 275 288 
3000 15 46 
3000 16 4 6 9 10 14 18 18 22 23 42 54 56 61 96 105 126 130 135 147 155 162 164 169 178 181 187 188 189 190 193 199 204 206 214 229 258 291 292 
3000 17 0 
3000 18 6 6 8 9 16 16 23 27 27 36 41 42 43 47 50 56 57 61 67 68 69 73 76 84 86 92 96 98 102 105 107 109 118 121 126 130 132 133 135 137 139 142 152 155 156 162 166 168 171 181 184 185 186 187 188 189 190 191 193 195 197 201 203 204 206 214 233 238 239 255 258 260 265 267 269 270 272 273 276 282 284 285 291 292 
3000 19 44 
3000 20 12 
3000 21 0 52 
3000 22 10 16 
3000 23 6 8 16 18 
3000 24 44 
3000 25 40 
3000 26 0 
3000 27 0 18 18 32 45 79 154 298 
3000 28 1 
3000 29 0 
3000 30 32 
3000 31 0 
3000 32 12 27 30 119 176 211 226 287 
3000 33 0 
3000 34 12 
3000 35 1 4 12 14 
3000 36 1 4 6 9 18 
3000 37 12 
3000 38 0 103 192 221 228 234 
3000 39 4 12 
3000 40 7 25 55 
3000 41 4 18 
3000 42 4 6 12 16 18 
3000 43 12 18 
3000 44 0 1 1 14 19 24 58 88 112 125 136 175 180 213 220 231 235 237 250 263 283 286 289 294 
3000 45 27 
3000 46 0 15 174 225 279 
3000 47 4 6 8 12 18 
3000 48 0 
3000 49 10 14 
3000 50 18 
3000 51 14 
3000 52 21 
3000 53 89 
3000 54 8 16 
3000 55 40 
3000 56 10 16 18 
3000 57 18 
3000 58 44 
3000 59 4 10 12 
3000 60 1 
3000 61 10 16 18 
3000 62 1 
3000 63 0 
3000 64 1 4 
3000 65 1 12 
3000 66 1 
3000 67 2 18 
3000 68 6 9 18 
3000 69 6 14 18 
3000 70 0 
3000 71 1 4 8 12 
3000 72 0 
3000 73 6 10 18 
3000 74 7 
3000 75 1 
3000 76 6 18 
3000 77 0 
3000 78 0 
3000 79 27 
3000 80 0 
3000 81 12 
3000 82 1 4 8 12 
3000 83 1 4 12 
3000 84 0 4 12 12 18 
3000 85 1 12 14 
3000 86 18 
3000 87 0 
3000 88 44 
3000 89 0 53 149 
3000 90 0 
3000 91 1 12 14 
3000 92 14 18 
3000 93 0 
3000 94 14 
3000 95 1 12 14 
3000 96 2 6 14 16 18 
3000 97 1 
3000 98 0 14 18 
3000 99 8 
3000 100 12 
3000 101 12 
3000 102 14 18 
3000 103 38 
3000 104 12 
3000 105 6 14 16 18 
3000 106 0 
3000 107 4 18 
3000 108 264 
3000 109 4 12 18 
3000 110 4 14 
3000 111 0 
3000 112 44 
3000 113 0 
3000 114 7 
3000 115 0 
3000 116 12 
3000 117 0 
3000 118 4 14 18 
3000 119 32 
3000 120 0 
3000 121 0 18 224 
3000 122 12 
3000 123 1 
3000 124 8 
3000 125 44 
3000 126 3 4 6 8 12 16 18 
3000 127 12 
3000 128 0 
3000 129 12 14 
3000 130 4 6 8 12 16 18 
3000 131 0 
3000 132 6 8 18 
3000 133 18 
3000 134 4 6 
3000 135 4 12 16 18 
3000 136 44 
3000 137 14 18 
3000 138 6 8 
3000 139 18 
3000 140 0 
3000 141 1 4 
3000 142 18 
3000 143 1 
3000 144 11 
3000 145 0 
3000 146 0 
3000 147 4 16 
3000 148 0 
3000 149 89 
3000 150 1 
3000 151 1 6 
3000 152 4 12 18 
3000 153 0 
3000 154 27 
3000 155 3 4 6 16 18 
3000 156 18 
3000 157 7 
3000 158 0 
3000 159 0 
3000 160 4 
3000 161 12 
3000 162 2 14 16 18 
3000 163 195 
3000 164 1 8 12 16 
3000 165 6 
3000 166 6 8 18 
3000 167 0 
3000 168 4 14 18 
3000 169 16 
3000 170 1 
3000 171 18 
3000 172 4 
3000 173 1 6 
3000 174 46 
3000 175 44 
3000 176 32 
3000 177 0 
3000 178 8 16 
3000 179 1 6 8 12 
3000 180 44 
3000 181 4 6 16 18 
3000 182 1 
3000 183 12 
3000 184 12 18 
3000 185 18 
3000 186 1 4 18 
3000 187 6 14 16 18 
3000 188 3 6 12 16 18 
3000 189 6 16 18 
3000 190 2 6 10 14 16 18 
3000 191 4 18 
3000 192 38 
3000 193 10 14 16 18 
3000 194 0 
3000 195 0 14 18 163 
3000 196 9 
3000 197 6 18 
3000 198 4 6 8 12 
3000 199 16 
3000 200 0 
3000 201 18 
3000 202 0 
3000 203 6 8 10 18 
3000 204 3 4 6 8 16 18 
3000 205 0 
3000 206 1 3 4 16 18 
3000 207 4 
3000 208 11 
3000 209 8 
3000 210 1 
3000 211 32 
3000 212 9 
3000 213 44 
3000 214 10 14 16 18 
3000 215 0 
3000 216 14 
3000 217 8 
3000 218 0 
3000 219 14 
3000 220 44 
3000 221 38 
3000 222 2 
3000 223 10 
3000 224 121 
3000 225 46 
3000 226 32 
3000 227 11 
3000 228 38 
3000 229 16 
3000 230 2 6 14 
3000 231 44 
3000 232 0 
3000 233 6 8 10 18 
3000 234 38 
3000 235 44 
3000 236 4 8 12 
3000 237 44 
3000 238 18 
3000 239 1 8 18 
3000 240 12 
3000 241 12 
3000 242 1 4 14 
3000 243 1 
3000 244 12 
3000 245 1 4 
3000 246 8 
3000 247 0 
3000 248 12 
3000 249 12 
3000 250 44 
3000 251 0 
3000 252 1 
3000 253 0 
3000 254 0 
3000 255 4 18 
3000 256 0 
3000 257 1 4 6 8 11 12 
3000 258 9 14 16 18 
3000 259 8 12 
3000 260 18 
3000 261 4 10 12 
3000 262 12 14 
3000 263 44 
3000 264 0 108 
3000 265 1 4 6 8 18 
3000 266 12 
3000 267 18 
3000 268 0 
3000 269 18 
3000 270 18 
3000 271 0 
3000 272 2 18 
3000 273 14 18 
3000 274 0 
3000 275 4 9 14 
3000 276 18 
3000 277 0 
3000 278 12 
3000 279 46 
3000 280 6 
3000 281 3 
3000 282 4 12 18 
3000 283 44 
3000 284 18 
3000 285 2 18 
3000 286 44 
3000 287 32 
3000 288 4 9 14 
3000 289 44 
3000 290 0 
3000 291 16 18 
3000 292 4 6 12 16 18 
3000 293 1 
3000 294 44 
3000 295 12 
3000 296 12 
3000 297 12 
3000 298 27 
3000 299 12 
0 7200 
3600 0 6 7 13 17 26 29 31 38 44 46 48 52 55 63 70 71 72 77 80 87 89 90 111 113 115 120 131 140 146 148 167 194 195 199 200 215 232 247 250 251 253 256 268 274 290 
3600 1 12 21 22 27 33 35 41 44 60 62 65 66 68 92 93 95 97 99 107 123 124 125 132 134 135 147 169 191 196 198 209 210 225 236 243 249 258 275 280 284 
3600 2 16 61 79 109 129 144 162 164 211 226 261 295 
3600 3 109 126 187 204 
3600 4 8 9 10 14 16 21 27 34 39 41 42 44 49 68 69 76 86 91 93 96 98 105 107 118 126 132 134 135 137 141 155 173 178 179 181 182 184 188 190 204 205 206 219 229 245 246 257 259 265 275 277 282 284 288 292 
3600 5 165 259 296 
3600 6 0 19 24 27 36 41 44 51 57 58 73 78 84 86 88 89 94 98 103 105 106 107 110 112 118 121 136 139 143 150 153 156 174 175 177 180 191 192 201 202 216 218 220 221 228 231 234 235 237 245 255 260 263 271 282 283 286 291 294 
3600 7 0 40 114 203 
3600 8 4 9 16 18 28 33 49 56 61 83 99 164 165 173 178 179 182 190 193 198 212 214 217 257 258 
3600 9 4 8 10 16 18 18 23 42 59 85 95 105 130 164 166 170 204 214 218 223 257 277 292 
3600 10 4 9 27 36 47 76 85 156 179 190 213 
3600 11 12 122 135 183 238 269 
3600 12 1 11 27 30 33 34 35 42 43 50 65 68 75 76 91 95 98 104 105 130 133 135 151 155 158 161 163 177 181 188 189 197 198 222 233 236 244 248 257 260 261 265 266 270 273 275 280 282 289 292 293 298 
3600 13 0 
3600 14 4 18 23 32 35 39 42 49 69 79 82 105 109 116 126 129 130 155 158 161 166 171 181 186 187 188 204 206 208 211 222 238 242 244 257 258 264 277 292 293 297 298 
3600 15 46 
3600 16 2 4 8 9 33 56 59 76 132 138 162 164 168 173 178 179 182 193 213 214 239 
3600 17 0 39 43 45 52 57 69 70 74 78 84 86 98 102 105 117 135 139 145 152 154 155 159 168 188 201 207 227 230 255 262 282 285 299 
3600 18 8 9 9 14 23 32 36 39 41 42 47 49 52 54 56 57 59 64 67 69 70 74 79 82 83 84 85 86 98 105 109 116 126 127 128 129 130 137 139 142 144 152 155 156 157 162 164 166 168 171 177 179 181 184 185 186 187 188 190 191 193 204 206 208 214 218 219 233 240 242 254 255 257 258 260 262 264 265 267 272 276 277 282 284 285 291 292 293 295 299 
3600 19 6 108 
3600 20 43 
3600 21 1 4 
3600 22 1 
3600 23 9 14 18 
3600 24 6 172 
3600 25 52 287 
3600 26 0 
3600 27 1 4 6 10 12 160 
3600 28 8 
3600 29 0 
3600 30 12 
3600 31 0 
3600 32 14 18 
3600 33 1 8 12 16 
3600 34 4 12 
3600 35 1 12 14 
3600 36 6 10 18 
3600 37 41 
3600 38 0 
3600 39 4 14 17 18 
3600 40 7 101 
3600 41 1 4 6 18 37 100 
3600 42 4 9 12 14 18 
3600 43 12 17 20 81 119 176 241 
3600 44 0 1 4 6 252 281 
3600 45 17 
3600 46 0 15 278 279 
3600 47 10 18 
3600 48 0 
3600 49 4 8 14 18 
3600 50 12 
3600 51 6 
3600 52 0 17 18 25 224 
3600 53 89 
3600 54 18 
3600 55 0 
3600 56 8 16 18 
3600 57 6 17 18 
3600 58 6 
3600 59 9 16 18 
3600 60 1 
3600 61 2 8 
3600 62 1 
3600 63 0 
3600 64 18 
3600 65 1 12 
3600 66 1 
3600 67 18 
3600 68 1 4 12 
3600 69 4 14 17 18 
3600 70 0 17 18 
3600 71 0 
3600 72 0 
3600 73 6 
3600 74 17 18 
3600 75 12 
3600 76 4 10 12 16 
3600 77 0 
3600 78 6 17 
3600 79 2 14 18 
3600 80 0 
3600 81 43 
3600 82 14 18 
3600 83 8 18 
3600 84 6 17 18 
3600 85 9 10 18 
3600 86 4 6 17 18 
3600 87 0 
3600 88 6 
3600 89 0 6 53 149 
3600 90 0 
3600 91 4 12 
3600 92 1 
3600 93 1 4 
3600 94 6 
3600 95 1 9 12 
3600 96 4 
3600 97 1 
3600 98 4 6 12 17 18 
3600 99 1 8 
3600 100 41 
3600 101 40 
3600 102 17 
3600 103 6 
3600 104 12 
3600 105 4 6 9 12 14 17 18 
3600 106 6 
3600 107 1 4 6 
3600 108 19 
3600 109 2 3 14 18 
3600 110 6 
3600 111 0 
3600 112 6 
3600 113 0 
3600 114 7 
3600 115 0 
3600 116 14 18 
3600 117 17 
3600 118 4 6 
3600 119 43 
3600 120 0 
3600 121 6 
3600 122 11 
3600 123 1 
3600 124 1 
3600 125 1 
3600 126 3 4 14 18 
3600 127 18 
3600 128 18 
3600 129 2 14 18 
3600 130 9 12 14 18 
3600 131 0 
3600 132 1 4 16 
3600 133 12 
3600 134 1 4 
3600 135 1 4 11 12 17 
3600 136 6 
3600 137 4 18 
3600 138 16 
3600 139 6 17 18 
3600 140 0 
3600 141 4 
3600 142 18 
3600 143 6 
3600 144 2 18 
3600 145 17 
3600 146 0 
3600 147 1 
3600 148 0 
3600 149 89 
3600 150 6 
3600 151 12 
3600 152 17 18 
3600 153 6 
3600 154 17 
3600 155 4 12 14 17 18 
3600 156 6 10 18 
3600 157 18 
3600 158 12 14 
3600 159 17 
3600 160 27 
3600 161 12 14 
3600 162 2 16 18 
3600 163 12 
3600 164 2 8 9 16 18 
3600 165 5 8 
3600 166 9 14 18 
3600 167 0 
3600 168 16 17 18 
3600 169 1 
3600 170 9 
3600 171 14 18 
3600 172 24 
3600 173 4 8 16 
3600 174 6 
3600 175 6 
3600 176 43 
3600 177 6 12 18 
3600 178 4 8 16 
3600 179 4 8 10 16 18 
3600 180 6 
3600 181 4 12 14 18 
3600 182 4 8 16 
3600 183 11 
3600 184 4 18 
3600 185 18 
3600 186 14 18 
3600 187 3 14 18 
3600 188 4 12 14 17 18 
3600 189 12 
3600 190 4 8 10 18 
3600 191 1 6 18 
3600 192 6 
3600 193 8 16 18 
3600 194 0 
3600 195 0 
3600 196 1 
3600 197 12 
3600 198 1 8 12 
3600 199 0 
3600 200 0 
3600 201 6 17 
3600 202 6 
3600 203 7 
3600 204 3 4 9 14 18 
3600 205 4 
3600 206 4 14 18 
3600 207 17 
3600 208 14 18 
3600 209 1 
3600 210 1 
3600 211 2 14 
3600 212 8 
3600 213 10 16 
3600 214 8 9 16 18 
3600 215 0 
3600 216 6 
3600 217 8 
3600 218 6 9 18 
3600 219 4 18 
3600 220 6 
3600 221 6 
3600 222 12 14 
3600 223 9 
3600 224 52 
3600 225 1 
3600 226 2 
3600 227 17 
3600 228 6 
3600 229 4 
3600 230 17 
3600 231 6 
3600 232 0 
3600 233 12 18 
3600 234 6 
3600 235 6 
3600 236 1 12 
3600 237 6 
3600 238 11 14 
3600 239 16 
3600 240 18 
3600 241 43 
3600 242 14 18 
3600 243 1 
3600 244 12 14 
3600 245 4 6 
3600 246 4 
3600 247 0 
3600 248 12 
3600 249 1 
3600 250 0 
3600 251 0 
3600 252 44 
3600 253 0 
3600 254 18 
3600 255 6 17 18 
3600 256 0 
3600 257 4 8 9 12 14 18 
3600 258 1 8 14 18 
3600 259 4 5 
3600 260 6 12 18 
3600 261 2 12 
3600 262 17 18 
3600 263 6 
3600 264 14 18 
3600 265 4 12 18 
3600 266 12 
3600 267 18 
3600 268 0 
3600 269 11 
3600 270 12 
3600 271 6 
3600 272 18 
3600 273 12 
3600 274 0 
3600 275 1 4 12 
3600 276 18 
3600 277 4 9 14 18 
3600 278 46 
3600 279 46 
3600 280 1 12 
3600 281 44 
3600 282 4 6 12 17 18 
3600 283 6 
3600 284 1 4 18 
3600 285 17 18 
3600 286 6 
3600 287 25 
3600 288 4 
3600 289 12 
3600 290 0 
3600 291 6 18 
3600 292 4 9 12 14 18 
3600 293 12 14 18 
3600 294 6 
3600 295 2 18 
3600 296 5 
3600 297 14 
3600 298 12 14 
3600 299 17 18 
0 7200 
4200 0 16 17 26 31 44 46 52 62 63 70 71 72 77 78 80 82 87 89 94 96 106 113 131 140 145 148 159 185 194 199 215 225 232 247 250 254 256 268 270 271 275 288 290 
4200 1 9 10 19 21 28 35 38 42 44 49 54 64 66 83 84 92 99 110 120 123 124 134 138 143 153 169 170 173 182 187 188 191 202 210 223 249 274 280 281 
4200 2 18 34 39 42 115 126 151 155 158 257 
4200 3 25 33 155 161 211 274 299 
4200 4 8 12 14 18 21 28 33 38 41 47 56 64 68 84 85 91 98 107 109 118 130 134 135 137 139 156 162 164 168 177 181 184 187 190 191 212 229 239 242 243 244 245 258 274 278 281 295 
4200 5 179 
4200 6 8 12 12 14 14 23 27 28 29 33 37 39 41 42 43 44 47 50 52 54 55 57 69 70 73 79 86 95 98 102 105 109 110 116 117 118 121 126 128 130 132 135 139 143 146 151 152 155 156 157 160 161 162 164 165 166 168 171 177 181 184 187 189 190 193 198 201 203 204 205 209 211 214 216 218 219 224 240 242 244 255 257 258 260 261 265 274 277 282 285 289 293 299 
4200 7 42 
4200 8 4 6 21 27 33 47 55 95 97 126 130 132 166 189 190 196 198 204 214 257 265 277 
4200 9 1 22 56 59 60 76 179 204 246 259 272 277 
4200 10 1 
4200 11 42 
4200 12 4 6 6 14 18 23 24 27 28 33 34 38 41 55 61 65 67 70 70 76 98 100 101 104 117 126 128 130 139 143 152 162 166 168 171 177 179 181 184 186 187 189 190 198 202 203 204 211 233 240 246 255 257 258 265 266 277 278 280 284 285 293 295 299 
4200 13 217 233 238 248 259 273 278 
4200 14 4 6 6 12 18 23 33 41 55 69 73 75 79 81 116 117 122 126 128 130 155 161 162 164 166 171 181 204 206 211 222 226 231 238 240 242 257 258 273 274 277 285 293 297 
4200 15 46 
4200 16 0 51 150 276 
4200 17 0 28 36 40 42 43 45 48 50 52 57 70 74 86 90 93 107 111 114 127 129 135 152 154 167 195 207 230 240 251 253 262 264 282 289 291 298 
4200 18 2 4 12 14 29 32 39 42 43 47 49 52 64 67 68 69 74 76 79 83 84 85 91 102 105 107 109 115 116 126 127 129 134 135 142 147 155 156 157 158 160 178 204 236 240 245 257 260 262 264 269 277 278 282 291 
4200 19 1 
4200 20 42 
4200 21 1 4 8 
4200 22 9 
4200 23 6 12 14 
4200 24 12 
4200 25 3 52 287 
4200 26 0 
4200 27 6 8 12 
4200 28 1 4 6 12 17 
4200 29 6 18 
4200 30 42 
4200 31 0 
4200 32 18 
4200 33 3 4 6 8 12 14 
4200 34 2 12 
4200 35 1 
4200 36 17 
4200 37 6 
4200 38 1 4 12 
4200 39 2 6 18 
4200 40 17 183 
4200 41 4 6 12 14 
4200 42 1 2 6 7 11 17 18 20 30 119 176 241 
4200 43 6 17 18 
4200 44 0 1 6 58 88 103 112 125 133 136 141 175 180 192 197 200 208 213 220 221 227 228 234 235 237 252 263 267 283 286 294 296 
4200 45 17 
4200 46 0 15 174 279 292 
4200 47 4 6 8 18 
4200 48 17 
4200 49 1 18 
4200 50 6 17 
4200 51 16 108 172 
4200 52 0 6 17 18 25 144 163 
4200 53 89 
4200 54 1 6 
4200 55 6 8 12 14 
4200 56 4 9 
4200 57 6 17 
4200 58 44 
4200 59 9 
4200 60 9 
4200 61 12 
4200 62 0 
4200 63 0 
4200 64 1 4 18 
4200 65 12 
4200 66 1 
4200 67 12 18 
4200 68 4 18 
4200 69 6 14 18 
4200 70 0 6 12 12 17 
4200 71 0 
4200 72 0 
4200 73 6 14 
4200 74 17 18 
4200 75 14 
4200 76 9 12 18 
4200 77 0 
4200 78 0 
4200 79 6 14 18 
4200 80 0 
4200 81 14 
4200 82 0 
4200 83 1 18 
4200 84 1 4 18 
4200 85 4 18 
4200 86 6 17 
4200 87 0 
4200 88 44 
4200 89 0 53 149 
4200 90 17 
4200 91 4 18 
4200 92 1 
4200 93 17 
4200 94 0 
4200 95 6 8 
4200 96 0 
4200 97 8 
4200 98 4 6 12 
4200 99 1 
4200 100 12 
4200 101 12 
4200 102 6 18 
4200 103 44 
4200 104 12 
4200 105 6 18 
4200 106 0 
4200 107 4 17 18 
4200 108 51 
4200 109 4 6 18 
4200 110 1 6 
4200 111 17 
4200 112 44 
4200 113 0 
4200 114 17 
4200 115 2 18 
4200 116 6 14 18 
4200 117 6 12 14 
4200 118 4 6 
4200 119 42 
4200 120 1 
4200 121 6 
4200 122 14 
4200 123 1 
4200 124 1 
4200 125 44 
4200 126 2 6 8 12 14 18 
4200 127 17 18 
4200 128 6 12 14 
4200 129 17 18 
4200 130 4 6 8 12 14 
4200 131 0 
4200 132 6 8 
4200 133 44 
4200 134 1 4 18 
4200 135 4 6 17 18 
4200 136 44 
4200 137 4 
4200 138 1 
4200 139 4 6 12 
4200 140 0 
4200 141 44 
4200 142 18 
4200 143 1 6 12 
4200 144 52 
4200 145 0 
4200 146 6 
4200 147 18 
4200 148 0 
4200 149 89 
4200 150 16 
4200 151 2 6 
4200 152 6 12 17 
4200 153 1 
4200 154 17 
4200 155 2 3 6 14 18 
4200 156 4 6 18 
4200 157 6 18 
4200 158 2 18 
4200 159 0 
4200 160 6 18 
4200 161 3 6 14 
4200 162 4 6 12 14 
4200 163 52 
4200 164 4 6 14 
4200 165 6 
4200 166 6 8 12 14 
4200 167 17 
4200 168 4 6 12 
4200 169 1 
4200 170 1 
4200 171 6 12 14 
4200 172 51 
4200 173 1 
4200 174 46 
4200 175 44 
4200 176 42 
4200 177 4 6 12 
4200 178 18 
4200 179 5 9 12 
4200 180 44 
4200 181 4 6 12 14 
4200 182 1 
4200 183 40 
4200 184 4 6 12 
4200 185 0 
4200 186 12 
4200 187 1 4 6 12 
4200 188 1 
4200 189 6 8 12 
4200 190 4 6 8 12 
4200 191 1 4 
4200 192 44 
4200 193 6 
4200 194 0 
4200 195 17 
4200 196 8 
4200 197 44 
4200 198 6 8 12 
4200 199 0 
4200 200 44 
4200 201 6 
4200 202 1 12 
4200 203 6 12 
4200 204 6 8 9 12 14 18 
4200 205 6 
4200 206 14 
4200 207 17 
4200 208 44 
4200 209 6 
4200 210 1 
4200 211 3 6 12 14 
4200 212 4 
4200 213 44 
4200 214 6 8 
4200 215 0 
4200 216 6 
4200 217 13 
4200 218 6 
4200 219 6 
4200 220 44 
4200 221 44 
4200 222 14 
4200 223 1 
4200 224 6 
4200 225 0 
4200 226 14 
4200 227 44 
4200 228 44 
4200 229 4 
4200 230 17 
4200 231 14 
4200 232 0 
4200 233 12 13 
4200 234 44 
4200 235 44 
4200 236 18 
4200 237 44 
4200 238 13 14 
4200 239 4 
4200 240 6 12 14 17 18 
4200 241 42 
4200 242 4 6 14 
4200 243 4 
4200 244 4 6 
4200 245 4 18 
4200 246 9 12 
4200 247 0 
4200 248 13 
4200 249 1 
4200 250 0 
4200 251 17 
4200 252 44 
4200 253 17 
4200 254 0 
4200 255 6 12 
4200 256 0 
4200 257 2 6 8 12 14 18 
4200 258 4 6 12 14 
4200 259 9 13 
4200 260 6 18 
4200 261 6 
4200 262 17 18 
4200 263 44 
4200 264 17 18 
4200 265 6 8 12 
4200 266 12 
4200 267 44 
4200 268 0 
4200 269 18 
4200 270 0 
4200 271 0 
4200 272 9 
4200 273 13 14 
4200 274 1 3 4 6 14 
4200 275 0 
4200 276 16 
4200 277 6 8 9 12 14 18 
4200 278 4 12 13 18 
4200 279 46 
4200 280 1 12 
4200 281 1 4 
4200 282 6 17 18 
4200 283 44 
4200 284 12 
4200 285 6 12 14 
4200 286 44 
4200 287 25 
4200 288 0 
4200 289 6 17 
4200 290 0 
4200 291 17 18 
4200 292 46 
4200 293 6 12 14 
4200 294 44 
4200 295 4 12 
4200 296 44 
4200 297 14 
4200 298 17 
4200 299 3 6 12 
0 7200 
4800 0 11 16 26 31 43 44 46 48 52 63 70 72 73 80 82 89 93 94 111 113 115 118 131 132 140 142 146 148 160 161 163 185 194 195 206 210 215 216 225 247 250 253 256 258 268 271 275 290 
4800 1 10 18 19 29 44 66 97 120 123 124 138 147 153 164 170 173 181 182 188 191 196 197 213 223 229 239 243 245 249 272 
4800 2 17 33 54 55 85 128 135 159 186 187 204 212 214 240 264 274 
4800 3 8 33 42 114 204 
4800 4 12 14 18 27 33 34 35 39 41 42 57 61 69 76 77 84 85 86 90 91 95 99 105 107 126 141 143 152 156 162 176 189 190 204 212 217 232 240 246 255 259 265 274 277 280 282 293 
4800 5 21 
4800 6 22 37 59 166 266 284 291 293 
4800 7 17 
4800 8 3 12 17 18 23 24 25 30 33 36 38 39 41 47 49 54 55 56 61 65 69 81 85 100 130 135 143 152 171 183 187 198 199 204 211 222 241 262 264 269 274 284 285 287 293 295 299 
4800 9 55 
4800 10 1 
4800 11 0 39 51 64 108 150 157 207 
4800 12 4 8 14 17 17 18 23 27 34 36 38 39 41 42 55 56 59 65 67 68 69 70 70 74 75 79 83 84 85 98 101 104 109 110 127 128 130 135 151 152 155 167 168 171 177 179 181 190 204 211 214 232 251 255 260 261 262 267 273 274 277 282 285 293 295 
4800 13 28 35 76 86 92 96 98 105 106 107 118 168 177 190 193 205 218 270 
4800 14 4 12 17 17 18 33 39 41 42 47 54 55 79 81 85 100 101 109 114 116 119 122 128 130 135 143 144 151 152 155 158 159 167 171 179 181 186 187 190 203 204 211 236 238 240 242 244 264 269 273 274 277 285 289 298 
4800 15 46 
4800 16 0 
4800 17 2 7 8 12 12 14 14 23 28 33 39 41 42 43 44 49 50 54 55 57 62 70 74 76 78 79 84 85 86 87 92 98 102 109 114 116 121 127 129 130 135 144 151 152 154 155 159 162 164 167 168 171 177 179 181 183 186 187 189 190 198 203 204 205 209 211 214 218 221 224 230 232 238 240 241 242 254 255 260 262 264 265 267 269 270 273 274 276 277 282 285 289 295 298 299 
4800 18 1 4 8 12 14 28 29 35 37 44 49 50 74 76 86 87 91 92 102 109 118 129 155 156 162 164 179 181 186 191 198 199 201 203 212 219 233 245 246 261 270 280 281 289 
4800 19 1 
4800 20 33 
4800 21 5 44 169 
4800 22 6 
4800 23 8 12 17 
4800 24 8 
4800 25 8 
4800 26 0 
4800 27 4 12 
4800 28 13 17 18 
4800 29 1 18 
4800 30 8 
4800 31 0 40 45 145 192 
4800 32 44 
4800 33 2 3 4 8 14 17 20 43 117 202 248 288 
4800 34 4 12 
4800 35 4 13 18 
4800 36 8 12 
4800 37 6 18 
4800 38 8 12 
4800 39 4 8 11 12 14 17 71 231 
4800 40 31 
4800 41 4 8 12 14 17 
4800 42 3 4 12 14 17 
4800 43 0 17 33 55 257 
4800 44 0 1 17 18 21 32 58 88 103 112 125 133 134 136 137 165 175 178 180 200 208 220 227 228 234 235 237 252 263 278 283 286 294 296 
4800 45 31 
4800 46 0 15 139 174 184 279 292 
4800 47 8 14 
4800 48 0 
4800 49 8 17 18 
4800 50 17 18 
4800 51 11 60 172 
4800 52 0 
4800 53 89 
4800 54 2 8 14 17 
4800 55 2 8 9 12 14 17 43 
4800 56 8 12 
4800 57 4 17 
4800 58 44 
4800 59 6 12 
4800 60 51 
4800 61 4 8 
4800 62 17 
4800 63 0 
4800 64 11 
4800 65 8 12 
4800 66 1 
4800 67 12 
4800 68 12 
4800 69 4 8 12 
4800 70 0 12 12 17 
4800 71 39 
4800 72 0 
4800 73 0 
4800 74 12 17 18 
4800 75 12 
4800 76 4 13 17 18 
4800 77 4 
4800 78 17 
4800 79 12 14 17 
4800 80 0 
4800 81 8 14 
4800 82 0 
4800 83 12 
4800 84 4 12 17 
4800 85 2 4 8 12 14 17 
4800 86 4 13 17 18 
4800 87 17 18 
4800 88 44 
4800 89 0 53 149 
4800 90 4 
4800 91 4 18 
4800 92 13 17 18 
4800 93 0 
4800 94 0 
4800 95 4 
4800 96 13 
4800 97 1 
4800 98 12 13 17 
4800 99 4 
4800 100 8 14 
4800 101 12 14 
4800 102 17 18 
4800 103 44 
4800 104 12 
4800 105 4 13 
4800 106 13 
4800 107 4 13 
4800 108 11 226 297 
4800 109 12 14 17 18 
4800 110 12 
4800 111 0 
4800 112 44 
4800 113 0 
4800 114 3 14 17 
4800 115 0 
4800 116 14 17 
4800 117 33 
4800 118 0 13 18 
4800 119 14 
4800 120 1 
4800 121 17 
4800 122 14 
4800 123 1 
4800 124 1 
4800 125 44 
4800 126 4 
4800 127 12 17 
4800 128 2 12 14 
4800 129 17 18 
4800 130 8 12 14 17 
4800 131 0 
4800 132 0 
4800 133 44 
4800 134 44 
4800 135 2 8 12 14 17 
4800 136 44 
4800 137 44 
4800 138 1 
4800 139 46 
4800 140 0 
4800 141 4 
4800 142 0 
4800 143 4 8 14 
4800 144 14 17 
4800 145 31 
4800 146 0 
4800 147 1 
4800 148 0 
4800 149 89 
4800 150 11 
4800 151 12 14 17 
4800 152 4 8 12 14 17 
4800 153 1 
4800 154 17 
4800 155 12 14 17 18 
4800 156 4 18 
4800 157 11 
4800 158 14 
4800 159 2 14 17 
4800 160 0 
4800 161 0 
4800 162 4 17 18 
4800 163 0 
4800 164 1 17 18 
4800 165 44 
4800 166 6 
4800 167 12 14 17 
4800 168 12 13 17 
4800 169 21 
4800 170 1 
4800 171 8 12 14 17 
4800 172 51 
4800 173 1 
4800 174 46 
4800 175 44 
4800 176 4 
4800 177 12 13 17 
4800 178 44 
4800 179 12 14 17 18 
4800 180 44 
4800 181 1 12 14 17 18 
4800 182 1 
4800 183 8 17 
4800 184 46 
4800 185 0 
4800 186 2 14 17 18 
4800 187 2 8 14 17 
4800 188 1 
4800 189 4 17 
4800 190 4 12 13 14 17 
4800 191 1 18 
4800 192 31 
4800 193 13 
4800 194 0 
4800 195 0 
4800 196 1 
4800 197 1 
4800 198 8 17 18 
4800 199 8 18 
4800 200 44 
4800 201 18 
4800 202 33 
4800 203 14 17 18 
4800 204 2 3 4 8 12 14 17 
4800 205 13 17 
4800 206 0 
4800 207 11 
4800 208 44 
4800 209 17 
4800 210 0 
4800 211 8 12 14 17 
4800 212 2 4 18 
4800 213 1 
4800 214 2 12 17 
4800 215 0 
4800 216 0 
4800 217 4 
4800 218 13 17 
4800 219 18 
4800 220 44 
4800 221 17 
4800 222 8 
4800 223 1 
4800 224 17 
4800 225 0 
4800 226 108 
4800 227 44 
4800 228 44 
4800 229 1 
4800 230 17 
4800 231 39 
4800 232 4 12 17 
4800 233 18 
4800 234 44 
4800 235 44 
4800 236 14 
4800 237 44 
4800 238 14 17 
4800 239 1 
4800 240 2 4 14 17 
4800 241 8 17 
4800 242 14 17 
4800 243 1 
4800 244 14 
4800 245 1 18 
4800 246 4 18 
4800 247 0 
4800 248 33 
4800 249 1 
4800 250 0 
4800 251 12 
4800 252 44 
4800 253 0 
4800 254 17 
4800 255 4 12 17 
4800 256 0 
4800 257 43 
4800 258 0 
4800 259 4 
4800 260 12 17 
4800 261 12 18 
4800 262 8 12 17 
4800 263 44 
4800 264 2 8 14 17 
4800 265 4 17 
4800 266 6 
4800 267 12 17 
4800 268 0 
4800 269 8 14 17 
4800 270 13 17 18 
4800 271 0 
4800 272 1 
4800 273 12 14 17 
4800 274 2 4 8 12 14 17 
4800 275 0 
4800 276 17 
4800 277 4 12 14 17 
4800 278 44 
4800 279 46 
4800 280 4 18 
4800 281 18 
4800 282 4 12 17 
4800 283 44 
4800 284 6 8 
4800 285 8 12 14 17 
4800 286 44 
4800 287 8 
4800 288 33 
4800 289 14 17 18 
4800 290 0 
4800 291 6 
4800 292 46 
4800 293 4 6 8 12 
4800 294 44 
4800 295 8 12 17 
4800 296 44 
4800 297 108 
4800 298 14 17 
4800 299 8 17 
0 7200 
5400 0 11 16 18 20 26 31 34 43 46 48 52 62 63 70 82 94 98 102 107 111 113 132 140 142 148 150 161 163 177 185 194 195 205 206 210 216 225 250 251 258 275 285 290 
5400 1 21 22 23 24 27 28 65 66 73 76 89 95 99 106 107 107 123 124 125 126 137 141 147 153 164 188 196 212 217 223 229 236 247 252 272 280 
5400 2 12 41 101 121 179 262 
5400 3 17 33 38 83 154 204 274 
5400 4 8 9 12 23 24 28 33 35 72 73 76 84 85 86 89 90 91 98 107 109 110 117 118 135 138 155 158 164 166 173 176 177 178 186 193 199 204 239 240 243 245 246 247 249 259 274 276 277 291 293 
5400 5 56 213 
5400 6 7 8 14 23 28 34 36 38 45 47 50 52 54 57 59 67 69 70 71 76 80 81 84 85 97 102 109 112 115 116 118 122 135 144 151 155 157 160 164 167 171 177 180 181 186 189 192 202 209 211 223 224 226 240 268 274 293 
5400 7 6 109 159 222 241 245 
5400 8 4 6 12 14 17 17 33 41 54 55 56 59 61 76 79 85 95 96 97 109 114 129 130 135 151 152 155 167 171 180 181 183 190 198 204 214 219 233 240 244 274 295 298 299 
5400 9 4 49 55 72 77 117 130 143 190 204 213 249 
5400 10 32 
5400 11 0 28 34 44 51 57 62 70 74 80 84 87 93 97 98 102 131 145 150 166 182 186 199 201 205 207 237 253 255 256 260 270 282 
5400 12 2 4 8 14 41 49 70 75 78 79 104 119 120 121 128 144 158 168 179 182 187 198 203 212 232 245 246 247 249 255 259 262 264 265 266 273 284 288 289 293 
5400 13 18 27 32 35 42 53 55 57 62 64 84 86 98 105 107 110 125 136 141 156 170 172 174 177 190 193 215 218 228 240 242 270 271 281 291 
5400 14 6 8 12 17 25 33 38 59 67 69 83 85 97 109 128 130 152 164 167 181 183 187 189 190 204 211 219 231 232 240 273 274 277 295 298 299 
5400 15 46 
5400 16 0 
5400 17 3 8 8 14 25 27 33 34 37 38 41 55 57 62 70 77 78 79 84 85 86 96 97 98 101 102 107 108 114 118 121 127 128 129 130 135 141 143 146 152 154 155 156 166 168 171 177 179 181 182 186 190 191 199 203 204 205 219 221 222 230 231 232 233 238 240 244 249 253 254 255 260 262 264 265 267 269 270 273 274 276 277 282 289 295 298 299 
5400 18 0 13 30 32 88 92 100 103 220 227 234 235 278 283 294 
5400 19 32 
5400 20 0 40 257 
5400 21 1 
5400 22 1 
5400 23 1 4 6 
5400 24 1 4 
5400 25 14 17 52 287 
5400 26 0 
5400 27 1 13 17 
5400 28 1 4 6 11 214 
5400 29 107 
5400 30 18 
5400 31 0 
5400 32 10 13 18 19 
5400 33 3 4 8 14 17 
5400 34 0 6 11 17 41 59 
5400 35 4 13 
5400 36 6 
5400 37 17 
5400 38 3 6 14 17 
5400 39 46 
5400 40 20 
5400 41 2 8 12 17 34 68 261 
5400 42 13 
5400 43 0 
5400 44 11 
5400 45 6 
5400 46 0 15 39 58 133 139 175 184 208 263 279 286 292 297 
5400 47 6 
5400 48 0 
5400 49 9 12 
5400 50 6 
5400 51 11 60 
5400 52 0 6 25 
5400 53 13 
5400 54 6 8 
5400 55 8 9 13 17 
5400 56 5 8 
5400 57 6 11 13 17 
5400 58 46 
5400 59 6 8 14 34 248 
5400 60 51 
5400 61 8 
5400 62 0 11 13 17 
5400 63 0 
5400 64 13 
5400 65 1 
5400 66 1 
5400 67 6 14 
5400 68 41 
5400 69 6 14 
5400 70 0 6 11 12 17 
5400 71 6 
5400 72 4 9 
5400 73 1 4 107 169 
5400 74 11 
5400 75 12 
5400 76 1 4 6 8 
5400 77 9 17 
5400 78 12 17 
5400 79 8 12 17 
5400 80 6 11 
5400 81 6 
5400 82 0 
5400 83 3 14 
5400 84 4 6 11 13 17 
5400 85 4 6 8 14 17 
5400 86 4 13 17 
5400 87 11 
5400 88 18 
5400 89 1 4 
5400 90 4 
5400 91 4 
5400 92 18 
5400 93 11 
5400 94 0 
5400 95 1 8 
5400 96 8 17 
5400 97 6 8 11 14 17 
5400 98 0 4 11 13 17 
5400 99 1 
5400 100 18 
5400 101 2 17 
5400 102 0 6 11 17 
5400 103 18 
5400 104 12 
5400 105 13 
5400 106 1 
5400 107 0 1 1 4 13 17 29 73 134 
5400 108 17 
5400 109 4 6 7 8 14 
5400 110 4 13 
5400 111 0 
5400 112 6 
5400 113 0 
5400 114 8 17 
5400 115 6 
5400 116 6 
5400 117 4 9 
5400 118 4 6 17 
5400 119 12 
5400 120 12 
5400 121 2 12 17 
5400 122 6 
5400 123 1 
5400 124 1 
5400 125 1 13 
5400 126 1 
5400 127 17 
5400 128 12 14 17 
5400 129 8 17 
5400 130 8 9 14 17 
5400 131 11 
5400 132 0 
5400 133 46 
5400 134 107 
5400 135 4 6 8 17 
5400 136 13 
5400 137 1 
5400 138 4 
5400 139 46 
5400 140 0 
5400 141 1 13 17 
5400 142 0 
5400 143 9 17 
5400 144 6 12 
5400 145 11 
5400 146 17 
5400 147 1 
5400 148 0 
5400 149 150 
5400 150 0 11 149 200 296 
5400 151 6 8 
5400 152 8 14 17 
5400 153 1 
5400 154 3 17 
5400 155 4 6 8 17 
5400 156 13 17 
5400 157 6 
5400 158 4 12 
5400 159 7 
5400 160 6 
5400 161 0 
5400 162 214 
5400 163 0 
5400 164 1 4 6 14 
5400 165 205 
5400 166 4 11 17 
5400 167 6 8 14 
5400 168 12 17 
5400 169 73 
5400 170 13 
5400 171 6 8 17 
5400 172 13 
5400 173 4 
5400 174 13 
5400 175 46 
5400 176 4 
5400 177 0 4 6 13 17 
5400 178 4 
5400 179 2 12 17 
5400 180 6 8 
5400 181 6 8 14 17 
5400 182 11 12 17 
5400 183 8 14 
5400 184 46 
5400 185 0 
5400 186 4 6 11 17 
5400 187 12 14 
5400 188 1 
5400 189 6 14 
5400 190 8 9 13 14 17 
5400 191 17 
5400 192 6 
5400 193 4 13 
5400 194 0 
5400 195 0 
5400 196 1 
5400 197 214 
5400 198 8 12 
5400 199 4 11 17 
5400 200 150 
5400 201 11 
5400 202 6 
5400 203 12 17 
5400 204 3 4 8 9 14 17 
5400 205 0 11 17 165 
5400 206 0 
5400 207 11 
5400 208 46 
5400 209 6 
5400 210 0 
5400 211 6 14 
5400 212 1 12 
5400 213 5 9 
5400 214 8 28 162 197 
5400 215 13 
5400 216 0 
5400 217 1 
5400 218 13 
5400 219 8 14 17 
5400 220 18 
5400 221 17 
5400 222 7 17 
5400 223 1 6 
5400 224 6 
5400 225 0 
5400 226 6 
5400 227 18 
5400 228 13 
5400 229 1 
5400 230 17 
5400 231 14 17 
5400 232 12 14 17 
5400 233 8 17 
5400 234 18 
5400 235 18 
5400 236 1 
5400 237 11 
5400 238 17 
5400 239 4 
5400 240 4 6 8 13 14 17 
5400 241 7 
5400 242 13 
5400 243 4 
5400 244 8 17 
5400 245 4 7 12 
5400 246 4 12 
5400 247 1 4 12 
5400 248 59 
5400 249 4 9 12 17 
5400 250 0 
5400 251 0 
5400 252 1 
5400 253 11 17 
5400 254 17 
5400 255 11 12 17 
5400 256 11 
5400 257 20 
5400 258 0 
5400 259 4 12 
5400 260 11 17 
5400 261 41 
5400 262 2 12 17 
5400 263 46 
5400 264 12 17 
5400 265 12 17 
5400 266 12 
5400 267 17 
5400 268 6 
5400 269 17 
5400 270 11 13 17 
5400 271 13 
5400 272 1 
5400 273 12 14 17 
5400 274 3 4 6 8 14 17 
5400 275 0 
5400 276 4 17 
5400 277 4 14 17 
5400 278 18 
5400 279 46 
5400 280 1 
5400 281 13 
5400 282 11 17 
5400 283 18 
5400 284 12 
5400 285 0 
5400 286 46 
5400 287 25 
5400 288 12 
5400 289 12 17 
5400 290 0 
5400 291 4 13 
5400 292 46 
5400 293 4 6 12 
5400 294 18 
5400 295 8 14 17 
5400 296 150 
5400 297 46 
5400 298 8 14 17 
5400 299 8 14 17 
0 7200 
6000 0 11 16 18 20 26 31 34 43 46 48 52 57 63 64 70 80 82 84 87 93 94 98 107 131 132 140 142 146 150 154 158 160 161 166 180 185 201 206 209 210 216 221 225 237 242 250 251 256 264 275 290 
6000 1 12 21 24 41 49 65 66 73 107 110 123 124 130 137 141 147 153 165 170 178 181 193 217 229 230 232 239 247 252 272 276 291 
6000 2 38 236 273 288 298 
6000 3 17 125 128 183 204 218 274 
6000 4 8 19 21 28 29 32 35 41 54 55 57 69 72 76 77 84 85 86 97 98 99 107 110 117 118 125 130 141 152 155 159 167 173 176 186 189 204 214 218 219 223 230 232 240 243 244 261 277 281 285 291 
6000 5 10 106 165 259 
6000 6 19 29 35 75 77 100 106 126 134 135 136 265 286 
6000 7 17 
6000 8 4 14 17 33 37 41 55 61 69 76 83 85 109 113 117 122 125 129 151 152 155 164 179 190 198 204 211 218 219 222 223 236 238 240 247 262 263 269 274 277 280 285 293 298 
6000 9 12 22 23 55 69 89 90 171 179 188 204 212 214 244 249 263 265 268 277 280 281 282 
6000 10 5 60 90 254 280 
6000 11 0 28 50 57 58 62 70 74 84 86 97 98 102 107 108 112 145 148 157 182 186 194 196 199 202 203 205 215 221 245 255 260 276 278 295 
6000 12 1 9 28 37 55 59 65 67 69 70 70 74 84 85 97 104 119 120 121 122 144 151 152 155 167 179 189 191 204 219 222 230 232 233 236 240 244 246 247 263 266 274 284 299 
6000 13 21 24 27 29 30 35 51 77 106 134 153 156 172 177 178 193 195 199 234 258 267 271 279 286 292 294 296 
6000 14 8 17 17 23 36 38 41 45 47 79 83 85 96 109 127 155 171 179 186 190 191 198 203 204 211 212 218 219 232 240 263 269 274 277 285 289 293 299 
6000 15 46 
6000 16 0 44 
6000 17 3 7 8 14 14 23 27 28 34 38 40 41 45 47 50 55 57 58 70 75 76 77 79 81 83 84 85 86 89 91 96 98 102 109 113 122 125 127 129 130 138 143 152 155 163 164 168 177 179 182 186 187 190 194 196 198 199 203 204 207 211 212 213 218 219 221 223 224 238 240 249 253 255 260 262 263 265 269 270 273 274 276 277 285 289 293 295 298 
6000 18 0 42 88 92 103 105 114 115 220 227 228 235 283 
6000 19 4 6 27 56 68 75 89 91 99 100 130 134 135 143 164 172 214 253 286 
6000 20 0 257 
6000 21 1 4 13 
6000 22 9 
6000 23 9 14 17 
6000 24 1 13 
6000 25 221 226 287 
6000 26 0 
6000 27 13 17 19 
6000 28 4 11 12 17 214 
6000 29 4 6 13 
6000 30 13 
6000 31 0 
6000 32 4 
6000 33 8 
6000 34 0 17 41 59 
6000 35 4 6 13 
6000 36 14 
6000 37 8 12 
6000 38 2 14 17 
6000 39 150 
6000 40 17 
6000 41 1 4 8 14 17 34 95 
6000 42 18 
6000 43 0 
6000 44 16 
6000 45 14 17 
6000 46 0 15 78 111 133 139 174 175 184 208 241 297 
6000 47 14 17 
6000 48 0 
6000 49 1 
6000 50 11 17 71 231 
6000 51 13 
6000 52 0 
6000 53 150 
6000 54 4 
6000 55 4 8 9 12 17 
6000 56 19 
6000 57 0 4 11 17 
6000 58 11 17 101 
6000 59 12 34 248 
6000 60 10 
6000 61 8 
6000 62 11 
6000 63 0 
6000 64 0 
6000 65 1 12 
6000 66 1 
6000 67 12 
6000 68 19 
6000 69 4 8 9 12 
6000 70 0 11 12 12 17 192 
6000 71 50 
6000 72 4 
6000 73 1 107 169 
6000 74 11 12 
6000 75 6 17 19 
6000 76 4 8 17 
6000 77 4 6 13 17 
6000 78 46 
6000 79 14 17 
6000 80 0 
6000 81 17 
6000 82 0 
6000 83 8 14 17 
6000 84 0 4 11 12 17 
6000 85 4 8 12 14 17 
6000 86 4 11 17 
6000 87 0 
6000 88 18 
6000 89 9 17 19 
6000 90 9 10 
6000 91 17 19 
6000 92 18 
6000 93 0 
6000 94 0 
6000 95 41 
6000 96 14 17 
6000 97 4 11 12 
6000 98 0 4 11 17 
6000 99 4 19 
6000 100 6 19 
6000 101 58 
6000 102 11 17 
6000 103 18 
6000 104 12 
6000 105 18 
6000 106 5 6 13 
6000 107 0 1 4 11 73 
6000 108 11 
6000 109 8 14 17 
6000 110 1 4 
6000 111 46 
6000 112 11 
6000 113 8 17 
6000 114 18 
6000 115 18 
6000 116 186 
6000 117 4 8 
6000 118 4 
6000 119 12 
6000 120 12 
6000 121 12 
6000 122 8 12 17 
6000 123 1 
6000 124 1 
6000 125 3 4 8 17 
6000 126 6 
6000 127 14 17 
6000 128 3 
6000 129 8 17 
6000 130 1 4 17 19 
6000 131 0 
6000 132 0 
6000 133 46 
6000 134 6 13 19 
6000 135 6 19 
6000 136 6 
6000 137 1 
6000 138 17 
6000 139 46 
6000 140 0 
6000 141 1 4 
6000 142 0 
6000 143 17 19 
6000 144 12 
6000 145 11 
6000 146 0 
6000 147 1 
6000 148 11 
6000 149 150 
6000 150 0 39 53 149 200 
6000 151 8 12 
6000 152 4 8 12 17 
6000 153 1 13 
6000 154 0 
6000 155 4 8 12 14 17 
6000 156 13 
6000 157 11 
6000 158 0 
6000 159 4 
6000 160 0 
6000 161 0 
6000 162 214 
6000 163 17 
6000 164 8 17 19 
6000 165 1 5 
6000 166 0 
6000 167 4 12 
6000 168 17 
6000 169 73 
6000 170 1 
6000 171 9 14 
6000 172 13 19 
6000 173 4 
6000 174 46 
6000 175 46 
6000 176 4 
6000 177 13 17 
6000 178 1 13 
6000 179 8 9 12 14 17 
6000 180 0 
6000 181 1 
6000 182 11 17 
6000 183 3 
6000 184 46 
6000 185 0 
6000 186 4 11 14 17 116 
6000 187 17 
6000 188 9 
6000 189 4 12 
6000 190 8 14 17 
6000 191 12 14 
6000 192 70 
6000 193 1 13 
6000 194 11 17 
6000 195 13 
6000 196 11 17 
6000 197 214 
6000 198 8 14 17 
6000 199 11 13 17 
6000 200 150 
6000 201 0 
6000 202 11 
6000 203 11 14 17 
6000 204 3 4 8 9 12 14 17 
6000 205 11 
6000 206 0 
6000 207 17 
6000 208 46 
6000 209 0 
6000 210 0 
6000 211 8 14 17 
6000 212 9 14 17 
6000 213 17 
6000 214 4 9 19 28 162 197 
6000 215 11 
6000 216 0 
6000 217 1 
6000 218 3 4 8 14 17 
6000 219 4 8 12 14 17 
6000 220 18 
6000 221 0 11 17 25 
6000 222 8 12 
6000 223 4 8 17 
6000 224 17 
6000 225 0 
6000 226 25 
6000 227 18 
6000 228 18 
6000 229 1 
6000 230 1 4 12 
6000 231 50 
6000 232 1 4 12 14 
6000 233 12 
6000 234 13 
6000 235 18 
6000 236 2 8 12 
6000 237 0 
6000 238 8 17 
6000 239 1 
6000 240 4 8 12 14 17 
6000 241 46 
6000 242 0 
6000 243 4 
6000 244 4 9 12 
6000 245 11 
6000 246 12 
6000 247 1 8 12 
6000 248 59 
6000 249 9 17 
6000 250 0 
6000 251 0 
6000 252 1 
6000 253 17 19 
6000 254 10 
6000 255 11 17 
6000 256 0 
6000 257 20 
6000 258 13 
6000 259 5 
6000 260 11 17 
6000 261 4 
6000 262 8 17 
6000 263 8 9 12 14 17 
6000 264 0 
6000 265 6 9 17 
6000 266 12 
6000 267 13 
6000 268 9 
6000 269 8 14 17 
6000 270 17 
6000 271 13 
6000 272 1 
6000 273 2 17 
6000 274 3 8 12 14 17 
6000 275 0 
6000 276 1 11 17 
6000 277 4 8 9 14 17 
6000 278 11 
6000 279 13 
6000 280 8 9 10 
6000 281 4 9 
6000 282 9 
6000 283 18 
6000 284 12 
6000 285 4 8 14 17 
6000 286 6 13 19 
6000 287 25 
6000 288 2 
6000 289 14 17 
6000 290 0 
6000 291 1 4 
6000 292 13 
6000 293 8 14 17 
6000 294 13 
6000 295 11 17 
6000 296 13 
6000 297 46 
6000 298 2 8 17 
6000 299 12 14 
0 7200 
6600 0 6 13 18 20 26 34 46 48 52 57 63 64 70 82 86 87 93 94 98 107 131 142 143 148 150 156 158 161 166 169 185 195 196 200 201 209 210 216 217 237 241 242 250 251 256 258 264 267 270 272 275 276 280 290 
6600 1 10 17 21 22 28 32 49 61 66 89 90 95 99 106 107 107 123 124 126 140 147 153 159 168 170 171 172 173 176 178 188 190 205 206 212 239 243 244 253 254 263 268 281 287 293 296 
6600 2 12 67 96 134 151 192 244 273 295 
6600 3 16 19 83 155 178 204 223 
6600 4 8 9 12 15 21 28 31 47 54 57 58 68 72 77 84 86 97 98 107 130 138 140 152 165 168 178 180 181 186 190 203 204 218 219 225 229 236 244 245 246 247 249 274 279 282 285 287 291 293 
6600 5 110 255 
6600 6 0 15 27 29 30 42 43 44 51 85 88 92 110 114 115 132 133 136 141 175 193 220 228 234 235 271 278 283 294 
6600 7 17 79 116 121 
6600 8 4 12 16 19 19 36 38 56 65 67 71 75 76 83 85 91 97 100 125 128 129 130 152 155 178 179 186 198 204 206 214 218 219 223 226 229 232 245 248 255 262 263 269 273 274 277 285 291 295 
6600 9 4 19 23 24 27 31 56 58 59 75 77 91 164 179 190 232 236 247 249 255 284 286 291 
6600 10 1 
6600 11 29 
6600 12 2 4 8 14 15 16 23 58 59 67 69 70 73 74 75 79 85 104 119 120 125 128 151 192 198 199 213 225 238 246 247 249 253 259 266 284 288 289 295 298 
6600 13 0 40 41 55 145 
6600 14 12 17 19 38 41 43 53 54 69 76 81 97 116 121 129 138 155 164 179 186 189 190 191 204 211 223 229 262 277 279 285 291 
6600 15 4 6 12 17 19 19 27 28 29 35 38 41 42 43 57 70 80 84 85 97 98 102 103 105 110 125 129 138 144 154 155 160 164 168 177 179 182 186 192 198 202 204 214 215 218 219 221 225 229 240 244 255 260 262 265 269 274 277 291 293 295 299 
6600 16 3 8 12 19 37 45 47 67 69 79 101 108 112 119 120 130 134 152 157 163 167 198 213 225 246 273 293 
6600 17 1 7 14 15 25 28 33 50 53 54 57 62 76 77 84 89 101 107 108 112 118 121 127 130 138 144 146 152 155 157 183 186 187 190 191 194 204 206 207 211 212 214 218 221 223 224 227 229 230 231 233 240 244 253 261 262 274 277 299 
6600 18 0 
6600 19 3 8 8 9 14 15 15 16 27 29 36 37 38 41 43 45 53 56 57 58 59 67 69 70 71 73 74 75 76 81 83 85 86 91 96 97 98 100 102 109 125 128 129 130 138 151 152 155 163 164 167 168 169 177 178 179 182 186 189 198 199 204 213 214 218 219 223 224 229 232 247 249 255 257 260 262 265 269 273 274 277 284 286 289 291 293 295 
6600 20 0 
6600 21 1 4 
6600 22 1 
6600 23 9 12 
6600 24 9 
6600 25 17 
6600 26 0 
6600 27 6 9 15 19 117 122 135 137 252 
6600 28 1 4 15 17 
6600 29 6 11 15 19 
6600 30 6 
6600 31 4 9 
6600 32 1 
6600 33 17 
6600 34 0 
6600 35 15 
6600 36 8 19 
6600 37 16 19 
6600 38 8 14 15 19 
6600 39 150 
6600 40 13 
6600 41 13 14 15 19 222 
6600 42 6 15 
6600 43 6 14 15 19 113 
6600 44 6 
6600 45 16 19 
6600 46 0 60 78 111 139 174 184 208 292 297 
6600 47 4 16 
6600 48 0 
6600 49 1 
6600 50 17 
6600 51 6 
6600 52 0 
6600 53 14 17 19 
6600 54 4 14 17 
6600 55 13 
6600 56 8 9 19 
6600 57 0 4 15 17 19 
6600 58 4 9 12 19 
6600 59 9 12 19 
6600 60 46 
6600 61 1 
6600 62 17 
6600 63 0 
6600 64 0 
6600 65 8 
6600 66 1 
6600 67 2 8 12 16 19 
6600 68 4 
6600 69 12 14 16 19 
6600 70 0 12 15 19 
6600 71 8 19 
6600 72 4 
6600 73 12 19 
6600 74 12 19 
6600 75 8 9 12 19 
6600 76 8 14 17 19 
6600 77 4 9 17 
6600 78 46 
6600 79 7 12 16 
6600 80 15 
6600 81 14 19 
6600 82 0 
6600 83 3 8 19 
6600 84 4 15 17 
6600 85 6 8 12 15 19 
6600 86 0 4 19 
6600 87 0 
6600 88 6 
6600 89 1 17 
6600 90 1 
6600 91 8 9 19 
6600 92 6 
6600 93 0 
6600 94 0 
6600 95 1 
6600 96 2 19 
6600 97 4 8 14 15 19 
6600 98 0 4 15 19 
6600 99 1 
6600 100 8 19 
6600 101 16 17 
6600 102 15 19 
6600 103 15 
6600 104 12 
6600 105 15 
6600 106 1 
6600 107 0 1 1 4 17 
6600 108 16 17 
6600 109 19 
6600 110 5 6 15 
6600 111 46 
6600 112 16 17 
6600 113 43 
6600 114 6 
6600 115 6 
6600 116 7 14 
6600 117 27 
6600 118 17 
6600 119 12 16 
6600 120 12 16 
6600 121 7 14 17 
6600 122 27 
6600 123 1 
6600 124 1 
6600 125 8 12 15 19 
6600 126 1 
6600 127 17 
6600 128 8 12 19 
6600 129 8 14 15 19 
6600 130 4 8 16 17 19 
6600 131 0 
6600 132 6 
6600 133 6 
6600 134 2 16 
6600 135 27 
6600 136 6 
6600 137 27 
6600 138 4 14 15 17 19 
6600 139 46 
6600 140 1 4 
6600 141 6 
6600 142 0 
6600 143 0 
6600 144 15 17 
6600 145 13 
6600 146 17 
6600 147 1 
6600 148 0 
6600 149 150 
6600 150 0 39 149 
6600 151 2 12 19 
6600 152 4 8 16 17 19 
6600 153 1 
6600 154 15 
6600 155 3 8 14 15 17 19 
6600 156 0 
6600 157 16 17 
6600 158 0 
6600 159 1 
6600 160 15 
6600 161 0 
6600 162 214 
6600 163 16 19 
6600 164 9 14 15 19 
6600 165 4 
6600 166 0 
6600 167 16 19 
6600 168 1 4 15 19 
6600 169 0 19 
6600 170 1 
6600 171 1 
6600 172 1 
6600 173 1 
6600 174 46 
6600 175 6 
6600 176 1 
6600 177 15 19 
6600 178 1 3 4 8 19 
6600 179 8 9 14 15 19 
6600 180 4 
6600 181 4 
6600 182 15 19 
6600 183 17 
6600 184 46 
6600 185 0 
6600 186 4 8 14 15 17 19 
6600 187 17 
6600 188 1 
6600 189 14 19 
6600 190 1 4 9 14 17 
6600 191 14 17 
6600 192 2 12 15 
6600 193 6 
6600 194 17 
6600 195 0 
6600 196 0 
6600 197 214 
6600 198 8 12 15 16 19 
6600 199 12 19 
6600 200 0 
6600 201 0 
6600 202 15 
6600 203 4 
6600 204 3 4 8 14 15 17 19 
6600 205 1 
6600 206 1 8 17 
6600 207 17 
6600 208 46 
6600 209 0 
6600 210 0 
6600 211 14 17 
6600 212 1 17 
6600 213 12 16 19 
6600 214 8 15 17 19 162 197 
6600 215 15 
6600 216 0 
6600 217 0 
6600 218 4 8 15 17 19 
6600 219 4 8 15 19 
6600 220 6 
6600 221 15 17 
6600 222 41 
6600 223 3 8 14 17 19 
6600 224 17 19 
6600 225 4 12 15 16 
6600 226 8 
6600 227 17 
6600 228 6 
6600 229 4 8 14 15 17 19 
6600 230 17 
6600 231 17 
6600 232 8 9 19 
6600 233 17 
6600 234 6 
6600 235 6 
6600 236 4 9 
6600 237 0 
6600 238 12 
6600 239 1 
6600 240 15 17 
6600 241 0 
6600 242 0 
6600 243 1 
6600 244 1 2 4 15 17 
6600 245 4 8 
6600 246 4 12 16 
6600 247 4 9 12 19 
6600 248 8 
6600 249 4 9 12 19 
6600 250 0 
6600 251 0 
6600 252 27 
6600 253 1 12 17 
6600 254 1 
6600 255 5 8 9 15 19 
6600 256 0 
6600 257 19 
6600 258 0 
6600 259 12 
6600 260 15 19 
6600 261 17 
6600 262 8 14 15 17 19 
6600 263 1 8 
6600 264 0 
6600 265 15 19 
6600 266 12 
6600 267 0 
6600 268 1 
6600 269 8 15 19 
6600 270 0 
6600 271 6 
6600 272 0 
6600 273 2 8 16 19 
6600 274 4 8 15 17 19 
6600 275 0 
6600 276 0 
6600 277 8 14 15 17 19 
6600 278 6 
6600 279 4 14 
6600 280 0 
6600 281 1 
6600 282 4 
6600 283 6 
6600 284 9 12 19 
6600 285 4 8 14 
6600 286 9 19 
6600 287 1 4 
6600 288 12 
6600 289 12 19 
6600 290 0 
6600 291 4 8 9 14 15 19 
6600 292 46 
6600 293 1 4 15 16 19 
6600 294 6 
6600 295 2 8 12 15 19 
6600 296 1 
6600 297 46 
6600 298 12 
6600 299 15 17 
0 7200 
7200 0 6 13 15 18 20 26 32 52 58 60 63 80 82 84 87 92 93 94 98 131 142 143 148 150 154 158 164 166 171 173 196 200 209 215 216 217 222 237 241 242 250 251 258 264 267 270 275 278 281 290 
7200 1 5 17 23 24 48 64 66 73 75 90 92 95 110 125 135 138 155 170 176 181 195 203 212 236 239 240 243 254 284 286 
7200 2 12 61 67 117 138 195 214 245 289 
7200 3 7 19 37 104 155 218 295 
7200 4 8 9 12 21 22 27 28 29 32 38 47 48 53 54 56 57 59 72 73 79 84 85 86 98 99 109 122 125 130 138 153 155 157 165 177 185 194 203 212 219 221 223 225 229 232 244 253 255 263 274 279 282 284 285 286 288 292 
7200 5 1 
7200 6 0 17 27 29 30 32 35 42 43 44 51 57 59 68 77 84 86 88 92 96 97 102 105 107 114 115 130 131 132 133 140 141 156 157 160 161 168 172 175 177 178 182 185 186 190 193 199 205 210 219 221 224 229 234 235 247 248 249 255 257 261 271 283 287 288 299 
7200 7 3 8 14 16 19 34 37 38 46 47 54 68 71 91 125 144 152 178 187 206 218 227 236 269 293 298 
7200 8 4 7 14 19 31 34 41 43 53 56 61 67 68 69 76 83 91 97 100 101 112 120 121 128 130 138 157 178 179 180 185 191 192 194 211 218 219 225 227 229 230 232 244 245 246 253 255 262 263 274 285 288 289 293 294 295 
7200 9 4 12 19 23 29 49 56 61 69 75 79 89 106 117 122 124 153 165 212 214 221 225 232 253 
7200 10 27 
7200 11 29 
7200 12 2 4 9 14 16 23 28 29 32 46 53 54 65 69 74 79 89 121 137 144 151 152 168 189 190 195 206 212 213 233 238 247 256 259 263 266 277 
7200 13 0 40 45 68 113 145 201 202 262 265 272 277 280 
7200 14 7 8 12 17 19 34 37 38 43 68 69 76 85 97 100 125 128 157 178 179 180 194 198 218 219 223 227 229 244 274 279 294 295 
7200 15 0 
7200 16 7 12 19 19 34 50 76 91 97 119 130 136 144 152 155 157 163 178 179 183 187 190 194 198 218 219 225 229 244 269 274 288 293 294 295 
7200 17 1 6 14 23 25 27 28 38 41 43 47 48 55 59 69 70 71 76 81 83 98 108 125 127 129 130 138 141 160 177 179 185 191 207 218 223 225 228 230 231 233 238 244 246 255 260 265 273 274 279 284 288 294 295 
7200 18 0 220 
7200 19 3 7 8 9 14 16 16 27 32 34 36 50 54 56 57 67 68 74 75 76 77 79 84 86 89 91 92 97 98 101 102 107 112 116 117 118 119 124 130 136 144 146 152 155 157 163 168 169 177 178 179 185 187 189 190 192 194 195 198 206 211 214 218 219 221 225 227 229 232 244 247 253 255 256 259 269 274 288 289 293 294 295 299 
7200 20 0 
7200 21 4 
7200 22 4 
7200 23 1 9 12 17 
7200 24 1 
7200 25 17 
7200 26 0 
7200 27 4 6 10 17 19 159 188 204 252 268 
7200 28 4 12 17 
7200 29 4 6 9 11 12 123 126 147 
7200 30 6 
7200 31 8 
7200 32 0 4 6 12 19 38 134 167 
7200 33 131 
7200 34 7 8 14 16 19 
7200 35 6 
7200 36 19 92 162 197 
7200 37 3 7 14 
7200 38 4 7 14 17 32 226 
7200 39 150 
7200 40 13 
7200 41 8 17 
7200 42 6 
7200 43 6 8 14 17 
7200 44 6 
7200 45 13 
7200 46 7 12 
7200 47 4 7 17 
7200 48 1 4 17 
7200 49 9 
7200 50 16 19 
7200 51 6 
7200 52 0 
7200 53 4 8 12 
7200 54 4 7 12 19 
7200 55 17 
7200 56 4 8 9 19 
7200 57 4 6 19 
7200 58 0 
7200 59 4 6 17 
7200 60 0 
7200 61 2 8 9 
7200 62 150 
7200 63 0 
7200 64 1 
7200 65 12 
7200 66 1 
7200 67 2 8 19 
7200 68 6 7 8 13 14 19 
7200 69 8 9 12 14 17 
7200 70 17 
7200 71 7 17 
7200 72 4 
7200 73 1 4 
7200 74 12 19 
7200 75 1 9 19 
7200 76 8 14 16 17 19 
7200 77 6 19 
7200 78 131 
7200 79 4 9 12 19 
7200 80 0 
7200 81 17 
7200 82 0 
7200 83 8 17 
7200 84 0 4 6 19 
7200 85 4 14 
7200 86 4 6 19 
7200 87 0 
7200 88 6 
7200 89 9 12 19 
7200 90 1 
7200 91 7 8 16 19 
7200 92 0 1 6 19 36 103 
7200 93 0 
7200 94 0 
7200 95 1 
7200 96 6 
7200 97 6 8 14 16 19 
7200 98 0 4 17 19 
7200 99 4 
7200 100 8 14 
7200 101 8 19 
7200 102 6 19 
7200 103 92 
7200 104 3 
7200 105 6 
7200 106 9 
7200 107 6 19 
7200 108 17 
7200 109 4 
7200 110 1 
7200 111 150 
7200 112 8 19 
7200 113 13 
7200 114 6 
7200 115 6 
7200 116 19 
7200 117 2 9 19 
7200 118 19 
7200 119 16 19 
7200 120 8 
7200 121 8 12 
7200 122 4 9 
7200 123 29 
7200 124 9 19 
7200 125 1 4 7 14 17 
7200 126 29 
7200 127 17 
7200 128 8 14 
7200 129 17 
7200 130 4 6 8 16 17 19 
7200 131 0 6 33 78 174 208 291 297 
7200 132 6 
7200 133 6 
7200 134 32 
7200 135 1 
7200 136 16 19 
7200 137 12 
7200 138 1 2 4 8 17 
7200 139 150 
7200 140 6 
7200 141 6 17 
7200 142 0 
7200 143 0 
7200 144 7 12 16 19 
7200 145 13 
7200 146 19 
7200 147 29 
7200 148 0 
7200 149 150 
7200 150 0 39 62 111 139 149 184 276 296 
7200 151 12 
7200 152 7 12 16 19 
7200 153 4 9 
7200 154 0 
7200 155 1 3 4 16 19 
7200 156 6 
7200 157 4 6 8 14 16 19 
7200 158 0 
7200 159 27 
7200 160 6 17 
7200 161 6 
7200 162 36 
7200 163 16 19 
7200 164 0 
7200 165 4 9 
7200 166 0 
7200 167 32 
7200 168 6 12 19 
7200 169 19 
7200 170 1 
7200 171 0 
7200 172 6 
7200 173 0 
7200 174 131 
7200 175 6 
7200 176 1 
7200 177 4 6 17 19 
7200 178 6 7 8 14 16 19 
7200 179 8 14 16 17 19 
7200 180 8 14 
7200 181 1 
7200 182 6 
7200 183 16 
7200 184 150 
7200 185 4 6 8 17 19 
7200 186 6 
7200 187 7 16 19 
7200 188 27 
7200 189 12 19 
7200 190 6 12 16 19 
7200 191 8 17 
7200 192 8 19 
7200 193 6 
7200 194 4 8 14 16 19 
7200 195 1 2 12 19 
7200 196 0 
7200 197 36 
7200 198 14 16 19 
7200 199 6 
7200 200 0 
7200 201 13 
7200 202 13 
7200 203 1 4 
7200 204 27 
7200 205 6 
7200 206 7 12 19 
7200 207 17 
7200 208 131 
7200 209 0 
7200 210 6 
7200 211 8 19 
7200 212 1 4 9 12 
7200 213 12 
7200 214 2 9 19 
7200 215 0 
7200 216 0 
7200 217 0 
7200 218 3 7 8 14 16 17 19 
7200 219 4 6 8 14 16 19 
7200 220 18 
7200 221 4 6 9 19 
7200 222 0 
7200 223 4 14 17 
7200 224 6 
7200 225 4 8 9 16 17 19 
7200 226 38 
7200 227 7 8 14 19 
7200 228 17 
7200 229 4 6 8 14 16 19 
7200 230 8 17 
7200 231 17 
7200 232 4 8 9 19 
7200 233 12 17 
7200 234 6 
7200 235 6 
7200 236 1 7 
7200 237 0 
7200 238 12 17 
7200 239 1 
7200 240 1 
7200 241 0 
7200 242 0 
7200 243 1 
7200 244 4 8 14 16 17 19 
7200 245 2 8 
7200 246 8 17 
7200 247 6 12 19 
7200 248 6 
7200 249 6 
7200 250 0 
7200 251 0 
7200 252 27 
7200 253 4 8 9 19 
7200 254 1 
7200 255 4 6 8 17 19 
7200 256 12 19 
7200 257 6 
7200 258 0 
7200 259 12 19 
7200 260 17 
7200 261 6 
7200 262 8 13 
7200 263 4 8 12 
7200 264 0 
7200 265 13 17 
7200 266 12 
7200 267 0 
7200 268 27 
7200 269 7 16 19 
7200 270 0 
7200 271 6 
7200 272 13 
7200 273 17 
7200 274 4 8 14 16 17 19 
7200 275 0 
7200 276 150 
7200 277 12 13 
7200 278 0 
7200 279 4 14 17 
7200 280 13 
7200 281 0 
7200 282 4 
7200 283 6 
7200 284 1 4 17 
7200 285 4 8 
7200 286 1 4 
7200 287 6 
7200 288 4 6 8 16 17 19 
7200 289 2 8 19 
7200 290 0 
7200 291 131 
7200 292 4 
7200 293 7 8 16 19 
7200 294 8 14 16 17 19 
7200 295 3 8 14 16 17 19 
7200 296 150 
7200 297 131 
7200 298 7 
7200 299 6 19 
