2 0 4 
0 
4 0 5 
10 2 0 
11 2 6 
6 
12 2 0 
13 2 0 
14 2 0 
15 2 0 
16 2 0 
17 2 0 
18 2 0 
19 2 0 
20 2 0 
21 2 0 
22 2 0 
23 2 0 
24 2 1 
1 
25 12 0 
26 12 0 
27 12 0 
28 12 0 
29 12 0 
30 12 8 
8 
31 0 1 
32 0 1 
33 0 1 
34 0 1 
35 0 1 
36 0 8 
37 0 4 
38 0 3 
3 0 5 
39 0 99 
99 
40 0 7 
7 0 1 
41 0 6 
42 0 8 
43 0 6 
44 0 6 
45 0 6 
46 0 6 
47 0 1 
48 0 1 
49 0 1 
50 0 9 
9 0 3 
51 0 7 
52 0 1 
53 0 3 
54 0 1 
5 0 3 
55 0 9 4 5 3 
56 0 9 4 5 3 
57 0 4 5 3 
58 0 9 4 5 3 
59 0 1 
60 0 1 
61 0 1 
62 0 99 
63 0 1 
64 0 6 
65 0 6 
66 0 1 
67 0 1 
68 0 1 
69 0 1 
70 0 1 
71 0 1 
72 0 1 
73 9 4 
74 9 4 
75 4 8 
76 4 8 
77 4 8 
78 5 3 
79 5 3 
80 5 3 
81 5 3 
82 7 1 
83 7 1 
84 7 1 
85 7 1 
86 7 1 
87 7 1 
88 59 1 
89 59 1 
90 59 1 
91 59 1 
92 3 1 
93 8 1 
94 8 1 
95 1 6 
96 1 99 
97 1 99 
98 1 99 
