2 0 5 
0 
5 0 6 
10 2 4 
4 
11 2 0 
12 2 0 
13 2 0 
14 2 0 
15 2 0 
16 2 0 9 
9 0 1 
17 2 4 
18 2 0 
19 2 0 
20 2 11 0 
21 2 0 
22 2 0 
23 2 11 
24 2 0 
25 2 0 
26 2 0 
27 2 0 
28 2 1 
1 
29 11 0 
30 11 7 
7 
31 0 1 
32 0 1 
33 0 1 
34 0 1 
35 0 1 
36 0 7 
37 0 5 
38 0 3 
3 0 6 
39 0 99 
99 
40 0 1 
41 0 9 
42 0 9 1 
43 0 4 
44 0 7 
45 0 4 
46 0 4 
47 0 4 
48 0 4 
49 0 4 
50 0 1 
51 0 1 
52 0 1 
53 0 1 
54 0 8 
8 0 3 
55 0 9 
56 0 1 
57 0 66 1 
66 0 1 
58 0 3 
59 0 1 
6 0 3 
60 0 3 
61 0 3 
62 0 6 3 
63 0 1 
64 0 1 99 
65 0 6 
67 0 1 
68 0 1 
69 0 66 1 
70 0 99 
71 0 1 
72 0 4 
73 0 4 
74 0 1 
75 0 1 
76 0 1 
77 0 1 
78 0 1 
79 0 1 
80 0 1 
81 8 5 6 3 
82 8 5 
83 8 5 6 
84 8 5 
85 8 5 7 
86 8 7 
87 5 7 
88 6 3 
89 6 3 
90 9 1 
91 9 1 
92 66 1 
93 66 1 
94 3 1 
95 7 1 
96 7 1 
97 1 4 
98 1 99 
