0 7200 
0 0 29 31 
0 1 14 20 51 84 
0 2 99 
0 3 29 
0 4 17 86 
0 5 38 72 91 92 
0 6 89 96 
0 7 
0 8 32 67 
0 9 36 63 
0 10 31 37 53 
0 11 
0 12 18 25 36 
0 13 35 65 78 88 98 98 
0 14 1 34 80 88 
0 15 16 
0 16 15 
0 17 4 30 
0 18 12 85 
0 19 86 
0 20 1 58 60 
0 21 54 59 63 80 89 
0 22 26 27 46 93 
0 23 29 87 
0 24 38 43 99 
0 25 12 37 40 46 47 72 78 80 
0 26 22 
0 27 22 
0 28 97 
0 29 0 3 23 68 93 
0 30 17 69 
0 31 0 10 46 56 57 
0 32 8 56 
0 33 96 
0 34 14 73 75 95 
0 35 13 93 98 
0 36 9 12 
0 37 10 25 76 
0 38 5 24 41 82 92 
0 39 63 
0 40 25 67 76 80 99 
0 41 38 56 
0 42 46 
0 43 24 78 97 
0 44 
0 45 86 
0 46 22 25 31 42 
0 47 25 54 64 86 89 
0 48 70 
0 49 71 
0 50 
0 51 1 
0 52 95 
0 53 10 59 82 94 
0 54 21 47 
0 55 77 
0 56 31 32 41 
0 57 31 69 74 88 89 99 
0 58 20 80 
0 59 21 53 67 94 
0 60 20 71 
0 61 62 
0 62 61 
0 63 9 21 39 68 81 87 
0 64 47 
0 65 13 84 
0 66 
0 67 8 40 59 
0 68 29 63 81 
0 69 30 57 
0 70 48 
0 71 49 60 77 
0 72 5 25 
0 73 34 
0 74 57 
0 75 34 89 
0 76 37 40 93 
0 77 55 71 
0 78 13 25 43 
0 79 98 
0 80 14 21 25 40 58 
0 81 63 68 
0 82 38 53 99 
0 83 
0 84 1 65 
0 85 18 
0 86 4 19 45 47 95 96 
0 87 23 63 
0 88 13 14 57 
0 89 6 21 47 57 75 
0 90 
0 91 5 
0 92 5 38 94 
0 93 22 29 35 76 
0 94 53 59 92 
0 95 34 52 86 
0 96 6 33 86 
0 97 28 43 
0 98 13 13 35 79 
0 99 2 24 40 57 82 
0 7200 
600 0 46 
600 1 59 86 
600 2 12 37 37 65 
600 3 42 46 
600 4 29 30 54 62 
600 5 78 82 94 
600 6 13 38 60 67 78 
600 7 14 
600 8 85 
600 9 57 76 86 89 
600 10 34 55 59 95 
600 11 
600 12 2 18 21 60 97 
600 13 6 
600 14 7 
600 15 16 48 54 69 95 
600 16 15 54 93 
600 17 21 43 71 
600 18 12 32 38 40 67 
600 19 36 54 77 
600 20 36 98 
600 21 12 17 37 60 71 80 89 
600 22 61 
600 23 87 
600 24 53 64 66 
600 25 35 46 75 84 88 98 
600 26 
600 27 31 79 
600 28 80 
600 29 4 42 79 
600 30 4 37 48 54 84 90 
600 31 27 54 56 75 96 99 
600 32 18 56 72 
600 33 41 41 
600 34 10 35 
600 35 25 34 
600 36 19 20 51 71 
600 37 2 2 21 30 90 98 
600 38 6 18 
600 39 41 54 
600 40 18 
600 41 33 33 39 
600 42 3 29 60 
600 43 17 60 93 98 
600 44 82 
600 45 71 89 
600 46 0 3 25 
600 47 48 90 
600 48 15 30 47 57 
600 49 
600 50 91 
600 51 36 
600 52 
600 53 24 92 
600 54 4 15 16 19 30 31 39 96 
600 55 10 58 
600 56 31 32 
600 57 9 48 63 80 
600 58 55 76 
600 59 1 10 75 92 
600 60 6 12 21 42 43 93 98 
600 61 22 
600 62 4 63 
600 63 57 62 79 84 
600 64 24 
600 65 2 
600 66 24 
600 67 6 18 82 94 99 
600 68 76 89 
600 69 15 83 
600 70 97 
600 71 17 21 36 45 76 
600 72 32 
600 73 
600 74 93 
600 75 25 31 59 76 
600 76 9 58 68 71 75 88 
600 77 19 
600 78 5 6 91 
600 79 27 29 63 
600 80 21 28 57 89 
600 81 
600 82 5 44 67 
600 83 69 93 
600 84 25 30 63 93 
600 85 8 
600 86 1 9 
600 87 23 90 
600 88 25 76 99 
600 89 9 21 45 68 80 
600 90 30 37 47 87 
600 91 50 78 
600 92 53 59 97 
600 93 16 43 60 74 83 84 96 
600 94 5 67 
600 95 10 15 
600 96 31 54 93 
600 97 12 70 92 
600 98 20 25 37 43 60 
600 99 31 67 88 
0 7200 
1200 0 23 46 
1200 1 65 98 
1200 2 5 11 44 86 90 96 
1200 3 24 24 42 93 
1200 4 25 74 79 96 
1200 5 2 6 51 54 59 70 82 94 
1200 6 5 8 
1200 7 
1200 8 6 11 38 54 85 
1200 9 45 
1200 10 48 52 57 
1200 11 2 8 66 
1200 12 40 42 76 76 95 
1200 13 32 59 
1200 14 34 65 76 77 
1200 15 48 
1200 16 33 47 47 63 83 
1200 17 77 
1200 18 
1200 19 71 
1200 20 21 59 80 84 
1200 21 20 60 99 
1200 22 27 31 62 
1200 23 0 74 
1200 24 3 3 64 75 
1200 25 4 40 63 90 
1200 26 74 
1200 27 22 61 69 85 
1200 28 76 
1200 29 35 43 91 
1200 30 55 77 99 
1200 31 22 36 74 
1200 32 13 35 
1200 33 16 39 
1200 34 14 53 54 60 68 80 
1200 35 29 32 44 54 54 97 
1200 36 31 
1200 37 55 61 81 
1200 38 8 67 
1200 39 33 
1200 40 12 25 70 78 89 92 97 99 
1200 41 
1200 42 3 12 74 
1200 43 29 44 78 82 
1200 44 2 35 43 54 60 72 82 85 88 97 
1200 45 9 
1200 46 0 56 69 85 91 
1200 47 16 16 58 73 79 80 
1200 48 10 15 
1200 49 
1200 50 94 97 
1200 51 5 
1200 52 10 98 
1200 53 34 66 94 
1200 54 5 8 34 35 35 44 89 
1200 55 30 37 63 71 
1200 56 46 60 72 94 
1200 57 10 
1200 58 47 
1200 59 5 13 20 70 78 80 
1200 60 21 34 44 56 70 78 82 86 
1200 61 27 37 74 
1200 62 22 75 
1200 63 16 25 55 69 74 83 
1200 64 24 
1200 65 1 14 99 
1200 66 11 53 
1200 67 38 85 86 
1200 68 34 86 97 97 
1200 69 27 46 63 81 
1200 70 5 40 59 60 
1200 71 19 55 76 93 
1200 72 44 56 
1200 73 47 
1200 74 4 23 26 31 42 61 63 96 
1200 75 24 62 80 83 90 96 
1200 76 12 12 14 28 71 77 90 
1200 77 14 17 30 76 
1200 78 40 43 59 60 
1200 79 4 47 83 
1200 80 20 34 47 59 75 84 
1200 81 37 69 
1200 82 5 43 44 60 
1200 83 16 63 75 79 
1200 84 20 80 
1200 85 8 27 44 46 67 
1200 86 2 60 67 68 
1200 87 
1200 88 44 
1200 89 40 54 
1200 90 2 25 75 76 
1200 91 29 46 
1200 92 40 
1200 93 3 71 95 
1200 94 5 50 53 56 
1200 95 12 93 
1200 96 2 4 74 75 
1200 97 35 40 44 50 68 68 
1200 98 1 52 
1200 99 21 30 40 65 
0 7200 
1800 0 12 25 27 49 
1800 1 20 98 
1800 2 29 50 57 65 65 70 75 77 90 
1800 3 25 75 90 93 
1800 4 10 16 
1800 5 
1800 6 13 14 22 24 53 78 90 96 98 
1800 7 34 51 70 
1800 8 38 77 
1800 9 41 93 
1800 10 4 15 17 87 90 97 
1800 11 46 
1800 12 0 27 77 
1800 13 6 18 
1800 14 6 28 81 83 
1800 15 10 41 85 
1800 16 4 26 33 87 95 
1800 17 10 96 
1800 18 13 40 64 
1800 19 34 59 
1800 20 1 59 99 
1800 21 
1800 22 6 88 
1800 23 61 81 
1800 24 6 27 43 56 61 
1800 25 0 3 31 
1800 26 16 37 
1800 27 0 12 24 54 67 
1800 28 14 36 42 69 
1800 29 2 66 72 86 
1800 30 71 
1800 31 25 60 93 97 
1800 32 64 
1800 33 16 55 73 
1800 34 7 19 96 
1800 35 
1800 36 28 47 61 
1800 37 26 47 
1800 38 8 43 59 60 78 
1800 39 63 79 95 
1800 40 18 52 76 91 
1800 41 9 15 
1800 42 28 85 
1800 43 24 38 46 66 
1800 44 53 86 
1800 45 79 
1800 46 11 43 
1800 47 36 37 48 83 95 96 98 
1800 48 47 62 63 82 
1800 49 0 
1800 50 2 
1800 51 7 
1800 52 40 99 
1800 53 6 44 78 
1800 54 27 61 
1800 55 33 85 
1800 56 24 64 67 96 
1800 57 2 61 91 
1800 58 84 
1800 59 19 20 38 65 98 
1800 60 31 38 89 90 96 97 
1800 61 23 24 36 54 57 83 
1800 62 48 90 
1800 63 39 48 
1800 64 18 32 56 
1800 65 2 2 59 95 
1800 66 29 43 94 
1800 67 27 56 
1800 68 
1800 69 28 
1800 70 2 7 
1800 71 30 93 
1800 72 29 94 
1800 73 33 
1800 74 
1800 75 2 3 80 83 
1800 76 40 90 
1800 77 2 8 12 
1800 78 6 38 53 98 
1800 79 39 45 82 95 
1800 80 75 
1800 81 14 23 
1800 82 48 79 85 
1800 83 14 47 61 75 
1800 84 58 85 87 99 
1800 85 15 42 55 82 84 
1800 86 29 44 
1800 87 10 16 84 90 95 
1800 88 22 
1800 89 60 
1800 90 2 3 6 10 60 62 76 87 
1800 91 40 57 
1800 92 
1800 93 3 9 31 71 99 
1800 94 66 72 
1800 95 16 39 47 65 79 87 
1800 96 6 17 34 47 56 60 
1800 97 10 31 60 
1800 98 1 6 47 59 78 
1800 99 20 52 84 93 
0 7200 
2400 0 27 31 37 
2400 1 11 51 52 
2400 2 13 35 36 43 53 75 77 90 94 
2400 3 26 46 47 75 
2400 4 48 58 96 
2400 5 28 51 56 65 66 68 77 80 
2400 6 20 70 95 97 
2400 7 59 64 
2400 8 36 
2400 9 40 42 
2400 10 15 44 48 75 95 98 
2400 11 1 79 95 
2400 12 23 42 81 
2400 13 2 
2400 14 47 54 88 
2400 15 10 20 84 
2400 16 62 95 
2400 17 75 
2400 18 38 64 67 
2400 19 65 70 
2400 20 6 15 
2400 21 
2400 22 31 
2400 23 12 
2400 24 28 31 44 57 91 
2400 25 40 
2400 26 3 46 
2400 27 0 39 54 75 91 98 
2400 28 5 24 43 
2400 29 35 39 56 92 
2400 30 53 
2400 31 0 22 24 84 90 
2400 32 
2400 33 73 
2400 34 68 89 
2400 35 2 29 53 75 91 
2400 36 2 8 43 96 
2400 37 0 61 62 
2400 38 18 86 94 
2400 39 27 29 66 75 
2400 40 9 25 
2400 41 85 
2400 42 9 12 48 93 99 
2400 43 2 28 36 86 
2400 44 10 24 50 70 86 
2400 45 52 86 89 90 
2400 46 3 26 
2400 47 3 14 63 
2400 48 4 10 42 83 
2400 49 
2400 50 44 75 81 91 
2400 51 1 5 76 
2400 52 1 45 59 93 
2400 53 2 30 35 78 
2400 54 14 27 88 98 
2400 55 76 79 85 93 
2400 56 5 29 
2400 57 24 66 90 
2400 58 4 73 
2400 59 7 52 91 99 
2400 60 
2400 61 37 
2400 62 16 37 
2400 63 47 75 76 
2400 64 7 18 94 
2400 65 5 19 
2400 66 5 39 57 
2400 67 18 
2400 68 5 34 92 
2400 69 96 
2400 70 6 19 44 89 
2400 71 96 99 
2400 72 
2400 73 33 58 84 
2400 74 
2400 75 2 3 10 17 27 35 39 50 63 77 77 91 99 
2400 76 51 55 63 
2400 77 2 5 75 75 96 
2400 78 53 
2400 79 11 55 
2400 80 5 
2400 81 12 50 
2400 82 85 
2400 83 48 88 
2400 84 15 31 73 
2400 85 41 55 82 99 
2400 86 38 43 44 45 
2400 87 
2400 88 14 54 83 
2400 89 34 45 70 
2400 90 2 31 45 57 98 
2400 91 24 27 35 50 59 75 
2400 92 29 68 
2400 93 42 52 55 99 99 
2400 94 2 38 64 
2400 95 6 10 11 16 
2400 96 4 36 69 71 77 
2400 97 6 98 
2400 98 10 27 54 90 97 
2400 99 42 59 71 75 85 93 93 
0 7200 
3000 0 28 74 89 
3000 1 72 
3000 2 29 40 43 
3000 3 28 56 63 96 98 
3000 4 9 72 81 85 95 
3000 5 29 68 
3000 6 17 
3000 7 22 32 44 57 70 80 91 94 
3000 8 18 28 57 
3000 9 4 17 25 42 62 77 82 83 86 
3000 10 
3000 11 48 52 84 
3000 12 28 45 88 
3000 13 29 50 53 
3000 14 15 23 27 46 
3000 15 14 33 75 
3000 16 
3000 17 6 9 20 21 37 48 
3000 18 8 53 94 
3000 19 42 57 65 
3000 20 17 34 34 73 80 
3000 21 17 71 97 
3000 22 7 88 
3000 23 14 45 54 
3000 24 27 30 
3000 25 9 42 81 83 
3000 26 42 74 
3000 27 14 24 
3000 28 0 3 8 12 31 38 44 
3000 29 2 5 13 34 50 53 
3000 30 24 
3000 31 28 65 
3000 32 7 
3000 33 15 47 55 71 84 93 
3000 34 20 20 29 79 93 
3000 35 
3000 36 
3000 37 17 85 
3000 38 28 60 67 
3000 39 50 78 91 96 
3000 40 2 93 95 
3000 41 84 90 
3000 42 9 19 25 26 74 90 
3000 43 2 
3000 44 7 28 75 
3000 45 12 23 86 89 
3000 46 14 
3000 47 33 75 86 
3000 48 11 17 
3000 49 
3000 50 13 29 39 53 59 
3000 51 93 
3000 52 11 93 
3000 53 13 18 29 50 66 
3000 54 23 
3000 55 33 
3000 56 3 
3000 57 7 8 19 66 
3000 58 
3000 59 50 77 96 
3000 60 38 
3000 61 81 
3000 62 9 
3000 63 3 95 
3000 64 
3000 65 19 31 87 
3000 66 53 57 
3000 67 38 
3000 68 5 
3000 69 
3000 70 7 
3000 71 21 33 89 
3000 72 1 4 76 
3000 73 20 
3000 74 0 26 42 96 
3000 75 15 44 47 
3000 76 72 93 99 
3000 77 9 59 85 
3000 78 39 94 
3000 79 34 80 
3000 80 7 20 79 95 
3000 81 4 25 61 88 89 
3000 82 9 90 
3000 83 9 25 88 98 
3000 84 11 33 41 
3000 85 4 37 77 
3000 86 9 45 47 
3000 87 65 
3000 88 12 22 81 83 
3000 89 0 45 71 81 
3000 90 41 42 82 
3000 91 7 39 
3000 92 
3000 93 33 34 40 51 52 76 99 
3000 94 7 18 78 
3000 95 4 40 63 80 
3000 96 3 39 59 74 
3000 97 21 
3000 98 3 83 
3000 99 76 93 
0 7200 
3600 0 45 86 
3600 1 6 40 77 81 85 
3600 2 33 57 
3600 3 36 42 54 
3600 4 70 71 96 
3600 5 7 92 
3600 6 1 77 
3600 7 5 12 30 65 
3600 8 24 55 63 72 73 
3600 9 17 47 70 83 90 
3600 10 26 44 66 79 
3600 11 47 59 79 97 
3600 12 7 35 
3600 13 53 
3600 14 21 23 42 86 
3600 15 42 51 
3600 16 82 85 
3600 17 9 29 81 
3600 18 92 
3600 19 93 
3600 20 70 
3600 21 14 40 42 42 70 77 
3600 22 30 56 
3600 23 14 
3600 24 8 72 
3600 25 42 
3600 26 10 59 75 
3600 27 40 40 70 
3600 28 42 56 57 96 
3600 29 17 41 82 84 
3600 30 7 22 57 60 
3600 31 71 75 80 83 
3600 32 53 
3600 33 2 34 44 
3600 34 33 44 
3600 35 12 94 
3600 36 3 
3600 37 41 
3600 38 86 98 
3600 39 96 
3600 40 1 21 27 27 77 99 
3600 41 29 37 69 
3600 42 3 14 15 21 21 25 28 45 56 61 63 89 
3600 43 59 65 
3600 44 10 33 34 53 77 
3600 45 0 42 
3600 46 74 
3600 47 9 11 58 
3600 48 59 79 
3600 49 
3600 50 57 
3600 51 15 83 89 
3600 52 92 
3600 53 13 32 44 87 
3600 54 3 77 
3600 55 8 
3600 56 22 28 42 
3600 57 2 28 30 50 60 80 96 99 99 
3600 58 47 69 
3600 59 11 26 43 48 97 99 
3600 60 30 57 
3600 61 42 96 
3600 62 83 89 
3600 63 8 42 89 
3600 64 
3600 65 7 43 
3600 66 10 
3600 67 
3600 68 99 
3600 69 41 58 97 97 
3600 70 4 9 20 21 27 71 
3600 71 4 31 70 77 83 83 
3600 72 8 24 
3600 73 8 76 81 
3600 74 46 75 83 
3600 75 26 31 74 83 86 
3600 76 73 77 
3600 77 1 6 21 40 44 54 71 76 84 
3600 78 79 
3600 79 10 11 48 78 91 97 
3600 80 31 57 99 
3600 81 1 17 73 
3600 82 16 29 
3600 83 9 31 51 62 71 71 74 75 84 88 
3600 84 29 77 83 
3600 85 1 16 
3600 86 0 14 38 75 98 
3600 87 53 
3600 88 83 
3600 89 42 51 62 63 
3600 90 9 
3600 91 79 99 99 
3600 92 5 18 52 99 
3600 93 19 
3600 94 35 
3600 95 
3600 96 4 28 39 57 61 97 
3600 97 11 59 69 69 79 96 
3600 98 38 86 
3600 99 40 57 57 59 68 80 91 91 92 
0 7200 
4200 0 28 
4200 1 11 11 56 77 
4200 2 43 56 70 79 80 87 
4200 3 74 75 88 
4200 4 18 28 36 39 91 
4200 5 
4200 6 11 40 76 
4200 7 19 22 59 63 75 
4200 8 21 85 
4200 9 10 22 83 98 98 
4200 10 9 38 45 
4200 11 1 1 6 47 59 69 75 76 
4200 12 24 30 61 91 
4200 13 60 
4200 14 88 
4200 15 
4200 16 23 
4200 17 41 
4200 18 4 59 
4200 19 7 42 65 90 96 99 
4200 20 46 49 71 85 
4200 21 8 31 74 
4200 22 7 9 
4200 23 16 25 37 44 80 82 
4200 24 12 53 
4200 25 23 49 54 
4200 26 
4200 27 54 75 99 
4200 28 0 4 51 53 74 
4200 29 73 95 
4200 30 12 64 
4200 31 21 39 45 79 83 84 88 
4200 32 36 53 
4200 33 
4200 34 79 92 93 
4200 35 80 
4200 36 4 32 66 
4200 37 23 55 79 84 
4200 38 10 62 
4200 39 4 31 59 67 
4200 40 6 76 81 92 
4200 41 17 71 
4200 42 19 
4200 43 2 59 76 
4200 44 23 69 77 
4200 45 10 31 
4200 46 20 72 72 80 89 95 
4200 47 11 77 
4200 48 
4200 49 20 25 61 
4200 50 65 87 99 
4200 51 28 62 
4200 52 57 65 79 
4200 53 24 28 32 
4200 54 25 27 80 90 95 
4200 55 37 77 
4200 56 1 2 79 92 
4200 57 52 58 
4200 58 57 72 73 79 93 
4200 59 7 11 18 39 43 68 
4200 60 13 
4200 61 12 49 
4200 62 38 51 
4200 63 7 75 86 
4200 64 30 
4200 65 19 50 52 87 
4200 66 36 67 70 
4200 67 39 66 70 78 
4200 68 59 
4200 69 11 44 77 85 
4200 70 2 66 67 
4200 71 20 41 79 81 
4200 72 46 46 58 82 85 
4200 73 29 58 93 
4200 74 3 21 28 
4200 75 3 7 11 27 63 
4200 76 6 11 40 43 87 97 
4200 77 1 44 47 55 69 96 
4200 78 67 
4200 79 2 31 34 37 52 56 58 71 
4200 80 2 23 35 46 54 87 95 
4200 81 40 71 96 98 
4200 82 23 72 
4200 83 9 31 88 
4200 84 31 37 
4200 85 8 20 69 72 97 
4200 86 63 
4200 87 2 50 65 76 80 
4200 88 3 14 31 83 
4200 89 46 96 96 
4200 90 19 54 
4200 91 4 12 
4200 92 34 40 56 
4200 93 34 58 73 
4200 94 
4200 95 29 46 54 80 
4200 96 19 77 81 89 89 
4200 97 76 85 
4200 98 9 9 81 
4200 99 19 27 50 
0 7200 
4800 0 10 36 56 
4800 1 67 85 
4800 2 71 75 
4800 3 10 61 74 85 
4800 4 39 65 98 
4800 5 34 39 50 66 
4800 6 44 52 79 
4800 7 
4800 8 58 
4800 9 42 51 54 61 
4800 10 0 3 14 21 38 74 
4800 11 27 69 72 95 
4800 12 13 18 61 
4800 13 12 
4800 14 10 21 43 62 63 76 78 83 88 93 98 
4800 15 56 62 83 
4800 16 
4800 17 29 41 44 
4800 18 12 36 39 70 
4800 19 63 65 79 87 
4800 20 68 
4800 21 10 14 
4800 22 39 
4800 23 44 55 83 85 
4800 24 31 96 
4800 25 46 54 
4800 26 31 
4800 27 11 31 56 67 67 
4800 28 74 
4800 29 17 
4800 30 35 50 91 
4800 31 24 26 27 40 56 83 84 
4800 32 48 
4800 33 
4800 34 5 91 
4800 35 30 61 70 82 85 94 
4800 36 0 18 42 82 96 
4800 37 58 
4800 38 10 51 53 54 74 
4800 39 4 5 18 22 64 65 90 
4800 40 31 47 69 81 92 
4800 41 17 89 
4800 42 9 36 61 75 76 
4800 43 14 
4800 44 6 17 23 58 71 82 
4800 45 59 
4800 46 25 47 49 55 58 84 98 
4800 47 40 46 54 71 98 
4800 48 32 50 94 
4800 49 46 56 74 98 
4800 50 5 30 48 
4800 51 9 38 96 
4800 52 6 57 
4800 53 38 
4800 54 9 25 38 47 83 
4800 55 23 46 72 81 
4800 56 0 15 27 31 49 96 
4800 57 52 65 82 95 95 
4800 58 8 37 44 46 71 
4800 59 45 87 
4800 60 
4800 61 3 9 12 35 42 74 
4800 62 14 15 76 
4800 63 14 19 65 79 98 
4800 64 39 
4800 65 4 19 39 57 63 92 
4800 66 5 91 
4800 67 1 27 27 71 72 
4800 68 20 87 
4800 69 11 40 84 89 95 
4800 70 18 35 
4800 71 2 44 47 58 67 75 79 
4800 72 11 55 67 89 
4800 73 92 99 
4800 74 3 10 28 38 49 61 
4800 75 2 42 71 83 
4800 76 14 42 62 83 
4800 77 82 
4800 78 14 96 
4800 79 6 19 63 71 
4800 80 97 99 
4800 81 40 55 89 
4800 82 35 36 44 57 77 92 
4800 83 14 15 23 31 54 75 76 
4800 84 31 46 69 85 95 
4800 85 1 3 23 35 84 
4800 86 
4800 87 19 59 68 92 
4800 88 14 93 
4800 89 41 69 72 81 
4800 90 39 
4800 91 30 34 66 
4800 92 40 65 73 82 87 
4800 93 14 88 96 
4800 94 35 48 
4800 95 11 57 57 69 84 
4800 96 24 36 51 56 78 93 98 
4800 97 80 
4800 98 4 14 46 47 49 63 96 
4800 99 73 80 
0 7200 
5400 0 13 15 56 78 83 
5400 1 89 97 98 
5400 2 61 
5400 3 13 14 19 42 56 
5400 4 11 26 36 57 
5400 5 18 26 59 94 99 
5400 6 29 52 
5400 7 35 43 63 
5400 8 
5400 9 14 21 31 36 64 81 84 91 97 
5400 10 22 61 63 88 
5400 11 4 71 84 85 
5400 12 
5400 13 0 3 74 76 83 90 
5400 14 3 9 28 
5400 15 0 21 24 28 38 78 
5400 16 80 
5400 17 
5400 18 5 41 47 91 
5400 19 3 57 63 64 82 
5400 20 
5400 21 9 15 31 62 
5400 22 10 47 53 63 
5400 23 54 77 
5400 24 15 28 38 
5400 25 28 64 
5400 26 4 5 60 90 
5400 27 33 35 36 65 82 83 
5400 28 14 15 24 25 31 56 
5400 29 6 73 73 95 
5400 30 94 
5400 31 9 21 28 35 54 64 68 68 77 88 
5400 32 39 
5400 33 27 65 85 99 
5400 34 85 
5400 35 7 27 31 43 48 
5400 36 4 9 27 70 
5400 37 52 77 
5400 38 15 24 51 68 86 
5400 39 32 42 68 
5400 40 52 69 
5400 41 18 85 
5400 42 3 39 61 75 93 
5400 43 7 35 
5400 44 64 73 
5400 45 59 65 87 
5400 46 80 
5400 47 18 22 
5400 48 35 55 
5400 49 
5400 50 65 97 
5400 51 38 78 
5400 52 6 37 40 57 59 79 87 
5400 53 22 
5400 54 23 31 61 
5400 55 48 73 
5400 56 0 3 28 82 98 
5400 57 4 19 52 64 
5400 58 66 
5400 59 5 45 52 
5400 60 26 63 70 
5400 61 2 10 42 54 62 
5400 62 21 61 86 90 
5400 63 7 10 19 22 60 86 
5400 64 9 19 25 31 44 57 85 
5400 65 27 33 45 50 
5400 66 58 
5400 67 80 85 99 
5400 68 31 31 38 39 71 
5400 69 40 
5400 70 36 60 
5400 71 11 68 
5400 72 89 
5400 73 29 29 44 55 
5400 74 13 88 
5400 75 42 97 
5400 76 13 78 
5400 77 23 31 37 84 
5400 78 0 15 51 76 
5400 79 52 92 
5400 80 16 46 67 
5400 81 9 82 
5400 82 19 27 56 81 
5400 83 0 13 27 
5400 84 9 11 77 98 
5400 85 11 33 34 41 64 67 
5400 86 38 62 63 
5400 87 45 52 
5400 88 10 31 74 
5400 89 1 72 
5400 90 13 26 62 
5400 91 9 18 
5400 92 79 
5400 93 42 
5400 94 5 30 
5400 95 29 
5400 96 
5400 97 1 9 50 75 
5400 98 1 56 84 
5400 99 5 33 67 
0 7200 
6000 0 13 52 
6000 1 15 37 99 
6000 2 3 5 26 33 33 67 68 75 91 98 
6000 3 2 8 18 26 47 57 73 
6000 4 9 19 95 97 
6000 5 2 26 82 
6000 6 41 87 92 
6000 7 14 58 61 
6000 8 3 38 53 56 83 83 86 
6000 9 4 23 49 51 62 98 
6000 10 28 63 83 90 
6000 11 15 72 79 95 99 
6000 12 20 98 
6000 13 0 38 78 
6000 14 7 42 53 62 
6000 15 1 11 75 
6000 16 23 
6000 17 34 35 67 
6000 18 3 28 54 56 83 
6000 19 4 27 31 34 46 64 86 
6000 20 12 37 50 
6000 21 24 24 52 
6000 22 73 
6000 23 9 16 97 98 
6000 24 21 21 49 53 96 
6000 25 89 
6000 26 2 3 5 32 35 94 
6000 27 19 77 82 83 91 95 
6000 28 10 18 52 56 62 
6000 29 44 84 
6000 30 
6000 31 19 35 
6000 32 26 60 66 73 
6000 33 2 2 67 96 
6000 34 17 19 40 
6000 35 17 26 31 38 48 64 96 
6000 36 39 53 96 
6000 37 1 20 
6000 38 8 13 35 51 
6000 39 36 
6000 40 34 95 
6000 41 6 55 87 
6000 42 14 64 78 83 
6000 43 61 78 
6000 44 29 69 95 
6000 45 
6000 46 19 86 97 
6000 47 3 53 61 76 83 88 
6000 48 35 
6000 49 9 24 
6000 50 20 97 
6000 51 9 38 83 
6000 52 0 21 28 
6000 53 8 14 24 36 47 85 
6000 54 18 83 
6000 55 41 98 
6000 56 8 18 28 61 
6000 57 3 
6000 58 7 
6000 59 
6000 60 32 63 66 73 
6000 61 7 43 47 56 63 
6000 62 9 14 28 
6000 63 10 60 61 
6000 64 19 35 42 71 
6000 65 82 
6000 66 32 60 
6000 67 2 17 33 
6000 68 2 82 98 99 
6000 69 44 
6000 70 73 
6000 71 64 80 
6000 72 11 79 
6000 73 3 22 32 60 70 96 
6000 74 
6000 75 2 15 91 
6000 76 47 88 
6000 77 27 98 
6000 78 13 42 43 88 
6000 79 11 72 97 
6000 80 71 
6000 81 
6000 82 5 27 65 68 98 99 
6000 83 8 8 10 18 27 42 47 51 54 
6000 84 29 
6000 85 53 96 
6000 86 8 19 46 90 
6000 87 6 41 
6000 88 47 76 78 
6000 89 25 
6000 90 10 86 
6000 91 2 27 75 98 99 
6000 92 6 
6000 93 
6000 94 26 
6000 95 4 11 27 40 44 
6000 96 24 33 35 36 73 85 
6000 97 4 23 46 50 79 
6000 98 2 9 12 23 55 68 77 82 91 
6000 99 1 11 68 82 91 
0 7200 
6600 0 14 31 36 49 74 78 86 
6600 1 15 27 82 
6600 2 47 82 97 98 
6600 3 7 54 
6600 4 15 34 54 59 91 99 
6600 5 61 76 90 
6600 6 17 65 67 77 
6600 7 3 10 26 30 36 
6600 8 
6600 9 13 14 21 31 53 64 77 95 
6600 10 7 21 42 49 61 
6600 11 35 38 47 77 95 
6600 12 75 75 85 
6600 13 9 52 54 56 
6600 14 0 9 73 74 76 85 90 
6600 15 1 4 19 29 31 64 98 
6600 16 
6600 17 6 29 40 41 
6600 18 42 62 76 
6600 19 15 27 96 98 
6600 20 87 
6600 21 9 10 42 51 
6600 22 63 83 
6600 23 47 64 66 
6600 24 69 
6600 25 65 96 
6600 26 7 34 82 
6600 27 1 19 28 54 
6600 28 27 39 68 81 83 90 91 96 
6600 29 15 17 60 71 
6600 30 7 63 94 
6600 31 0 9 15 36 46 64 78 86 90 93 
6600 32 60 
6600 33 36 39 62 
6600 34 4 26 39 40 92 
6600 35 11 83 96 
6600 36 0 7 31 33 96 98 98 
6600 37 84 
6600 38 11 69 88 93 
6600 39 28 33 34 88 94 
6600 40 17 34 60 63 
6600 41 17 47 
6600 42 10 18 21 61 73 
6600 43 
6600 44 69 
6600 45 59 88 
6600 46 31 
6600 47 2 11 23 41 50 65 88 
6600 48 94 96 99 
6600 49 0 10 
6600 50 47 67 71 
6600 51 21 85 
6600 52 13 74 
6600 53 9 78 85 89 90 
6600 54 3 4 13 27 76 
6600 55 60 
6600 56 13 
6600 57 
6600 58 
6600 59 4 45 
6600 60 29 32 40 55 82 96 
6600 61 5 10 42 
6600 62 18 33 89 
6600 63 22 30 40 73 90 
6600 64 9 15 23 31 66 71 
6600 65 6 25 47 98 
6600 66 23 64 82 
6600 67 6 50 88 
6600 68 28 
6600 69 24 38 44 84 
6600 70 
6600 71 29 50 64 
6600 72 95 
6600 73 14 42 63 91 
6600 74 0 14 52 89 
6600 75 12 12 90 93 
6600 76 5 14 18 54 
6600 77 6 9 11 
6600 78 0 31 53 
6600 79 
6600 80 
6600 81 28 91 
6600 82 1 2 26 60 66 87 
6600 83 22 28 35 
6600 84 37 69 
6600 85 12 14 51 53 
6600 86 0 31 95 
6600 87 20 82 
6600 88 38 39 45 47 67 96 
6600 89 53 62 74 
6600 90 5 14 28 31 53 63 75 91 
6600 91 4 28 73 81 90 93 
6600 92 34 
6600 93 31 38 75 91 
6600 94 30 39 48 
6600 95 9 11 72 86 
6600 96 19 25 28 35 36 48 60 88 
6600 97 2 
6600 98 2 15 19 36 36 65 
6600 99 4 48 
0 7200 
7200 0 5 61 86 
7200 1 11 12 25 47 
7200 2 77 89 
7200 3 7 15 36 70 
7200 4 9 11 20 41 55 63 64 88 
7200 5 0 14 49 84 
7200 6 25 26 47 
7200 7 3 14 39 42 53 94 
7200 8 62 73 
7200 9 4 12 19 41 77 77 95 95 98 
7200 10 17 40 80 
7200 11 1 4 24 32 41 75 95 96 
7200 12 1 9 15 20 59 67 
7200 13 52 77 
7200 14 5 7 53 85 
7200 15 3 12 19 36 76 
7200 16 72 
7200 17 10 24 27 69 82 
7200 18 57 70 85 
7200 19 9 15 82 88 91 98 
7200 20 4 12 35 36 75 82 
7200 21 72 
7200 22 36 
7200 23 29 72 75 97 
7200 24 11 17 29 
7200 25 1 6 26 45 79 
7200 26 6 25 93 93 
7200 27 17 68 82 
7200 28 31 48 73 98 
7200 29 23 24 37 
7200 30 39 48 70 83 90 
7200 31 28 54 
7200 32 11 79 
7200 33 41 82 
7200 34 60 
7200 35 20 63 82 96 98 
7200 36 3 15 20 22 53 83 88 90 91 
7200 37 29 38 97 
7200 38 37 40 54 
7200 39 7 30 61 
7200 40 10 38 60 87 
7200 41 4 9 11 33 67 
7200 42 7 44 44 84 
7200 43 
7200 44 42 42 67 
7200 45 25 
7200 46 
7200 47 1 6 68 88 96 
7200 48 28 30 
7200 49 5 68 
7200 50 71 
7200 51 83 
7200 52 13 54 
7200 53 7 14 36 61 86 
7200 54 31 38 52 
7200 55 4 96 
7200 56 63 75 83 
7200 57 18 83 85 
7200 58 91 99 
7200 59 12 66 
7200 60 34 40 67 93 97 
7200 61 0 39 53 83 86 95 
7200 62 8 68 73 
7200 63 4 35 56 91 91 99 
7200 64 4 75 84 
7200 65 87 93 
7200 66 59 97 
7200 67 12 41 44 60 
7200 68 27 47 49 62 95 
7200 69 17 
7200 70 3 18 30 
7200 71 50 
7200 72 16 21 23 
7200 73 8 28 62 
7200 74 89 
7200 75 11 20 23 56 64 83 99 
7200 76 15 
7200 77 2 9 9 13 84 
7200 78 96 
7200 79 25 32 97 
7200 80 10 
7200 81 88 90 
7200 82 17 19 20 27 33 35 
7200 83 30 36 51 56 57 61 75 94 
7200 84 5 42 64 77 
7200 85 14 18 57 
7200 86 0 53 61 89 
7200 87 40 65 97 
7200 88 4 19 36 47 81 93 
7200 89 2 74 86 
7200 90 30 36 81 
7200 91 19 36 58 63 63 
7200 92 
7200 93 26 26 60 65 88 
7200 94 7 83 
7200 95 9 9 11 61 68 
7200 96 11 35 47 55 78 
7200 97 23 37 60 66 79 87 
7200 98 9 19 28 35 
7200 99 58 63 75 
