0 7200 
0 0 19 82 122 
0 1 63 124 140 184 239 
0 2 59 175 217 247 
0 3 7 34 35 117 244 
0 4 159 181 
0 5 77 92 103 104 213 245 
0 6 55 101 111 121 123 
0 7 3 74 170 185 202 227 
0 8 10 109 112 139 
0 9 31 80 174 
0 10 8 170 
0 11 202 206 
0 12 15 86 92 196 
0 13 18 
0 14 
0 15 12 39 183 183 247 
0 16 69 148 
0 17 29 33 121 197 
0 18 13 84 88 142 240 
0 19 0 104 
0 20 
0 21 54 102 119 195 
0 22 42 141 243 246 
0 23 70 95 97 181 
0 24 175 
0 25 84 87 226 
0 26 215 230 
0 27 205 
0 28 47 66 83 114 
0 29 17 53 64 116 127 222 248 
0 30 156 223 
0 31 9 66 225 
0 32 
0 33 17 36 40 123 
0 34 3 161 163 
0 35 3 51 170 
0 36 33 41 50 
0 37 135 165 
0 38 
0 39 15 
0 40 33 98 
0 41 36 84 197 
0 42 22 100 111 133 167 212 
0 43 52 181 
0 44 101 104 154 
0 45 103 205 
0 46 53 88 204 214 218 220 
0 47 28 149 222 
0 48 155 
0 49 
0 50 36 165 
0 51 35 94 191 193 194 212 215 223 
0 52 43 144 175 194 235 
0 53 29 46 117 132 222 242 
0 54 21 103 
0 55 6 141 144 178 180 
0 56 104 147 
0 57 202 215 
0 58 121 198 
0 59 2 63 104 160 
0 60 183 207 221 
0 61 87 130 141 193 238 
0 62 99 218 
0 63 1 59 85 152 
0 64 29 244 
0 65 
0 66 28 31 70 149 211 
0 67 115 144 150 231 
0 68 143 156 
0 69 16 83 218 
0 70 23 66 75 85 119 148 186 
0 71 82 
0 72 193 230 
0 73 
0 74 7 79 
0 75 70 146 174 
0 76 110 180 
0 77 5 80 
0 78 190 191 195 234 
0 79 74 164 198 238 
0 80 9 77 99 116 183 226 229 
0 81 203 
0 82 0 71 238 
0 83 28 69 104 121 
0 84 18 25 41 220 
0 85 63 70 93 103 149 171 
0 86 12 146 148 175 236 
0 87 25 61 
0 88 18 46 196 221 
0 89 100 186 222 
0 90 134 159 211 
0 91 161 
0 92 5 12 211 
0 93 85 99 225 237 
0 94 51 
0 95 23 125 171 218 
0 96 168 
0 97 23 181 211 
0 98 40 127 155 157 
0 99 62 80 93 102 114 119 126 
0 100 42 89 131 150 160 177 179 240 
0 101 6 44 154 162 
0 102 21 99 168 204 213 245 
0 103 5 45 54 85 183 
0 104 5 19 44 56 59 83 107 116 144 149 161 198 
0 105 
0 106 201 
0 107 104 
0 108 
0 109 8 152 
0 110 76 210 230 
0 111 6 42 117 187 240 
0 112 8 197 
0 113 128 154 
0 114 28 99 149 196 205 225 
0 115 67 144 181 201 
0 116 29 80 104 117 155 207 
0 117 3 53 111 116 168 
0 118 138 217 222 242 
0 119 21 70 99 
0 120 181 
0 121 6 17 58 83 130 223 242 
0 122 0 
0 123 6 33 
0 124 1 174 218 226 
0 125 95 
0 126 99 
0 127 29 98 240 
0 128 113 149 
0 129 
0 130 61 121 225 
0 131 100 143 151 202 
0 132 53 242 
0 133 42 189 
0 134 90 
0 135 37 181 
0 136 214 216 219 
0 137 
0 138 118 146 
0 139 8 184 211 
0 140 1 202 
0 141 22 55 61 
0 142 18 175 205 225 
0 143 68 131 212 
0 144 52 55 67 104 115 
0 145 204 245 
0 146 75 86 138 
0 147 56 157 
0 148 16 70 86 186 
0 149 47 66 85 104 114 128 185 
0 150 67 100 238 
0 151 131 161 207 
0 152 63 109 240 
0 153 183 217 236 
0 154 44 101 113 
0 155 48 98 116 240 
0 156 30 68 
0 157 98 147 
0 158 221 225 
0 159 4 90 191 204 
0 160 59 100 228 
0 161 34 91 104 151 197 
0 162 101 184 
0 163 34 
0 164 79 
0 165 37 50 233 240 
0 166 
0 167 42 201 222 
0 168 96 102 117 248 
0 169 
0 170 7 10 35 232 
0 171 85 95 196 
0 172 201 
0 173 229 
0 174 9 75 124 
0 175 2 24 52 86 142 
0 176 
0 177 100 249 
0 178 55 195 235 
0 179 100 
0 180 55 76 191 195 
0 181 4 23 43 97 115 120 135 194 
0 182 188 
0 183 15 15 60 80 103 153 199 
0 184 1 139 162 188 198 216 
0 185 7 149 198 214 
0 186 70 89 148 196 
0 187 111 200 227 
0 188 182 184 
0 189 133 
0 190 78 233 234 235 
0 191 51 78 159 180 
0 192 225 248 
0 193 51 61 72 200 
0 194 51 52 181 200 224 240 
0 195 21 78 178 180 230 
0 196 12 88 114 171 186 
0 197 17 41 112 161 
0 198 58 79 104 184 185 
0 199 183 
0 200 187 193 194 234 
0 201 106 115 167 172 
0 202 7 11 57 131 140 212 217 
0 203 81 236 
0 204 46 102 145 159 
0 205 27 45 114 142 
0 206 11 227 
0 207 60 116 151 233 248 
0 208 
0 209 
0 210 110 
0 211 66 90 92 97 139 
0 212 42 51 143 202 
0 213 5 102 248 
0 214 46 136 185 
0 215 26 51 57 243 
0 216 136 184 
0 217 2 118 153 202 
0 218 46 62 69 95 124 
0 219 136 
0 220 46 84 
0 221 60 88 158 224 248 
0 222 29 47 53 89 118 167 
0 223 30 51 121 
0 224 194 221 
0 225 31 93 114 130 142 158 192 
0 226 25 80 124 240 
0 227 7 187 206 
0 228 160 
0 229 80 173 
0 230 26 72 110 195 
0 231 67 
0 232 170 
0 233 165 190 207 
0 234 78 190 200 
0 235 52 178 190 
0 236 86 153 203 
0 237 93 245 
0 238 61 79 82 150 
0 239 1 
0 240 18 100 111 127 152 155 165 194 226 
0 241 
0 242 53 118 121 132 
0 243 22 215 
0 244 3 64 
0 245 5 102 145 237 
0 246 22 
0 247 2 15 
0 248 29 168 192 207 213 221 
0 249 177 
0 7200 
600 0 10 127 175 202 212 
600 1 137 
600 2 134 188 
600 3 11 107 223 
600 4 108 131 206 
600 5 23 29 29 35 72 123 138 162 209 211 
600 6 153 187 195 
600 7 56 111 228 237 
600 8 18 20 42 65 139 203 234 
600 9 176 
600 10 0 40 179 232 
600 11 3 111 222 
600 12 102 103 159 165 225 
600 13 55 59 91 134 
600 14 128 184 
600 15 53 157 
600 16 85 146 
600 17 56 58 128 154 
600 18 8 78 111 118 183 188 190 195 
600 19 41 48 82 106 115 131 150 
600 20 8 39 144 
600 21 40 62 148 239 240 
600 22 71 104 166 
600 23 5 55 188 192 211 
600 24 104 169 173 
600 25 30 217 
600 26 38 41 53 74 79 
600 27 46 
600 28 46 
600 29 5 5 137 202 
600 30 25 57 82 150 
600 31 132 149 174 
600 32 64 87 161 
600 33 47 138 183 
600 34 52 107 141 208 217 
600 35 5 240 
600 36 59 72 84 86 96 230 242 
600 37 111 200 
600 38 26 117 175 
600 39 20 84 187 197 
600 40 10 21 73 175 
600 41 19 26 84 227 
600 42 8 58 115 133 154 200 202 
600 43 144 187 199 230 235 
600 44 84 201 
600 45 
600 46 27 28 96 118 171 188 
600 47 33 104 152 161 177 239 
600 48 19 58 
600 49 178 221 239 
600 50 166 
600 51 207 
600 52 34 91 
600 53 15 26 84 101 
600 54 93 177 243 
600 55 13 23 130 143 188 229 
600 56 7 17 62 83 84 
600 57 30 
600 58 17 42 48 105 127 197 
600 59 13 36 61 207 
600 60 77 146 164 211 
600 61 59 196 
600 62 21 56 89 119 165 229 
600 63 100 138 149 219 
600 64 32 
600 65 8 96 148 220 
600 66 181 248 
600 67 107 153 201 235 
600 68 107 
600 69 88 116 
600 70 145 188 
600 71 22 99 106 
600 72 5 36 133 146 248 
600 73 40 164 213 
600 74 26 83 168 
600 75 
600 76 
600 77 60 83 147 
600 78 18 
600 79 26 119 127 144 146 205 217 239 
600 80 140 218 
600 81 
600 82 19 30 104 158 163 
600 83 56 74 77 123 246 
600 84 36 39 41 44 53 56 184 
600 85 16 
600 86 36 220 
600 87 32 94 152 156 222 
600 88 69 114 126 153 177 180 181 192 224 
600 89 62 152 188 
600 90 95 
600 91 13 52 169 235 
600 92 211 
600 93 54 132 242 
600 94 87 106 
600 95 90 180 
600 96 36 46 65 126 167 174 
600 97 153 174 183 
600 98 128 
600 99 71 111 143 167 194 240 
600 100 63 104 149 188 
600 101 53 
600 102 12 116 165 171 
600 103 12 138 248 
600 104 22 24 47 82 100 152 225 226 
600 105 58 142 154 
600 106 19 71 94 228 
600 107 3 34 67 68 215 230 
600 108 4 195 
600 109 118 
600 110 173 
600 111 7 11 18 37 99 127 163 179 233 
600 112 118 127 
600 113 216 232 
600 114 88 211 225 
600 115 19 42 
600 116 69 102 149 229 
600 117 38 126 142 240 
600 118 18 46 109 112 142 179 228 
600 119 62 79 164 
600 120 130 183 187 
600 121 
600 122 
600 123 5 83 
600 124 
600 125 235 235 
600 126 88 96 117 137 225 
600 127 0 58 79 111 112 140 160 175 216 220 
600 128 14 17 98 150 
600 129 197 222 
600 130 55 120 206 
600 131 4 19 133 143 153 
600 132 31 93 171 
600 133 42 72 131 143 189 228 233 
600 134 2 13 
600 135 
600 136 205 
600 137 1 29 126 175 231 
600 138 5 33 63 103 177 181 
600 139 8 173 193 
600 140 80 127 161 
600 141 34 169 
600 142 105 117 118 242 
600 143 55 99 131 133 163 
600 144 20 43 79 161 206 
600 145 70 164 213 
600 146 16 60 72 79 207 240 
600 147 77 164 176 213 
600 148 21 65 
600 149 31 63 100 116 218 
600 150 19 30 128 186 198 223 
600 151 178 190 240 248 
600 152 47 87 89 104 176 212 227 
600 153 6 67 88 97 131 207 239 249 
600 154 17 42 105 222 
600 155 158 240 
600 156 87 186 201 
600 157 15 227 
600 158 82 155 
600 159 12 185 200 
600 160 127 233 
600 161 32 47 140 144 224 
600 162 5 168 
600 163 82 111 143 212 
600 164 60 73 119 145 147 192 209 226 
600 165 12 62 102 
600 166 22 50 228 
600 167 96 99 185 232 
600 168 74 162 219 
600 169 24 91 141 
600 170 225 
600 171 46 102 132 192 
600 172 208 
600 173 24 110 139 207 
600 174 31 96 97 205 
600 175 0 38 40 127 137 
600 176 9 147 152 231 
600 177 47 54 88 138 
600 178 49 151 190 200 248 
600 179 10 111 118 231 
600 180 88 95 239 247 
600 181 66 88 138 
600 182 220 
600 183 18 33 97 120 221 247 
600 184 14 84 
600 185 159 167 211 229 
600 186 150 156 197 
600 187 6 39 43 120 236 
600 188 2 18 23 46 55 70 89 100 195 205 231 
600 189 133 
600 190 18 151 178 
600 191 195 221 
600 192 23 88 164 171 207 
600 193 139 
600 194 99 216 
600 195 6 18 108 188 191 
600 196 61 
600 197 39 58 129 186 
600 198 150 
600 199 43 230 247 
600 200 37 42 159 178 241 241 
600 201 44 67 156 
600 202 0 29 42 
600 203 8 
600 204 230 
600 205 79 136 174 188 
600 206 4 130 144 
600 207 51 59 146 153 173 192 
600 208 34 172 241 
600 209 5 164 
600 210 
600 211 5 23 60 92 114 185 213 225 
600 212 0 152 163 
600 213 73 145 147 211 
600 214 
600 215 107 228 
600 216 113 127 194 
600 217 25 34 79 243 
600 218 80 149 242 
600 219 63 168 
600 220 65 86 127 182 
600 221 49 183 191 248 
600 222 11 87 129 154 
600 223 3 150 
600 224 88 161 243 246 
600 225 12 104 114 126 170 211 
600 226 104 164 
600 227 41 152 157 
600 228 7 106 118 133 166 215 
600 229 55 62 116 185 
600 230 36 43 107 199 204 
600 231 137 176 179 188 237 240 
600 232 10 113 167 
600 233 111 133 160 234 
600 234 8 233 
600 235 43 67 91 125 125 
600 236 187 
600 237 7 231 242 245 
600 238 
600 239 21 47 49 79 153 180 
600 240 21 35 99 117 146 151 155 231 
600 241 200 200 208 
600 242 36 93 142 218 237 
600 243 54 217 224 
600 244 
600 245 237 
600 246 83 224 
600 247 180 183 199 
600 248 66 72 103 151 178 221 
600 249 153 
0 7200 
1200 0 84 101 
1200 1 46 124 140 146 162 164 167 218 
1200 2 17 24 136 144 
1200 3 20 219 
1200 4 43 59 195 
1200 5 39 163 177 181 207 228 234 
1200 6 8 193 248 
1200 7 29 158 222 224 
1200 8 6 20 22 91 96 121 163 225 
1200 9 15 63 101 211 243 
1200 10 128 216 
1200 11 29 65 220 
1200 12 26 32 87 169 249 
1200 13 249 
1200 14 57 131 
1200 15 9 
1200 16 27 93 
1200 17 2 24 180 186 187 187 190 200 
1200 18 76 120 141 151 235 
1200 19 20 116 137 148 242 243 
1200 20 3 8 19 39 46 47 55 126 168 248 
1200 21 37 54 101 114 
1200 22 8 150 178 
1200 23 139 192 211 
1200 24 2 17 32 153 210 233 
1200 25 54 59 88 111 163 169 
1200 26 12 71 107 
1200 27 16 73 96 
1200 28 73 116 
1200 29 7 11 48 129 220 
1200 30 51 203 
1200 31 
1200 32 12 24 39 198 207 215 
1200 33 79 180 229 239 
1200 34 
1200 35 165 242 
1200 36 
1200 37 21 45 69 151 173 191 193 
1200 38 
1200 39 5 20 32 55 
1200 40 70 185 
1200 41 152 220 244 
1200 42 
1200 43 4 51 72 110 145 153 177 233 
1200 44 51 202 234 
1200 45 37 209 209 246 248 
1200 46 1 20 75 126 213 237 
1200 47 20 93 218 
1200 48 29 113 
1200 49 102 191 221 235 
1200 50 
1200 51 30 43 44 94 111 141 198 
1200 52 123 204 218 
1200 53 101 
1200 54 21 25 74 127 193 
1200 55 20 39 64 82 138 139 167 178 234 
1200 56 62 152 211 229 
1200 57 14 
1200 58 198 
1200 59 4 25 104 134 138 180 204 
1200 60 
1200 61 100 107 150 
1200 62 56 145 162 188 
1200 63 9 140 
1200 64 55 197 201 201 225 
1200 65 11 119 197 206 
1200 66 
1200 67 118 139 236 
1200 68 91 118 159 169 210 243 
1200 69 37 237 
1200 70 40 126 176 
1200 71 26 214 
1200 72 43 97 169 
1200 73 27 28 77 104 
1200 74 54 97 142 146 206 222 230 
1200 75 46 116 217 
1200 76 18 
1200 77 73 157 218 
1200 78 139 199 
1200 79 33 84 238 248 
1200 80 174 
1200 81 125 135 139 195 
1200 82 55 197 
1200 83 153 210 233 
1200 84 0 79 198 234 
1200 85 114 140 
1200 86 166 
1200 87 12 
1200 88 25 121 147 
1200 89 119 142 
1200 90 133 157 
1200 91 8 68 120 226 238 241 
1200 92 133 213 238 
1200 93 16 47 147 226 239 242 
1200 94 51 100 129 131 214 
1200 95 148 
1200 96 8 27 140 154 218 
1200 97 72 74 
1200 98 
1200 99 115 163 172 203 
1200 100 61 94 240 
1200 101 0 9 21 53 146 243 
1200 102 49 125 148 
1200 103 161 
1200 104 59 73 135 144 160 
1200 105 142 
1200 106 131 160 169 212 
1200 107 26 61 160 175 
1200 108 110 125 235 246 
1200 109 216 
1200 110 43 108 178 
1200 111 25 51 141 198 234 
1200 112 179 
1200 113 48 189 227 
1200 114 21 85 218 
1200 115 99 219 
1200 116 19 28 75 121 207 238 243 
1200 117 128 137 237 
1200 118 67 68 
1200 119 65 89 
1200 120 18 91 210 233 233 236 
1200 121 8 88 116 137 229 231 
1200 122 
1200 123 52 239 
1200 124 1 
1200 125 81 102 108 210 
1200 126 20 46 70 161 165 192 218 
1200 127 54 132 142 147 
1200 128 10 117 160 205 
1200 129 29 94 155 
1200 130 134 241 
1200 131 14 94 106 203 243 
1200 132 127 148 217 229 
1200 133 90 92 
1200 134 59 130 135 178 
1200 135 81 104 134 
1200 136 2 221 239 
1200 137 19 117 121 149 187 237 
1200 138 55 59 156 157 164 195 229 
1200 139 23 55 67 78 81 178 191 191 
1200 140 1 63 85 96 213 
1200 141 18 51 111 233 235 
1200 142 74 89 105 127 156 
1200 143 177 214 
1200 144 2 104 178 181 190 
1200 145 43 62 211 
1200 146 1 74 101 
1200 147 88 93 127 164 168 
1200 148 19 95 102 132 187 231 
1200 149 137 162 218 240 
1200 150 22 61 202 244 
1200 151 18 37 163 
1200 152 41 56 
1200 153 24 43 83 
1200 154 96 
1200 155 129 243 
1200 156 138 142 222 243 
1200 157 77 90 138 164 192 
1200 158 7 
1200 159 68 
1200 160 104 106 107 128 175 225 230 
1200 161 103 126 213 
1200 162 1 62 149 166 168 205 217 
1200 163 5 8 25 99 151 167 201 201 249 
1200 164 1 138 147 157 
1200 165 35 126 171 217 
1200 166 86 162 243 
1200 167 1 55 163 243 
1200 168 20 147 162 
1200 169 12 25 68 72 106 196 
1200 170 
1200 171 165 
1200 172 99 201 
1200 173 37 239 239 
1200 174 80 
1200 175 107 160 223 
1200 176 70 226 
1200 177 5 43 143 180 204 
1200 178 22 55 110 134 139 144 
1200 179 112 227 
1200 180 17 33 59 177 
1200 181 5 144 200 
1200 182 184 
1200 183 
1200 184 182 197 
1200 185 40 222 
1200 186 17 241 
1200 187 17 17 137 148 191 200 
1200 188 62 217 
1200 189 113 194 
1200 190 17 144 200 
1200 191 37 49 139 139 187 
1200 192 23 126 157 242 
1200 193 6 37 54 221 
1200 194 189 222 
1200 195 4 81 138 229 229 234 
1200 196 169 247 
1200 197 64 65 82 184 243 
1200 198 32 51 58 84 111 
1200 199 78 
1200 200 17 181 187 190 
1200 201 64 64 163 163 172 214 
1200 202 44 150 
1200 203 30 99 131 
1200 204 52 59 177 
1200 205 128 162 
1200 206 65 74 222 
1200 207 5 32 116 241 
1200 208 
1200 209 45 45 226 
1200 210 24 68 83 120 125 226 235 
1200 211 9 23 56 145 234 
1200 212 106 
1200 213 46 92 140 161 
1200 214 71 94 143 201 
1200 215 32 
1200 216 10 109 
1200 217 75 132 162 165 188 
1200 218 1 47 52 77 96 114 126 149 245 
1200 219 3 115 
1200 220 11 29 41 
1200 221 49 136 193 
1200 222 7 74 156 185 194 206 
1200 223 175 
1200 224 7 
1200 225 8 64 160 
1200 226 91 93 176 209 210 
1200 227 113 179 
1200 228 5 
1200 229 33 56 121 132 138 195 195 
1200 230 74 160 243 
1200 231 121 148 
1200 232 
1200 233 24 43 83 120 120 141 
1200 234 5 44 55 84 111 195 211 
1200 235 18 49 108 141 210 
1200 236 67 120 239 
1200 237 46 69 117 137 
1200 238 79 91 92 116 
1200 239 33 93 123 136 173 173 236 
1200 240 100 149 
1200 241 91 130 186 207 247 
1200 242 19 35 93 192 
1200 243 9 19 68 101 116 131 155 156 166 167 197 230 
1200 244 41 150 
1200 245 218 
1200 246 45 108 
1200 247 196 241 
1200 248 6 20 45 79 
1200 249 12 13 163 
0 7200 
1800 0 174 214 
1800 1 152 194 211 
1800 2 78 140 191 213 
1800 3 94 144 150 172 174 185 186 207 219 
1800 4 6 107 200 239 
1800 5 75 137 245 
1800 6 4 177 241 
1800 7 29 50 82 84 152 170 228 
1800 8 12 21 100 146 182 211 243 
1800 9 77 145 218 237 242 
1800 10 106 122 184 
1800 11 38 126 232 
1800 12 8 22 141 177 205 244 
1800 13 102 159 210 241 
1800 14 17 19 127 142 144 
1800 15 217 
1800 16 88 93 
1800 17 14 51 81 138 180 187 193 
1800 18 176 
1800 19 14 20 33 49 88 140 149 168 
1800 20 19 28 93 146 170 172 176 205 
1800 21 8 47 157 206 
1800 22 12 32 89 
1800 23 88 125 147 148 157 234 
1800 24 136 138 193 
1800 25 51 88 89 175 211 239 
1800 26 107 
1800 27 29 33 237 
1800 28 20 47 157 177 182 211 242 
1800 29 7 27 35 122 158 229 
1800 30 61 72 72 107 
1800 31 165 192 
1800 32 22 115 151 
1800 33 19 27 54 56 104 127 
1800 34 77 145 209 218 
1800 35 29 64 85 133 176 231 
1800 36 103 148 
1800 37 121 177 
1800 38 11 48 117 164 184 
1800 39 84 121 
1800 40 58 117 129 
1800 41 44 82 160 174 225 227 
1800 42 146 213 240 
1800 43 156 230 
1800 44 41 58 99 111 155 
1800 45 237 
1800 46 97 192 214 
1800 47 21 28 119 142 
1800 48 38 64 94 108 109 127 154 164 184 
1800 49 19 70 95 159 210 
1800 50 7 139 
1800 51 17 25 68 141 150 167 
1800 52 
1800 53 100 129 162 182 202 238 248 
1800 54 33 139 149 
1800 55 85 98 231 
1800 56 33 161 205 
1800 57 114 163 
1800 58 40 44 106 112 154 
1800 59 151 221 
1800 60 117 137 232 234 
1800 61 30 197 197 201 
1800 62 
1800 63 155 179 
1800 64 35 48 
1800 65 150 
1800 66 218 
1800 67 68 194 196 197 199 234 
1800 68 51 67 72 196 
1800 69 180 
1800 70 49 124 157 204 209 237 
1800 71 92 175 197 
1800 72 30 30 68 84 89 117 137 177 177 249 
1800 73 204 205 213 245 
1800 74 140 149 
1800 75 5 124 231 
1800 76 125 151 
1800 77 9 34 97 242 
1800 78 2 145 153 191 
1800 79 107 111 156 237 
1800 80 
1800 81 17 
1800 82 7 41 155 185 229 240 
1800 83 120 151 185 210 
1800 84 7 39 72 127 146 225 
1800 85 35 55 245 
1800 86 166 
1800 87 160 228 229 
1800 88 16 19 23 25 95 183 245 
1800 89 22 25 72 172 207 212 233 
1800 90 
1800 91 134 194 
1800 92 71 139 198 244 
1800 93 16 20 98 218 
1800 94 3 48 96 100 167 215 
1800 95 49 88 
1800 96 94 116 124 139 220 
1800 97 46 77 156 164 204 207 242 
1800 98 55 93 158 211 215 245 
1800 99 44 106 196 
1800 100 8 53 94 200 247 
1800 101 238 
1800 102 13 145 176 
1800 103 36 204 213 246 
1800 104 33 143 151 160 202 240 
1800 105 
1800 106 10 58 99 
1800 107 4 26 30 79 111 151 244 
1800 108 48 224 
1800 109 48 228 
1800 110 161 199 
1800 111 44 79 107 182 183 238 
1800 112 58 
1800 113 
1800 114 57 
1800 115 32 135 183 
1800 116 96 
1800 117 38 40 60 72 216 
1800 118 
1800 119 47 166 227 
1800 120 83 136 187 210 246 
1800 121 37 39 179 239 
1800 122 10 29 205 
1800 123 
1800 124 70 75 96 204 
1800 125 23 76 236 
1800 126 11 222 229 
1800 127 14 33 48 84 183 187 
1800 128 198 
1800 129 40 53 214 227 
1800 130 195 236 
1800 131 172 207 247 
1800 132 248 
1800 133 35 242 
1800 134 91 195 246 
1800 135 115 
1800 136 24 120 
1800 137 5 60 72 234 
1800 138 17 24 246 
1800 139 50 54 92 96 149 198 223 
1800 140 2 19 74 143 157 177 210 
1800 141 12 51 183 
1800 142 14 47 170 
1800 143 104 140 
1800 144 3 14 169 
1800 145 9 34 78 102 192 
1800 146 8 20 42 84 
1800 147 23 149 162 211 
1800 148 23 36 
1800 149 19 54 74 139 147 
1800 150 3 51 65 172 
1800 151 32 59 76 83 104 107 169 188 193 207 
1800 152 1 7 240 
1800 153 78 
1800 154 48 58 162 
1800 155 44 63 82 232 
1800 156 43 79 97 180 195 211 
1800 157 21 23 28 70 140 
1800 158 29 98 222 
1800 159 13 49 190 
1800 160 41 87 104 169 200 201 234 
1800 161 56 110 
1800 162 53 147 154 205 
1800 163 57 169 208 
1800 164 38 48 97 
1800 165 31 
1800 166 86 119 218 
1800 167 51 94 215 227 
1800 168 19 176 
1800 169 144 151 160 163 
1800 170 7 20 142 
1800 171 
1800 172 3 20 89 131 150 
1800 173 204 
1800 174 0 3 41 219 
1800 175 25 71 235 
1800 176 18 20 35 102 168 192 226 
1800 177 6 12 28 37 72 72 140 199 200 210 
1800 178 
1800 179 63 121 
1800 180 17 69 156 185 239 
1800 181 
1800 182 8 28 53 111 
1800 183 88 111 115 127 141 185 196 198 234 
1800 184 10 38 48 
1800 185 3 82 83 180 183 196 
1800 186 3 208 
1800 187 17 120 127 
1800 188 151 
1800 189 
1800 190 159 
1800 191 2 78 195 233 
1800 192 31 46 145 176 207 237 
1800 193 17 24 151 
1800 194 1 67 91 
1800 195 130 134 156 191 207 
1800 196 67 68 99 183 185 
1800 197 61 61 67 71 
1800 198 92 128 139 183 
1800 199 67 110 177 210 
1800 200 4 100 160 177 
1800 201 61 160 208 223 
1800 202 53 104 
1800 203 233 241 
1800 204 70 73 97 103 124 173 220 
1800 205 12 20 56 73 122 162 238 
1800 206 21 
1800 207 3 89 97 131 151 192 195 
1800 208 163 186 201 
1800 209 34 70 
1800 210 13 49 83 120 140 177 199 246 
1800 211 1 8 25 28 98 147 156 213 231 
1800 212 89 
1800 213 2 42 73 103 211 
1800 214 0 46 129 
1800 215 94 98 167 
1800 216 117 
1800 217 15 
1800 218 9 34 66 93 166 
1800 219 3 174 
1800 220 96 204 231 238 
1800 221 59 
1800 222 126 158 
1800 223 139 201 
1800 224 108 
1800 225 41 84 
1800 226 176 243 
1800 227 41 119 129 167 
1800 228 7 87 109 
1800 229 29 82 87 126 
1800 230 43 233 
1800 231 35 55 75 211 220 
1800 232 11 60 155 
1800 233 89 191 203 230 
1800 234 23 60 67 137 160 183 
1800 235 175 
1800 236 125 130 
1800 237 9 27 45 70 79 192 
1800 238 53 101 111 205 220 
1800 239 4 25 121 180 
1800 240 42 82 104 152 
1800 241 6 13 203 
1800 242 9 28 77 97 133 
1800 243 8 226 
1800 244 12 92 107 
1800 245 5 73 85 88 98 
1800 246 103 120 134 138 210 
1800 247 100 131 
1800 248 53 132 
1800 249 72 
0 7200 
2400 0 12 50 82 111 127 220 
2400 1 47 95 123 
2400 2 8 20 195 226 226 246 
2400 3 12 26 41 106 128 164 
2400 4 195 229 
2400 5 131 187 
2400 6 9 163 
2400 7 113 114 121 158 194 224 
2400 8 2 20 138 163 194 208 
2400 9 6 25 43 175 223 
2400 10 44 63 184 
2400 11 96 126 
2400 12 0 3 141 149 149 
2400 13 
2400 14 44 
2400 15 
2400 16 93 218 
2400 17 30 72 153 199 223 234 234 
2400 18 51 141 192 204 
2400 19 89 148 202 230 244 246 
2400 20 2 8 74 133 185 226 240 
2400 21 35 119 142 149 192 213 
2400 22 61 68 80 131 
2400 23 124 
2400 24 195 203 248 
2400 25 9 72 234 238 
2400 26 3 54 
2400 27 29 133 
2400 28 132 156 206 207 
2400 29 27 118 119 
2400 30 17 39 53 115 200 
2400 31 130 182 
2400 32 57 131 149 172 212 
2400 33 
2400 34 60 
2400 35 21 47 62 69 89 121 179 
2400 36 52 
2400 37 70 76 91 127 127 144 149 229 
2400 38 123 164 
2400 39 30 148 
2400 40 198 228 
2400 41 3 131 
2400 42 
2400 43 9 68 85 140 191 195 207 221 
2400 44 10 14 47 96 186 196 247 
2400 45 69 204 245 
2400 46 177 179 214 243 248 
2400 47 1 35 44 129 
2400 48 197 
2400 49 51 195 245 
2400 50 0 84 189 
2400 51 18 49 140 
2400 52 36 211 
2400 53 30 
2400 54 26 95 234 
2400 55 
2400 56 142 170 215 
2400 57 32 82 172 
2400 58 61 111 139 169 
2400 59 92 
2400 60 34 62 77 98 173 
2400 61 22 58 84 139 
2400 62 35 60 103 170 
2400 63 10 108 152 167 
2400 64 
2400 65 164 
2400 66 77 124 239 
2400 67 91 100 111 131 247 
2400 68 22 43 140 141 183 200 248 
2400 69 35 45 
2400 70 37 85 
2400 71 99 198 
2400 72 17 25 
2400 73 101 156 
2400 74 20 134 163 180 
2400 75 98 137 
2400 76 37 
2400 77 60 66 137 243 
2400 78 85 135 209 
2400 79 95 131 155 
2400 80 22 176 181 
2400 81 
2400 82 0 57 172 
2400 83 
2400 84 50 61 117 179 
2400 85 43 70 78 156 
2400 86 105 128 
2400 87 99 163 189 
2400 88 178 178 244 
2400 89 19 35 137 
2400 90 
2400 91 37 67 144 182 
2400 92 59 117 
2400 93 16 222 245 
2400 94 167 197 
2400 95 1 54 79 
2400 96 11 44 123 211 226 
2400 97 117 152 156 218 248 
2400 98 60 75 147 227 
2400 99 71 87 230 
2400 100 67 111 
2400 101 73 137 196 196 
2400 102 114 
2400 103 62 210 
2400 104 172 198 238 
2400 105 86 
2400 106 3 148 198 
2400 107 144 174 175 
2400 108 63 
2400 109 126 
2400 110 239 
2400 111 0 58 67 100 128 
2400 112 129 
2400 113 7 197 
2400 114 7 102 
2400 115 30 234 
2400 116 127 165 218 
2400 117 84 92 97 166 170 189 202 
2400 118 29 170 204 
2400 119 21 29 124 241 243 
2400 120 203 233 
2400 121 7 35 194 241 
2400 122 
2400 123 1 38 96 155 
2400 124 23 66 119 136 
2400 125 134 
2400 126 11 109 242 
2400 127 0 37 37 116 141 152 155 240 
2400 128 3 86 111 
2400 129 47 112 148 152 
2400 130 31 199 203 
2400 131 5 22 32 41 67 79 153 
2400 132 28 142 209 
2400 133 20 27 171 242 
2400 134 74 125 248 
2400 135 78 153 
2400 136 124 234 
2400 137 75 77 89 101 227 
2400 138 8 176 187 229 
2400 139 58 61 140 150 215 226 242 
2400 140 43 51 68 139 
2400 141 12 18 68 127 143 147 148 152 169 248 
2400 142 21 56 132 
2400 143 141 152 158 207 
2400 144 37 91 107 181 183 
2400 145 243 246 
2400 146 147 147 
2400 147 98 141 146 146 
2400 148 19 39 106 129 141 152 206 220 
2400 149 12 12 21 32 37 159 205 
2400 150 139 244 
2400 151 163 230 
2400 152 63 97 127 129 141 143 148 158 
2400 153 17 131 135 
2400 154 160 184 188 202 
2400 155 79 123 127 
2400 156 28 73 85 97 
2400 157 192 213 
2400 158 7 143 152 
2400 159 149 182 
2400 160 154 162 172 212 
2400 161 185 213 248 248 
2400 162 160 
2400 163 6 8 74 87 151 178 
2400 164 3 38 65 194 
2400 165 116 
2400 166 117 
2400 167 63 94 
2400 168 240 
2400 169 58 141 172 186 244 
2400 170 56 62 117 118 238 
2400 171 133 177 
2400 172 32 57 82 104 160 169 181 216 
2400 173 60 
2400 174 107 178 196 
2400 175 9 107 182 187 
2400 176 80 138 
2400 177 46 171 
2400 178 88 88 163 174 206 
2400 179 35 46 84 
2400 180 74 
2400 181 80 144 172 
2400 182 31 91 159 175 210 
2400 183 68 144 204 
2400 184 10 154 
2400 185 20 161 195 210 234 
2400 186 44 169 201 
2400 187 5 138 175 
2400 188 154 227 
2400 189 50 87 117 220 
2400 190 
2400 191 43 193 199 
2400 192 18 21 157 
2400 193 191 
2400 194 7 8 121 164 215 
2400 195 2 4 24 43 49 185 
2400 196 44 101 101 174 212 
2400 197 48 94 113 
2400 198 40 71 104 106 
2400 199 17 130 191 
2400 200 30 68 
2400 201 186 
2400 202 19 117 154 204 238 238 
2400 203 24 120 130 230 
2400 204 18 45 118 183 202 238 
2400 205 149 227 242 
2400 206 28 148 178 225 
2400 207 28 43 143 
2400 208 8 212 
2400 209 78 132 
2400 210 103 182 185 
2400 211 52 96 245 
2400 212 32 160 196 208 
2400 213 21 157 161 
2400 214 46 238 
2400 215 56 139 194 
2400 216 172 225 
2400 217 
2400 218 16 97 116 
2400 219 
2400 220 0 148 189 231 
2400 221 43 246 
2400 222 93 
2400 223 9 17 
2400 224 7 
2400 225 206 216 
2400 226 2 2 20 96 139 230 
2400 227 98 137 188 205 
2400 228 40 232 244 
2400 229 4 37 138 236 
2400 230 19 99 151 203 226 244 
2400 231 220 
2400 232 228 
2400 233 120 
2400 234 17 17 25 54 115 136 185 248 
2400 235 
2400 236 229 
2400 237 
2400 238 25 104 170 202 202 204 214 
2400 239 66 110 
2400 240 20 127 168 
2400 241 119 121 
2400 242 126 133 139 205 
2400 243 46 77 119 145 
2400 244 19 88 150 169 228 230 
2400 245 45 49 93 211 
2400 246 2 19 145 221 
2400 247 44 67 
2400 248 24 46 68 97 134 141 161 161 234 
2400 249 
0 7200 
3000 0 50 53 140 
3000 1 86 108 117 147 218 
3000 2 49 90 159 182 
3000 3 34 34 79 94 186 
3000 4 48 139 163 187 
3000 5 6 190 
3000 6 5 85 110 
3000 7 28 50 101 137 143 
3000 8 54 56 73 81 131 172 176 208 220 
3000 9 
3000 10 101 
3000 11 88 
3000 12 65 71 139 195 206 219 
3000 13 65 86 129 155 
3000 14 68 
3000 15 40 64 163 163 
3000 16 77 102 209 
3000 17 121 210 225 238 
3000 18 55 77 243 
3000 19 74 137 146 220 
3000 20 
3000 21 136 226 240 242 
3000 22 151 178 182 
3000 23 36 
3000 24 110 214 229 
3000 25 104 178 
3000 26 67 107 
3000 27 52 86 101 
3000 28 7 56 97 133 192 
3000 29 40 121 147 168 170 
3000 30 75 107 183 
3000 31 
3000 32 68 70 175 246 
3000 33 46 136 236 
3000 34 3 3 100 176 
3000 35 64 97 114 128 147 170 209 220 
3000 36 23 102 102 118 177 245 
3000 37 84 207 233 
3000 38 40 173 
3000 39 82 131 183 
3000 40 15 29 38 211 226 
3000 41 47 73 87 111 221 225 
3000 42 89 
3000 43 177 245 
3000 44 56 91 112 121 148 186 206 219 238 
3000 45 48 49 132 204 
3000 46 33 98 133 158 
3000 47 41 103 213 
3000 48 4 45 130 193 
3000 49 2 45 103 
3000 50 0 7 105 164 184 247 247 
3000 51 116 156 
3000 52 27 157 157 204 
3000 53 0 54 111 146 160 197 
3000 54 8 53 68 92 99 
3000 55 18 
3000 56 8 28 44 87 143 164 234 240 
3000 57 99 197 
3000 58 100 244 
3000 59 100 150 
3000 60 170 240 
3000 61 
3000 62 136 206 213 
3000 63 119 123 127 166 170 
3000 64 15 35 118 136 184 189 236 
3000 65 12 13 126 197 198 
3000 66 136 171 194 
3000 67 26 121 164 247 
3000 68 14 32 54 238 
3000 69 81 90 137 
3000 70 32 107 135 229 
3000 71 12 198 
3000 72 111 169 226 230 
3000 73 8 41 84 111 
3000 74 19 103 207 
3000 75 30 84 
3000 76 180 229 
3000 77 16 18 245 
3000 78 81 151 199 236 
3000 79 3 154 
3000 80 208 
3000 81 8 69 78 130 189 
3000 82 39 99 155 
3000 83 
3000 84 37 73 75 91 154 203 204 206 242 248 
3000 85 6 156 
3000 86 1 13 27 119 184 
3000 87 41 56 156 
3000 88 11 186 221 
3000 89 42 114 119 132 
3000 90 2 69 
3000 91 44 84 111 172 186 205 
3000 92 54 176 178 
3000 93 98 157 
3000 94 3 154 179 221 
3000 95 97 133 147 167 195 
3000 96 111 114 166 
3000 97 28 35 95 215 242 
3000 98 46 93 167 222 
3000 99 54 57 82 169 
3000 100 34 58 59 138 
3000 101 7 10 27 179 220 
3000 102 16 36 36 
3000 103 47 49 74 238 245 
3000 104 25 155 206 
3000 105 50 212 
3000 106 212 
3000 107 26 30 70 150 206 
3000 108 1 221 
3000 109 179 227 
3000 110 6 24 161 
3000 111 41 53 72 73 91 96 152 
3000 112 44 
3000 113 179 231 
3000 114 35 89 96 237 
3000 115 123 147 
3000 116 51 206 226 
3000 117 1 237 
3000 118 36 64 
3000 119 63 86 89 146 205 
3000 120 130 138 182 
3000 121 17 29 44 67 195 
3000 122 227 
3000 123 63 115 
3000 124 240 
3000 125 
3000 126 65 167 185 
3000 127 63 161 177 183 
3000 128 35 136 239 
3000 129 13 198 
3000 130 48 81 120 159 190 
3000 131 8 39 
3000 132 45 89 141 201 236 
3000 133 28 46 95 211 
3000 134 199 235 
3000 135 70 145 153 233 236 
3000 136 21 33 62 64 66 128 170 177 236 
3000 137 7 19 69 160 187 231 
3000 138 100 120 
3000 139 4 12 
3000 140 0 
3000 141 132 149 205 220 233 
3000 142 157 187 
3000 143 7 56 149 152 
3000 144 176 247 
3000 145 135 
3000 146 19 53 119 217 241 
3000 147 1 29 35 95 115 222 
3000 148 44 220 
3000 149 141 143 153 
3000 150 59 107 
3000 151 22 78 
3000 152 111 143 205 241 
3000 153 135 149 183 234 
3000 154 79 84 94 
3000 155 13 82 104 225 
3000 156 51 85 87 175 
3000 157 52 52 93 142 
3000 158 46 
3000 159 2 130 220 
3000 160 53 137 
3000 161 110 127 191 218 
3000 162 167 205 240 
3000 163 4 15 15 
3000 164 50 56 67 231 
3000 165 194 211 
3000 166 63 96 
3000 167 95 98 126 162 
3000 168 29 185 
3000 169 72 99 247 
3000 170 29 35 60 63 136 179 
3000 171 66 
3000 172 8 91 
3000 173 38 
3000 174 
3000 175 32 156 195 
3000 176 8 34 92 144 
3000 177 36 43 127 136 189 205 
3000 178 22 25 92 
3000 179 94 101 109 113 170 205 231 
3000 180 76 220 
3000 181 183 
3000 182 2 22 120 235 244 
3000 183 30 39 127 153 181 
3000 184 50 64 86 198 205 241 
3000 185 126 168 201 221 228 
3000 186 3 44 88 91 
3000 187 4 137 142 220 
3000 188 212 
3000 189 64 81 177 205 
3000 190 5 130 
3000 191 161 207 
3000 192 28 
3000 193 48 
3000 194 66 165 
3000 195 12 95 121 175 
3000 196 
3000 197 53 57 65 231 
3000 198 65 71 129 184 208 215 242 
3000 199 78 134 248 
3000 200 
3000 201 132 185 
3000 202 
3000 203 84 
3000 204 45 52 84 244 
3000 205 91 119 141 152 162 177 179 184 189 240 
3000 206 12 44 62 84 104 107 116 208 208 242 
3000 207 37 74 191 
3000 208 8 80 198 206 206 
3000 209 16 35 
3000 210 17 
3000 211 40 133 165 238 
3000 212 105 106 188 232 
3000 213 47 62 
3000 214 24 
3000 215 97 198 
3000 216 
3000 217 146 243 
3000 218 1 161 
3000 219 12 44 
3000 220 8 19 35 101 141 148 159 180 187 
3000 221 41 88 94 108 185 
3000 222 98 147 
3000 223 
3000 224 
3000 225 17 41 155 
3000 226 21 40 72 116 
3000 227 109 122 
3000 228 185 
3000 229 24 70 76 
3000 230 72 
3000 231 113 137 164 179 197 
3000 232 212 
3000 233 37 135 141 246 
3000 234 56 153 249 
3000 235 134 182 
3000 236 33 64 78 132 135 136 238 240 
3000 237 114 117 
3000 238 17 44 68 103 211 236 
3000 239 128 
3000 240 21 56 60 124 162 205 236 
3000 241 146 152 184 
3000 242 21 84 97 198 206 
3000 243 18 217 
3000 244 58 182 204 
3000 245 36 43 77 103 
3000 246 32 233 
3000 247 50 50 67 144 169 
3000 248 84 199 249 
3000 249 234 248 
0 7200 
3600 0 1 40 41 94 
3600 1 0 204 205 217 
3600 2 8 21 95 141 191 209 
3600 3 87 111 155 225 
3600 4 156 230 
3600 5 199 
3600 6 28 81 
3600 7 12 44 60 60 96 126 231 
3600 8 2 75 97 97 100 172 
3600 9 47 96 98 171 
3600 10 109 117 162 164 
3600 11 12 100 101 105 150 223 
3600 12 7 11 167 
3600 13 116 215 
3600 14 22 82 140 
3600 15 195 223 
3600 16 196 
3600 17 19 22 70 131 208 
3600 18 29 96 205 237 
3600 19 17 79 146 215 
3600 20 83 156 
3600 21 2 64 84 139 182 238 
3600 22 14 17 153 225 
3600 23 110 182 
3600 24 187 
3600 25 105 
3600 26 71 73 75 174 206 216 
3600 27 46 86 
3600 28 6 46 117 145 197 
3600 29 18 47 56 63 118 129 173 177 189 
3600 30 53 
3600 31 37 
3600 32 44 172 178 182 
3600 33 
3600 34 71 
3600 35 46 79 163 
3600 36 114 177 
3600 37 31 46 56 67 121 157 163 192 201 244 
3600 38 173 212 224 
3600 39 147 
3600 40 0 54 
3600 41 0 72 150 225 
3600 42 81 139 193 202 246 
3600 43 52 69 165 222 226 242 
3600 44 7 32 91 
3600 45 49 90 
3600 46 27 28 35 37 171 218 
3600 47 9 29 101 117 205 244 
3600 48 
3600 49 45 245 
3600 50 126 155 
3600 51 58 238 
3600 52 43 89 90 136 146 167 
3600 53 30 86 94 154 181 204 233 
3600 54 40 
3600 55 68 112 121 140 198 
3600 56 29 37 65 117 149 150 152 159 192 242 
3600 57 87 160 207 
3600 58 51 
3600 59 75 100 208 219 
3600 60 7 7 198 
3600 61 155 188 192 195 
3600 62 103 127 166 183 189 195 248 
3600 63 29 126 147 154 167 169 
3600 64 21 121 164 201 203 
3600 65 56 
3600 66 137 213 
3600 67 37 80 
3600 68 55 206 
3600 69 43 124 
3600 70 17 
3600 71 26 34 181 219 
3600 72 41 123 
3600 73 26 97 126 198 
3600 74 144 
3600 75 8 26 59 87 100 139 200 
3600 76 
3600 77 103 196 227 
3600 78 142 
3600 79 19 35 132 144 167 192 
3600 80 67 100 200 
3600 81 6 42 111 125 
3600 82 14 105 105 154 
3600 83 20 
3600 84 21 143 182 201 204 220 230 240 
3600 85 240 
3600 86 27 53 215 242 
3600 87 3 57 75 100 176 
3600 88 192 244 
3600 89 52 90 145 239 246 249 
3600 90 45 52 89 
3600 91 44 178 
3600 92 219 
3600 93 
3600 94 0 53 173 195 231 
3600 95 2 149 249 
3600 96 7 9 18 132 146 222 
3600 97 8 8 73 
3600 98 9 137 213 
3600 99 144 148 
3600 100 8 11 59 75 80 87 126 
3600 101 11 47 126 240 
3600 102 103 
3600 103 62 77 102 220 
3600 104 107 153 186 
3600 105 11 25 82 82 152 195 
3600 106 155 169 234 
3600 107 104 156 160 
3600 108 123 
3600 109 10 
3600 110 23 151 
3600 111 3 81 244 
3600 112 55 
3600 113 122 205 
3600 114 36 165 194 230 240 243 
3600 115 121 
3600 116 13 
3600 117 10 28 47 56 
3600 118 29 146 211 
3600 119 194 
3600 120 
3600 121 37 55 64 115 147 205 244 
3600 122 113 212 232 
3600 123 72 108 201 212 
3600 124 69 136 196 249 
3600 125 81 
3600 126 7 50 63 73 100 101 201 
3600 127 62 237 
3600 128 138 145 
3600 129 29 150 
3600 130 144 200 
3600 131 17 172 200 
3600 132 79 96 
3600 133 217 
3600 134 
3600 135 190 
3600 136 52 124 210 218 
3600 137 66 98 141 237 
3600 138 128 190 
3600 139 21 42 75 208 
3600 140 14 55 
3600 141 2 137 187 242 
3600 142 78 210 
3600 143 84 157 192 248 
3600 144 74 79 99 130 233 241 
3600 145 28 89 128 146 
3600 146 19 52 96 118 145 189 
3600 147 39 63 121 211 247 
3600 148 99 
3600 149 56 95 156 235 
3600 150 11 41 56 129 158 163 
3600 151 110 156 182 
3600 152 56 105 201 
3600 153 22 104 156 187 
3600 154 53 63 82 
3600 155 3 50 61 106 158 198 242 
3600 156 4 20 107 149 151 153 199 244 
3600 157 37 143 171 171 220 
3600 158 150 155 162 
3600 159 56 235 236 
3600 160 57 107 
3600 161 
3600 162 10 158 
3600 163 35 37 150 180 216 
3600 164 10 64 212 
3600 165 43 114 
3600 166 62 
3600 167 12 52 63 79 222 
3600 168 235 
3600 169 63 106 201 
3600 170 204 
3600 171 9 46 157 157 
3600 172 8 32 131 212 
3600 173 29 38 94 
3600 174 26 
3600 175 
3600 176 87 
3600 177 29 36 
3600 178 32 91 
3600 179 202 
3600 180 163 182 182 246 
3600 181 53 71 208 
3600 182 21 23 32 84 151 180 180 
3600 183 62 201 242 
3600 184 192 203 
3600 185 205 249 
3600 186 104 204 
3600 187 24 141 153 
3600 188 61 
3600 189 29 62 146 203 
3600 190 135 138 214 
3600 191 2 
3600 192 37 56 61 79 88 143 184 
3600 193 42 
3600 194 114 119 
3600 195 15 61 62 94 105 206 216 
3600 196 16 77 124 237 
3600 197 28 
3600 198 55 60 73 155 206 
3600 199 5 156 233 
3600 200 75 80 130 131 219 246 
3600 201 37 64 84 123 126 152 169 183 
3600 202 42 179 
3600 203 64 184 189 
3600 204 1 53 84 170 186 213 
3600 205 1 18 47 113 121 185 
3600 206 26 68 195 198 
3600 207 57 
3600 208 17 59 139 181 
3600 209 2 239 
3600 210 136 142 
3600 211 118 147 
3600 212 38 122 123 164 172 225 
3600 213 66 98 204 
3600 214 190 
3600 215 13 19 86 
3600 216 26 163 195 
3600 217 1 133 237 245 
3600 218 46 136 247 
3600 219 59 71 92 200 
3600 220 84 103 157 248 
3600 221 
3600 222 43 96 167 
3600 223 11 15 
3600 224 38 
3600 225 3 22 41 212 
3600 226 43 
3600 227 77 240 
3600 228 
3600 229 233 
3600 230 4 84 114 
3600 231 7 94 
3600 232 122 
3600 233 53 144 199 229 241 244 
3600 234 106 
3600 235 149 159 168 
3600 236 159 238 
3600 237 18 127 137 196 217 
3600 238 21 51 236 
3600 239 89 209 
3600 240 84 85 101 114 227 244 
3600 241 144 233 
3600 242 43 56 86 141 155 183 
3600 243 114 
3600 244 37 47 88 111 121 156 233 240 
3600 245 49 217 
3600 246 42 89 180 200 
3600 247 147 218 249 
3600 248 62 143 220 
3600 249 89 95 124 185 247 
0 7200 
4200 0 36 154 
4200 1 39 65 95 98 198 
4200 2 9 110 110 145 163 199 
4200 3 15 71 87 111 140 193 
4200 4 104 200 241 
4200 5 135 153 226 230 241 
4200 6 134 199 228 242 
4200 7 54 86 175 
4200 8 121 148 180 223 
4200 9 2 97 210 217 248 
4200 10 63 82 164 201 
4200 11 17 145 146 
4200 12 115 
4200 13 57 91 99 195 
4200 14 61 76 221 
4200 15 3 34 54 76 99 208 219 
4200 16 
4200 17 11 21 22 54 94 121 197 228 
4200 18 98 101 211 
4200 19 50 92 121 160 162 
4200 20 
4200 21 17 191 229 
4200 22 17 49 59 111 
4200 23 
4200 24 31 145 206 235 
4200 25 184 
4200 26 138 207 207 
4200 27 119 158 
4200 28 60 110 111 160 249 
4200 29 85 85 116 
4200 30 111 151 221 
4200 31 24 239 
4200 32 37 240 
4200 33 66 118 133 171 
4200 34 15 103 219 241 
4200 35 46 118 237 
4200 36 0 121 
4200 37 32 44 95 136 139 156 199 230 
4200 38 162 
4200 39 1 40 51 135 192 
4200 40 39 141 
4200 41 49 59 223 
4200 42 229 235 
4200 43 
4200 44 37 67 82 83 97 99 111 139 
4200 45 60 93 134 180 236 243 
4200 46 35 127 135 162 
4200 47 73 
4200 48 93 214 
4200 49 22 41 241 
4200 50 19 83 111 
4200 51 39 55 
4200 52 161 178 
4200 53 55 64 244 
4200 54 7 15 17 204 
4200 55 51 53 
4200 56 68 96 187 244 
4200 57 13 65 75 105 
4200 58 245 
4200 59 22 41 75 176 
4200 60 28 45 78 133 159 
4200 61 14 148 
4200 62 81 111 115 117 136 139 240 
4200 63 10 177 
4200 64 53 103 105 
4200 65 1 57 100 164 216 
4200 66 33 196 
4200 67 44 139 204 231 
4200 68 56 73 82 123 179 225 
4200 69 
4200 70 230 
4200 71 3 103 140 
4200 72 113 179 
4200 73 47 68 76 148 164 
4200 74 81 142 153 
4200 75 57 59 
4200 76 14 15 73 
4200 77 118 166 217 
4200 78 60 135 
4200 79 97 147 158 
4200 80 88 
4200 81 62 74 135 149 167 182 186 
4200 82 10 44 68 86 127 152 215 226 
4200 83 44 50 88 150 161 164 216 
4200 84 138 162 192 220 
4200 85 29 29 96 100 121 129 208 
4200 86 7 82 121 141 150 
4200 87 3 154 208 
4200 88 80 83 157 161 
4200 89 119 147 198 237 
4200 90 171 188 213 
4200 91 13 155 157 
4200 92 19 219 231 
4200 93 45 48 94 
4200 94 17 93 119 
4200 95 1 37 135 159 
4200 96 56 85 101 124 162 
4200 97 9 44 79 111 195 212 
4200 98 1 18 115 211 
4200 99 13 15 44 203 
4200 100 65 85 112 123 185 201 
4200 101 18 96 
4200 102 211 
4200 103 34 64 71 117 225 
4200 104 4 131 161 172 240 
4200 105 57 64 
4200 106 174 
4200 107 192 
4200 108 
4200 109 112 
4200 110 2 2 28 135 
4200 111 3 22 28 30 44 50 62 97 146 155 
4200 112 100 109 
4200 113 72 116 
4200 114 137 
4200 115 12 62 98 131 158 215 
4200 116 29 113 122 158 
4200 117 62 103 173 232 
4200 118 33 35 77 189 196 198 
4200 119 27 89 94 
4200 120 191 202 
4200 121 8 17 19 36 85 86 195 
4200 122 116 129 141 185 185 
4200 123 68 100 132 237 
4200 124 96 210 
4200 125 139 151 
4200 126 176 
4200 127 46 82 147 189 212 
4200 128 235 
4200 129 85 122 
4200 130 242 
4200 131 104 115 132 152 201 
4200 132 123 131 
4200 133 33 60 198 209 
4200 134 6 45 168 239 
4200 135 5 39 46 78 81 95 110 150 204 206 
4200 136 37 62 236 248 
4200 137 114 217 
4200 138 26 84 151 230 235 
4200 139 37 44 62 67 125 145 182 197 
4200 140 3 71 
4200 141 40 86 122 
4200 142 74 
4200 143 163 170 212 218 
4200 144 153 159 229 
4200 145 2 11 24 139 228 
4200 146 11 111 153 196 248 249 
4200 147 79 89 127 
4200 148 8 61 73 181 
4200 149 81 150 
4200 150 83 86 135 149 162 185 186 
4200 151 30 125 138 
4200 152 82 131 207 224 
4200 153 5 74 144 146 199 214 
4200 154 0 87 201 221 
4200 155 91 111 179 215 224 
4200 156 37 
4200 157 88 91 164 
4200 158 27 79 115 116 
4200 159 60 95 144 195 
4200 160 19 28 185 206 
4200 161 52 83 88 104 
4200 162 19 38 46 84 96 150 
4200 163 2 143 
4200 164 10 65 73 83 157 
4200 165 
4200 166 77 
4200 167 81 
4200 168 134 
4200 169 172 
4200 170 143 
4200 171 33 90 198 
4200 172 104 169 
4200 173 117 
4200 174 106 216 
4200 175 7 207 
4200 176 59 126 219 226 231 
4200 177 63 
4200 178 52 
4200 179 68 72 155 186 
4200 180 8 45 188 235 
4200 181 148 216 244 
4200 182 81 139 191 246 
4200 183 
4200 184 25 213 
4200 185 100 122 122 150 160 
4200 186 81 150 179 237 
4200 187 56 197 
4200 188 90 180 
4200 189 118 127 
4200 190 
4200 191 21 120 182 242 
4200 192 39 84 107 221 244 
4200 193 3 
4200 194 
4200 195 13 97 121 159 202 206 
4200 196 66 118 146 246 
4200 197 17 139 187 244 
4200 198 1 89 118 133 171 
4200 199 2 6 37 153 202 
4200 200 4 219 
4200 201 10 100 131 154 205 215 
4200 202 120 195 199 229 
4200 203 99 219 
4200 204 54 67 135 
4200 205 201 215 
4200 206 24 135 160 195 
4200 207 26 26 152 175 225 
4200 208 15 85 87 226 231 
4200 209 133 
4200 210 9 124 224 
4200 211 18 98 102 246 
4200 212 97 127 143 244 
4200 213 90 184 
4200 214 48 153 
4200 215 82 115 155 201 205 
4200 216 65 83 174 181 233 
4200 217 9 77 137 
4200 218 143 
4200 219 15 34 92 176 200 203 
4200 220 84 246 
4200 221 14 30 154 192 
4200 222 
4200 223 8 41 
4200 224 152 155 210 
4200 225 68 103 207 226 
4200 226 5 82 176 208 225 
4200 227 
4200 228 6 17 145 
4200 229 21 42 144 202 
4200 230 5 37 70 138 
4200 231 67 92 176 208 
4200 232 117 
4200 233 216 
4200 234 
4200 235 24 42 128 138 180 
4200 236 45 136 
4200 237 35 89 123 186 240 
4200 238 
4200 239 31 134 
4200 240 32 62 104 237 
4200 241 4 5 34 49 
4200 242 6 130 191 
4200 243 45 
4200 244 53 56 181 192 197 212 
4200 245 58 
4200 246 182 196 211 220 
4200 247 
4200 248 9 136 146 
4200 249 28 146 
0 7200 
4800 0 38 112 161 187 240 246 
4800 1 155 
4800 2 45 60 69 228 
4800 3 30 47 64 139 155 161 200 
4800 4 120 
4800 5 32 203 241 
4800 6 138 139 183 190 
4800 7 10 164 169 
4800 8 39 111 179 225 
4800 9 16 
4800 10 7 12 113 175 185 207 221 
4800 11 48 
4800 12 10 38 205 
4800 13 19 32 72 81 169 179 
4800 14 81 221 
4800 15 26 26 
4800 16 9 
4800 17 18 108 166 184 
4800 18 17 25 
4800 19 13 75 104 146 176 244 
4800 20 111 130 151 
4800 21 22 42 45 97 119 138 195 199 
4800 22 21 48 110 225 
4800 23 28 104 146 220 
4800 24 25 67 
4800 25 18 24 117 123 165 
4800 26 15 15 75 83 139 
4800 27 133 166 249 
4800 28 23 69 182 
4800 29 63 118 122 123 
4800 30 3 100 
4800 31 94 191 243 
4800 32 5 13 49 100 151 161 183 195 203 241 
4800 33 237 
4800 34 76 
4800 35 56 132 156 
4800 36 155 
4800 37 108 128 204 230 243 
4800 38 0 12 51 121 173 
4800 39 8 46 51 63 179 218 
4800 40 96 158 207 
4800 41 104 146 189 233 
4800 42 21 44 144 190 
4800 43 44 70 78 94 243 
4800 44 42 43 45 146 209 230 
4800 45 2 21 44 209 
4800 46 39 
4800 47 3 99 
4800 48 11 22 139 
4800 49 32 76 103 156 157 199 
4800 50 161 
4800 51 38 39 126 166 173 
4800 52 141 
4800 53 61 65 148 196 233 
4800 54 204 204 216 
4800 55 73 81 87 99 192 216 
4800 56 35 65 96 131 143 210 215 
4800 57 
4800 58 88 108 171 194 245 
4800 59 
4800 60 2 109 
4800 61 53 219 
4800 62 225 249 
4800 63 29 39 131 173 237 
4800 64 3 212 
4800 65 53 56 97 101 101 185 205 
4800 66 90 132 165 
4800 67 24 201 220 
4800 68 87 101 104 175 186 
4800 69 2 28 134 
4800 70 43 139 180 
4800 71 76 
4800 72 13 73 84 87 231 
4800 73 55 72 
4800 74 141 
4800 75 19 26 103 202 
4800 76 34 49 71 
4800 77 201 236 247 247 
4800 78 43 130 182 
4800 79 115 
4800 80 172 
4800 81 13 14 55 169 206 226 
4800 82 91 111 216 225 229 
4800 83 26 106 
4800 84 72 148 229 
4800 85 113 164 169 
4800 86 198 
4800 87 55 68 72 129 140 186 
4800 88 58 114 237 
4800 89 
4800 90 66 238 
4800 91 82 174 
4800 92 154 189 219 
4800 93 109 
4800 94 31 43 186 195 
4800 95 188 208 247 
4800 96 40 56 101 170 
4800 97 21 65 101 154 195 236 
4800 98 249 
4800 99 47 55 100 105 106 
4800 100 30 32 99 157 
4800 101 65 65 68 96 97 177 201 225 
4800 102 
4800 103 49 75 105 
4800 104 19 23 41 68 108 
4800 105 99 103 129 163 
4800 106 83 99 112 154 216 219 
4800 107 142 189 
4800 108 17 37 58 104 
4800 109 60 93 209 
4800 110 22 214 248 
4800 111 8 20 82 
4800 112 0 106 129 212 234 
4800 113 10 85 154 173 174 192 
4800 114 88 135 225 
4800 115 79 
4800 116 
4800 117 25 129 201 
4800 118 29 131 
4800 119 21 209 
4800 120 4 182 191 
4800 121 38 142 173 212 
4800 122 29 185 234 
4800 123 25 29 147 155 215 
4800 124 166 
4800 125 167 
4800 126 51 143 150 156 
4800 127 137 160 204 243 
4800 128 37 151 153 182 236 
4800 129 87 105 112 117 187 
4800 130 20 78 144 188 243 
4800 131 56 63 118 215 
4800 132 35 66 189 213 
4800 133 27 
4800 134 69 199 
4800 135 114 
4800 136 156 177 
4800 137 127 165 240 
4800 138 6 21 
4800 139 3 6 26 48 70 196 220 243 
4800 140 87 225 
4800 141 52 74 
4800 142 107 121 192 208 
4800 143 56 126 201 
4800 144 42 130 172 
4800 145 
4800 146 19 23 41 44 239 
4800 147 123 
4800 148 53 84 203 219 
4800 149 185 
4800 150 126 183 185 204 
4800 151 20 32 128 242 
4800 152 
4800 153 128 238 
4800 154 92 97 106 113 198 216 224 246 
4800 155 1 3 36 123 195 
4800 156 35 49 126 136 188 188 192 230 231 
4800 157 49 100 196 231 
4800 158 40 166 186 
4800 159 168 182 
4800 160 127 
4800 161 0 3 32 50 163 
4800 162 167 
4800 163 105 161 246 
4800 164 7 85 176 
4800 165 25 66 137 
4800 166 17 27 51 124 158 245 
4800 167 125 162 199 
4800 168 159 191 
4800 169 7 13 81 85 221 
4800 170 96 
4800 171 58 237 
4800 172 80 144 244 
4800 173 38 51 63 113 121 
4800 174 91 113 195 
4800 175 10 68 
4800 176 19 164 
4800 177 101 136 
4800 178 192 207 
4800 179 8 13 39 227 
4800 180 70 
4800 181 207 
4800 182 28 78 120 128 159 190 228 230 
4800 183 6 32 150 188 
4800 184 17 
4800 185 10 65 122 149 150 187 187 204 
4800 186 68 87 94 158 196 
4800 187 0 129 185 185 192 
4800 188 95 130 156 156 183 
4800 189 41 92 107 132 206 
4800 190 6 42 182 
4800 191 31 120 168 
4800 192 55 113 142 156 178 187 207 212 225 
4800 193 
4800 194 58 
4800 195 21 32 94 97 155 174 204 207 207 
4800 196 53 139 157 186 
4800 197 
4800 198 86 154 
4800 199 21 49 134 167 200 
4800 200 3 199 
4800 201 67 77 101 117 143 207 
4800 202 75 
4800 203 5 32 148 241 
4800 204 37 54 54 127 150 185 195 218 230 
4800 205 12 65 
4800 206 81 189 
4800 207 10 40 178 181 192 195 195 201 
4800 208 95 142 
4800 209 44 45 109 119 
4800 210 56 
4800 211 218 240 
4800 212 64 112 121 192 225 
4800 213 132 
4800 214 110 
4800 215 56 123 131 237 
4800 216 54 55 82 106 154 
4800 217 
4800 218 39 204 211 225 
4800 219 61 92 106 148 
4800 220 23 67 139 
4800 221 10 14 169 
4800 222 229 
4800 223 244 
4800 224 154 
4800 225 8 22 62 82 101 114 140 192 212 218 
4800 226 81 
4800 227 179 234 
4800 228 2 182 
4800 229 82 84 222 
4800 230 37 44 156 182 204 
4800 231 72 156 157 
4800 232 246 
4800 233 41 53 
4800 234 112 122 227 
4800 235 
4800 236 77 97 128 
4800 237 33 63 88 171 215 
4800 238 90 153 
4800 239 146 
4800 240 0 137 211 249 
4800 241 5 32 203 
4800 242 151 
4800 243 31 37 43 127 130 139 
4800 244 19 172 223 
4800 245 58 166 
4800 246 0 154 163 232 
4800 247 77 77 95 
4800 248 110 
4800 249 27 62 98 240 
0 7200 
5400 0 38 95 101 104 123 124 
5400 1 7 10 40 87 149 210 
5400 2 41 74 180 
5400 3 13 34 76 138 143 189 192 230 240 
5400 4 49 138 
5400 5 128 172 214 
5400 6 65 139 168 
5400 7 1 39 205 
5400 8 75 87 174 181 216 218 225 229 
5400 9 22 35 152 
5400 10 1 73 212 
5400 11 21 31 43 100 152 159 176 219 
5400 12 137 
5400 13 3 91 150 234 
5400 14 59 
5400 15 53 95 179 220 
5400 16 58 102 245 
5400 17 18 89 
5400 18 17 63 97 123 127 132 
5400 19 21 27 152 
5400 20 21 141 228 
5400 21 11 19 20 188 196 
5400 22 9 86 139 146 155 
5400 23 69 
5400 24 31 75 148 151 182 
5400 25 26 39 60 89 139 158 215 245 
5400 26 25 84 152 174 186 
5400 27 19 152 197 
5400 28 70 
5400 29 135 198 246 
5400 30 32 59 61 73 196 202 223 229 
5400 31 11 24 180 183 222 
5400 32 30 64 178 195 
5400 33 118 
5400 34 3 
5400 35 9 146 174 220 
5400 36 194 237 
5400 37 84 104 
5400 38 0 135 163 215 
5400 39 7 25 60 68 183 
5400 40 1 127 169 210 
5400 41 2 74 219 249 
5400 42 78 125 209 
5400 43 11 
5400 44 93 141 156 
5400 45 48 118 134 208 248 
5400 46 96 
5400 47 
5400 48 45 
5400 49 4 71 120 233 241 
5400 50 103 172 190 219 222 
5400 51 52 107 232 234 
5400 52 51 170 
5400 53 15 124 
5400 54 56 127 154 156 169 222 228 
5400 55 210 215 
5400 56 54 63 124 144 146 
5400 57 
5400 58 16 115 
5400 59 14 30 216 222 
5400 60 25 39 157 
5400 61 30 76 
5400 62 127 158 188 196 
5400 63 18 56 112 116 117 135 189 198 218 
5400 64 32 80 100 111 
5400 65 6 69 160 197 
5400 66 118 184 
5400 67 136 149 164 166 217 
5400 68 39 87 92 124 175 201 232 
5400 69 23 65 145 209 
5400 70 28 145 155 178 
5400 71 49 95 100 203 206 212 
5400 72 242 
5400 73 10 30 87 135 231 
5400 74 2 41 141 
5400 75 8 24 203 
5400 76 3 61 216 249 
5400 77 
5400 78 42 159 
5400 79 217 
5400 80 64 143 202 229 
5400 81 90 133 157 228 
5400 82 221 
5400 83 
5400 84 26 37 94 143 149 235 
5400 85 186 
5400 86 22 137 149 162 184 
5400 87 1 8 68 73 172 
5400 88 170 242 
5400 89 17 25 132 157 
5400 90 81 109 165 
5400 91 13 100 212 246 
5400 92 68 
5400 93 44 153 
5400 94 84 149 170 179 185 207 
5400 95 0 15 71 140 149 156 204 207 230 234 
5400 96 46 164 215 
5400 97 18 
5400 98 
5400 99 139 156 164 
5400 100 11 64 71 91 140 240 
5400 101 0 104 
5400 102 16 
5400 103 50 141 207 225 
5400 104 0 37 101 226 
5400 105 112 126 234 
5400 106 
5400 107 51 232 
5400 108 133 218 
5400 109 90 157 220 
5400 110 228 
5400 111 64 127 
5400 112 63 105 189 191 
5400 113 
5400 114 160 190 
5400 115 58 
5400 116 63 
5400 117 63 131 174 220 239 246 
5400 118 33 45 66 169 217 
5400 119 139 225 241 
5400 120 49 179 
5400 121 150 179 
5400 122 211 
5400 123 0 18 132 154 170 
5400 124 0 53 56 68 225 235 
5400 125 42 134 
5400 126 105 127 163 204 240 
5400 127 18 40 54 62 111 126 209 
5400 128 5 162 
5400 129 150 
5400 130 180 202 
5400 131 117 218 225 
5400 132 18 89 123 210 
5400 133 81 108 165 248 
5400 134 45 125 228 
5400 135 29 38 63 73 191 211 240 
5400 136 67 210 
5400 137 12 86 162 237 247 
5400 138 3 4 139 
5400 139 6 22 25 99 119 138 152 230 
5400 140 95 100 174 183 225 239 244 
5400 141 20 44 74 103 183 186 231 
5400 142 
5400 143 3 80 84 222 
5400 144 56 221 249 
5400 145 69 70 197 
5400 146 22 35 56 191 230 
5400 147 
5400 148 24 
5400 149 1 67 84 86 94 95 
5400 150 13 121 129 193 232 
5400 151 24 188 244 
5400 152 9 11 19 26 27 139 
5400 153 93 176 222 
5400 154 54 123 239 
5400 155 22 70 
5400 156 44 54 95 99 
5400 157 60 81 89 109 217 
5400 158 25 62 
5400 159 11 78 176 222 
5400 160 65 114 182 199 
5400 161 181 249 
5400 162 86 128 137 188 195 
5400 163 38 126 
5400 164 67 96 99 239 
5400 165 90 133 171 171 
5400 166 67 171 177 185 
5400 167 
5400 168 6 
5400 169 40 54 118 216 231 
5400 170 52 88 94 123 198 
5400 171 165 165 166 
5400 172 5 50 87 223 
5400 173 
5400 174 8 26 35 117 140 196 
5400 175 68 
5400 176 11 153 159 
5400 177 166 184 
5400 178 32 70 201 
5400 179 15 94 120 121 181 
5400 180 2 31 130 200 
5400 181 8 161 179 195 
5400 182 24 160 233 
5400 183 31 39 140 141 218 241 
5400 184 66 86 177 
5400 185 94 166 246 
5400 186 26 85 141 210 230 
5400 187 189 191 231 
5400 188 21 62 151 162 
5400 189 3 63 112 187 199 240 
5400 190 50 114 
5400 191 112 135 146 187 218 
5400 192 3 
5400 193 150 231 
5400 194 36 
5400 195 32 162 181 219 
5400 196 21 30 62 174 
5400 197 27 65 145 236 
5400 198 29 63 170 217 
5400 199 160 189 
5400 200 180 233 
5400 201 68 178 
5400 202 30 80 130 
5400 203 71 75 
5400 204 95 126 220 236 
5400 205 7 
5400 206 71 221 233 
5400 207 94 95 103 212 
5400 208 45 245 
5400 209 42 69 127 
5400 210 1 40 55 132 136 186 
5400 211 122 135 
5400 212 10 71 91 207 
5400 213 248 
5400 214 5 
5400 215 25 38 55 96 225 242 
5400 216 8 59 76 169 231 
5400 217 67 79 118 157 198 
5400 218 8 63 108 131 183 191 
5400 219 11 41 50 195 222 
5400 220 15 35 109 117 204 
5400 221 82 144 206 222 
5400 222 31 50 54 59 143 153 159 219 221 
5400 223 30 172 
5400 224 
5400 225 8 103 119 124 131 140 215 
5400 226 104 
5400 227 
5400 228 20 54 81 110 134 244 
5400 229 8 30 80 
5400 230 3 95 139 146 186 
5400 231 73 141 169 187 193 216 
5400 232 51 68 107 150 
5400 233 49 182 200 206 
5400 234 13 51 95 105 
5400 235 84 124 
5400 236 197 204 
5400 237 36 137 
5400 238 
5400 239 117 140 154 164 
5400 240 3 100 126 135 189 
5400 241 49 119 183 
5400 242 72 88 215 
5400 243 
5400 244 140 151 228 
5400 245 16 25 208 
5400 246 29 91 117 185 
5400 247 137 
5400 248 45 133 213 
5400 249 41 76 144 161 
0 7200 
6000 0 51 101 164 
6000 1 132 147 
6000 2 23 35 159 
6000 3 8 95 142 189 206 244 
6000 4 78 134 228 
6000 5 56 107 193 239 
6000 6 209 214 
6000 7 24 224 
6000 8 3 120 
6000 9 28 44 51 131 225 
6000 10 
6000 11 32 128 134 
6000 12 158 
6000 13 31 64 104 185 
6000 14 201 249 
6000 15 39 132 149 210 218 
6000 16 162 
6000 17 184 
6000 18 88 204 
6000 19 62 190 
6000 20 44 53 109 197 
6000 21 22 100 131 183 
6000 22 21 146 
6000 23 2 248 
6000 24 7 75 114 169 208 
6000 25 79 81 108 240 247 
6000 26 70 86 149 183 234 244 
6000 27 47 70 110 
6000 28 9 35 137 206 
6000 29 72 147 
6000 30 73 
6000 31 13 135 178 
6000 32 11 53 87 134 
6000 33 70 
6000 34 
6000 35 2 28 43 71 110 144 234 236 
6000 36 137 166 243 
6000 37 99 117 148 
6000 38 55 113 163 
6000 39 15 118 132 188 210 
6000 40 51 150 
6000 41 90 145 197 
6000 42 69 134 
6000 43 35 
6000 44 9 20 69 240 
6000 45 
6000 46 210 217 
6000 47 27 123 208 
6000 48 220 228 236 
6000 49 230 
6000 50 223 
6000 51 0 9 40 142 172 
6000 52 131 158 242 
6000 53 20 32 92 117 140 182 203 203 223 
6000 54 134 139 
6000 55 38 56 107 
6000 56 5 55 158 188 188 
6000 57 201 
6000 58 240 
6000 59 61 129 203 
6000 60 159 176 178 203 204 208 222 
6000 61 59 66 99 119 121 
6000 62 19 248 
6000 63 198 215 246 
6000 64 13 84 127 179 201 
6000 65 191 216 
6000 66 61 127 
6000 67 148 154 
6000 68 163 187 
6000 69 42 44 180 
6000 70 26 27 33 77 90 
6000 71 35 162 176 231 
6000 72 29 177 
6000 73 30 195 203 
6000 74 233 
6000 75 24 120 141 141 
6000 76 80 91 120 200 219 
6000 77 70 81 132 171 
6000 78 4 
6000 79 25 137 155 
6000 80 76 82 92 192 
6000 81 25 77 115 248 
6000 82 80 235 249 
6000 83 84 91 119 156 
6000 84 64 83 91 108 226 233 
6000 85 135 142 186 198 
6000 86 26 162 231 
6000 87 32 112 234 
6000 88 18 187 
6000 89 149 217 
6000 90 41 70 108 199 214 238 
6000 91 76 83 84 99 111 175 206 
6000 92 53 80 95 152 
6000 93 145 
6000 94 113 207 
6000 95 3 92 140 143 150 163 182 186 223 
6000 96 108 166 179 185 216 237 
6000 97 146 164 179 186 
6000 98 118 191 
6000 99 37 61 91 119 142 222 
6000 100 21 156 225 
6000 101 0 173 218 
6000 102 191 194 199 
6000 103 
6000 104 13 183 215 
6000 105 126 195 
6000 106 110 110 
6000 107 5 55 135 179 210 239 
6000 108 25 84 90 96 
6000 109 20 
6000 110 27 35 106 106 
6000 111 91 178 235 
6000 112 87 117 
6000 113 38 94 130 205 
6000 114 24 128 138 159 220 221 
6000 115 81 165 209 
6000 116 189 230 
6000 117 37 53 112 118 155 
6000 118 39 98 117 171 216 225 
6000 119 61 83 99 138 206 
6000 120 8 75 76 157 
6000 121 61 
6000 122 
6000 123 47 239 
6000 124 135 160 164 203 
6000 125 149 155 185 
6000 126 105 147 187 
6000 127 64 66 
6000 128 11 114 136 156 
6000 129 59 
6000 130 113 
6000 131 9 21 52 146 248 
6000 132 1 15 39 77 162 162 
6000 133 
6000 134 4 11 32 42 54 230 
6000 135 31 85 107 124 
6000 136 128 
6000 137 28 36 79 170 211 217 
6000 138 114 119 
6000 139 54 190 241 244 
6000 140 53 95 
6000 141 75 75 
6000 142 3 51 85 99 152 206 
6000 143 95 
6000 144 35 
6000 145 41 93 
6000 146 22 97 131 166 188 
6000 147 1 29 126 149 165 165 213 234 245 
6000 148 37 67 206 208 
6000 149 15 26 89 125 147 162 172 
6000 150 40 95 169 
6000 151 
6000 152 92 142 
6000 153 183 200 
6000 154 67 
6000 155 79 117 125 194 239 
6000 156 83 100 128 
6000 157 120 241 
6000 158 12 52 56 210 240 246 
6000 159 2 60 114 180 
6000 160 124 183 223 
6000 161 164 192 
6000 162 16 71 86 132 132 149 211 220 
6000 163 38 68 95 187 193 
6000 164 0 97 124 161 
6000 165 115 147 147 
6000 166 36 96 146 
6000 167 209 
6000 168 
6000 169 24 150 177 236 
6000 170 137 180 211 
6000 171 77 118 177 
6000 172 51 149 212 
6000 173 101 
6000 174 212 
6000 175 91 
6000 176 60 71 
6000 177 72 169 171 184 207 218 
6000 178 31 60 111 182 
6000 179 64 96 97 107 206 226 
6000 180 69 159 170 209 228 
6000 181 219 
6000 182 53 95 178 197 208 
6000 183 21 26 104 153 160 249 
6000 184 17 177 237 
6000 185 13 96 125 
6000 186 85 95 97 204 
6000 187 68 88 126 163 
6000 188 39 56 56 146 
6000 189 3 116 198 198 
6000 190 19 139 241 
6000 191 65 98 102 
6000 192 80 161 
6000 193 5 163 232 
6000 194 102 155 
6000 195 73 105 203 
6000 196 
6000 197 20 41 182 
6000 198 63 85 189 189 
6000 199 90 102 
6000 200 76 153 
6000 201 14 57 64 249 
6000 202 
6000 203 53 53 59 60 73 124 195 235 
6000 204 18 60 186 220 
6000 205 113 
6000 206 3 28 91 119 142 148 179 208 223 
6000 207 94 177 
6000 208 24 47 60 148 182 206 214 220 248 
6000 209 6 115 167 180 237 
6000 210 15 39 46 107 158 
6000 211 137 162 170 213 213 229 
6000 212 172 174 244 
6000 213 147 211 211 
6000 214 6 90 208 228 
6000 215 63 104 
6000 216 65 96 118 237 
6000 217 46 89 137 
6000 218 15 101 177 230 
6000 219 76 181 223 
6000 220 48 114 162 204 208 
6000 221 114 244 244 
6000 222 60 99 
6000 223 50 53 95 160 206 219 
6000 224 7 
6000 225 9 100 118 
6000 226 84 179 
6000 227 
6000 228 4 48 180 214 
6000 229 211 
6000 230 49 116 134 218 
6000 231 71 86 236 245 
6000 232 193 
6000 233 74 84 
6000 234 26 35 87 147 
6000 235 82 111 203 
6000 236 35 48 169 231 
6000 237 96 184 209 216 
6000 238 90 
6000 239 5 107 123 155 
6000 240 25 44 58 158 
6000 241 139 157 190 
6000 242 52 
6000 243 36 
6000 244 3 26 139 212 221 221 
6000 245 147 231 
6000 246 63 158 
6000 247 25 
6000 248 23 62 81 131 208 
6000 249 14 82 183 201 
0 7200 
6600 0 84 124 152 204 
6600 1 9 147 217 
6600 2 4 42 71 74 116 146 213 218 223 230 
6600 3 30 80 127 178 189 
6600 4 2 149 200 
6600 5 151 154 217 
6600 6 49 
6600 7 131 189 
6600 8 95 179 215 
6600 9 1 100 
6600 10 85 117 117 205 224 
6600 11 156 176 
6600 12 35 125 169 
6600 13 163 
6600 14 91 
6600 15 40 58 125 215 
6600 16 90 159 183 
6600 17 245 
6600 18 40 170 172 
6600 19 74 
6600 20 39 79 83 114 139 177 
6600 21 56 174 
6600 22 46 67 90 151 217 230 
6600 23 70 230 
6600 24 
6600 25 155 160 174 211 211 213 
6600 26 86 90 102 223 
6600 27 45 51 81 140 
6600 28 58 69 116 136 218 248 
6600 29 40 131 147 205 
6600 30 3 195 
6600 31 59 99 187 
6600 32 127 
6600 33 46 
6600 34 178 
6600 35 12 52 59 126 215 
6600 36 108 121 231 
6600 37 39 185 
6600 38 227 
6600 39 20 37 84 147 212 
6600 40 15 18 29 59 107 151 215 
6600 41 56 141 193 228 231 
6600 42 2 157 
6600 43 
6600 44 103 125 169 175 179 237 
6600 45 27 236 248 
6600 46 22 33 130 204 229 243 
6600 47 154 172 
6600 48 69 110 121 165 172 182 188 
6600 49 6 120 181 190 206 
6600 50 66 138 176 219 220 
6600 51 27 114 122 140 
6600 52 35 107 113 135 
6600 53 82 91 106 
6600 54 156 177 
6600 55 112 150 172 
6600 56 21 41 84 130 188 
6600 57 
6600 58 15 28 67 229 
6600 59 31 35 40 158 198 
6600 60 111 149 230 236 
6600 61 95 103 226 
6600 62 100 131 172 177 199 211 238 
6600 63 207 
6600 64 105 195 
6600 65 115 131 213 229 
6600 66 50 
6600 67 22 58 84 
6600 68 83 160 
6600 69 28 48 139 140 188 
6600 70 23 180 
6600 71 2 139 144 176 195 220 
6600 72 85 96 210 
6600 73 84 103 
6600 74 2 19 110 
6600 75 100 194 
6600 76 222 
6600 77 101 103 
6600 78 145 209 
6600 79 20 110 141 182 231 
6600 80 3 105 111 
6600 81 27 129 183 
6600 82 53 222 
6600 83 20 68 148 201 
6600 84 0 39 56 67 73 134 185 
6600 85 10 72 189 
6600 86 26 211 
6600 87 105 156 
6600 88 155 204 
6600 89 125 247 
6600 90 16 22 26 194 213 
6600 91 14 53 124 
6600 92 
6600 93 180 218 
6600 94 130 207 
6600 95 8 61 104 106 
6600 96 72 101 126 164 205 208 244 
6600 97 185 211 216 
6600 98 217 
6600 99 31 127 134 152 
6600 100 9 62 75 102 
6600 101 77 96 113 196 244 
6600 102 26 100 108 194 
6600 103 44 61 73 77 104 
6600 104 95 103 135 235 
6600 105 64 80 87 
6600 106 53 95 119 244 249 
6600 107 40 52 204 
6600 108 36 102 129 183 
6600 109 229 
6600 110 48 74 79 228 240 243 
6600 111 60 80 169 174 235 
6600 112 55 
6600 113 52 101 
6600 114 20 51 243 
6600 115 65 132 
6600 116 2 28 238 
6600 117 10 10 
6600 118 
6600 119 106 177 230 
6600 120 49 143 201 249 
6600 121 36 48 166 170 186 
6600 122 51 218 228 
6600 123 220 230 
6600 124 0 91 174 
6600 125 12 15 44 89 155 
6600 126 35 96 137 148 160 232 
6600 127 3 32 99 190 
6600 128 140 
6600 129 81 108 229 
6600 130 46 56 94 150 232 
6600 131 7 29 62 65 160 188 202 
6600 132 115 137 171 234 247 
6600 133 140 
6600 134 84 99 
6600 135 52 104 189 
6600 136 28 
6600 137 126 132 165 168 207 
6600 138 50 143 206 
6600 139 20 69 71 167 191 
6600 140 27 51 69 128 133 146 
6600 141 41 79 189 
6600 142 
6600 143 120 138 162 190 
6600 144 71 
6600 145 78 191 
6600 146 2 140 228 
6600 147 1 29 39 199 199 210 245 
6600 148 83 126 
6600 149 4 60 177 
6600 150 55 130 172 
6600 151 5 22 40 225 229 245 
6600 152 0 99 156 160 244 
6600 153 193 
6600 154 5 47 216 
6600 155 25 88 125 158 
6600 156 11 54 87 152 160 
6600 157 42 190 
6600 158 59 155 
6600 159 16 167 193 
6600 160 25 68 126 131 152 156 161 175 182 184 233 
6600 161 160 239 
6600 162 143 
6600 163 13 
6600 164 96 198 210 
6600 165 48 137 
6600 166 121 
6600 167 139 159 176 177 180 
6600 168 137 216 229 
6600 169 12 44 111 172 231 
6600 170 18 121 182 228 
6600 171 132 
6600 172 18 47 48 55 62 150 169 231 234 
6600 173 198 
6600 174 21 25 111 124 
6600 175 44 160 
6600 176 11 50 71 167 248 
6600 177 20 54 62 119 149 167 
6600 178 3 34 
6600 179 8 44 235 
6600 180 70 93 167 
6600 181 49 219 
6600 182 48 79 160 170 208 236 
6600 183 16 81 108 
6600 184 160 
6600 185 37 84 97 
6600 186 121 204 216 
6600 187 31 232 
6600 188 48 56 69 131 245 
6600 189 3 7 85 135 141 239 
6600 190 49 127 143 157 
6600 191 139 145 
6600 192 
6600 193 41 153 159 
6600 194 75 90 102 
6600 195 30 64 71 
6600 196 101 
6600 197 223 228 
6600 198 59 164 173 207 227 
6600 199 62 147 147 208 
6600 200 4 230 241 
6600 201 83 120 
6600 202 131 247 
6600 203 219 249 
6600 204 0 46 88 107 186 
6600 205 10 29 96 207 214 214 
6600 206 49 138 212 
6600 207 63 94 137 198 205 210 
6600 208 96 182 199 244 
6600 209 78 
6600 210 72 147 164 207 
6600 211 25 25 62 86 97 
6600 212 39 206 219 225 
6600 213 2 25 65 90 
6600 214 205 205 
6600 215 8 15 35 40 
6600 216 97 154 168 186 225 
6600 217 1 5 22 98 
6600 218 2 28 93 122 
6600 219 50 181 203 212 241 
6600 220 50 71 123 
6600 221 
6600 222 76 82 
6600 223 2 26 197 238 
6600 224 10 227 239 
6600 225 151 212 216 
6600 226 61 
6600 227 38 198 224 
6600 228 41 110 122 146 170 197 
6600 229 46 58 65 109 129 151 168 
6600 230 2 22 23 60 119 123 200 
6600 231 36 41 79 169 172 243 
6600 232 126 130 187 
6600 233 160 
6600 234 132 172 
6600 235 104 111 179 
6600 236 45 60 182 
6600 237 44 
6600 238 62 116 223 
6600 239 161 189 224 
6600 240 110 
6600 241 200 219 
6600 242 
6600 243 46 110 114 231 
6600 244 96 101 106 152 208 
6600 245 17 147 151 188 
6600 246 
6600 247 89 132 202 
6600 248 28 45 176 
6600 249 106 120 203 
0 7200 
7200 0 85 135 146 227 232 234 242 
7200 1 49 207 
7200 2 94 
7200 3 39 42 55 80 99 103 184 
7200 4 93 94 96 203 241 
7200 5 36 159 169 194 
7200 6 20 28 94 186 230 
7200 7 27 32 58 101 215 230 239 
7200 8 168 
7200 9 183 
7200 10 36 88 116 134 148 211 213 
7200 11 
7200 12 40 123 151 211 224 
7200 13 14 124 172 
7200 14 13 
7200 15 25 169 
7200 16 52 245 
7200 17 19 
7200 18 247 
7200 19 17 36 
7200 20 6 32 41 156 203 244 
7200 21 36 121 123 140 183 197 
7200 22 144 172 223 
7200 23 140 236 
7200 24 127 233 
7200 25 15 67 72 88 145 174 236 
7200 26 
7200 27 7 86 180 230 
7200 28 6 48 144 147 230 
7200 29 55 101 135 214 
7200 30 143 
7200 31 
7200 32 7 20 52 77 84 127 174 201 
7200 33 147 216 
7200 34 66 71 97 100 131 142 233 
7200 35 103 
7200 36 5 10 19 21 72 108 109 121 151 170 211 
7200 37 68 83 146 156 
7200 38 101 
7200 39 3 58 68 100 101 210 
7200 40 12 49 59 154 
7200 41 20 50 58 96 136 141 
7200 42 3 97 190 220 241 
7200 43 94 127 191 
7200 44 74 79 88 100 121 177 
7200 45 140 180 
7200 46 
7200 47 52 53 130 132 223 
7200 48 28 53 223 
7200 49 1 40 146 202 
7200 50 41 80 181 
7200 51 52 231 
7200 52 16 32 47 51 
7200 53 47 48 84 104 117 184 219 
7200 54 56 73 77 80 125 160 
7200 55 3 29 83 105 169 
7200 56 54 150 158 171 195 206 215 
7200 57 76 119 
7200 58 7 39 41 65 123 171 183 195 199 
7200 59 40 131 195 228 
7200 60 96 184 193 
7200 61 91 203 
7200 62 127 
7200 63 72 147 
7200 64 190 
7200 65 58 132 
7200 66 34 120 126 
7200 67 25 107 125 146 249 
7200 68 37 39 77 92 107 160 187 249 
7200 69 86 110 122 136 153 236 
7200 70 96 159 212 
7200 71 34 96 
7200 72 25 36 63 185 198 247 
7200 73 54 76 77 103 143 174 175 
7200 74 44 180 186 211 
7200 75 121 231 
7200 76 57 73 219 
7200 77 32 54 68 73 214 
7200 78 99 192 
7200 79 44 121 170 
7200 80 3 50 54 
7200 81 83 119 181 186 190 
7200 82 168 203 222 
7200 83 37 55 81 134 143 203 
7200 84 32 53 127 160 
7200 85 0 107 
7200 86 27 69 225 236 238 
7200 87 101 119 227 
7200 88 10 25 44 102 165 223 234 236 
7200 89 137 210 216 
7200 90 165 
7200 91 61 99 163 
7200 92 68 163 202 214 
7200 93 4 
7200 94 2 4 6 43 177 243 
7200 95 101 125 181 244 244 
7200 96 4 41 60 70 71 123 153 156 
7200 97 34 42 103 181 187 
7200 98 
7200 99 3 78 91 201 233 
7200 100 34 39 44 
7200 101 7 29 38 39 87 95 247 
7200 102 88 123 165 194 245 
7200 103 3 35 73 97 
7200 104 53 
7200 105 55 229 
7200 106 109 245 
7200 107 67 68 85 
7200 108 36 125 133 208 225 
7200 109 36 106 148 177 
7200 110 69 127 238 
7200 111 117 247 
7200 112 126 215 249 
7200 113 
7200 114 144 197 
7200 115 129 170 213 
7200 116 10 156 160 180 202 211 
7200 117 53 111 233 246 
7200 118 141 143 176 219 
7200 119 57 81 87 134 156 162 192 
7200 120 66 219 229 
7200 121 21 36 44 75 79 171 183 
7200 122 69 218 228 
7200 123 12 21 58 96 102 144 195 
7200 124 13 201 
7200 125 54 67 95 108 131 160 166 187 216 
7200 126 66 112 196 
7200 127 24 32 43 62 84 110 212 
7200 128 156 
7200 129 115 132 155 
7200 130 47 
7200 131 34 59 125 140 233 234 244 
7200 132 47 65 129 140 171 199 209 
7200 133 108 151 164 164 
7200 134 10 83 119 189 
7200 135 0 29 237 
7200 136 41 69 212 
7200 137 89 239 
7200 138 219 222 
7200 139 
7200 140 21 23 45 131 132 180 
7200 141 41 118 174 176 241 
7200 142 34 152 242 
7200 143 30 73 83 118 182 203 
7200 144 22 28 114 123 195 
7200 145 25 209 238 
7200 146 0 37 49 67 199 205 215 
7200 147 28 33 63 158 216 245 
7200 148 10 109 180 219 228 
7200 149 191 218 248 
7200 150 56 
7200 151 12 36 133 
7200 152 142 168 
7200 153 69 96 195 212 
7200 154 40 
7200 155 129 
7200 156 20 37 96 116 119 128 168 
7200 157 189 
7200 158 56 147 
7200 159 5 70 211 241 
7200 160 54 68 84 116 125 178 185 
7200 161 169 214 
7200 162 119 249 
7200 163 91 92 181 185 
7200 164 133 133 204 
7200 165 88 90 102 
7200 166 125 185 
7200 167 228 
7200 168 8 82 152 156 195 226 243 
7200 169 5 15 55 161 
7200 170 36 79 115 231 
7200 171 56 58 121 132 199 208 
7200 172 13 22 230 236 
7200 173 
7200 174 25 32 73 141 203 228 
7200 175 73 185 
7200 176 118 141 
7200 177 44 94 109 
7200 178 160 184 244 
7200 179 203 234 249 
7200 180 27 45 74 116 140 148 197 206 208 243 
7200 181 50 81 95 97 163 187 214 
7200 182 143 234 244 
7200 183 9 21 58 121 243 
7200 184 3 53 60 178 
7200 185 72 160 163 166 175 
7200 186 6 74 81 
7200 187 68 97 125 181 214 
7200 188 193 
7200 189 134 157 
7200 190 42 64 81 
7200 191 43 149 
7200 192 78 119 
7200 193 60 188 195 
7200 194 5 102 
7200 195 56 58 59 123 144 153 168 193 
7200 196 126 242 
7200 197 21 114 180 243 
7200 198 72 
7200 199 58 132 146 171 211 
7200 200 
7200 201 32 99 124 
7200 202 49 92 116 208 
7200 203 4 20 61 82 83 143 174 179 241 
7200 204 164 
7200 205 146 210 215 
7200 206 56 180 
7200 207 1 237 
7200 208 108 171 180 202 
7200 209 132 145 
7200 210 39 89 205 
7200 211 10 12 36 74 116 159 199 217 
7200 212 70 127 136 153 234 238 
7200 213 10 115 228 
7200 214 29 77 92 161 181 187 246 
7200 215 7 56 112 146 205 
7200 216 33 89 125 147 
7200 217 211 
7200 218 122 149 230 
7200 219 53 76 118 120 138 148 
7200 220 42 231 
7200 221 
7200 222 82 138 241 
7200 223 22 47 48 88 
7200 224 12 
7200 225 86 108 
7200 226 168 
7200 227 0 87 
7200 228 59 122 148 167 174 213 
7200 229 105 120 
7200 230 6 7 27 28 172 218 231 238 
7200 231 51 75 170 220 230 
7200 232 0 247 
7200 233 24 34 99 117 131 248 
7200 234 0 88 131 179 182 212 
7200 235 
7200 236 23 25 69 86 88 172 
7200 237 135 207 
7200 238 86 110 145 212 230 
7200 239 7 137 
7200 240 
7200 241 4 42 141 159 203 222 
7200 242 0 142 196 
7200 243 94 168 180 183 197 
7200 244 20 95 95 131 178 182 
7200 245 16 102 106 147 
7200 246 117 214 
7200 247 18 72 101 111 232 
7200 248 149 233 
7200 249 67 68 112 162 179 
