0 7200 
0 0 119 263 
0 1 69 179 229 231 244 286 
0 2 209 
0 3 13 129 249 
0 4 39 76 155 192 205 255 
0 5 149 178 185 229 243 
0 6 12 103 179 198 233 239 295 
0 7 213 221 
0 8 111 172 279 
0 9 16 79 79 187 215 
0 10 35 95 177 182 238 
0 11 35 76 83 135 277 
0 12 6 
0 13 3 123 165 240 
0 14 102 179 203 259 
0 15 172 
0 16 9 132 212 292 
0 17 86 
0 18 
0 19 89 254 281 
0 20 72 141 296 
0 21 33 82 85 179 190 207 246 
0 22 57 101 
0 23 88 177 256 289 
0 24 62 153 
0 25 157 240 296 
0 26 49 103 149 212 258 291 
0 27 28 262 284 
0 28 27 41 45 122 187 195 255 276 286 
0 29 51 
0 30 82 
0 31 68 84 91 166 260 275 
0 32 177 
0 33 21 
0 34 215 
0 35 10 11 173 255 261 
0 36 89 132 287 
0 37 120 296 
0 38 55 180 228 238 244 281 289 
0 39 4 66 80 128 164 186 253 257 274 282 
0 40 50 73 153 
0 41 28 215 231 256 
0 42 58 85 188 222 236 
0 43 82 102 113 161 
0 44 60 93 254 284 
0 45 28 196 282 
0 46 70 119 262 
0 47 221 
0 48 
0 49 26 97 109 149 151 166 233 
0 50 40 53 96 177 192 242 
0 51 29 276 
0 52 78 106 122 173 179 194 275 
0 53 50 251 278 
0 54 
0 55 38 145 177 180 231 
0 56 220 237 276 296 
0 57 22 
0 58 42 102 
0 59 
0 60 44 
0 61 197 232 
0 62 24 148 152 179 253 
0 63 107 234 
0 64 70 132 139 141 
0 65 87 115 276 285 
0 66 39 148 281 289 
0 67 199 207 259 
0 68 31 128 
0 69 1 129 135 155 171 209 255 
0 70 46 64 185 189 231 280 
0 71 159 
0 72 20 87 250 277 
0 73 40 155 261 
0 74 92 103 126 210 233 
0 75 270 298 
0 76 4 11 84 95 121 135 189 205 207 282 290 
0 77 126 127 170 
0 78 52 90 139 237 256 263 
0 79 9 9 85 272 
0 80 39 266 296 
0 81 82 128 138 295 297 
0 82 21 30 43 81 138 141 168 
0 83 11 139 160 252 
0 84 31 76 106 137 
0 85 21 42 79 105 204 
0 86 17 96 139 231 
0 87 65 72 106 153 252 299 
0 88 23 118 213 252 
0 89 19 36 93 93 117 118 224 
0 90 78 163 
0 91 31 150 151 164 185 274 291 
0 92 74 121 201 243 
0 93 44 89 89 96 213 286 
0 94 257 299 
0 95 10 76 182 286 
0 96 50 86 93 103 191 263 
0 97 49 179 205 205 
0 98 216 
0 99 173 
0 100 102 247 
0 101 22 117 167 
0 102 14 43 58 100 142 183 231 
0 103 6 26 74 96 155 165 166 246 258 295 
0 104 128 144 249 
0 105 85 
0 106 52 84 87 162 
0 107 63 163 221 268 
0 108 217 238 
0 109 49 190 233 286 291 
0 110 177 256 
0 111 8 195 200 
0 112 153 223 276 
0 113 43 157 183 288 
0 114 195 296 
0 115 65 167 196 
0 116 142 272 
0 117 89 101 118 264 294 
0 118 88 89 117 
0 119 0 46 296 
0 120 37 
0 121 76 92 147 163 166 179 215 251 274 
0 122 28 52 159 
0 123 13 290 
0 124 
0 125 150 192 194 244 286 
0 126 74 77 165 270 
0 127 77 137 170 247 285 288 
0 128 39 68 81 104 209 
0 129 3 69 168 206 241 
0 130 149 199 
0 131 182 186 244 
0 132 16 36 64 227 
0 133 171 288 
0 134 279 
0 135 11 69 76 163 166 206 297 
0 136 200 
0 137 84 127 170 
0 138 81 82 161 186 214 
0 139 64 78 83 86 
0 140 181 
0 141 20 64 82 247 278 
0 142 102 116 151 170 222 
0 143 
0 144 104 171 196 226 
0 145 55 217 238 
0 146 
0 147 121 248 
0 148 62 66 218 
0 149 5 26 49 130 230 
0 150 91 125 269 
0 151 49 91 142 
0 152 62 252 
0 153 24 40 87 112 294 
0 154 284 
0 155 4 69 73 103 198 203 214 
0 156 222 244 
0 157 25 113 
0 158 274 293 
0 159 71 122 232 282 284 
0 160 83 174 215 224 234 278 
0 161 43 138 168 183 196 226 
0 162 106 163 
0 163 90 107 121 135 162 275 
0 164 39 91 239 244 270 
0 165 13 103 126 168 188 189 274 
0 166 31 49 103 121 135 229 
0 167 101 115 220 
0 168 82 129 161 165 
0 169 
0 170 77 127 137 142 176 186 225 272 
0 171 69 133 144 187 
0 172 8 15 253 285 
0 173 35 52 99 292 
0 174 160 221 278 
0 175 227 254 
0 176 170 239 
0 177 10 23 32 50 55 110 244 264 
0 178 5 224 
0 179 1 6 14 21 52 62 97 121 258 276 292 
0 180 38 55 217 
0 181 140 187 270 
0 182 10 95 131 193 271 
0 183 102 113 161 247 273 
0 184 207 254 
0 185 5 70 91 229 271 
0 186 39 131 138 170 
0 187 9 28 171 181 262 
0 188 42 165 212 260 273 
0 189 70 76 165 
0 190 21 109 219 273 
0 191 96 233 273 
0 192 4 50 125 
0 193 182 233 251 
0 194 52 125 251 269 
0 195 28 111 114 
0 196 45 115 144 161 245 274 
0 197 61 279 
0 198 6 155 219 259 265 
0 199 67 130 
0 200 111 136 
0 201 92 222 
0 202 266 
0 203 14 155 212 258 
0 204 85 280 
0 205 4 76 97 97 265 286 
0 206 129 135 295 
0 207 21 67 76 184 213 274 
0 208 266 
0 209 2 69 128 255 
0 210 74 
0 211 216 239 
0 212 16 26 188 203 286 
0 213 7 88 93 207 238 256 294 
0 214 138 155 
0 215 9 34 41 121 160 282 
0 216 98 211 247 266 
0 217 108 145 180 294 
0 218 148 235 250 
0 219 190 198 
0 220 56 167 268 
0 221 7 47 107 174 238 264 
0 222 42 142 156 201 
0 223 112 
0 224 89 160 178 
0 225 170 272 
0 226 144 161 
0 227 132 175 282 289 
0 228 38 232 
0 229 1 5 166 185 259 291 
0 230 149 269 291 
0 231 1 41 55 70 86 102 
0 232 61 159 228 282 287 
0 233 6 49 74 109 191 193 260 
0 234 63 160 
0 235 218 
0 236 42 260 288 
0 237 56 78 277 
0 238 10 38 108 145 213 221 
0 239 6 164 176 211 267 270 
0 240 13 25 247 283 284 
0 241 129 297 
0 242 50 
0 243 5 92 
0 244 1 38 125 131 156 164 177 259 
0 245 196 
0 246 21 103 282 286 
0 247 100 127 141 183 216 240 
0 248 147 
0 249 3 104 
0 250 72 218 294 
0 251 53 121 193 194 
0 252 83 87 88 152 263 277 278 
0 253 39 62 172 
0 254 19 44 175 184 264 
0 255 4 28 35 69 209 
0 256 23 41 78 110 213 
0 257 39 94 282 
0 258 26 103 179 203 277 
0 259 14 67 198 229 244 
0 260 31 188 233 236 
0 261 35 73 291 
0 262 27 46 187 
0 263 0 78 96 252 
0 264 117 177 221 254 
0 265 198 205 
0 266 80 202 208 216 
0 267 239 
0 268 107 220 
0 269 150 194 230 292 
0 270 75 126 164 181 239 284 286 
0 271 182 185 
0 272 79 116 170 225 
0 273 183 188 190 191 295 
0 274 39 91 121 158 165 196 207 291 295 
0 275 31 52 163 
0 276 28 51 56 65 112 179 
0 277 11 72 237 252 258 
0 278 53 141 160 174 252 
0 279 8 134 197 
0 280 70 204 
0 281 19 38 66 
0 282 39 45 76 159 215 227 232 246 257 
0 283 240 
0 284 27 44 154 159 240 270 
0 285 65 127 172 
0 286 1 28 93 95 109 125 205 212 246 270 
0 287 36 232 
0 288 113 127 133 236 298 
0 289 23 38 66 227 
0 290 76 123 
0 291 26 91 109 229 230 261 274 
0 292 16 173 179 269 
0 293 158 
0 294 117 153 213 217 250 
0 295 6 81 103 206 273 274 
0 296 20 25 37 56 80 114 119 
0 297 81 135 241 
0 298 75 288 
0 299 87 94 
0 7200 
600 0 51 78 115 
600 1 26 193 224 243 243 271 274 276 
600 2 12 104 
600 3 157 265 
600 4 59 84 128 165 173 239 254 271 288 
600 5 59 150 
600 6 104 133 141 183 
600 7 38 40 
600 8 17 73 76 117 174 223 
600 9 52 76 127 130 155 168 282 
600 10 156 
600 11 35 42 99 135 150 156 199 
600 12 2 30 177 203 267 267 270 275 
600 13 141 166 265 
600 14 34 141 
600 15 72 181 
600 16 124 128 189 201 243 293 
600 17 8 62 66 83 103 110 275 
600 18 116 171 
600 19 77 159 200 
600 20 146 246 289 
600 21 35 164 
600 22 84 134 161 253 
600 23 122 197 
600 24 123 246 281 281 294 
600 25 162 268 283 
600 26 1 109 189 
600 27 266 267 
600 28 44 84 193 254 273 
600 29 114 220 242 
600 30 12 100 126 170 
600 31 34 134 195 
600 32 45 249 267 
600 33 71 202 
600 34 14 31 64 120 187 191 231 299 
600 35 11 21 260 
600 36 38 76 287 
600 37 296 
600 38 7 36 219 228 234 256 
600 39 70 83 184 188 
600 40 7 136 215 
600 41 163 164 277 299 
600 42 11 151 156 
600 43 84 116 168 211 249 272 282 
600 44 28 47 96 132 275 276 
600 45 32 129 137 
600 46 86 131 175 
600 47 44 108 175 209 270 276 289 
600 48 107 
600 49 116 
600 50 217 251 294 
600 51 0 60 246 
600 52 9 78 96 122 125 132 132 177 187 
600 53 238 
600 54 91 151 248 
600 55 161 165 196 297 
600 56 156 189 
600 57 157 253 275 276 
600 58 68 151 166 291 
600 59 4 5 164 212 291 
600 60 51 78 94 
600 61 111 
600 62 17 76 106 153 220 250 
600 63 64 234 
600 64 34 63 125 195 195 232 
600 65 78 130 
600 66 17 163 184 221 277 
600 67 170 239 255 
600 68 58 70 222 
600 69 154 168 185 190 
600 70 39 68 104 116 129 191 212 241 255 298 
600 71 33 145 
600 72 15 257 299 
600 73 8 76 221 282 
600 74 149 225 239 
600 75 86 144 144 152 285 
600 76 8 9 36 62 73 163 171 261 290 
600 77 19 80 84 216 
600 78 0 52 60 65 117 181 200 242 276 296 
600 79 96 135 171 177 272 
600 80 77 137 158 
600 81 
600 82 91 100 119 166 186 
600 83 17 39 111 143 244 250 296 
600 84 4 22 28 43 77 106 
600 85 98 206 
600 86 46 75 127 190 208 220 264 282 284 
600 87 93 148 
600 88 178 
600 89 230 
600 90 120 245 
600 91 54 82 121 142 150 274 
600 92 173 292 
600 93 87 117 220 263 
600 94 60 163 220 
600 95 149 179 192 274 
600 96 44 52 79 282 
600 97 151 292 
600 98 85 187 
600 99 11 121 193 199 203 
600 100 30 82 116 129 
600 101 140 240 272 
600 102 179 182 190 198 294 
600 103 17 152 
600 104 2 6 70 
600 105 113 166 171 265 267 
600 106 62 84 136 209 242 
600 107 48 232 254 264 268 
600 108 47 112 276 
600 109 26 188 199 222 
600 110 17 263 
600 111 61 83 237 268 
600 112 108 148 
600 113 105 154 165 186 266 
600 114 29 158 296 
600 115 0 296 
600 116 18 43 49 70 100 
600 117 8 78 93 221 
600 118 286 
600 119 82 154 216 226 241 
600 120 34 90 
600 121 91 99 166 188 229 
600 122 23 52 131 135 143 152 187 232 
600 123 24 160 224 
600 124 16 125 201 201 248 
600 125 52 64 124 169 254 255 291 
600 126 30 146 
600 127 9 86 166 183 
600 128 4 16 130 179 193 199 291 
600 129 45 70 100 211 
600 130 9 65 128 163 254 
600 131 46 122 237 
600 132 44 52 52 164 286 
600 133 6 191 222 239 
600 134 22 31 263 
600 135 11 79 122 
600 136 40 106 213 
600 137 45 80 170 181 220 242 245 
600 138 288 
600 139 159 
600 140 101 154 255 
600 141 6 13 14 266 
600 142 91 
600 143 83 122 146 152 252 
600 144 75 75 168 187 
600 145 71 
600 146 20 126 143 162 187 242 288 
600 147 150 169 233 
600 148 87 112 
600 149 74 95 291 
600 150 5 11 91 147 
600 151 42 54 58 97 
600 152 75 103 122 143 285 
600 153 62 228 
600 154 69 113 119 140 267 
600 155 9 157 193 222 247 255 
600 156 10 11 42 56 206 
600 157 3 57 155 272 
600 158 80 114 
600 159 19 139 
600 160 123 
600 161 22 55 
600 162 25 146 164 197 212 
600 163 41 66 76 94 130 213 261 
600 164 21 41 59 132 162 
600 165 4 55 113 168 233 272 
600 166 13 58 82 105 121 127 186 
600 167 
600 168 9 43 69 144 165 204 225 
600 169 125 147 
600 170 30 67 137 195 205 231 273 297 
600 171 18 76 79 105 222 247 
600 172 282 
600 173 4 92 230 
600 174 8 180 
600 175 46 47 207 228 251 294 
600 176 
600 177 12 52 79 220 
600 178 88 256 
600 179 95 102 128 207 
600 180 174 221 
600 181 15 78 137 191 
600 182 102 268 278 
600 183 6 127 191 
600 184 39 66 195 200 
600 185 69 243 295 
600 186 82 113 166 198 204 231 279 
600 187 34 52 98 122 144 146 196 
600 188 39 109 121 
600 189 16 26 56 
600 190 69 86 102 214 
600 191 34 70 133 181 183 233 
600 192 95 
600 193 1 28 99 128 155 213 
600 194 248 260 
600 195 31 64 64 170 184 204 
600 196 55 187 
600 197 23 162 250 252 
600 198 102 186 271 
600 199 11 99 109 128 261 293 
600 200 19 78 184 
600 201 16 124 124 244 
600 202 33 218 
600 203 12 99 
600 204 168 186 195 297 
600 205 170 225 
600 206 85 156 
600 207 175 179 
600 208 86 
600 209 47 106 227 238 264 
600 210 
600 211 43 129 
600 212 59 70 162 241 288 
600 213 136 163 193 
600 214 190 
600 215 40 
600 216 77 119 
600 217 50 294 
600 218 202 263 
600 219 38 246 
600 220 29 62 86 93 94 137 177 272 275 279 
600 221 66 73 117 180 256 
600 222 68 109 133 155 171 240 
600 223 8 224 263 
600 224 1 123 223 278 
600 225 74 168 205 
600 226 119 273 297 
600 227 209 
600 228 38 153 175 
600 229 121 271 292 
600 230 89 173 
600 231 34 170 186 260 
600 232 64 107 122 
600 233 147 165 191 
600 234 38 63 
600 235 
600 236 271 
600 237 111 131 238 
600 238 53 209 237 259 294 
600 239 4 67 74 133 285 
600 240 101 222 
600 241 70 119 212 
600 242 29 78 106 137 146 252 
600 243 1 1 16 185 
600 244 83 201 
600 245 90 137 
600 246 20 24 51 219 264 
600 247 155 171 
600 248 54 124 194 
600 249 32 43 
600 250 62 83 197 
600 251 50 175 
600 252 143 197 242 
600 253 22 57 
600 254 4 28 107 125 130 
600 255 67 70 125 140 155 
600 256 38 178 221 264 281 
600 257 72 
600 258 
600 259 238 
600 260 35 194 231 
600 261 76 163 199 
600 262 
600 263 93 110 134 218 223 
600 264 86 107 209 246 256 
600 265 3 13 105 280 
600 266 27 113 141 298 
600 267 12 12 27 32 105 154 
600 268 25 107 111 182 
600 269 
600 270 12 47 273 
600 271 1 4 198 229 236 
600 272 43 79 101 157 165 220 
600 273 28 170 226 270 
600 274 1 91 95 
600 275 12 17 44 57 220 
600 276 1 44 47 57 78 108 
600 277 41 66 
600 278 182 224 
600 279 186 220 
600 280 265 
600 281 24 24 256 
600 282 9 43 73 86 96 172 299 
600 283 25 
600 284 86 
600 285 75 152 239 
600 286 118 132 
600 287 36 296 
600 288 4 138 146 212 
600 289 20 47 
600 290 76 293 
600 291 58 59 125 128 149 295 
600 292 92 97 229 
600 293 16 199 290 
600 294 24 50 102 175 217 238 
600 295 185 291 
600 296 37 78 83 114 115 287 
600 297 55 170 204 226 
600 298 70 266 
600 299 34 41 72 282 
0 7200 
1200 0 237 279 
1200 1 64 277 290 
1200 2 9 14 26 104 272 
1200 3 127 
1200 4 5 65 213 254 280 
1200 5 4 162 
1200 6 37 284 
1200 7 118 234 
1200 8 258 
1200 9 2 20 27 41 45 277 
1200 10 11 25 65 149 203 229 271 
1200 11 10 42 92 109 178 190 217 
1200 12 49 127 141 186 187 241 275 280 
1200 13 81 164 214 
1200 14 2 23 61 83 107 110 125 
1200 15 23 66 110 203 
1200 16 194 243 
1200 17 117 134 151 160 235 264 278 
1200 18 122 206 244 
1200 19 188 
1200 20 9 114 
1200 21 91 244 
1200 22 
1200 23 14 15 56 61 170 
1200 24 89 
1200 25 10 42 143 193 
1200 26 2 149 165 236 238 
1200 27 9 285 
1200 28 130 198 276 
1200 29 
1200 30 126 272 
1200 31 146 253 279 
1200 32 170 239 
1200 33 37 200 
1200 34 94 140 172 204 298 
1200 35 212 236 280 
1200 36 86 101 105 144 262 
1200 37 6 33 80 
1200 38 53 83 110 286 
1200 39 70 77 137 204 
1200 40 63 99 173 
1200 41 9 86 133 171 179 195 204 275 299 
1200 42 11 25 53 66 108 266 
1200 43 126 
1200 44 62 71 201 
1200 45 9 81 270 288 
1200 46 131 136 234 276 296 
1200 47 51 218 294 
1200 48 153 160 180 237 289 
1200 49 12 68 
1200 50 64 131 234 254 
1200 51 47 218 
1200 52 126 173 188 203 233 287 
1200 53 38 42 
1200 54 
1200 55 298 
1200 56 23 65 148 160 192 
1200 57 237 246 281 
1200 58 151 203 217 234 
1200 59 65 212 269 
1200 60 
1200 61 14 23 143 214 219 
1200 62 44 106 140 287 
1200 63 40 188 268 
1200 64 1 50 177 223 263 287 
1200 65 4 10 56 59 
1200 66 15 42 140 168 212 265 299 
1200 67 92 124 290 
1200 68 49 275 
1200 69 96 
1200 70 39 95 119 
1200 71 44 
1200 72 220 232 
1200 73 98 148 255 
1200 74 96 136 294 
1200 75 
1200 76 181 277 
1200 77 39 187 225 295 
1200 78 181 187 215 224 232 268 276 
1200 79 160 161 
1200 80 37 157 158 
1200 81 13 45 129 
1200 82 247 261 
1200 83 14 38 155 
1200 84 111 161 162 203 247 270 270 
1200 85 128 141 194 217 
1200 86 36 41 115 161 225 262 
1200 87 120 250 299 
1200 88 136 
1200 89 24 102 174 221 287 
1200 90 96 106 153 156 215 
1200 91 21 185 260 
1200 92 11 67 123 
1200 93 172 186 291 
1200 94 34 139 187 
1200 95 70 162 190 210 
1200 96 69 74 90 128 187 201 279 
1200 97 274 
1200 98 73 
1200 99 40 128 178 
1200 100 260 
1200 101 36 171 176 272 
1200 102 89 188 214 
1200 103 162 196 283 
1200 104 2 
1200 105 36 211 
1200 106 62 90 222 265 
1200 107 14 170 194 197 201 233 256 270 
1200 108 42 180 286 294 
1200 109 11 
1200 110 14 15 38 140 217 238 254 258 
1200 111 84 195 250 
1200 112 180 264 
1200 113 225 226 241 
1200 114 20 282 
1200 115 86 161 177 191 
1200 116 171 189 244 
1200 117 17 153 232 
1200 118 7 188 196 
1200 119 70 
1200 120 87 
1200 121 149 173 267 
1200 122 18 142 
1200 123 92 180 190 207 
1200 124 67 292 
1200 125 14 162 
1200 126 30 43 52 284 
1200 127 3 12 170 
1200 128 85 96 99 162 212 267 295 
1200 129 81 195 282 
1200 130 28 141 
1200 131 46 50 156 250 
1200 132 251 268 278 293 
1200 133 41 177 204 
1200 134 17 156 220 
1200 135 139 165 168 191 270 295 
1200 136 46 74 88 
1200 137 39 190 281 
1200 138 172 186 242 247 297 
1200 139 94 135 165 188 296 
1200 140 34 62 66 110 158 167 296 
1200 141 12 85 130 183 189 258 295 
1200 142 122 193 198 212 239 
1200 143 25 61 156 
1200 144 36 155 176 204 298 
1200 145 159 215 288 
1200 146 31 164 166 184 240 270 
1200 147 148 
1200 148 56 73 147 259 
1200 149 10 26 121 292 
1200 150 217 230 243 
1200 151 17 58 180 246 
1200 152 155 172 224 
1200 153 48 90 117 162 188 276 
1200 154 176 
1200 155 83 144 152 163 165 
1200 156 90 131 134 143 219 222 
1200 157 80 279 
1200 158 80 140 
1200 159 145 202 
1200 160 17 48 56 79 221 289 
1200 161 79 84 86 115 225 239 262 
1200 162 5 84 95 103 125 128 153 234 
1200 163 155 255 288 
1200 164 13 146 
1200 165 26 135 139 155 185 195 285 
1200 166 146 217 282 
1200 167 140 299 
1200 168 66 135 203 237 
1200 169 194 292 
1200 170 23 32 107 127 205 212 
1200 171 41 101 116 262 
1200 172 34 93 138 152 
1200 173 40 52 121 266 
1200 174 89 
1200 175 213 256 
1200 176 101 144 154 
1200 177 64 115 133 225 281 
1200 178 11 99 
1200 179 41 236 
1200 180 48 108 112 123 151 
1200 181 76 78 
1200 182 190 
1200 183 141 
1200 184 146 
1200 185 91 165 199 229 
1200 186 12 93 138 
1200 187 12 77 78 94 96 226 
1200 188 19 52 63 102 118 139 153 197 278 
1200 189 116 141 214 280 
1200 190 11 95 123 137 182 197 231 236 
1200 191 115 135 277 
1200 192 56 
1200 193 25 142 275 
1200 194 16 85 107 169 258 269 
1200 195 41 111 129 165 279 
1200 196 103 118 296 
1200 197 107 188 190 
1200 198 28 142 231 
1200 199 185 290 
1200 200 33 
1200 201 44 96 107 
1200 202 159 
1200 203 10 15 52 58 84 168 214 267 267 286 
1200 204 34 39 41 133 144 
1200 205 170 
1200 206 18 216 236 240 
1200 207 123 267 
1200 208 
1200 209 213 276 277 
1200 210 95 
1200 211 105 298 
1200 212 35 59 66 128 142 170 266 266 
1200 213 4 175 209 286 
1200 214 13 61 102 189 203 239 
1200 215 78 90 145 246 
1200 216 206 225 249 270 
1200 217 11 58 85 110 150 166 260 290 
1200 218 47 51 283 
1200 219 61 156 228 
1200 220 72 134 
1200 221 89 160 222 
1200 222 106 156 221 227 278 
1200 223 64 232 264 286 299 
1200 224 78 152 
1200 225 77 86 113 161 177 216 273 
1200 226 113 187 298 
1200 227 222 289 
1200 228 219 
1200 229 10 185 230 259 
1200 230 150 229 
1200 231 190 198 
1200 232 72 78 117 223 263 277 
1200 233 52 107 238 282 
1200 234 7 46 50 58 162 237 238 
1200 235 17 
1200 236 26 35 179 190 206 
1200 237 0 48 57 168 234 263 
1200 238 26 110 233 234 
1200 239 32 142 161 214 
1200 240 146 206 
1200 241 12 113 
1200 242 138 
1200 243 16 150 
1200 244 18 21 116 
1200 245 247 281 
1200 246 57 151 215 299 
1200 247 82 84 138 245 267 298 
1200 248 
1200 249 216 
1200 250 87 111 131 294 
1200 251 132 
1200 252 294 299 
1200 253 31 276 282 
1200 254 4 50 110 
1200 255 73 163 
1200 256 107 175 
1200 257 288 
1200 258 8 110 141 194 259 
1200 259 148 229 258 271 290 
1200 260 91 100 217 271 
1200 261 82 292 
1200 262 36 86 161 171 
1200 263 64 232 237 276 
1200 264 17 112 223 
1200 265 66 106 
1200 266 42 173 212 212 
1200 267 121 128 203 203 207 247 
1200 268 63 78 132 
1200 269 59 194 
1200 270 45 84 84 107 135 146 216 
1200 271 10 259 260 
1200 272 2 30 101 
1200 273 225 
1200 274 97 
1200 275 12 41 68 193 282 
1200 276 28 46 78 153 209 253 263 
1200 277 1 9 76 191 209 232 278 
1200 278 17 132 188 222 277 
1200 279 0 31 96 157 195 
1200 280 4 12 35 189 
1200 281 57 137 177 245 298 
1200 282 114 129 166 233 253 275 
1200 283 103 218 287 
1200 284 6 126 
1200 285 27 165 
1200 286 38 108 203 213 223 
1200 287 52 62 64 89 283 
1200 288 45 145 163 257 
1200 289 48 160 227 
1200 290 1 67 199 217 259 
1200 291 93 
1200 292 124 149 169 261 
1200 293 132 
1200 294 47 74 108 250 252 299 
1200 295 77 128 135 141 
1200 296 46 139 140 196 
1200 297 138 
1200 298 34 55 144 211 226 247 281 
1200 299 41 66 87 167 223 246 252 294 
0 7200 
1800 0 
1800 1 8 61 
1800 2 16 65 144 176 
1800 3 226 
1800 4 39 40 62 160 
1800 5 
1800 6 43 96 101 165 
1800 7 58 
1800 8 1 23 150 193 269 
1800 9 207 256 
1800 10 62 97 134 244 251 267 
1800 11 
1800 12 18 36 84 126 183 205 222 
1800 13 217 233 236 
1800 14 28 64 74 102 107 152 256 268 
1800 15 102 
1800 16 2 217 
1800 17 66 172 277 
1800 18 12 247 
1800 19 53 58 213 264 278 
1800 20 36 74 76 96 102 102 194 267 
1800 21 95 102 103 128 164 188 214 261 289 
1800 22 64 106 170 217 246 
1800 23 8 82 
1800 24 64 134 156 
1800 25 165 
1800 26 62 233 266 
1800 27 34 101 191 273 
1800 28 14 190 244 261 275 
1800 29 
1800 30 281 298 
1800 31 
1800 32 297 
1800 33 80 265 
1800 34 27 39 60 135 145 
1800 35 166 
1800 36 12 20 64 103 142 182 224 256 
1800 37 93 113 
1800 38 46 74 84 177 228 253 268 270 
1800 39 4 34 40 140 167 
1800 40 4 39 90 110 
1800 41 78 79 270 299 
1800 42 44 168 255 272 
1800 43 6 176 177 206 245 298 
1800 44 42 90 118 190 282 
1800 45 48 129 152 184 247 
1800 46 38 271 276 
1800 47 71 78 137 168 289 
1800 48 45 
1800 49 56 100 152 214 
1800 50 94 131 190 
1800 51 90 107 112 156 
1800 52 107 213 215 286 
1800 53 19 
1800 54 194 
1800 55 206 224 
1800 56 49 61 
1800 57 76 212 228 
1800 58 7 19 88 132 228 
1800 59 231 
1800 60 34 
1800 61 1 56 91 207 255 
1800 62 4 10 26 91 166 
1800 63 250 256 
1800 64 14 22 24 36 132 136 
1800 65 2 231 260 
1800 66 17 159 
1800 67 
1800 68 128 185 229 
1800 69 82 206 248 298 
1800 70 270 
1800 71 47 276 
1800 72 188 240 265 277 
1800 73 99 128 188 
1800 74 14 20 38 123 136 192 238 
1800 75 
1800 76 20 57 239 240 
1800 77 240 
1800 78 41 47 80 107 159 167 168 168 184 224 296 
1800 79 41 81 98 152 
1800 80 33 78 191 
1800 81 79 248 249 
1800 82 23 69 95 98 144 191 211 241 244 
1800 83 151 221 
1800 84 12 38 102 157 167 168 195 232 267 291 
1800 85 128 233 266 
1800 86 226 245 
1800 87 113 140 172 253 
1800 88 58 111 123 162 278 
1800 89 109 110 141 228 
1800 90 40 44 51 111 139 291 
1800 91 61 62 130 206 275 280 
1800 92 179 217 269 
1800 93 37 103 111 234 252 268 
1800 94 50 157 200 291 
1800 95 21 82 128 166 255 
1800 96 6 20 225 227 254 
1800 97 10 148 
1800 98 79 82 107 110 256 284 
1800 99 73 193 194 
1800 100 49 
1800 101 6 27 129 135 240 
1800 102 14 15 20 20 21 84 225 258 
1800 103 21 36 93 296 
1800 104 
1800 105 206 
1800 106 22 118 
1800 107 14 51 52 78 98 168 254 277 282 
1800 108 213 
1800 109 89 146 162 207 209 215 252 277 
1800 110 40 89 98 185 195 238 246 253 265 
1800 111 88 90 93 283 
1800 112 51 
1800 113 37 87 167 288 
1800 114 157 262 
1800 115 145 
1800 116 189 272 
1800 117 208 218 
1800 118 44 106 223 234 270 
1800 119 227 
1800 120 143 262 265 
1800 121 279 
1800 122 247 
1800 123 74 88 196 263 
1800 124 173 
1800 125 179 273 
1800 126 12 138 205 248 298 
1800 127 140 186 
1800 128 21 68 73 85 95 139 165 182 238 238 278 
1800 129 45 101 183 195 242 
1800 130 91 194 203 206 230 
1800 131 50 263 
1800 132 58 64 149 269 
1800 133 135 
1800 134 10 24 
1800 135 34 101 133 152 179 181 187 212 220 268 
1800 136 64 74 207 271 
1800 137 47 141 157 181 191 213 282 
1800 138 126 157 290 
1800 139 90 128 187 233 276 
1800 140 39 87 127 143 177 195 
1800 141 89 137 197 246 
1800 142 36 206 214 222 239 255 260 
1800 143 120 140 163 184 
1800 144 2 82 165 
1800 145 34 115 172 288 
1800 146 109 240 
1800 147 
1800 148 97 170 185 192 193 230 
1800 149 132 174 
1800 150 8 236 
1800 151 83 180 213 261 
1800 152 14 45 49 79 135 176 
1800 153 215 278 
1800 154 205 249 
1800 155 185 193 
1800 156 24 51 179 233 253 
1800 157 84 94 114 137 138 
1800 158 
1800 159 66 78 
1800 160 4 213 256 267 
1800 161 
1800 162 88 109 166 258 267 267 268 282 
1800 163 143 195 226 
1800 164 21 190 229 292 
1800 165 6 25 128 144 205 297 
1800 166 35 62 95 162 188 231 260 267 285 
1800 167 39 78 84 113 
1800 168 42 47 78 78 84 107 181 186 254 264 
1800 169 210 
1800 170 22 148 271 
1800 171 183 281 
1800 172 17 87 145 186 200 216 282 291 
1800 173 124 261 
1800 174 149 175 237 
1800 175 174 209 
1800 176 2 43 152 
1800 177 38 43 140 184 270 
1800 178 234 
1800 179 92 125 135 156 188 199 214 
1800 180 151 
1800 181 135 137 168 189 194 282 
1800 182 36 128 
1800 183 12 129 171 
1800 184 45 78 143 177 197 
1800 185 68 110 148 155 203 
1800 186 127 168 172 207 299 
1800 187 135 139 205 295 
1800 188 21 72 73 166 179 235 252 263 283 296 
1800 189 116 181 
1800 190 28 44 50 164 217 233 259 280 
1800 191 27 80 82 137 
1800 192 74 148 254 
1800 193 8 99 148 155 292 
1800 194 20 54 99 130 181 213 292 
1800 195 84 110 129 140 163 
1800 196 123 198 238 276 
1800 197 141 184 215 
1800 198 196 230 280 
1800 199 179 
1800 200 94 172 
1800 201 
1800 202 218 
1800 203 130 185 
1800 204 
1800 205 12 126 154 165 187 
1800 206 43 55 69 91 105 130 142 226 
1800 207 9 61 109 136 186 
1800 208 117 265 290 
1800 209 109 175 228 
1800 210 169 
1800 211 82 
1800 212 57 135 222 255 255 259 
1800 213 19 52 108 137 151 160 194 266 
1800 214 21 49 142 179 267 275 295 
1800 215 52 109 153 197 228 268 
1800 216 172 
1800 217 13 16 22 92 190 230 
1800 218 117 202 284 
1800 219 289 
1800 220 135 275 
1800 221 83 
1800 222 12 142 212 239 
1800 223 118 
1800 224 36 55 78 284 
1800 225 96 102 
1800 226 3 86 163 206 
1800 227 96 119 
1800 228 38 57 58 89 209 215 232 
1800 229 68 164 
1800 230 130 148 198 217 
1800 231 59 65 166 284 
1800 232 84 228 
1800 233 13 26 85 139 156 190 266 
1800 234 93 118 178 
1800 235 188 
1800 236 13 150 273 
1800 237 174 
1800 238 74 110 128 128 196 294 
1800 239 76 142 222 242 257 
1800 240 72 76 77 101 146 
1800 241 82 297 
1800 242 129 239 262 
1800 243 261 
1800 244 10 28 82 
1800 245 43 86 
1800 246 22 110 141 254 
1800 247 18 45 122 
1800 248 69 81 126 297 
1800 249 81 154 
1800 250 63 
1800 251 10 286 
1800 252 93 109 188 277 
1800 253 38 87 110 156 256 
1800 254 96 107 168 192 246 278 
1800 255 42 61 95 142 212 212 
1800 256 9 14 36 63 98 160 253 
1800 257 239 
1800 258 102 162 261 278 295 
1800 259 190 212 278 
1800 260 65 142 166 
1800 261 21 28 151 173 243 258 
1800 262 114 120 242 
1800 263 123 131 188 
1800 264 19 168 
1800 265 33 72 110 120 208 
1800 266 26 85 213 233 
1800 267 10 20 84 160 162 162 166 214 
1800 268 14 38 93 135 162 215 
1800 269 8 92 132 
1800 270 38 41 70 118 177 
1800 271 46 136 170 
1800 272 42 116 
1800 273 27 125 236 
1800 274 
1800 275 28 91 214 220 
1800 276 46 71 139 196 
1800 277 17 72 107 109 252 
1800 278 19 88 128 153 254 258 259 
1800 279 121 282 296 
1800 280 91 190 198 
1800 281 30 171 
1800 282 44 107 137 162 172 181 279 296 
1800 283 111 188 
1800 284 98 218 224 231 
1800 285 166 
1800 286 52 251 
1800 287 
1800 288 113 145 
1800 289 21 47 219 
1800 290 138 208 298 
1800 291 84 90 94 172 
1800 292 164 193 194 293 
1800 293 292 
1800 294 238 
1800 295 187 214 258 
1800 296 78 103 188 279 282 
1800 297 32 165 241 248 
1800 298 30 43 69 126 290 
1800 299 41 186 
0 7200 
2400 0 94 172 
2400 1 56 188 
2400 2 77 82 105 130 224 229 241 272 285 295 
2400 3 104 272 281 297 
2400 4 10 61 194 219 236 
2400 5 259 274 
2400 6 10 
2400 7 120 
2400 8 85 151 192 269 275 295 
2400 9 139 145 256 
2400 10 4 6 198 296 
2400 11 241 
2400 12 144 187 203 216 242 280 282 285 
2400 13 
2400 14 51 56 239 255 273 284 
2400 15 38 94 108 194 198 213 237 
2400 16 40 54 126 147 248 
2400 17 93 
2400 18 27 259 292 
2400 19 219 279 
2400 20 183 
2400 21 41 191 223 
2400 22 170 237 279 
2400 23 30 34 91 168 233 
2400 24 44 134 
2400 25 34 77 126 127 155 
2400 26 90 115 218 256 
2400 27 18 189 260 273 298 
2400 28 68 99 124 128 
2400 29 140 
2400 30 23 55 206 
2400 31 80 146 157 256 
2400 32 45 75 79 82 86 208 
2400 33 
2400 34 23 25 171 176 226 272 
2400 35 92 249 
2400 36 110 168 182 191 231 258 
2400 37 281 
2400 38 15 
2400 39 41 109 181 195 197 
2400 40 16 49 61 84 148 247 
2400 41 21 39 98 201 298 
2400 42 57 178 231 
2400 43 238 
2400 44 24 58 151 160 164 197 289 
2400 45 32 285 
2400 46 
2400 47 110 140 218 264 
2400 48 90 
2400 49 40 105 181 233 242 
2400 50 141 271 
2400 51 14 118 191 
2400 52 83 232 263 
2400 53 136 221 294 
2400 54 16 
2400 55 30 
2400 56 1 14 261 
2400 57 42 83 131 134 203 
2400 58 44 134 180 264 
2400 59 148 166 
2400 60 83 218 
2400 61 4 40 173 194 254 299 
2400 62 190 214 268 
2400 63 218 247 265 
2400 64 90 112 181 193 299 
2400 65 193 230 296 
2400 66 
2400 67 122 171 183 187 233 244 
2400 68 28 150 169 
2400 69 92 162 165 268 272 278 
2400 70 80 172 
2400 71 131 
2400 72 90 168 
2400 73 107 132 141 155 233 
2400 74 76 93 110 144 155 163 
2400 75 32 129 191 195 202 245 256 
2400 76 74 78 134 141 
2400 77 2 25 116 126 216 272 
2400 78 76 232 
2400 79 32 129 146 171 
2400 80 31 70 84 102 114 224 
2400 81 242 
2400 82 2 32 101 126 148 165 238 240 249 
2400 83 52 57 60 137 
2400 84 40 80 115 139 171 184 184 240 247 
2400 85 8 147 
2400 86 32 167 184 200 
2400 87 223 251 
2400 88 160 252 263 
2400 89 117 196 196 219 
2400 90 26 48 64 72 109 131 153 
2400 91 23 130 229 230 
2400 92 35 69 
2400 93 17 74 167 191 204 
2400 94 0 15 267 
2400 95 148 194 293 
2400 96 105 224 276 
2400 97 198 274 
2400 98 41 152 162 164 190 196 203 292 
2400 99 28 210 280 
2400 100 206 206 216 
2400 101 82 187 222 242 248 
2400 102 80 130 134 232 277 
2400 103 250 
2400 104 3 133 
2400 105 2 49 96 126 130 137 253 267 276 
2400 106 247 
2400 107 73 141 264 
2400 108 15 276 
2400 109 39 90 137 184 219 
2400 110 36 47 74 130 201 
2400 111 253 
2400 112 64 
2400 113 200 
2400 114 80 145 227 227 
2400 115 26 84 262 
2400 116 77 127 233 244 
2400 117 89 140 197 256 277 
2400 118 51 149 
2400 119 162 171 187 187 204 
2400 120 7 
2400 121 239 288 
2400 122 67 208 226 242 
2400 123 
2400 124 28 299 
2400 125 274 276 
2400 126 16 25 77 82 105 134 154 259 296 
2400 127 25 116 
2400 128 28 275 
2400 129 75 79 154 157 224 
2400 130 2 91 102 105 110 275 
2400 131 57 71 90 264 
2400 132 73 182 
2400 133 104 191 233 
2400 134 24 57 58 76 102 126 164 165 168 289 
2400 135 298 
2400 136 53 
2400 137 83 105 109 184 
2400 138 
2400 139 9 84 
2400 140 29 47 117 141 277 
2400 141 50 73 76 107 140 175 
2400 142 275 
2400 143 280 
2400 144 12 74 154 161 188 195 
2400 145 9 114 177 
2400 146 31 79 184 285 
2400 147 16 85 194 214 280 
2400 148 40 59 82 95 203 243 
2400 149 118 153 
2400 150 68 266 
2400 151 8 44 166 210 213 266 286 
2400 152 98 155 164 172 191 262 
2400 153 90 149 247 
2400 154 126 129 144 224 249 
2400 155 25 73 74 152 222 298 
2400 156 
2400 157 31 129 
2400 158 
2400 159 
2400 160 44 88 164 207 254 271 
2400 161 144 216 
2400 162 69 98 119 204 
2400 163 74 
2400 164 44 98 134 152 160 
2400 165 69 82 134 236 274 
2400 166 59 151 233 
2400 167 86 93 284 
2400 168 23 36 72 134 262 
2400 169 68 296 299 
2400 170 22 237 
2400 171 34 67 79 84 119 222 245 
2400 172 0 70 152 255 290 
2400 173 61 
2400 174 219 223 
2400 175 141 
2400 176 34 281 
2400 177 145 216 
2400 178 42 
2400 179 209 292 
2400 180 58 220 
2400 181 39 49 64 
2400 182 36 132 198 
2400 183 20 67 
2400 184 84 84 86 109 137 146 200 284 
2400 185 205 272 
2400 186 203 254 281 285 
2400 187 12 67 101 119 119 216 226 280 297 
2400 188 1 144 239 245 255 
2400 189 27 
2400 190 62 98 219 259 
2400 191 21 36 51 75 93 133 152 277 
2400 192 8 237 266 286 
2400 193 64 65 203 274 
2400 194 4 15 61 95 147 
2400 195 39 75 144 
2400 196 89 89 98 
2400 197 39 44 117 213 255 
2400 198 10 15 97 182 207 
2400 199 295 
2400 200 86 113 184 
2400 201 41 110 257 
2400 202 75 253 265 
2400 203 12 57 98 148 186 193 
2400 204 93 119 162 211 240 
2400 205 185 297 
2400 206 30 100 100 272 281 
2400 207 160 198 215 247 
2400 208 32 122 257 
2400 209 179 299 
2400 210 99 151 
2400 211 204 298 
2400 212 269 
2400 213 15 151 197 214 
2400 214 62 147 213 
2400 215 207 251 
2400 216 12 77 100 161 177 187 242 
2400 217 
2400 218 26 47 60 63 228 
2400 219 4 19 89 109 174 190 235 
2400 220 180 
2400 221 53 289 
2400 222 101 155 171 275 
2400 223 21 87 174 225 247 289 
2400 224 2 80 96 129 154 262 272 
2400 225 223 286 
2400 226 34 122 187 
2400 227 114 114 
2400 228 218 271 294 
2400 229 2 91 
2400 230 65 91 
2400 231 36 42 254 284 
2400 232 52 78 102 
2400 233 23 49 67 73 116 133 166 248 
2400 234 263 
2400 235 219 
2400 236 4 165 242 267 280 
2400 237 15 22 170 192 
2400 238 43 82 241 248 
2400 239 14 121 188 249 
2400 240 82 84 204 
2400 241 2 11 238 
2400 242 12 49 81 101 122 216 236 244 
2400 243 148 280 296 
2400 244 67 116 242 255 295 
2400 245 75 171 188 284 
2400 246 
2400 247 40 63 84 106 153 207 223 
2400 248 16 101 233 238 
2400 249 35 82 154 239 
2400 250 103 
2400 251 87 215 
2400 252 88 
2400 253 105 111 202 294 
2400 254 61 160 186 231 292 
2400 255 14 172 188 197 244 267 284 
2400 256 9 26 31 75 117 
2400 257 201 208 
2400 258 36 
2400 259 5 18 126 190 
2400 260 27 
2400 261 56 
2400 262 115 152 168 224 267 270 
2400 263 52 88 234 
2400 264 47 58 107 131 279 
2400 265 63 202 
2400 266 150 151 192 280 
2400 267 94 105 236 255 262 
2400 268 62 69 273 
2400 269 8 212 295 
2400 270 262 
2400 271 50 160 228 
2400 272 2 3 34 69 77 185 206 224 292 
2400 273 14 27 268 
2400 274 5 97 125 165 193 
2400 275 8 128 130 142 222 
2400 276 96 105 108 125 
2400 277 102 117 140 191 290 
2400 278 69 
2400 279 19 22 264 
2400 280 12 99 143 147 187 236 243 266 
2400 281 3 37 176 186 206 
2400 282 12 
2400 283 
2400 284 14 167 184 231 245 255 
2400 285 2 12 45 146 186 288 
2400 286 151 192 225 
2400 287 
2400 288 121 285 298 
2400 289 44 134 221 223 
2400 290 172 277 
2400 291 
2400 292 18 98 179 254 272 
2400 293 95 
2400 294 53 228 253 
2400 295 2 8 199 244 269 
2400 296 10 65 126 169 243 299 
2400 297 3 187 205 
2400 298 27 41 135 155 211 288 
2400 299 61 64 124 169 209 296 
0 7200 
3000 0 86 195 216 
3000 1 65 83 172 196 207 
3000 2 230 
3000 3 184 
3000 4 61 190 292 
3000 5 213 261 
3000 6 71 96 162 
3000 7 21 80 90 256 290 
3000 8 10 199 239 
3000 9 164 190 193 243 261 288 
3000 10 8 75 108 213 
3000 11 104 109 206 
3000 12 230 291 
3000 13 87 
3000 14 44 94 109 151 166 195 210 258 292 
3000 15 219 
3000 16 173 
3000 17 48 113 113 271 
3000 18 36 41 79 107 190 205 239 
3000 19 
3000 20 35 100 241 298 
3000 21 7 87 215 
3000 22 178 
3000 23 34 119 163 
3000 24 174 247 
3000 25 104 
3000 26 38 159 202 
3000 27 38 168 194 240 
3000 28 47 49 59 229 233 239 
3000 29 195 
3000 30 154 272 287 
3000 31 45 128 
3000 32 163 195 197 240 285 
3000 33 167 
3000 34 23 37 71 206 267 272 
3000 35 20 42 189 233 296 
3000 36 18 182 184 214 239 262 284 
3000 37 34 41 50 133 197 206 272 
3000 38 26 27 50 110 
3000 39 48 164 181 247 
3000 40 57 290 
3000 41 18 37 69 73 109 276 
3000 42 35 44 
3000 43 100 109 139 226 238 
3000 44 14 42 70 84 88 168 
3000 45 31 181 187 227 298 
3000 46 
3000 47 28 132 190 198 260 
3000 48 17 39 
3000 49 28 71 122 257 
3000 50 37 38 83 110 157 
3000 51 
3000 52 250 279 294 
3000 53 
3000 54 
3000 55 242 299 
3000 56 82 199 
3000 57 40 109 109 201 
3000 58 60 219 
3000 59 28 
3000 60 58 170 207 
3000 61 4 95 199 
3000 62 134 
3000 63 186 220 
3000 64 111 
3000 65 1 143 
3000 66 178 
3000 67 226 241 269 
3000 68 91 166 280 
3000 69 41 78 109 151 157 192 
3000 70 44 186 195 294 
3000 71 6 34 49 104 109 139 147 164 295 
3000 72 110 
3000 73 41 84 139 170 
3000 74 107 121 162 
3000 75 10 
3000 76 186 246 260 
3000 77 84 205 219 256 
3000 78 69 111 153 168 188 202 232 
3000 79 18 
3000 80 7 
3000 81 122 185 204 
3000 82 56 204 295 
3000 83 1 50 184 191 257 265 277 
3000 84 44 73 77 106 129 272 
3000 85 130 199 265 280 291 
3000 86 0 130 215 
3000 87 13 21 153 159 274 
3000 88 44 174 213 220 
3000 89 131 
3000 90 7 127 299 
3000 91 68 99 105 203 214 217 265 292 
3000 92 104 142 249 
3000 93 
3000 94 14 127 228 247 
3000 95 61 134 209 233 246 
3000 96 6 116 161 198 
3000 97 124 258 
3000 98 215 
3000 99 91 252 289 
3000 100 20 43 154 296 
3000 101 206 226 292 
3000 102 109 120 145 200 218 267 298 
3000 103 216 276 
3000 104 11 25 71 92 
3000 105 91 121 126 152 204 271 
3000 106 84 215 271 
3000 107 18 74 118 153 191 192 221 
3000 108 10 156 178 193 210 294 
3000 109 11 14 41 43 57 57 69 71 102 204 285 
3000 110 38 50 72 135 186 192 194 201 265 
3000 111 64 78 192 
3000 112 
3000 113 17 17 271 
3000 114 195 244 
3000 115 127 128 191 
3000 116 96 233 240 
3000 117 159 
3000 118 107 168 219 
3000 119 23 122 171 187 206 
3000 120 102 
3000 121 74 105 152 181 277 
3000 122 49 81 119 275 
3000 123 156 
3000 124 97 243 
3000 125 245 264 
3000 126 105 129 144 146 152 195 
3000 127 90 94 115 281 284 
3000 128 31 115 282 
3000 129 84 126 133 161 184 189 255 260 
3000 130 85 86 160 166 230 258 
3000 131 89 175 228 283 
3000 132 47 193 
3000 133 37 129 152 269 
3000 134 62 95 
3000 135 110 139 184 267 281 
3000 136 215 
3000 137 157 
3000 138 178 
3000 139 43 71 73 135 163 185 205 240 255 
3000 140 195 215 
3000 141 
3000 142 92 
3000 143 65 199 229 259 
3000 144 126 154 222 233 240 
3000 145 102 274 
3000 146 126 227 
3000 147 71 209 288 
3000 148 
3000 149 245 
3000 150 246 
3000 151 14 69 
3000 152 105 121 126 133 238 285 
3000 153 78 87 107 156 180 250 294 
3000 154 30 100 144 176 273 
3000 155 222 265 
3000 156 108 123 153 181 251 274 
3000 157 50 69 137 204 282 282 
3000 158 
3000 159 26 87 117 
3000 160 130 175 210 228 252 259 
3000 161 96 129 
3000 162 6 74 222 278 
3000 163 23 32 139 287 299 
3000 164 9 39 71 172 217 
3000 165 234 246 286 
3000 166 14 68 130 185 
3000 167 33 284 
3000 168 27 44 78 118 188 265 
3000 169 
3000 170 60 73 245 
3000 171 119 189 239 258 
3000 172 1 164 261 
3000 173 16 203 
3000 174 24 88 247 279 
3000 175 131 160 192 228 234 288 
3000 176 154 269 278 
3000 177 254 
3000 178 22 66 108 138 
3000 179 265 291 
3000 180 153 231 234 
3000 181 39 45 121 156 254 269 292 
3000 182 36 
3000 183 295 
3000 184 3 36 83 129 135 273 
3000 185 81 139 166 240 269 281 
3000 186 63 70 76 110 206 254 299 
3000 187 45 119 
3000 188 78 168 255 
3000 189 35 129 171 241 
3000 190 4 9 18 47 282 
3000 191 83 107 115 204 
3000 192 69 107 110 111 175 286 
3000 193 9 108 132 265 289 291 
3000 194 27 110 228 247 294 
3000 195 0 14 29 32 70 114 126 140 256 
3000 196 1 
3000 197 32 37 224 280 
3000 198 47 96 210 239 276 
3000 199 8 56 61 85 143 
3000 200 102 215 254 
3000 201 57 110 247 282 
3000 202 26 78 218 
3000 203 91 173 210 263 
3000 204 81 82 105 109 157 191 208 227 
3000 205 18 77 139 235 245 251 
3000 206 11 34 37 101 119 186 272 296 297 299 
3000 207 1 60 284 
3000 208 204 249 
3000 209 95 147 230 
3000 210 14 108 160 198 203 229 
3000 211 
3000 212 
3000 213 5 10 88 219 220 288 
3000 214 36 91 265 
3000 215 21 86 98 106 136 140 200 
3000 216 0 103 
3000 217 91 164 
3000 218 102 202 274 
3000 219 15 58 77 118 213 250 286 
3000 220 63 88 213 279 
3000 221 107 228 
3000 222 144 155 162 297 
3000 223 
3000 224 197 227 254 292 
3000 225 234 
3000 226 43 67 101 242 
3000 227 45 146 204 224 282 
3000 228 94 131 160 175 194 221 253 
3000 229 28 143 210 
3000 230 2 12 130 209 243 261 293 
3000 231 180 
3000 232 78 
3000 233 28 35 95 116 144 275 
3000 234 165 175 180 225 
3000 235 205 
3000 236 246 
3000 237 247 
3000 238 43 152 
3000 239 8 18 28 36 171 198 
3000 240 27 32 116 139 144 185 
3000 241 20 67 189 266 
3000 242 55 226 257 
3000 243 9 124 230 
3000 244 114 
3000 245 125 149 170 205 
3000 246 76 95 150 165 236 
3000 247 24 39 94 174 194 201 237 282 
3000 248 
3000 249 92 208 
3000 250 52 153 219 
3000 251 156 205 256 
3000 252 99 160 288 
3000 253 228 
3000 254 177 181 186 200 224 
3000 255 129 139 188 276 
3000 256 7 77 195 251 
3000 257 49 83 242 282 
3000 258 14 97 130 171 
3000 259 143 160 
3000 260 47 76 129 
3000 261 5 9 172 230 265 
3000 262 36 
3000 263 203 
3000 264 125 
3000 265 83 85 91 110 155 168 179 193 214 261 
3000 266 241 
3000 267 34 102 135 295 
3000 268 
3000 269 67 133 176 181 185 
3000 270 287 
3000 271 17 105 106 113 274 
3000 272 30 34 37 84 206 
3000 273 154 184 298 
3000 274 87 145 156 218 271 
3000 275 122 233 
3000 276 41 103 198 255 284 
3000 277 83 121 
3000 278 162 176 
3000 279 52 174 220 
3000 280 68 85 197 
3000 281 127 135 185 
3000 282 128 157 157 190 201 227 247 257 
3000 283 131 
3000 284 36 127 167 207 276 
3000 285 32 109 152 
3000 286 165 192 219 
3000 287 30 163 270 
3000 288 9 147 175 213 252 
3000 289 99 193 
3000 290 7 40 
3000 291 12 85 179 193 
3000 292 4 14 91 101 181 224 
3000 293 230 
3000 294 52 70 108 153 194 
3000 295 71 82 183 267 
3000 296 35 100 206 
3000 297 206 222 
3000 298 20 45 102 273 
3000 299 55 90 163 186 206 
0 7200 
3600 0 57 115 118 256 
3600 1 97 135 138 184 198 218 239 
3600 2 128 189 190 236 267 
3600 3 40 155 203 
3600 4 23 168 243 276 
3600 5 125 172 193 196 239 246 
3600 6 145 219 245 
3600 7 26 260 
3600 8 59 204 
3600 9 28 65 166 198 252 
3600 10 66 132 284 
3600 11 
3600 12 39 42 54 126 292 
3600 13 254 
3600 14 23 151 269 293 
3600 15 149 286 
3600 16 69 225 
3600 17 38 240 272 
3600 18 43 52 84 193 
3600 19 96 141 149 202 237 
3600 20 267 289 
3600 21 65 91 277 
3600 22 68 91 164 166 
3600 23 4 14 242 
3600 24 112 125 132 
3600 25 127 203 
3600 26 7 
3600 27 179 252 
3600 28 9 258 
3600 29 
3600 30 33 79 133 206 
3600 31 271 
3600 32 34 157 189 270 287 
3600 33 30 100 130 181 257 
3600 34 32 128 224 
3600 35 49 95 144 297 
3600 36 49 107 184 244 262 277 
3600 37 242 
3600 38 17 
3600 39 12 128 
3600 40 3 98 127 151 161 267 299 
3600 41 47 52 284 
3600 42 12 79 118 152 168 184 189 191 222 
3600 43 18 171 176 186 241 
3600 44 47 72 90 94 139 237 
3600 45 176 
3600 46 150 263 
3600 47 41 44 60 
3600 48 98 127 161 290 
3600 49 35 36 130 206 
3600 50 78 114 
3600 51 53 103 245 
3600 52 18 41 86 121 177 204 264 299 
3600 53 51 237 278 296 
3600 54 12 65 76 
3600 55 131 
3600 56 198 
3600 57 0 121 215 260 
3600 58 96 136 
3600 59 8 160 
3600 60 47 218 231 234 263 
3600 61 132 134 170 196 
3600 62 166 223 
3600 63 70 153 221 
3600 64 277 284 
3600 65 9 21 54 197 
3600 66 10 
3600 67 119 
3600 68 22 95 198 214 259 
3600 69 16 109 137 191 192 255 257 277 
3600 70 63 156 250 
3600 71 256 
3600 72 44 268 
3600 73 77 134 180 246 286 
3600 74 200 299 
3600 75 226 273 
3600 76 54 218 232 242 275 291 
3600 77 73 141 215 232 283 
3600 78 50 156 177 272 
3600 79 30 42 115 133 208 
3600 80 139 230 247 
3600 81 135 154 
3600 82 91 100 144 163 181 197 211 292 
3600 83 
3600 84 18 118 146 201 206 274 
3600 85 
3600 86 52 130 
3600 87 113 117 251 260 
3600 88 96 110 296 
3600 89 117 205 294 
3600 90 44 195 256 
3600 91 21 22 82 126 196 
3600 92 156 178 245 252 296 
3600 93 107 
3600 94 44 112 170 294 
3600 95 35 68 162 190 218 
3600 96 19 58 88 164 173 219 
3600 97 1 158 
3600 98 40 48 117 199 
3600 99 
3600 100 33 82 155 299 
3600 101 183 224 
3600 102 115 121 126 139 208 
3600 103 51 156 228 251 
3600 104 128 287 
3600 105 171 219 267 299 
3600 106 218 245 
3600 107 36 93 137 156 219 228 251 
3600 108 192 
3600 109 69 186 201 266 284 
3600 110 88 221 253 
3600 111 146 
3600 112 24 94 
3600 113 87 250 
3600 114 50 
3600 115 0 79 102 207 268 
3600 116 186 287 
3600 117 87 89 98 200 255 271 
3600 118 0 42 84 194 260 
3600 119 67 222 222 266 272 
3600 120 
3600 121 52 57 102 126 129 298 
3600 122 161 163 
3600 123 136 
3600 124 210 239 
3600 125 5 24 153 174 
3600 126 12 91 102 121 203 255 
3600 127 25 40 48 176 203 297 
3600 128 2 34 39 104 204 236 298 
3600 129 121 201 230 295 
3600 130 33 49 86 137 184 184 186 236 264 
3600 131 55 221 294 
3600 132 10 24 61 136 165 170 172 175 212 223 
3600 133 30 79 241 
3600 134 61 73 138 288 
3600 135 1 81 171 260 
3600 136 58 123 132 193 232 288 
3600 137 69 107 130 195 277 
3600 138 1 134 288 
3600 139 44 80 102 185 258 260 
3600 140 200 250 
3600 141 19 77 165 180 228 
3600 142 189 277 293 
3600 143 294 
3600 144 35 82 166 197 257 266 
3600 145 6 251 
3600 146 84 111 267 
3600 147 160 164 173 
3600 148 203 
3600 149 15 19 294 
3600 150 46 153 
3600 151 14 40 204 
3600 152 42 187 
3600 153 63 125 150 184 192 
3600 154 81 267 
3600 155 3 100 163 248 275 
3600 156 70 78 92 103 107 220 282 
3600 157 32 
3600 158 97 244 
3600 159 
3600 160 59 147 169 179 214 
3600 161 40 48 122 176 224 233 238 
3600 162 95 277 
3600 163 82 122 155 197 275 
3600 164 22 96 147 239 
3600 165 132 141 184 
3600 166 9 22 62 144 246 293 295 
3600 167 
3600 168 4 42 205 216 232 
3600 169 160 209 
3600 170 61 94 132 
3600 171 43 105 135 241 
3600 172 5 132 218 276 
3600 173 96 147 179 258 
3600 174 125 231 263 
3600 175 132 213 
3600 176 43 45 127 161 
3600 177 52 78 179 
3600 178 92 182 
3600 179 27 160 173 177 
3600 180 73 141 218 
3600 181 33 82 298 
3600 182 178 214 237 239 
3600 183 101 185 289 299 
3600 184 1 36 42 130 130 153 165 186 282 
3600 185 139 183 
3600 186 43 109 116 130 184 254 255 262 273 
3600 187 152 257 
3600 188 207 297 
3600 189 2 32 42 142 217 275 
3600 190 2 95 291 
3600 191 42 69 
3600 192 69 108 153 234 245 282 282 
3600 193 5 18 136 229 
3600 194 118 201 235 268 
3600 195 90 137 255 284 
3600 196 5 61 91 
3600 197 65 82 144 163 270 
3600 198 1 9 56 68 257 265 
3600 199 98 
3600 200 74 117 140 253 271 290 
3600 201 84 109 129 194 
3600 202 19 294 
3600 203 3 25 126 127 148 297 
3600 204 8 52 128 151 297 
3600 205 89 168 219 245 265 271 
3600 206 30 49 84 
3600 207 115 188 227 247 
3600 208 79 102 287 
3600 209 169 281 
3600 210 124 
3600 211 82 
3600 212 132 
3600 213 175 
3600 214 68 160 182 
3600 215 57 77 
3600 216 168 265 291 295 
3600 217 189 
3600 218 1 60 76 95 106 172 180 219 245 296 
3600 219 6 96 105 107 205 218 
3600 220 156 
3600 221 63 110 131 
3600 222 42 119 119 273 
3600 223 62 132 
3600 224 34 101 161 257 272 
3600 225 16 
3600 226 75 269 
3600 227 207 230 267 
3600 228 103 107 141 296 
3600 229 193 239 
3600 230 80 129 227 299 
3600 231 60 174 283 
3600 232 76 77 136 168 
3600 233 161 242 
3600 234 60 192 271 
3600 235 194 
3600 236 2 128 130 258 265 
3600 237 19 44 53 182 
3600 238 161 
3600 239 1 5 124 164 182 229 
3600 240 17 282 
3600 241 43 133 171 248 
3600 242 23 37 76 233 
3600 243 4 
3600 244 36 158 
3600 245 6 51 92 106 192 205 218 265 296 
3600 246 5 73 166 259 
3600 247 80 207 
3600 248 155 241 
3600 249 
3600 250 70 113 140 271 
3600 251 87 103 107 145 
3600 252 9 27 92 279 
3600 253 110 200 
3600 254 13 186 255 
3600 255 69 117 126 186 195 254 277 
3600 256 0 71 90 271 
3600 257 33 69 144 187 198 224 270 
3600 258 28 139 173 236 
3600 259 68 246 281 
3600 260 7 57 87 118 135 139 
3600 261 
3600 262 36 186 
3600 263 46 60 174 
3600 264 52 130 266 
3600 265 198 205 216 236 245 296 
3600 266 109 119 144 264 289 
3600 267 2 20 40 105 146 154 227 275 
3600 268 72 115 194 
3600 269 14 226 
3600 270 32 197 257 
3600 271 31 117 200 205 234 250 256 
3600 272 17 78 119 224 277 
3600 273 75 186 222 
3600 274 84 
3600 275 76 155 163 189 267 
3600 276 4 172 
3600 277 21 36 64 69 137 142 162 255 272 295 
3600 278 53 
3600 279 252 
3600 280 
3600 281 209 259 
3600 282 156 184 192 192 240 
3600 283 77 231 
3600 284 10 41 64 109 195 
3600 285 
3600 286 15 73 
3600 287 32 104 116 208 
3600 288 134 136 138 
3600 289 20 183 266 295 
3600 290 48 200 
3600 291 76 190 216 
3600 292 12 82 
3600 293 14 142 166 
3600 294 89 94 131 143 149 202 
3600 295 129 166 216 277 289 
3600 296 53 88 92 218 228 245 265 
3600 297 35 127 188 203 204 
3600 298 121 128 181 
3600 299 40 52 74 100 105 183 230 
0 7200 
4200 0 93 159 199 216 
4200 1 168 259 272 
4200 2 18 34 122 186 
4200 3 34 109 230 284 
4200 4 41 99 147 240 270 
4200 5 138 170 196 
4200 6 44 198 219 299 
4200 7 293 
4200 8 91 209 236 265 
4200 9 49 56 60 257 265 
4200 10 54 179 209 
4200 11 30 126 129 222 266 285 
4200 12 49 59 61 117 168 258 
4200 13 24 
4200 14 
4200 15 
4200 16 63 
4200 17 77 82 154 168 256 268 
4200 18 2 47 70 102 115 117 211 260 261 
4200 19 27 59 147 
4200 20 43 144 171 
4200 21 22 110 196 198 
4200 22 21 68 95 
4200 23 75 85 168 214 262 
4200 24 13 176 298 
4200 25 32 266 295 
4200 26 50 71 80 94 
4200 27 19 39 42 51 135 150 240 252 
4200 28 161 179 
4200 29 35 191 192 267 
4200 30 11 142 242 
4200 31 185 250 
4200 32 25 154 176 207 226 
4200 33 52 257 298 
4200 34 2 3 43 119 122 245 287 293 
4200 35 29 84 259 
4200 36 86 107 205 207 
4200 37 43 81 233 245 
4200 38 69 169 
4200 39 27 135 168 
4200 40 98 207 289 
4200 41 4 55 102 160 
4200 42 27 78 128 179 224 257 258 291 
4200 43 20 34 37 81 119 160 207 233 282 
4200 44 6 168 198 215 
4200 45 52 171 275 299 
4200 46 77 184 276 292 
4200 47 18 57 130 178 260 
4200 48 82 
4200 49 9 12 223 
4200 50 26 62 161 
4200 51 27 201 
4200 52 33 45 140 157 185 230 
4200 53 286 
4200 54 10 170 188 
4200 55 41 144 164 281 
4200 56 9 143 193 
4200 57 47 141 191 216 
4200 58 93 112 221 228 
4200 59 12 19 66 75 193 210 217 257 
4200 60 9 141 182 208 
4200 61 12 143 231 262 285 
4200 62 50 
4200 63 16 88 185 
4200 64 87 102 132 160 265 283 294 
4200 65 
4200 66 59 209 
4200 67 79 109 142 264 
4200 68 22 97 137 166 191 
4200 69 38 134 285 
4200 70 18 89 90 
4200 71 26 185 224 290 
4200 72 168 207 
4200 73 
4200 74 140 163 204 
4200 75 23 59 
4200 76 185 276 
4200 77 17 46 111 180 288 288 
4200 78 42 
4200 79 67 117 273 
4200 80 26 253 
4200 81 37 43 226 
4200 82 17 48 140 
4200 83 95 
4200 84 35 153 204 
4200 85 23 
4200 86 36 218 
4200 87 64 288 
4200 88 63 
4200 89 70 177 286 296 
4200 90 70 150 
4200 91 8 179 242 243 
4200 92 123 149 178 180 272 
4200 93 0 58 195 
4200 94 26 
4200 95 22 83 168 190 236 
4200 96 156 199 205 
4200 97 68 243 280 
4200 98 40 121 195 203 232 
4200 99 4 125 218 
4200 100 117 128 181 
4200 101 293 297 
4200 102 18 41 64 275 288 
4200 103 174 227 279 
4200 104 116 128 144 222 
4200 105 134 140 191 195 201 
4200 106 131 177 218 
4200 107 36 121 127 148 160 278 
4200 108 197 
4200 109 3 67 154 157 186 
4200 110 21 134 
4200 111 77 228 250 
4200 112 58 276 
4200 113 
4200 114 254 
4200 115 18 258 261 293 
4200 116 104 242 
4200 117 12 18 79 100 183 222 299 
4200 118 126 139 186 190 203 
4200 119 34 43 187 
4200 120 
4200 121 98 107 168 269 295 299 
4200 122 2 34 
4200 123 92 228 279 286 
4200 124 259 
4200 125 99 136 
4200 126 11 118 151 160 198 
4200 127 107 177 
4200 128 42 100 104 204 284 
4200 129 11 142 187 
4200 130 47 144 203 211 
4200 131 106 227 237 
4200 132 64 175 179 263 
4200 133 221 235 
4200 134 69 105 110 213 
4200 135 27 39 
4200 136 125 200 
4200 137 68 
4200 138 5 
4200 139 118 146 161 185 187 277 293 293 295 298 
4200 140 52 74 82 105 145 160 186 
4200 141 57 60 156 179 255 283 296 
4200 142 30 67 129 171 187 
4200 143 56 61 156 204 210 242 
4200 144 20 55 104 130 240 
4200 145 140 291 
4200 146 139 224 225 240 291 
4200 147 4 19 
4200 148 107 
4200 149 92 182 
4200 150 27 90 232 
4200 151 126 262 
4200 152 171 187 251 285 
4200 153 84 
4200 154 17 32 109 155 254 264 
4200 155 154 156 
4200 156 96 141 143 155 181 208 216 
4200 157 52 109 277 
4200 158 273 
4200 159 0 160 290 
4200 160 41 43 64 107 126 140 159 
4200 161 28 50 139 168 248 251 
4200 162 255 278 
4200 163 74 
4200 164 55 184 244 295 
4200 165 219 
4200 166 68 189 273 273 295 
4200 167 
4200 168 1 12 17 23 39 44 72 95 121 161 179 253 295 
4200 169 38 
4200 170 5 54 
4200 171 20 45 142 152 183 
4200 172 213 246 
4200 173 259 296 
4200 174 103 228 235 272 
4200 175 132 205 234 270 
4200 176 24 32 273 
4200 177 89 106 127 270 
4200 178 47 92 196 
4200 179 10 28 42 91 132 141 168 209 239 277 
4200 180 77 92 215 218 
4200 181 100 156 201 298 
4200 182 60 149 208 243 
4200 183 117 171 222 233 
4200 184 46 164 191 193 205 211 271 
4200 185 31 52 63 71 76 139 299 
4200 186 2 109 118 140 251 262 
4200 187 119 129 139 142 152 265 
4200 188 54 246 
4200 189 166 
4200 190 95 118 240 242 270 
4200 191 29 57 68 105 184 252 286 
4200 192 29 255 292 
4200 193 56 59 184 
4200 194 201 
4200 195 93 98 105 271 
4200 196 5 21 178 
4200 197 108 
4200 198 6 21 44 126 236 242 274 
4200 199 0 96 
4200 200 136 
4200 201 51 105 181 194 
4200 202 
4200 203 98 118 130 271 
4200 204 74 84 128 143 236 
4200 205 36 96 175 184 228 
4200 206 
4200 207 32 36 40 43 72 225 
4200 208 60 156 182 
4200 209 8 10 66 179 277 
4200 210 59 143 
4200 211 18 130 184 
4200 212 
4200 213 134 172 
4200 214 23 218 
4200 215 44 180 224 
4200 216 0 57 156 
4200 217 59 
4200 218 86 99 106 180 214 224 232 
4200 219 6 165 
4200 220 292 
4200 221 58 133 286 
4200 222 11 104 117 183 264 273 293 
4200 223 49 
4200 224 42 71 146 215 218 288 
4200 225 146 207 
4200 226 32 81 297 
4200 227 103 131 279 
4200 228 58 111 123 174 205 267 
4200 229 
4200 230 3 52 238 289 
4200 231 61 233 
4200 232 98 150 218 288 
4200 233 37 43 183 231 244 295 
4200 234 175 237 
4200 235 133 174 253 
4200 236 8 95 198 204 
4200 237 131 234 
4200 238 230 242 289 
4200 239 179 265 
4200 240 4 27 144 146 190 
4200 241 251 257 287 
4200 242 30 91 116 143 190 198 238 
4200 243 91 97 182 261 
4200 244 164 233 
4200 245 34 37 
4200 246 172 188 
4200 247 299 
4200 248 161 264 
4200 249 
4200 250 31 111 290 
4200 251 152 161 186 241 269 
4200 252 27 191 272 
4200 253 80 168 235 
4200 254 114 154 
4200 255 141 162 192 275 
4200 256 17 
4200 257 9 33 42 59 241 265 
4200 258 12 42 115 
4200 259 1 35 124 173 274 280 
4200 260 18 47 268 274 
4200 261 18 115 243 
4200 262 23 61 151 186 270 
4200 263 132 
4200 264 67 154 222 248 
4200 265 8 9 64 187 239 257 272 
4200 266 11 25 
4200 267 29 228 
4200 268 17 260 
4200 269 121 251 
4200 270 4 175 177 190 262 
4200 271 184 195 203 
4200 272 1 92 174 252 265 
4200 273 79 158 166 166 176 222 
4200 274 198 259 260 
4200 275 45 102 255 
4200 276 46 76 112 281 
4200 277 139 157 179 209 282 
4200 278 107 162 
4200 279 103 123 227 
4200 280 97 259 
4200 281 55 276 
4200 282 43 277 
4200 283 64 141 
4200 284 3 128 
4200 285 11 61 69 152 
4200 286 53 89 123 191 221 
4200 287 34 241 
4200 288 77 77 87 102 224 232 
4200 289 40 230 238 
4200 290 71 159 250 
4200 291 42 145 146 
4200 292 46 192 220 
4200 293 7 34 101 115 139 139 222 
4200 294 64 
4200 295 25 121 139 164 166 168 233 
4200 296 89 141 173 
4200 297 101 226 
4200 298 24 33 139 181 
4200 299 6 45 117 121 185 247 
0 7200 
4800 0 78 86 132 195 209 
4800 1 22 
4800 2 8 211 
4800 3 12 36 183 222 
4800 4 17 44 49 57 68 120 147 172 173 
4800 5 265 
4800 6 9 17 18 30 261 
4800 7 75 129 171 238 241 
4800 8 2 81 190 
4800 9 6 29 91 191 
4800 10 176 198 296 
4800 11 
4800 12 3 28 47 67 84 95 135 168 
4800 13 27 29 57 84 265 265 271 
4800 14 23 159 162 277 
4800 15 133 
4800 16 82 98 225 
4800 17 4 6 33 52 74 154 238 
4800 18 6 41 74 121 143 
4800 19 35 239 272 
4800 20 67 269 
4800 21 22 23 99 166 239 259 
4800 22 1 21 249 
4800 23 14 21 33 128 143 266 
4800 24 171 
4800 25 119 
4800 26 140 210 254 
4800 27 13 95 130 181 186 
4800 28 12 115 121 179 
4800 29 9 13 65 77 123 191 272 
4800 30 6 81 
4800 31 201 224 260 
4800 32 170 253 276 
4800 33 17 23 107 159 192 230 244 299 
4800 34 47 264 
4800 35 19 133 173 218 219 272 
4800 36 3 37 244 
4800 37 36 232 
4800 38 41 97 106 
4800 39 71 160 264 
4800 40 102 146 157 181 256 257 
4800 41 18 38 43 157 201 259 
4800 42 85 
4800 43 41 111 146 201 
4800 44 4 96 175 258 
4800 45 50 152 167 
4800 46 63 88 133 140 220 
4800 47 12 34 189 222 
4800 48 50 114 163 
4800 49 4 91 151 167 281 
4800 50 45 48 273 
4800 51 55 136 228 
4800 52 17 207 207 
4800 53 
4800 54 166 171 264 269 
4800 55 51 162 193 
4800 56 173 173 232 274 
4800 57 4 13 115 131 221 
4800 58 141 
4800 59 
4800 60 165 
4800 61 212 
4800 62 86 89 115 
4800 63 46 96 131 161 
4800 64 92 172 219 
4800 65 29 164 196 236 
4800 66 259 
4800 67 12 20 
4800 68 4 90 147 168 229 
4800 69 168 189 202 277 289 
4800 70 187 195 210 
4800 71 39 211 233 
4800 72 82 256 
4800 73 251 
4800 74 17 18 242 260 
4800 75 7 171 232 
4800 76 152 203 261 282 
4800 77 29 141 164 270 296 
4800 78 0 86 114 157 195 262 295 
4800 79 86 109 204 248 299 
4800 80 186 295 
4800 81 8 30 100 129 129 
4800 82 16 72 
4800 83 273 297 
4800 84 12 13 150 161 191 
4800 85 42 98 151 160 221 
4800 86 0 62 78 79 146 293 
4800 87 138 166 190 
4800 88 46 194 286 296 
4800 89 62 133 
4800 90 68 137 182 281 
4800 91 9 49 126 
4800 92 64 131 156 269 
4800 93 
4800 94 140 254 290 
4800 95 12 27 134 217 272 
4800 96 44 63 228 
4800 97 38 164 246 259 
4800 98 16 85 114 130 135 146 148 224 282 
4800 99 21 259 
4800 100 81 
4800 101 122 171 
4800 102 40 216 
4800 103 149 
4800 104 
4800 105 140 155 215 235 
4800 106 38 123 
4800 107 33 127 141 175 224 270 
4800 108 115 154 264 
4800 109 79 232 262 
4800 110 231 295 
4800 111 43 205 235 
4800 112 139 213 
4800 113 160 195 
4800 114 48 78 98 155 183 242 
4800 115 28 57 62 108 186 262 
4800 116 119 257 
4800 117 188 232 246 
4800 118 186 253 
4800 119 25 116 151 262 
4800 120 4 
4800 121 18 28 145 146 256 293 
4800 122 101 273 
4800 123 29 106 173 
4800 124 126 
4800 125 193 234 
4800 126 91 124 
4800 127 107 159 231 268 
4800 128 23 151 155 162 
4800 129 7 81 81 238 
4800 130 27 98 151 166 276 
4800 131 57 63 92 270 
4800 132 0 
4800 133 15 35 46 89 178 
4800 134 95 217 280 
4800 135 12 98 159 190 257 273 
4800 136 51 193 
4800 137 90 193 
4800 138 87 164 165 
4800 139 112 175 
4800 140 26 46 94 105 150 163 177 
4800 141 58 77 107 164 168 177 181 296 
4800 142 194 
4800 143 18 23 156 158 164 212 217 218 245 
4800 144 190 190 267 293 
4800 145 121 186 225 240 254 274 
4800 146 40 43 86 98 121 260 
4800 147 4 68 158 
4800 148 98 250 
4800 149 103 279 
4800 150 84 140 151 177 207 254 260 267 274 299 
4800 151 49 85 119 128 130 150 
4800 152 45 76 204 224 
4800 153 156 
4800 154 17 108 
4800 155 105 114 128 190 192 260 
4800 156 92 143 153 194 197 200 
4800 157 40 41 78 269 
4800 158 143 147 246 280 
4800 159 14 33 127 135 179 265 
4800 160 39 85 113 295 299 
4800 161 63 84 254 
4800 162 14 55 128 186 
4800 163 48 140 210 260 276 
4800 164 65 77 97 138 141 143 270 
4800 165 60 138 237 
4800 166 21 54 87 130 177 202 
4800 167 45 49 179 203 245 
4800 168 12 68 69 141 276 
4800 169 243 
4800 170 32 197 
4800 171 7 24 54 75 101 
4800 172 4 64 234 261 
4800 173 4 35 56 56 123 272 
4800 174 278 296 
4800 175 44 107 139 
4800 176 10 218 259 
4800 177 140 141 150 166 225 295 298 
4800 178 133 281 
4800 179 28 159 167 233 
4800 180 
4800 181 27 40 141 186 
4800 182 90 200 
4800 183 3 114 264 287 
4800 184 292 
4800 185 230 276 290 
4800 186 27 80 115 118 145 162 181 205 262 295 
4800 187 70 260 
4800 188 117 246 
4800 189 47 69 273 284 293 
4800 190 8 87 135 144 144 155 198 216 259 
4800 191 9 29 84 208 216 
4800 192 33 155 297 
4800 193 55 125 136 137 255 
4800 194 88 142 156 215 271 
4800 195 0 70 78 113 
4800 196 65 
4800 197 156 170 
4800 198 10 190 
4800 199 232 245 291 
4800 200 156 182 213 
4800 201 31 41 43 247 269 274 290 
4800 202 69 166 223 223 
4800 203 76 167 295 298 299 
4800 204 79 152 297 
4800 205 111 186 277 
4800 206 250 271 
4800 207 52 52 150 
4800 208 191 
4800 209 0 
4800 210 26 70 163 
4800 211 2 71 
4800 212 61 143 229 243 
4800 213 112 200 
4800 214 277 
4800 215 105 194 
4800 216 102 190 191 227 
4800 217 95 134 143 
4800 218 35 143 176 261 276 
4800 219 35 64 220 258 
4800 220 46 219 
4800 221 57 85 257 264 295 
4800 222 3 47 
4800 223 202 202 
4800 224 31 98 107 152 240 
4800 225 16 145 177 268 
4800 226 
4800 227 216 253 278 
4800 228 51 96 234 283 
4800 229 68 212 243 261 
4800 230 33 185 264 
4800 231 110 127 
4800 232 37 56 75 109 117 199 259 285 
4800 233 71 179 245 264 
4800 234 125 172 228 
4800 235 105 111 
4800 236 65 273 277 284 
4800 237 165 263 
4800 238 7 17 129 284 
4800 239 19 21 
4800 240 145 224 
4800 241 7 284 298 
4800 242 74 114 
4800 243 169 212 229 
4800 244 33 36 
4800 245 143 167 199 233 
4800 246 97 117 158 188 
4800 247 201 290 
4800 248 79 
4800 249 22 
4800 250 148 206 
4800 251 73 
4800 252 281 
4800 253 32 118 227 
4800 254 26 94 145 150 161 
4800 255 193 265 
4800 256 40 72 121 290 
4800 257 40 116 135 221 
4800 258 44 219 
4800 259 21 41 66 97 99 176 190 232 
4800 260 31 74 146 150 155 163 187 282 
4800 261 6 76 172 218 229 
4800 262 78 109 115 119 186 295 
4800 263 237 
4800 264 34 39 54 108 183 221 230 233 277 282 
4800 265 5 13 13 159 255 
4800 266 23 297 
4800 267 144 150 
4800 268 127 225 
4800 269 20 54 92 157 201 
4800 270 77 107 131 164 
4800 271 13 194 206 
4800 272 19 29 35 95 173 
4800 273 50 83 122 135 189 236 285 
4800 274 56 145 150 201 
4800 275 
4800 276 32 130 163 168 185 218 
4800 277 14 69 205 214 236 264 
4800 278 174 227 
4800 279 149 296 
4800 280 134 158 
4800 281 49 90 178 252 
4800 282 76 98 260 264 
4800 283 228 
4800 284 189 236 238 241 
4800 285 232 273 
4800 286 88 
4800 287 183 
4800 288 
4800 289 69 
4800 290 94 185 201 247 256 
4800 291 199 297 
4800 292 184 
4800 293 86 121 144 189 
4800 294 
4800 295 78 80 110 160 177 186 203 221 262 
4800 296 10 77 88 141 174 279 
4800 297 83 192 204 266 291 
4800 298 177 203 241 
4800 299 33 79 150 160 203 
0 7200 
5400 0 87 160 160 205 
5400 1 13 69 85 110 156 239 274 
5400 2 164 189 222 
5400 3 79 120 
5400 4 97 110 218 
5400 5 9 124 138 249 259 
5400 6 27 74 186 203 211 219 295 
5400 7 78 158 189 191 284 
5400 8 284 
5400 9 5 24 117 124 126 126 
5400 10 
5400 11 215 285 
5400 12 29 33 84 96 179 190 260 
5400 13 1 29 57 84 137 
5400 14 37 241 
5400 15 
5400 16 82 166 
5400 17 116 249 262 
5400 18 43 92 107 150 
5400 19 89 173 213 
5400 20 
5400 21 23 117 153 176 
5400 22 
5400 23 21 158 217 233 280 
5400 24 9 73 89 281 
5400 25 274 
5400 26 160 195 
5400 27 6 68 165 247 
5400 28 80 164 194 216 
5400 29 12 13 138 218 
5400 30 39 131 193 
5400 31 260 
5400 32 41 89 107 136 139 263 270 286 
5400 33 12 166 246 295 
5400 34 45 199 210 211 221 262 
5400 35 296 
5400 36 83 
5400 37 14 54 67 114 152 155 240 245 
5400 38 54 62 74 84 91 130 198 255 274 
5400 39 30 218 297 
5400 40 78 79 160 181 210 240 290 
5400 41 32 76 107 218 
5400 42 57 142 
5400 43 18 146 202 
5400 44 
5400 45 34 74 82 151 171 
5400 46 140 174 220 
5400 47 81 
5400 48 87 148 157 195 211 221 
5400 49 167 190 274 
5400 50 83 84 237 290 
5400 51 131 282 
5400 52 84 115 135 240 
5400 53 105 139 
5400 54 37 38 98 128 260 
5400 55 110 
5400 56 90 189 
5400 57 13 42 109 112 118 157 195 199 211 
5400 58 205 
5400 59 76 130 180 
5400 60 200 
5400 61 
5400 62 38 77 221 225 256 269 
5400 63 84 199 
5400 64 
5400 65 
5400 66 236 247 
5400 67 37 192 
5400 68 27 168 
5400 69 1 152 189 236 273 
5400 70 74 86 108 155 191 204 275 277 299 
5400 71 101 222 
5400 72 
5400 73 24 138 156 217 280 
5400 74 6 38 45 70 198 231 
5400 75 119 144 241 
5400 76 41 59 110 165 205 
5400 77 62 89 137 150 172 200 219 281 294 
5400 78 7 40 91 159 222 299 
5400 79 3 40 145 179 183 246 
5400 80 28 166 194 224 
5400 81 47 129 135 167 171 187 287 
5400 82 16 45 
5400 83 36 50 127 
5400 84 12 13 38 50 52 63 98 191 218 293 
5400 85 1 86 97 273 
5400 86 70 85 109 132 161 180 190 190 199 225 299 
5400 87 0 48 
5400 88 110 263 
5400 89 19 24 32 77 106 214 
5400 90 56 99 106 153 
5400 91 38 78 126 128 249 
5400 92 18 136 184 
5400 93 177 253 275 286 
5400 94 254 
5400 95 106 147 169 239 
5400 96 12 117 288 
5400 97 4 85 107 186 195 204 211 274 
5400 98 54 84 150 163 215 
5400 99 90 188 
5400 100 103 227 292 
5400 101 71 167 244 274 288 
5400 102 129 
5400 103 100 149 194 
5400 104 
5400 105 53 130 166 260 278 
5400 106 89 90 95 176 
5400 107 18 32 41 97 109 132 179 
5400 108 70 118 190 198 
5400 109 57 86 107 190 192 209 248 274 
5400 110 1 4 55 76 88 126 149 255 271 272 
5400 111 234 268 
5400 112 57 113 186 231 262 298 
5400 113 112 140 
5400 114 37 116 199 219 233 238 264 277 
5400 115 52 185 211 290 
5400 116 17 114 192 230 287 
5400 117 9 21 96 126 
5400 118 57 108 155 249 
5400 119 75 244 
5400 120 3 171 191 204 222 
5400 121 135 182 
5400 122 148 
5400 123 
5400 124 5 9 
5400 125 265 
5400 126 9 9 91 110 117 281 
5400 127 83 152 160 233 
5400 128 54 91 181 262 264 
5400 129 81 102 155 
5400 130 38 59 105 193 246 
5400 131 30 51 174 283 
5400 132 86 107 254 270 
5400 133 218 
5400 134 155 
5400 135 52 81 121 164 230 
5400 136 32 92 153 
5400 137 13 77 170 193 
5400 138 5 29 73 280 
5400 139 32 53 294 
5400 140 46 113 256 
5400 141 193 227 
5400 142 42 166 
5400 143 171 223 240 247 
5400 144 75 198 288 
5400 145 79 152 186 192 230 
5400 146 43 182 190 207 
5400 147 95 162 
5400 148 48 122 242 270 
5400 149 103 110 271 
5400 150 18 77 98 296 
5400 151 45 180 248 
5400 152 37 69 127 145 202 269 
5400 153 21 90 136 176 259 
5400 154 257 
5400 155 37 70 118 129 134 
5400 156 1 73 164 291 
5400 157 48 57 190 211 
5400 158 7 23 
5400 159 78 238 
5400 160 0 0 26 40 127 207 211 264 
5400 161 86 
5400 162 147 
5400 163 98 195 201 282 285 
5400 164 2 28 135 156 282 
5400 165 27 76 
5400 166 16 33 80 105 142 194 268 282 299 
5400 167 49 81 101 
5400 168 68 199 247 
5400 169 95 
5400 170 137 
5400 171 45 81 120 143 260 269 
5400 172 77 291 
5400 173 19 259 
5400 174 46 131 286 
5400 175 200 
5400 176 21 106 153 
5400 177 93 240 
5400 178 208 
5400 179 12 79 107 244 
5400 180 59 86 151 191 231 233 
5400 181 40 128 189 257 276 
5400 182 121 146 219 242 260 
5400 183 79 
5400 184 92 279 294 
5400 185 115 
5400 186 6 97 112 145 205 
5400 187 81 
5400 188 99 218 
5400 189 2 7 56 69 181 212 
5400 190 12 49 86 86 108 109 146 157 265 299 
5400 191 7 70 84 120 180 
5400 192 67 109 116 145 233 
5400 193 30 130 137 141 240 255 261 
5400 194 28 80 103 166 
5400 195 26 48 57 97 163 224 276 
5400 196 239 272 
5400 197 
5400 198 38 74 108 144 233 257 
5400 199 34 57 63 86 114 168 
5400 200 60 77 175 297 
5400 201 163 205 242 
5400 202 43 152 269 
5400 203 6 230 
5400 204 70 97 120 267 
5400 205 0 58 76 186 201 
5400 206 
5400 207 146 160 238 
5400 208 178 
5400 209 109 289 
5400 210 34 40 260 
5400 211 6 34 48 57 97 115 157 160 293 293 
5400 212 189 
5400 213 19 286 
5400 214 89 281 
5400 215 11 98 
5400 216 28 271 286 
5400 217 23 73 
5400 218 4 29 39 41 84 133 188 255 274 
5400 219 6 77 114 182 273 
5400 220 46 252 
5400 221 34 48 62 242 275 
5400 222 2 71 78 120 266 
5400 223 143 265 
5400 224 80 195 
5400 225 62 86 
5400 226 269 
5400 227 100 141 271 
5400 228 235 281 
5400 229 
5400 230 116 135 145 203 269 
5400 231 74 112 180 264 
5400 232 
5400 233 23 114 127 180 192 198 
5400 234 111 235 
5400 235 228 234 258 294 
5400 236 66 69 
5400 237 50 
5400 238 114 159 207 
5400 239 1 95 196 
5400 240 37 40 52 143 177 193 
5400 241 14 75 
5400 242 148 182 201 221 250 
5400 243 
5400 244 101 119 179 265 
5400 245 37 
5400 246 33 79 130 
5400 247 27 66 143 168 
5400 248 109 151 
5400 249 5 17 91 118 
5400 250 242 256 
5400 251 297 
5400 252 220 
5400 253 93 270 
5400 254 94 132 275 
5400 255 38 110 193 218 260 270 277 
5400 256 62 140 250 
5400 257 154 181 198 
5400 258 235 
5400 259 5 153 173 
5400 260 12 31 54 105 171 182 210 255 
5400 261 193 272 
5400 262 17 34 112 128 
5400 263 32 88 
5400 264 114 128 160 231 269 
5400 265 125 190 223 244 277 
5400 266 222 
5400 267 204 277 
5400 268 111 166 
5400 269 62 152 171 202 226 230 264 
5400 270 32 132 148 253 255 
5400 271 110 149 216 227 
5400 272 110 196 261 281 296 
5400 273 69 85 219 284 
5400 274 1 25 38 49 97 101 109 218 
5400 275 70 93 221 254 
5400 276 181 195 
5400 277 70 114 255 265 267 280 
5400 278 105 286 
5400 279 184 
5400 280 23 73 138 277 
5400 281 24 77 126 214 228 272 
5400 282 51 163 164 166 
5400 283 131 
5400 284 7 8 273 293 
5400 285 11 163 
5400 286 32 93 174 213 216 278 
5400 287 81 116 
5400 288 96 101 144 
5400 289 209 
5400 290 40 50 115 
5400 291 156 172 
5400 292 100 
5400 293 84 211 211 284 
5400 294 77 139 184 235 
5400 295 6 33 
5400 296 35 150 272 
5400 297 39 200 251 
5400 298 112 
5400 299 70 78 86 166 190 
0 7200 
6000 0 221 
6000 1 41 65 155 193 
6000 2 101 120 192 198 
6000 3 
6000 4 61 65 106 165 236 246 263 286 
6000 5 197 239 
6000 6 15 123 165 
6000 7 33 91 287 
6000 8 246 
6000 9 27 72 73 
6000 10 29 153 282 
6000 11 84 
6000 12 196 198 
6000 13 32 115 139 166 271 
6000 14 81 116 236 
6000 15 6 30 46 78 
6000 16 206 
6000 17 167 213 263 295 
6000 18 154 224 227 234 
6000 19 21 162 
6000 20 
6000 21 19 176 181 
6000 22 75 130 229 281 
6000 23 69 168 230 
6000 24 51 95 
6000 25 67 231 
6000 26 
6000 27 9 30 153 240 245 251 276 
6000 28 34 107 164 
6000 29 10 73 77 110 114 259 
6000 30 15 27 118 258 
6000 31 112 
6000 32 13 271 282 296 
6000 33 7 192 204 257 
6000 34 28 112 168 223 270 
6000 35 111 227 271 
6000 36 101 119 211 223 231 
6000 37 85 144 167 186 192 218 222 269 
6000 38 129 144 168 199 284 
6000 39 
6000 40 87 127 260 
6000 41 1 293 
6000 42 166 270 296 
6000 43 140 207 237 250 
6000 44 141 172 
6000 45 144 240 
6000 46 15 136 
6000 47 79 101 138 152 192 204 263 263 
6000 48 148 158 186 
6000 49 68 73 162 171 178 
6000 50 57 67 84 109 158 177 225 270 
6000 51 24 228 249 276 
6000 52 62 70 182 242 
6000 53 103 294 
6000 54 189 266 
6000 55 194 232 
6000 56 90 135 169 178 197 
6000 57 50 74 150 264 285 
6000 58 84 146 
6000 59 70 113 157 183 221 
6000 60 75 165 
6000 61 4 232 253 277 
6000 62 52 
6000 63 133 180 242 
6000 64 92 107 118 
6000 65 1 4 239 263 
6000 66 176 214 236 236 253 
6000 67 25 50 226 269 295 
6000 68 49 236 
6000 69 23 189 
6000 70 52 59 74 85 180 205 
6000 71 81 108 191 
6000 72 9 95 99 134 159 
6000 73 9 29 49 199 218 239 259 
6000 74 57 70 86 148 154 298 
6000 75 22 60 
6000 76 134 143 159 205 270 
6000 77 29 85 95 143 
6000 78 15 174 
6000 79 47 85 112 143 223 246 
6000 80 86 129 240 255 262 264 
6000 81 14 71 119 122 144 213 
6000 82 
6000 83 96 120 167 219 
6000 84 11 50 58 164 166 
6000 85 37 70 77 79 163 265 
6000 86 74 80 129 141 155 198 
6000 87 40 108 
6000 88 194 282 
6000 89 100 175 
6000 90 56 123 135 188 243 
6000 91 7 116 249 
6000 92 64 228 258 
6000 93 161 
6000 94 
6000 95 24 72 77 123 204 
6000 96 83 117 143 151 179 187 236 246 
6000 97 98 273 
6000 98 97 180 275 276 
6000 99 72 
6000 100 89 135 162 296 
6000 101 2 36 47 144 186 
6000 102 105 114 190 205 256 
6000 103 53 111 111 142 177 
6000 104 151 218 
6000 105 102 
6000 106 4 253 291 
6000 107 28 64 125 186 202 204 260 
6000 108 71 87 157 199 231 
6000 109 50 
6000 110 29 175 253 
6000 111 35 103 103 
6000 112 31 34 79 144 238 260 
6000 113 59 171 189 213 
6000 114 29 102 242 283 
6000 115 13 276 
6000 116 14 91 151 191 219 
6000 117 96 162 
6000 118 30 64 225 
6000 119 36 81 
6000 120 2 83 248 274 
6000 121 262 289 293 
6000 122 81 
6000 123 6 90 95 243 296 
6000 124 281 
6000 125 107 196 232 260 
6000 126 
6000 127 40 233 285 
6000 128 211 263 266 274 289 
6000 129 38 80 86 154 
6000 130 22 164 233 262 
6000 131 133 148 
6000 132 154 202 
6000 133 63 131 156 
6000 134 72 76 143 188 270 
6000 135 56 90 100 230 
6000 136 46 208 228 
6000 137 241 
6000 138 47 143 152 183 288 299 
6000 139 13 
6000 140 43 205 206 299 
6000 141 44 86 150 
6000 142 103 154 156 166 224 
6000 143 76 77 79 96 134 138 193 218 249 255 281 
6000 144 37 38 45 81 101 112 238 
6000 145 185 
6000 146 58 221 242 
6000 147 164 254 
6000 148 48 74 131 182 
6000 149 
6000 150 57 141 156 177 220 258 283 
6000 151 96 104 116 257 
6000 152 47 138 213 226 
6000 153 10 27 
6000 154 18 74 129 132 142 
6000 155 1 86 277 
6000 156 133 142 150 291 
6000 157 59 108 186 
6000 158 48 50 260 
6000 159 72 76 232 272 
6000 160 177 
6000 161 93 
6000 162 19 49 100 117 280 
6000 163 85 
6000 164 28 84 130 147 
6000 165 4 6 60 181 214 230 
6000 166 13 42 84 142 185 210 225 
6000 167 17 37 83 190 247 274 284 
6000 168 23 34 38 195 199 251 
6000 169 56 253 
6000 170 
6000 171 49 113 
6000 172 44 200 271 
6000 173 272 
6000 174 78 205 
6000 175 89 110 205 279 
6000 176 21 66 178 230 243 
6000 177 50 103 150 160 
6000 178 49 56 176 200 
6000 179 96 193 213 265 
6000 180 63 70 98 221 224 290 
6000 181 21 165 
6000 182 52 148 191 262 
6000 183 59 138 198 218 266 299 
6000 184 282 
6000 185 145 166 
6000 186 37 48 101 107 157 213 225 
6000 187 96 189 233 277 
6000 188 90 134 193 214 249 
6000 189 54 69 113 187 
6000 190 102 167 249 
6000 191 71 116 182 203 
6000 192 2 33 37 47 198 219 223 
6000 193 1 143 179 188 277 280 
6000 194 55 88 
6000 195 168 255 
6000 196 12 125 224 
6000 197 5 56 
6000 198 2 12 86 183 192 219 
6000 199 38 73 108 168 
6000 200 172 178 
6000 201 299 
6000 202 107 132 262 
6000 203 191 298 
6000 204 33 47 95 107 269 298 
6000 205 70 76 102 140 174 175 245 251 
6000 206 16 140 
6000 207 43 
6000 208 136 251 
6000 209 
6000 210 166 
6000 211 36 128 269 
6000 212 293 
6000 213 17 81 113 152 179 186 
6000 214 66 165 188 281 
6000 215 234 
6000 216 255 
6000 217 
6000 218 37 73 104 143 183 269 
6000 219 83 116 192 198 273 
6000 220 150 258 
6000 221 0 59 146 180 285 
6000 222 37 
6000 223 34 36 79 192 274 
6000 224 18 142 180 196 225 295 
6000 225 50 118 166 186 224 275 
6000 226 67 152 238 299 
6000 227 18 35 235 283 
6000 228 51 92 136 
6000 229 22 
6000 230 23 135 165 176 
6000 231 25 36 108 285 
6000 232 55 61 125 159 269 
6000 233 127 130 187 263 299 
6000 234 18 215 
6000 235 227 
6000 236 4 14 66 66 68 96 263 
6000 237 43 
6000 238 112 144 226 263 
6000 239 5 65 73 
6000 240 27 45 80 
6000 241 137 292 
6000 242 52 63 114 146 256 
6000 243 90 123 176 259 
6000 244 
6000 245 27 205 291 
6000 246 4 8 79 96 277 
6000 247 167 285 293 
6000 248 120 
6000 249 51 91 143 188 190 267 268 295 
6000 250 43 
6000 251 27 168 205 208 
6000 252 
6000 253 61 66 106 110 169 
6000 254 147 
6000 255 80 143 195 216 
6000 256 102 242 
6000 257 33 151 
6000 258 30 92 150 220 
6000 259 29 73 243 
6000 260 40 107 112 125 158 263 269 299 
6000 261 
6000 262 80 121 130 182 202 
6000 263 4 17 47 47 65 128 233 236 238 260 274 
6000 264 57 80 
6000 265 85 179 296 
6000 266 54 128 183 
6000 267 249 294 
6000 268 249 
6000 269 37 67 204 211 218 232 260 
6000 270 34 42 50 76 134 
6000 271 13 32 35 172 
6000 272 159 173 
6000 273 97 219 
6000 274 120 128 167 223 263 293 
6000 275 98 225 
6000 276 27 51 98 115 
6000 277 61 155 187 193 246 280 286 
6000 278 
6000 279 175 
6000 280 162 193 277 
6000 281 22 124 143 214 
6000 282 10 32 88 184 286 
6000 283 114 150 227 296 
6000 284 38 167 
6000 285 57 127 221 231 247 
6000 286 4 277 282 
6000 287 7 289 
6000 288 138 
6000 289 121 128 287 
6000 290 180 299 
6000 291 106 156 245 
6000 292 241 
6000 293 41 121 212 247 274 
6000 294 53 267 
6000 295 17 67 224 249 
6000 296 32 42 100 123 265 283 
6000 297 
6000 298 74 203 204 
6000 299 138 140 183 201 226 233 260 290 
0 7200 
6600 0 
6600 1 21 31 35 68 106 159 178 
6600 2 71 117 298 
6600 3 113 226 289 
6600 4 5 89 236 261 286 
6600 5 4 
6600 6 58 132 190 199 234 255 
6600 7 36 129 279 298 
6600 8 198 213 231 289 298 
6600 9 19 58 69 110 159 
6600 10 
6600 11 115 174 228 
6600 12 15 16 179 246 260 
6600 13 50 98 237 269 
6600 14 164 225 229 232 
6600 15 12 27 58 107 114 118 140 216 
6600 16 12 125 298 
6600 17 146 163 291 
6600 18 131 177 193 
6600 19 9 119 163 171 180 291 
6600 20 143 158 182 
6600 21 1 69 110 137 179 
6600 22 135 171 
6600 23 29 109 179 192 277 
6600 24 281 282 
6600 25 230 277 
6600 26 87 217 
6600 27 15 91 137 155 190 196 198 204 
6600 28 30 73 74 76 89 146 192 218 289 
6600 29 23 39 110 136 214 
6600 30 28 63 168 196 297 
6600 31 1 
6600 32 111 149 177 
6600 33 223 
6600 34 45 48 52 57 155 200 209 
6600 35 1 130 164 176 
6600 36 7 
6600 37 157 291 295 
6600 38 121 127 230 246 260 277 
6600 39 29 42 109 
6600 40 48 151 160 201 277 
6600 41 57 112 
6600 42 39 88 149 
6600 43 144 157 179 194 240 247 291 
6600 44 
6600 45 34 83 146 260 293 
6600 46 195 216 
6600 47 134 
6600 48 34 40 62 74 86 
6600 49 123 
6600 50 13 55 70 242 280 
6600 51 114 194 268 278 
6600 52 34 85 185 211 
6600 53 54 56 96 189 206 
6600 54 53 112 274 
6600 55 50 151 221 256 257 
6600 56 53 91 138 162 
6600 57 34 41 152 179 202 289 
6600 58 6 9 15 156 185 228 287 296 
6600 59 126 
6600 60 251 283 
6600 61 138 279 
6600 62 48 82 86 93 100 211 240 
6600 63 30 118 169 185 
6600 64 92 98 105 201 270 
6600 65 73 243 255 
6600 66 103 165 253 
6600 67 85 127 
6600 68 1 
6600 69 9 21 129 179 192 206 263 281 
6600 70 50 141 163 185 210 
6600 71 2 204 285 
6600 72 171 197 236 
6600 73 28 65 203 255 
6600 74 28 48 183 223 
6600 75 103 155 211 236 
6600 76 28 152 198 247 284 
6600 77 172 203 219 
6600 78 175 193 
6600 79 144 231 238 
6600 80 97 200 207 275 290 
6600 81 189 
6600 82 62 
6600 83 45 189 295 
6600 84 146 177 200 207 215 227 
6600 85 52 67 100 128 198 269 
6600 86 48 62 143 150 216 
6600 87 26 146 160 200 201 270 
6600 88 42 92 
6600 89 4 28 95 147 177 287 
6600 90 135 282 
6600 91 27 56 192 212 
6600 92 64 88 149 196 205 
6600 93 62 160 194 265 
6600 94 132 
6600 95 89 122 165 254 
6600 96 53 
6600 97 80 141 185 218 269 
6600 98 13 64 144 240 261 
6600 99 253 287 
6600 100 62 85 101 138 221 260 260 
6600 101 100 
6600 102 112 114 150 242 291 295 
6600 103 66 75 164 203 282 
6600 104 
6600 105 64 118 142 160 168 175 219 249 283 
6600 106 1 214 
6600 107 15 168 286 
6600 108 127 218 221 289 
6600 109 23 39 
6600 110 9 21 29 203 228 234 268 
6600 111 32 228 235 297 
6600 112 41 54 102 
6600 113 3 
6600 114 15 51 102 166 199 
6600 115 11 130 170 251 
6600 116 223 230 248 
6600 117 2 130 179 259 263 
6600 118 15 63 105 142 267 
6600 119 19 231 
6600 120 
6600 121 38 125 187 266 
6600 122 95 153 170 176 
6600 123 49 
6600 124 
6600 125 16 121 130 151 204 
6600 126 59 
6600 127 38 67 108 186 
6600 128 85 257 
6600 129 7 69 179 199 204 274 293 
6600 130 35 115 117 125 187 204 211 218 224 291 
6600 131 18 220 
6600 132 6 94 193 216 241 256 
6600 133 271 
6600 134 47 146 167 218 260 
6600 135 22 90 147 147 176 243 
6600 136 29 
6600 137 21 27 281 
6600 138 56 61 100 159 247 
6600 139 
6600 140 15 195 247 265 267 297 
6600 141 70 97 216 220 281 287 291 
6600 142 105 118 148 278 
6600 143 20 86 150 278 280 
6600 144 43 79 98 189 
6600 145 207 
6600 146 17 28 45 84 87 134 148 185 209 
6600 147 89 135 135 232 
6600 148 142 146 157 169 199 217 265 
6600 149 32 42 92 234 
6600 150 86 102 143 
6600 151 40 55 125 163 
6600 152 57 76 
6600 153 122 176 284 287 
6600 154 265 
6600 155 27 34 75 
6600 156 58 193 220 247 
6600 157 37 43 148 210 210 262 
6600 158 20 195 199 299 
6600 159 1 9 138 181 197 
6600 160 40 87 93 105 163 178 207 
6600 161 202 
6600 162 56 243 
6600 163 17 19 70 151 160 272 293 
6600 164 14 35 103 168 171 189 
6600 165 66 95 239 
6600 166 114 234 
6600 167 134 231 274 
6600 168 30 105 107 164 234 
6600 169 63 148 
6600 170 115 122 203 
6600 171 19 22 72 164 259 
6600 172 77 188 205 234 
6600 173 249 
6600 174 11 271 283 
6600 175 78 105 205 
6600 176 35 122 135 153 
6600 177 18 32 84 89 221 261 271 274 274 277 
6600 178 1 160 
6600 179 12 21 23 43 57 69 117 129 
6600 180 19 189 
6600 181 159 
6600 182 20 201 257 262 
6600 183 74 
6600 184 271 283 
6600 185 52 58 63 70 97 146 247 264 
6600 186 127 218 242 
6600 187 121 130 246 
6600 188 172 206 284 
6600 189 53 81 83 144 164 180 191 211 289 
6600 190 6 27 
6600 191 189 207 222 248 
6600 192 23 28 69 91 238 245 
6600 193 18 78 132 156 
6600 194 43 51 93 225 256 
6600 195 46 140 158 237 267 
6600 196 27 30 92 220 235 258 261 
6600 197 72 159 245 
6600 198 8 27 76 85 260 
6600 199 6 114 129 148 158 
6600 200 34 80 84 87 202 276 
6600 201 40 64 87 182 250 280 
6600 202 57 161 200 223 
6600 203 73 77 103 110 170 
6600 204 27 71 125 129 130 211 213 225 284 
6600 205 92 172 175 291 
6600 206 53 69 188 248 253 255 273 284 
6600 207 80 84 145 160 191 241 289 
6600 208 
6600 209 34 146 
6600 210 70 157 157 
6600 211 52 62 75 130 189 204 257 
6600 212 91 284 
6600 213 8 204 257 
6600 214 29 106 245 253 285 291 
6600 215 84 251 283 
6600 216 15 46 86 132 141 265 291 
6600 217 26 148 272 
6600 218 28 97 108 130 134 186 253 
6600 219 77 105 
6600 220 131 141 156 196 228 
6600 221 55 100 108 177 265 289 
6600 222 191 232 
6600 223 33 74 116 202 
6600 224 130 265 
6600 225 14 194 204 249 
6600 226 3 233 
6600 227 84 267 
6600 228 11 58 110 111 220 234 281 
6600 229 14 279 
6600 230 25 38 116 
6600 231 8 79 119 167 
6600 232 14 147 222 253 279 
6600 233 226 238 298 
6600 234 6 110 149 166 168 172 228 
6600 235 111 196 251 
6600 236 4 72 75 245 246 
6600 237 13 195 
6600 238 79 192 233 
6600 239 165 
6600 240 43 62 98 247 256 270 
6600 241 132 207 
6600 242 50 102 186 295 
6600 243 65 135 162 
6600 244 260 293 
6600 245 192 197 214 236 
6600 246 12 38 187 236 274 289 
6600 247 43 76 138 140 156 185 240 259 
6600 248 116 191 206 
6600 249 105 173 225 
6600 250 201 
6600 251 60 115 215 235 
6600 252 
6600 253 66 99 206 214 218 232 287 
6600 254 95 
6600 255 6 65 73 206 
6600 256 55 132 194 240 
6600 257 55 128 182 211 213 
6600 258 196 
6600 259 117 171 247 287 
6600 260 12 38 45 100 100 134 198 244 
6600 261 4 98 177 196 
6600 262 157 182 293 
6600 263 69 117 
6600 264 185 
6600 265 93 140 148 154 216 221 224 275 
6600 266 121 
6600 267 118 140 195 227 287 
6600 268 51 110 
6600 269 13 85 97 
6600 270 64 87 240 
6600 271 133 174 177 184 297 
6600 272 163 217 
6600 273 206 
6600 274 54 129 167 177 177 246 
6600 275 80 265 
6600 276 200 
6600 277 23 25 38 40 177 299 
6600 278 51 142 143 
6600 279 7 61 229 232 
6600 280 50 143 201 
6600 281 24 69 137 141 228 
6600 282 24 90 103 
6600 283 60 105 174 184 215 
6600 284 76 153 188 204 206 212 
6600 285 71 214 
6600 286 4 107 
6600 287 58 89 99 141 153 253 259 267 
6600 288 
6600 289 3 8 28 57 108 189 207 221 246 
6600 290 80 
6600 291 17 19 37 43 102 130 141 205 214 216 
6600 292 
6600 293 45 129 163 244 262 
6600 294 
6600 295 37 83 102 242 
6600 296 58 297 
6600 297 30 111 140 271 296 
6600 298 2 7 8 16 233 
6600 299 158 277 
0 7200 
7200 0 
7200 1 56 122 188 225 227 240 245 
7200 2 7 17 37 185 218 277 
7200 3 43 101 104 128 226 
7200 4 22 76 77 229 246 247 274 286 
7200 5 31 95 
7200 6 154 210 261 
7200 7 2 144 151 151 206 219 236 263 273 
7200 8 81 136 274 
7200 9 109 123 212 
7200 10 186 240 
7200 11 140 204 220 
7200 12 54 81 191 
7200 13 80 223 
7200 14 19 135 262 
7200 15 93 129 
7200 16 232 238 
7200 17 2 190 194 219 
7200 18 63 281 
7200 19 14 46 130 146 168 218 263 
7200 20 40 
7200 21 73 77 181 206 206 229 236 
7200 22 4 
7200 23 274 
7200 24 
7200 25 191 
7200 26 173 281 
7200 27 31 103 211 267 
7200 28 141 177 196 223 225 
7200 29 31 263 
7200 30 114 149 215 257 278 
7200 31 5 27 29 155 197 204 244 259 274 
7200 32 41 58 160 207 267 272 293 
7200 33 161 215 
7200 34 65 89 135 255 
7200 35 118 133 224 229 
7200 36 79 176 225 
7200 37 2 45 48 155 219 
7200 38 69 113 125 129 212 
7200 39 186 
7200 40 20 58 100 129 231 
7200 41 32 246 289 
7200 42 149 257 
7200 43 3 52 129 144 168 177 241 288 
7200 44 235 
7200 45 37 71 213 262 
7200 46 19 67 100 228 229 
7200 47 68 112 246 298 
7200 48 37 180 213 236 
7200 49 66 130 165 
7200 50 113 171 
7200 51 57 86 96 98 249 283 
7200 52 43 63 67 118 242 
7200 53 56 112 137 288 
7200 54 12 121 121 273 295 
7200 55 152 
7200 56 1 53 59 85 130 175 243 253 257 
7200 57 51 207 247 264 
7200 58 32 40 113 163 178 
7200 59 56 98 161 170 178 218 286 
7200 60 234 
7200 61 91 130 285 
7200 62 96 248 
7200 63 18 52 171 182 235 261 267 
7200 64 212 243 
7200 65 34 73 185 187 
7200 66 49 72 257 
7200 67 46 52 70 101 151 169 169 211 
7200 68 47 101 201 225 270 
7200 69 38 72 86 109 274 
7200 70 67 190 251 
7200 71 45 97 277 289 
7200 72 66 69 91 147 212 
7200 73 21 65 79 95 125 147 155 199 294 
7200 74 154 222 270 277 
7200 75 159 192 245 
7200 76 4 
7200 77 4 21 89 91 107 216 234 
7200 78 96 
7200 79 36 73 85 103 206 225 240 
7200 80 13 129 158 169 171 
7200 81 8 12 179 
7200 82 108 201 
7200 83 279 289 
7200 84 115 132 182 222 
7200 85 56 79 91 117 123 
7200 86 51 69 93 118 168 251 
7200 87 237 280 
7200 88 115 
7200 89 34 77 92 185 188 284 286 
7200 90 239 
7200 91 61 72 77 85 181 221 263 
7200 92 89 160 186 
7200 93 15 86 132 154 222 
7200 94 200 280 
7200 95 5 73 181 282 
7200 96 51 62 78 114 118 193 
7200 97 71 132 265 
7200 98 51 59 177 190 195 262 
7200 99 122 
7200 100 40 46 190 228 
7200 101 3 67 68 125 
7200 102 115 129 148 172 189 205 278 
7200 103 27 79 147 170 276 
7200 104 3 151 192 
7200 105 142 271 291 
7200 106 254 
7200 107 77 150 171 172 173 175 179 182 262 275 
7200 108 82 167 168 277 
7200 109 9 69 236 282 
7200 110 
7200 111 
7200 112 47 53 180 
7200 113 38 50 58 169 260 262 
7200 114 30 96 185 190 193 
7200 115 84 88 102 130 133 
7200 116 285 
7200 117 85 190 279 
7200 118 35 52 86 96 150 215 242 255 271 
7200 119 
7200 120 238 285 
7200 121 54 54 
7200 122 1 99 206 257 
7200 123 9 85 188 197 197 
7200 124 141 
7200 125 38 73 101 167 225 256 
7200 126 256 
7200 127 218 233 273 
7200 128 3 232 246 279 
7200 129 15 38 40 43 80 102 146 195 211 262 
7200 130 19 49 56 61 115 191 219 233 
7200 131 160 216 235 267 
7200 132 84 93 97 182 
7200 133 35 115 
7200 134 211 227 228 
7200 135 14 34 180 192 232 239 
7200 136 8 238 240 
7200 137 53 269 
7200 138 212 238 277 294 
7200 139 
7200 140 11 169 186 257 296 
7200 141 28 124 221 247 260 296 
7200 142 105 201 
7200 143 177 
7200 144 7 43 152 169 269 
7200 145 195 272 
7200 146 19 129 198 
7200 147 72 73 103 179 285 
7200 148 102 202 250 
7200 149 30 42 188 
7200 150 107 118 200 234 247 258 271 
7200 151 7 7 67 104 152 238 273 
7200 152 55 144 151 
7200 153 176 208 
7200 154 6 74 93 265 
7200 155 31 37 73 169 198 207 213 
7200 156 
7200 157 260 
7200 158 80 280 
7200 159 75 165 197 245 
7200 160 32 92 131 195 
7200 161 33 59 261 
7200 162 
7200 163 58 191 277 281 
7200 164 207 280 280 
7200 165 49 159 185 263 
7200 166 196 264 267 
7200 167 108 125 218 233 
7200 168 19 43 86 108 214 255 262 277 
7200 169 67 67 80 113 140 144 155 216 221 295 
7200 170 59 103 254 
7200 171 50 63 80 107 250 264 265 272 
7200 172 102 107 193 210 215 234 242 295 
7200 173 26 107 200 
7200 174 184 
7200 175 56 107 185 287 
7200 176 36 153 252 
7200 177 28 43 98 143 216 
7200 178 58 59 
7200 179 81 107 147 198 233 286 
7200 180 48 112 135 233 
7200 181 21 91 95 259 
7200 182 63 84 107 132 220 248 258 295 
7200 183 
7200 184 174 282 
7200 185 2 65 89 114 165 175 284 
7200 186 10 39 92 140 
7200 187 65 191 228 294 
7200 188 1 89 123 149 
7200 189 102 
7200 190 17 70 98 100 114 117 265 273 
7200 191 12 25 130 163 187 
7200 192 75 104 135 263 
7200 193 96 114 172 199 220 278 
7200 194 17 255 
7200 195 98 129 145 160 222 237 
7200 196 28 166 221 
7200 197 31 123 123 159 256 
7200 198 146 155 179 238 
7200 199 73 193 220 254 
7200 200 94 150 173 
7200 201 68 82 142 215 267 272 
7200 202 148 222 
7200 203 214 225 255 
7200 204 11 31 225 244 257 
7200 205 102 
7200 206 7 21 21 79 122 244 
7200 207 32 57 155 164 
7200 208 153 
7200 209 
7200 210 6 172 251 
7200 211 27 67 129 134 
7200 212 9 38 64 72 138 221 
7200 213 45 48 155 
7200 214 168 203 
7200 215 30 33 118 172 201 265 
7200 216 77 131 169 177 221 224 229 291 
7200 217 
7200 218 2 19 59 127 167 
7200 219 7 17 37 130 273 279 285 
7200 220 11 182 193 199 251 
7200 221 91 141 169 196 212 216 234 259 
7200 222 74 84 93 195 202 225 265 
7200 223 13 28 
7200 224 35 216 257 
7200 225 1 28 36 68 79 125 203 204 222 232 244 299 
7200 226 3 231 
7200 227 1 134 
7200 228 46 100 134 187 
7200 229 4 21 35 46 216 
7200 230 231 262 
7200 231 40 226 230 266 
7200 232 16 128 135 225 
7200 233 127 130 167 179 180 274 
7200 234 60 77 150 172 221 282 
7200 235 44 63 131 267 
7200 236 7 21 48 109 
7200 237 87 195 277 
7200 238 16 120 136 138 151 198 
7200 239 90 135 286 
7200 240 1 10 79 136 
7200 241 43 
7200 242 52 118 172 
7200 243 56 64 
7200 244 31 204 206 225 
7200 245 1 75 159 274 288 
7200 246 4 41 47 128 
7200 247 4 57 141 150 
7200 248 62 182 287 297 
7200 249 51 
7200 250 148 171 
7200 251 70 86 210 220 
7200 252 176 
7200 253 56 263 
7200 254 106 170 199 
7200 255 34 118 168 194 203 268 
7200 256 125 126 197 
7200 257 30 42 56 66 122 140 204 224 268 
7200 258 150 182 265 275 
7200 259 31 181 221 292 
7200 260 113 141 157 
7200 261 6 63 161 296 
7200 262 14 45 98 107 113 129 168 230 293 
7200 263 7 19 29 91 165 192 253 
7200 264 57 166 171 275 
7200 265 97 154 171 190 215 222 258 272 
7200 266 231 
7200 267 27 32 63 131 166 201 235 
7200 268 255 257 
7200 269 137 144 277 
7200 270 68 74 
7200 271 105 118 150 282 296 
7200 272 32 145 171 201 265 280 
7200 273 7 54 127 151 190 219 295 
7200 274 4 8 23 31 69 233 245 
7200 275 107 258 264 
7200 276 103 283 
7200 277 2 71 74 108 138 163 168 237 269 
7200 278 30 102 193 
7200 279 83 117 128 219 
7200 280 87 94 158 164 164 272 
7200 281 18 26 163 
7200 282 95 109 184 234 271 
7200 283 51 276 
7200 284 89 185 
7200 285 61 116 120 147 219 
7200 286 4 59 89 179 239 
7200 287 175 248 291 
7200 288 43 53 245 
7200 289 41 71 83 
7200 290 
7200 291 105 216 287 
7200 292 259 
7200 293 32 262 295 
7200 294 73 138 187 
7200 295 54 169 172 182 273 293 
7200 296 140 141 261 271 
7200 297 248 
7200 298 47 
7200 299 225 
