0 7200 
0 0 3 10 17 22 23 24 26 27 29 31 42 46 49 57 61 62 64 72 74 81 83 87 93 
0 1 14 15 20 21 28 30 34 36 40 48 51 52 55 58 59 60 65 70 73 76 77 80 84 86 88 95 97 98 
0 2 8 10 11 12 13 18 25 28 35 37 38 41 43 50 53 56 66 67 75 78 79 82 91 92 94 99 
0 3 0 
0 4 6 9 15 16 19 33 39 44 45 47 54 63 68 69 71 89 96 
0 5 8 32 85 90 
0 6 4 
0 7 14 
0 8 2 5 
0 9 4 
0 10 0 2 
0 11 2 
0 12 2 
0 13 2 
0 14 1 7 
0 15 1 4 
0 16 4 
0 17 0 
0 18 2 
0 19 4 
0 20 1 
0 21 1 
0 22 0 
0 23 0 
0 24 0 
0 25 2 
0 26 0 
0 27 0 
0 28 1 2 
0 29 0 
0 30 1 
0 31 0 
0 32 5 
0 33 4 
0 34 1 
0 35 2 
0 36 1 
0 37 2 
0 38 2 
0 39 4 
0 40 1 
0 41 2 
0 42 0 
0 43 2 
0 44 4 
0 45 4 
0 46 0 
0 47 4 
0 48 1 
0 49 0 
0 50 2 
0 51 1 
0 52 1 
0 53 2 
0 54 4 
0 55 1 
0 56 2 
0 57 0 
0 58 1 
0 59 1 
0 60 1 
0 61 0 
0 62 0 
0 63 4 
0 64 0 
0 65 1 
0 66 2 
0 67 2 
0 68 4 
0 69 4 
0 70 1 
0 71 4 
0 72 0 
0 73 1 
0 74 0 
0 75 2 
0 76 1 
0 77 1 
0 78 2 
0 79 2 
0 80 1 
0 81 0 
0 82 2 
0 83 0 
0 84 1 
0 85 5 
0 86 1 
0 87 0 
0 88 1 
0 89 4 
0 90 5 
0 91 2 
0 92 2 
0 93 0 
0 94 2 
0 95 1 
0 96 4 
0 97 1 
0 98 1 
0 99 2 
0 7200 
600 0 3 6 22 23 24 26 27 29 31 42 46 57 61 62 74 79 81 83 87 90 93 
600 1 10 14 15 17 20 21 28 30 34 36 40 51 52 55 58 59 65 70 76 77 80 86 88 95 98 
600 2 6 8 10 11 12 13 18 25 35 37 38 43 44 50 53 56 60 64 66 67 72 75 78 82 91 92 94 97 99 
600 3 0 
600 4 9 10 16 19 33 39 41 45 47 48 54 63 68 69 71 73 84 89 96 
600 5 6 32 49 85 
600 6 0 2 5 
600 7 14 
600 8 2 
600 9 4 
600 10 1 2 4 
600 11 2 
600 12 2 
600 13 2 
600 14 1 7 
600 15 1 
600 16 4 
600 17 1 
600 18 2 
600 19 4 
600 20 1 
600 21 1 
600 22 0 
600 23 0 
600 24 0 
600 25 2 
600 26 0 
600 27 0 
600 28 1 
600 29 0 
600 30 1 
600 31 0 
600 32 5 
600 33 4 
600 34 1 
600 35 2 
600 36 1 
600 37 2 
600 38 2 
600 39 4 
600 40 1 
600 41 4 
600 42 0 
600 43 2 
600 44 2 
600 45 4 
600 46 0 
600 47 4 
600 48 4 
600 49 5 
600 50 2 
600 51 1 
600 52 1 
600 53 2 
600 54 4 
600 55 1 
600 56 2 
600 57 0 
600 58 1 
600 59 1 
600 60 2 
600 61 0 
600 62 0 
600 63 4 
600 64 2 
600 65 1 
600 66 2 
600 67 2 
600 68 4 
600 69 4 
600 70 1 
600 71 4 
600 72 2 
600 73 4 
600 74 0 
600 75 2 
600 76 1 
600 77 1 
600 78 2 
600 79 0 
600 80 1 
600 81 0 
600 82 2 
600 83 0 
600 84 4 
600 85 5 
600 86 1 
600 87 0 
600 88 1 
600 89 4 
600 90 0 
600 91 2 
600 92 2 
600 93 0 
600 94 2 
600 95 1 
600 96 4 
600 97 2 
600 98 1 
600 99 2 
0 7200 
1200 0 3 6 22 23 24 26 27 31 36 37 42 46 49 55 61 62 69 74 79 81 83 87 90 93 96 
1200 1 10 14 15 17 20 21 28 30 34 40 51 52 57 58 59 65 70 76 77 80 89 95 98 99 
1200 2 5 6 8 10 11 12 13 18 25 29 35 38 43 44 50 53 54 56 60 64 66 67 72 75 78 82 86 88 91 92 94 97 
1200 3 0 47 63 
1200 4 9 10 16 19 33 39 41 45 48 71 73 84 
1200 5 2 32 85 
1200 6 0 2 
1200 7 14 68 
1200 8 2 
1200 9 4 
1200 10 1 2 4 
1200 11 2 
1200 12 2 
1200 13 2 
1200 14 1 7 
1200 15 1 
1200 16 4 
1200 17 1 
1200 18 2 
1200 19 4 
1200 20 1 
1200 21 1 
1200 22 0 
1200 23 0 
1200 24 0 
1200 25 2 
1200 26 0 
1200 27 0 
1200 28 1 
1200 29 2 
1200 30 1 
1200 31 0 
1200 32 5 
1200 33 4 
1200 34 1 
1200 35 2 
1200 36 0 
1200 37 0 
1200 38 2 
1200 39 4 
1200 40 1 
1200 41 4 
1200 42 0 
1200 43 2 
1200 44 2 
1200 45 4 
1200 46 0 
1200 47 3 
1200 48 4 
1200 49 0 
1200 50 2 
1200 51 1 
1200 52 1 
1200 53 2 
1200 54 2 
1200 55 0 
1200 56 2 
1200 57 1 
1200 58 1 
1200 59 1 
1200 60 2 
1200 61 0 
1200 62 0 
1200 63 3 
1200 64 2 
1200 65 1 
1200 66 2 
1200 67 2 
1200 68 7 
1200 69 0 
1200 70 1 
1200 71 4 
1200 72 2 
1200 73 4 
1200 74 0 
1200 75 2 
1200 76 1 
1200 77 1 
1200 78 2 
1200 79 0 
1200 80 1 
1200 81 0 
1200 82 2 
1200 83 0 
1200 84 4 
1200 85 5 
1200 86 2 
1200 87 0 
1200 88 2 
1200 89 1 
1200 90 0 
1200 91 2 
1200 92 2 
1200 93 0 
1200 94 2 
1200 95 1 
1200 96 0 
1200 97 2 
1200 98 1 
1200 99 1 
0 7200 
1800 0 3 6 12 14 21 22 23 24 25 26 27 28 31 36 37 49 54 61 62 69 74 77 81 83 88 90 93 96 
1800 1 5 10 15 17 19 20 30 34 40 51 52 55 58 59 65 70 76 79 80 82 85 89 95 97 98 99 
1800 2 6 8 10 11 13 18 29 35 38 43 44 46 50 53 56 57 60 64 66 67 72 75 78 86 91 92 94 
1800 3 0 47 63 87 
1800 4 9 10 16 33 39 41 42 45 48 71 73 84 
1800 5 1 7 68 
1800 6 0 2 
1800 7 5 
1800 8 2 32 
1800 9 4 
1800 10 1 2 4 
1800 11 2 
1800 12 0 
1800 13 2 
1800 14 0 
1800 15 1 
1800 16 4 
1800 17 1 
1800 18 2 
1800 19 1 
1800 20 1 
1800 21 0 
1800 22 0 
1800 23 0 
1800 24 0 
1800 25 0 
1800 26 0 
1800 27 0 
1800 28 0 
1800 29 2 
1800 30 1 
1800 31 0 
1800 32 8 
1800 33 4 
1800 34 1 
1800 35 2 
1800 36 0 
1800 37 0 
1800 38 2 
1800 39 4 
1800 40 1 
1800 41 4 
1800 42 4 
1800 43 2 
1800 44 2 
1800 45 4 
1800 46 2 
1800 47 3 
1800 48 4 
1800 49 0 
1800 50 2 
1800 51 1 
1800 52 1 
1800 53 2 
1800 54 0 
1800 55 1 
1800 56 2 
1800 57 2 
1800 58 1 
1800 59 1 
1800 60 2 
1800 61 0 
1800 62 0 
1800 63 3 
1800 64 2 
1800 65 1 
1800 66 2 
1800 67 2 
1800 68 5 
1800 69 0 
1800 70 1 
1800 71 4 
1800 72 2 
1800 73 4 
1800 74 0 
1800 75 2 
1800 76 1 
1800 77 0 
1800 78 2 
1800 79 1 
1800 80 1 
1800 81 0 
1800 82 1 
1800 83 0 
1800 84 4 
1800 85 1 
1800 86 2 
1800 87 3 
1800 88 0 
1800 89 1 
1800 90 0 
1800 91 2 
1800 92 2 
1800 93 0 
1800 94 2 
1800 95 1 
1800 96 0 
1800 97 1 
1800 98 1 
1800 99 1 
0 7200 
2400 0 3 12 14 21 22 23 24 25 26 27 28 31 37 46 49 50 54 61 62 69 74 77 81 83 88 90 96 98 
2400 1 6 10 11 15 17 19 20 34 45 51 52 55 58 59 65 70 76 79 80 82 85 87 89 93 95 97 99 
2400 2 5 7 8 10 13 18 24 29 30 35 36 38 39 43 44 53 56 57 60 64 66 67 75 78 86 91 92 94 
2400 3 0 40 47 63 
2400 4 9 10 16 33 41 42 48 71 73 84 
2400 5 2 32 68 72 
2400 6 1 
2400 7 2 
2400 8 2 
2400 9 4 
2400 10 1 2 4 
2400 11 1 
2400 12 0 
2400 13 2 
2400 14 0 
2400 15 1 
2400 16 4 
2400 17 1 
2400 18 2 
2400 19 1 
2400 20 1 
2400 21 0 
2400 22 0 
2400 23 0 
2400 24 0 2 
2400 25 0 
2400 26 0 
2400 27 0 
2400 28 0 
2400 29 2 
2400 30 2 
2400 31 0 
2400 32 5 
2400 33 4 
2400 34 1 
2400 35 2 
2400 36 2 
2400 37 0 
2400 38 2 
2400 39 2 
2400 40 3 
2400 41 4 
2400 42 4 
2400 43 2 
2400 44 2 
2400 45 1 
2400 46 0 
2400 47 3 
2400 48 4 
2400 49 0 
2400 50 0 
2400 51 1 
2400 52 1 
2400 53 2 
2400 54 0 
2400 55 1 
2400 56 2 
2400 57 2 
2400 58 1 
2400 59 1 
2400 60 2 
2400 61 0 
2400 62 0 
2400 63 3 
2400 64 2 
2400 65 1 
2400 66 2 
2400 67 2 
2400 68 5 
2400 69 0 
2400 70 1 
2400 71 4 
2400 72 5 
2400 73 4 
2400 74 0 
2400 75 2 
2400 76 1 
2400 77 0 
2400 78 2 
2400 79 1 
2400 80 1 
2400 81 0 
2400 82 1 
2400 83 0 
2400 84 4 
2400 85 1 
2400 86 2 
2400 87 1 
2400 88 0 
2400 89 1 
2400 90 0 
2400 91 2 
2400 92 2 
2400 93 1 
2400 94 2 
2400 95 1 
2400 96 0 
2400 97 1 
2400 98 0 
2400 99 1 
0 7200 
3000 0 3 12 14 22 23 24 25 26 27 28 31 45 46 49 54 56 61 62 74 81 83 86 88 89 96 98 
3000 1 6 11 17 19 20 21 34 37 40 51 52 55 58 59 65 69 70 72 76 77 80 82 85 87 93 95 97 99 
3000 2 5 7 8 10 13 18 19 24 29 30 35 36 38 39 43 44 50 53 57 60 64 66 67 75 78 79 91 92 94 
3000 3 0 15 47 63 
3000 4 9 15 33 41 42 48 71 73 84 90 
3000 5 2 32 68 
3000 6 1 
3000 7 2 
3000 8 2 
3000 9 4 16 
3000 10 2 
3000 11 1 
3000 12 0 
3000 13 2 
3000 14 0 
3000 15 3 4 
3000 16 9 
3000 17 1 
3000 18 2 
3000 19 1 2 
3000 20 1 
3000 21 1 
3000 22 0 
3000 23 0 
3000 24 0 2 
3000 25 0 
3000 26 0 
3000 27 0 
3000 28 0 
3000 29 2 
3000 30 2 
3000 31 0 
3000 32 5 
3000 33 4 
3000 34 1 
3000 35 2 
3000 36 2 
3000 37 1 
3000 38 2 
3000 39 2 
3000 40 1 
3000 41 4 
3000 42 4 
3000 43 2 
3000 44 2 
3000 45 0 
3000 46 0 
3000 47 3 
3000 48 4 
3000 49 0 
3000 50 2 
3000 51 1 
3000 52 1 
3000 53 2 
3000 54 0 
3000 55 1 
3000 56 0 
3000 57 2 
3000 58 1 
3000 59 1 
3000 60 2 
3000 61 0 
3000 62 0 
3000 63 3 
3000 64 2 
3000 65 1 
3000 66 2 
3000 67 2 
3000 68 5 
3000 69 1 
3000 70 1 
3000 71 4 
3000 72 1 
3000 73 4 
3000 74 0 
3000 75 2 
3000 76 1 
3000 77 1 
3000 78 2 
3000 79 2 
3000 80 1 
3000 81 0 
3000 82 1 
3000 83 0 
3000 84 4 
3000 85 1 
3000 86 0 
3000 87 1 
3000 88 0 
3000 89 0 
3000 90 4 
3000 91 2 
3000 92 2 
3000 93 1 
3000 94 2 
3000 95 1 
3000 96 0 
3000 97 1 
3000 98 0 
3000 99 1 
0 7200 
3600 0 3 14 15 22 23 25 28 31 38 42 45 46 49 51 54 56 61 62 70 74 83 86 88 89 96 98 
3600 1 6 11 17 19 21 24 27 29 33 34 37 40 43 52 55 58 59 65 69 72 76 77 80 81 82 85 87 93 95 97 99 
3600 2 5 7 10 13 18 19 26 28 30 35 36 39 44 48 50 53 57 60 64 66 67 75 78 79 91 92 94 
3600 3 0 12 47 
3600 4 8 9 17 20 41 63 71 73 84 90 
3600 5 2 32 68 
3600 6 1 
3600 7 2 
3600 8 4 16 
3600 9 4 
3600 10 2 
3600 11 1 
3600 12 3 
3600 13 2 
3600 14 0 
3600 15 0 
3600 16 8 
3600 17 1 4 
3600 18 2 
3600 19 1 2 
3600 20 4 
3600 21 1 
3600 22 0 
3600 23 0 
3600 24 1 
3600 25 0 
3600 26 2 
3600 27 1 
3600 28 0 2 
3600 29 1 
3600 30 2 
3600 31 0 
3600 32 5 
3600 33 1 
3600 34 1 
3600 35 2 
3600 36 2 
3600 37 1 
3600 38 0 
3600 39 2 
3600 40 1 
3600 41 4 
3600 42 0 
3600 43 1 
3600 44 2 
3600 45 0 
3600 46 0 
3600 47 3 
3600 48 2 
3600 49 0 
3600 50 2 
3600 51 0 
3600 52 1 
3600 53 2 
3600 54 0 
3600 55 1 
3600 56 0 
3600 57 2 
3600 58 1 
3600 59 1 
3600 60 2 
3600 61 0 
3600 62 0 
3600 63 4 
3600 64 2 
3600 65 1 
3600 66 2 
3600 67 2 
3600 68 5 
3600 69 1 
3600 70 0 
3600 71 4 
3600 72 1 
3600 73 4 
3600 74 0 
3600 75 2 
3600 76 1 
3600 77 1 
3600 78 2 
3600 79 2 
3600 80 1 
3600 81 1 
3600 82 1 
3600 83 0 
3600 84 4 
3600 85 1 
3600 86 0 
3600 87 1 
3600 88 0 
3600 89 0 
3600 90 4 
3600 91 2 
3600 92 2 
3600 93 1 
3600 94 2 
3600 95 1 
3600 96 0 
3600 97 1 
3600 98 0 
3600 99 1 
0 7200 
4200 0 3 9 10 14 15 22 25 28 31 38 42 45 49 51 54 61 62 63 74 83 86 88 89 90 96 98 
4200 1 4 6 11 17 19 21 23 27 29 34 37 40 43 44 52 55 56 57 58 59 65 69 72 76 77 79 80 81 84 85 87 93 95 97 99 
4200 2 4 5 7 13 18 24 26 28 30 35 36 39 48 50 53 60 66 67 70 75 78 91 92 94 
4200 3 0 12 47 
4200 4 1 2 
4200 5 2 32 68 
4200 6 1 
4200 7 2 
4200 8 16 17 20 33 41 46 71 73 82 
4200 9 0 
4200 10 0 
4200 11 1 
4200 12 3 64 
4200 13 2 
4200 14 0 
4200 15 0 
4200 16 8 
4200 17 1 8 
4200 18 2 
4200 19 1 
4200 20 8 
4200 21 1 
4200 22 0 
4200 23 1 
4200 24 2 
4200 25 0 
4200 26 2 
4200 27 1 
4200 28 0 2 
4200 29 1 
4200 30 2 
4200 31 0 
4200 32 5 
4200 33 8 
4200 34 1 
4200 35 2 
4200 36 2 
4200 37 1 
4200 38 0 
4200 39 2 
4200 40 1 
4200 41 8 
4200 42 0 
4200 43 1 
4200 44 1 
4200 45 0 
4200 46 8 
4200 47 3 
4200 48 2 
4200 49 0 
4200 50 2 
4200 51 0 
4200 52 1 
4200 53 2 
4200 54 0 
4200 55 1 
4200 56 1 
4200 57 1 
4200 58 1 
4200 59 1 
4200 60 2 
4200 61 0 
4200 62 0 
4200 63 0 
4200 64 12 
4200 65 1 
4200 66 2 
4200 67 2 
4200 68 5 
4200 69 1 
4200 70 2 
4200 71 8 
4200 72 1 
4200 73 8 
4200 74 0 
4200 75 2 
4200 76 1 
4200 77 1 
4200 78 2 
4200 79 1 
4200 80 1 
4200 81 1 
4200 82 8 
4200 83 0 
4200 84 1 
4200 85 1 
4200 86 0 
4200 87 1 
4200 88 0 
4200 89 0 
4200 90 0 
4200 91 2 
4200 92 2 
4200 93 1 
4200 94 2 
4200 95 1 
4200 96 0 
4200 97 1 
4200 98 0 
4200 99 1 
0 7200 
4800 0 2 3 9 10 14 15 21 22 24 25 28 31 36 38 42 43 49 51 53 54 56 61 62 63 74 76 78 83 86 88 90 93 96 98 
4800 1 4 6 11 17 19 20 23 27 29 34 37 40 44 45 52 55 57 58 65 67 69 72 73 77 79 80 81 82 84 85 87 95 97 99 
4800 2 0 4 35 39 46 47 71 75 
4800 3 0 7 12 26 70 91 
4800 4 1 2 5 13 18 48 50 59 92 
4800 5 4 30 32 60 66 68 94 
4800 6 1 
4800 7 3 
4800 8 16 17 33 41 89 
4800 9 0 
4800 10 0 
4800 11 1 
4800 12 3 64 
4800 13 4 
4800 14 0 
4800 15 0 
4800 16 8 
4800 17 1 8 
4800 18 4 
4800 19 1 
4800 20 1 
4800 21 0 
4800 22 0 
4800 23 1 
4800 24 0 
4800 25 0 
4800 26 3 
4800 27 1 
4800 28 0 
4800 29 1 
4800 30 5 
4800 31 0 
4800 32 5 
4800 33 8 
4800 34 1 
4800 35 2 
4800 36 0 
4800 37 1 
4800 38 0 
4800 39 2 
4800 40 1 
4800 41 8 
4800 42 0 
4800 43 0 
4800 44 1 
4800 45 1 
4800 46 2 
4800 47 2 
4800 48 4 
4800 49 0 
4800 50 4 
4800 51 0 
4800 52 1 
4800 53 0 
4800 54 0 
4800 55 1 
4800 56 0 
4800 57 1 
4800 58 1 
4800 59 4 
4800 60 5 
4800 61 0 
4800 62 0 
4800 63 0 
4800 64 12 
4800 65 1 
4800 66 5 
4800 67 1 
4800 68 5 
4800 69 1 
4800 70 3 
4800 71 2 
4800 72 1 
4800 73 1 
4800 74 0 
4800 75 2 
4800 76 0 
4800 77 1 
4800 78 0 
4800 79 1 
4800 80 1 
4800 81 1 
4800 82 1 
4800 83 0 
4800 84 1 
4800 85 1 
4800 86 0 
4800 87 1 
4800 88 0 
4800 89 8 
4800 90 0 
4800 91 3 
4800 92 4 
4800 93 0 
4800 94 5 
4800 95 1 
4800 96 0 
4800 97 1 
4800 98 0 
4800 99 1 
0 7200 
5400 0 3 7 8 9 10 13 14 15 21 22 24 25 28 31 36 38 42 43 49 51 53 54 56 61 62 63 74 76 78 83 86 88 90 93 96 
5400 1 4 6 11 17 19 20 23 27 29 33 34 37 40 41 44 45 50 52 55 57 64 65 67 69 72 73 77 79 81 82 84 85 87 89 95 97 98 99 
5400 2 3 12 26 30 32 39 47 58 60 66 70 91 94 
5400 3 0 2 4 35 68 75 
5400 4 1 3 5 18 48 59 92 
5400 5 4 
5400 6 1 
5400 7 0 
5400 8 0 46 
5400 9 0 71 
5400 10 0 
5400 11 1 
5400 12 2 
5400 13 0 
5400 14 0 
5400 15 0 
5400 16 23 80 
5400 17 1 
5400 18 4 
5400 19 1 
5400 20 1 
5400 21 0 
5400 22 0 
5400 23 1 16 
5400 24 0 
5400 25 0 
5400 26 2 
5400 27 1 
5400 28 0 
5400 29 1 
5400 30 2 
5400 31 0 
5400 32 2 
5400 33 1 
5400 34 1 
5400 35 3 
5400 36 0 
5400 37 1 
5400 38 0 
5400 39 2 
5400 40 1 
5400 41 1 
5400 42 0 
5400 43 0 
5400 44 1 
5400 45 1 
5400 46 8 
5400 47 2 
5400 48 4 
5400 49 0 
5400 50 1 
5400 51 0 
5400 52 1 
5400 53 0 
5400 54 0 
5400 55 1 
5400 56 0 
5400 57 1 
5400 58 2 
5400 59 4 
5400 60 2 
5400 61 0 
5400 62 0 
5400 63 0 
5400 64 1 
5400 65 1 
5400 66 2 
5400 67 1 
5400 68 3 
5400 69 1 
5400 70 2 
5400 71 9 
5400 72 1 
5400 73 1 
5400 74 0 
5400 75 3 
5400 76 0 
5400 77 1 
5400 78 0 
5400 79 1 
5400 80 16 
5400 81 1 
5400 82 1 
5400 83 0 
5400 84 1 
5400 85 1 
5400 86 0 
5400 87 1 
5400 88 0 
5400 89 1 
5400 90 0 
5400 91 2 
5400 92 4 
5400 93 0 
5400 94 2 
5400 95 1 
5400 96 0 
5400 97 1 
5400 98 1 
5400 99 1 
0 7200 
6000 0 3 7 8 9 10 13 14 18 21 24 25 28 31 36 38 42 43 47 49 51 52 53 54 56 57 61 62 63 74 76 78 83 85 86 88 89 90 93 96 
6000 1 2 4 6 11 15 17 19 20 23 27 29 33 34 37 40 41 44 45 50 55 64 65 67 68 69 72 77 79 82 87 95 97 98 99 
6000 2 1 3 5 12 26 35 39 46 75 91 
6000 3 0 2 70 73 
6000 4 1 48 59 81 92 
6000 5 2 22 30 32 60 66 94 
6000 6 1 
6000 7 0 58 
6000 8 0 
6000 9 0 
6000 10 0 
6000 11 1 
6000 12 2 
6000 13 0 
6000 14 0 
6000 15 1 71 
6000 16 23 80 84 
6000 17 1 
6000 18 0 
6000 19 1 
6000 20 1 
6000 21 0 
6000 22 5 
6000 23 1 16 
6000 24 0 
6000 25 0 
6000 26 2 
6000 27 1 
6000 28 0 
6000 29 1 
6000 30 5 
6000 31 0 
6000 32 5 
6000 33 1 
6000 34 1 
6000 35 2 
6000 36 0 
6000 37 1 
6000 38 0 
6000 39 2 
6000 40 1 
6000 41 1 
6000 42 0 
6000 43 0 
6000 44 1 
6000 45 1 
6000 46 2 
6000 47 0 
6000 48 4 
6000 49 0 
6000 50 1 
6000 51 0 
6000 52 0 
6000 53 0 
6000 54 0 
6000 55 1 
6000 56 0 
6000 57 0 
6000 58 7 
6000 59 4 
6000 60 5 
6000 61 0 
6000 62 0 
6000 63 0 
6000 64 1 
6000 65 1 
6000 66 5 
6000 67 1 
6000 68 1 
6000 69 1 
6000 70 3 
6000 71 15 
6000 72 1 
6000 73 3 
6000 74 0 
6000 75 2 
6000 76 0 
6000 77 1 
6000 78 0 
6000 79 1 
6000 80 16 
6000 81 4 
6000 82 1 
6000 83 0 
6000 84 16 
6000 85 0 
6000 86 0 
6000 87 1 
6000 88 0 
6000 89 0 
6000 90 0 
6000 91 2 
6000 92 4 
6000 93 0 
6000 94 5 
6000 95 1 
6000 96 0 
6000 97 1 
6000 98 1 
6000 99 1 
0 7200 
6600 0 3 5 7 8 9 10 12 13 14 18 21 31 36 42 43 49 51 52 53 54 56 57 61 62 74 76 78 83 85 86 89 90 
6600 1 2 4 6 11 15 17 19 20 23 24 25 27 29 32 33 34 37 38 40 41 44 45 47 50 55 60 64 65 67 68 69 77 79 82 87 88 95 96 97 98 
6600 2 1 3 26 28 35 39 46 63 66 75 91 93 99 
6600 3 0 2 70 73 
6600 4 1 48 59 81 92 
6600 5 0 
6600 6 1 
6600 7 0 22 30 58 94 
6600 8 0 
6600 9 0 
6600 10 0 
6600 11 1 
6600 12 0 
6600 13 0 
6600 14 0 
6600 15 1 71 72 
6600 16 23 80 84 
6600 17 1 
6600 18 0 
6600 19 1 
6600 20 1 
6600 21 0 
6600 22 7 
6600 23 1 16 
6600 24 1 
6600 25 1 
6600 26 2 
6600 27 1 
6600 28 2 
6600 29 1 
6600 30 7 
6600 31 0 
6600 32 1 
6600 33 1 
6600 34 1 
6600 35 2 
6600 36 0 
6600 37 1 
6600 38 1 
6600 39 2 
6600 40 1 
6600 41 1 
6600 42 0 
6600 43 0 
6600 44 1 
6600 45 1 
6600 46 2 
6600 47 1 
6600 48 4 
6600 49 0 
6600 50 1 
6600 51 0 
6600 52 0 
6600 53 0 
6600 54 0 
6600 55 1 
6600 56 0 
6600 57 0 
6600 58 7 
6600 59 4 
6600 60 1 
6600 61 0 
6600 62 0 
6600 63 2 
6600 64 1 
6600 65 1 
6600 66 2 
6600 67 1 
6600 68 1 
6600 69 1 
6600 70 3 
6600 71 15 
6600 72 15 
6600 73 3 
6600 74 0 
6600 75 2 
6600 76 0 
6600 77 1 
6600 78 0 
6600 79 1 
6600 80 16 
6600 81 4 
6600 82 1 
6600 83 0 
6600 84 16 
6600 85 0 
6600 86 0 
6600 87 1 
6600 88 1 
6600 89 0 
6600 90 0 
6600 91 2 
6600 92 4 
6600 93 2 
6600 94 7 
6600 95 1 
6600 96 1 
6600 97 1 
6600 98 1 
6600 99 2 
0 7200 
7200 0 2 3 5 7 8 9 13 14 15 18 20 31 36 42 43 49 51 52 53 54 57 61 62 73 74 76 77 83 84 85 86 89 95 
7200 1 4 6 10 11 12 17 19 21 23 24 25 26 32 33 34 37 38 40 41 47 50 55 60 64 65 67 68 69 79 82 87 88 96 97 98 
7200 2 0 90 
7200 3 0 4 27 28 35 39 56 70 75 91 93 99 
7200 4 1 3 45 48 59 63 66 78 81 92 
7200 5 0 
7200 6 1 
7200 7 0 22 30 58 94 
7200 8 0 44 46 
7200 9 0 
7200 10 1 16 29 71 72 80 
7200 11 1 
7200 12 1 
7200 13 0 
7200 14 0 
7200 15 0 
7200 16 10 
7200 17 1 
7200 18 0 
7200 19 1 
7200 20 0 
7200 21 1 
7200 22 7 
7200 23 1 
7200 24 1 
7200 25 1 
7200 26 1 
7200 27 3 
7200 28 3 
7200 29 10 
7200 30 7 
7200 31 0 
7200 32 1 
7200 33 1 
7200 34 1 
7200 35 3 
7200 36 0 
7200 37 1 
7200 38 1 
7200 39 3 
7200 40 1 
7200 41 1 
7200 42 0 
7200 43 0 
7200 44 8 
7200 45 4 
7200 46 8 
7200 47 1 
7200 48 4 
7200 49 0 
7200 50 1 
7200 51 0 
7200 52 0 
7200 53 0 
7200 54 0 
7200 55 1 
7200 56 3 
7200 57 0 
7200 58 7 
7200 59 4 
7200 60 1 
7200 61 0 
7200 62 0 
7200 63 4 
7200 64 1 
7200 65 1 
7200 66 4 
7200 67 1 
7200 68 1 
7200 69 1 
7200 70 3 
7200 71 10 
7200 72 10 
7200 73 0 
7200 74 0 
7200 75 3 
7200 76 0 
7200 77 0 
7200 78 4 
7200 79 1 
7200 80 10 
7200 81 4 
7200 82 1 
7200 83 0 
7200 84 0 
7200 85 0 
7200 86 0 
7200 87 1 
7200 88 1 
7200 89 0 
7200 90 2 
7200 91 3 
7200 92 4 
7200 93 3 
7200 94 7 
7200 95 0 
7200 96 1 
7200 97 1 
7200 98 1 
7200 99 3 
