0 7200 
0 0 6 13 15 21 22 23 28 29 32 35 36 39 40 41 42 45 46 51 53 61 73 77 78 88 91 97 106 107 108 114 120 128 131 133 138 140 144 145 147 
0 1 2 5 8 9 12 17 18 19 20 30 32 37 43 44 47 54 55 56 58 62 65 67 69 70 72 79 81 82 90 92 93 94 96 98 99 100 101 102 103 105 109 110 111 115 116 118 121 122 124 125 126 127 132 134 135 137 139 143 146 148 
0 2 1 38 75 84 
0 3 8 10 11 24 25 26 27 48 49 50 57 59 63 64 68 74 76 85 87 89 95 119 123 136 141 142 149 
0 4 5 7 14 33 66 80 83 86 104 112 113 117 130 
0 5 1 4 
0 6 0 31 52 60 71 
0 7 4 34 
0 8 1 3 
0 9 1 
0 10 3 
0 11 3 
0 12 1 
0 13 0 
0 14 4 16 
0 15 0 
0 16 14 
0 17 1 
0 18 1 
0 19 1 
0 20 1 129 
0 21 0 
0 22 0 
0 23 0 
0 24 3 
0 25 3 
0 26 3 
0 27 3 
0 28 0 
0 29 0 
0 30 1 
0 31 6 
0 32 0 1 
0 33 4 
0 34 7 
0 35 0 
0 36 0 
0 37 1 
0 38 2 
0 39 0 
0 40 0 
0 41 0 
0 42 0 
0 43 1 
0 44 1 
0 45 0 
0 46 0 
0 47 1 
0 48 3 
0 49 3 
0 50 3 
0 51 0 
0 52 6 
0 53 0 
0 54 1 
0 55 1 
0 56 1 
0 57 3 
0 58 1 
0 59 3 
0 60 6 
0 61 0 
0 62 1 
0 63 3 
0 64 3 
0 65 1 
0 66 4 
0 67 1 
0 68 3 
0 69 1 
0 70 1 
0 71 6 
0 72 1 
0 73 0 
0 74 3 
0 75 2 
0 76 3 
0 77 0 
0 78 0 
0 79 1 
0 80 4 
0 81 1 
0 82 1 
0 83 4 
0 84 2 
0 85 3 
0 86 4 
0 87 3 
0 88 0 
0 89 3 
0 90 1 
0 91 0 
0 92 1 
0 93 1 
0 94 1 
0 95 3 
0 96 1 
0 97 0 
0 98 1 
0 99 1 
0 100 1 
0 101 1 
0 102 1 
0 103 1 
0 104 4 
0 105 1 
0 106 0 
0 107 0 
0 108 0 
0 109 1 
0 110 1 
0 111 1 
0 112 4 
0 113 4 
0 114 0 
0 115 1 
0 116 1 
0 117 4 
0 118 1 
0 119 3 
0 120 0 
0 121 1 
0 122 1 
0 123 3 
0 124 1 
0 125 1 
0 126 1 
0 127 1 
0 128 0 
0 129 20 
0 130 4 
0 131 0 
0 132 1 
0 133 0 
0 134 1 
0 135 1 
0 136 3 
0 137 1 
0 138 0 
0 139 1 
0 140 0 
0 141 3 
0 142 3 
0 143 1 
0 144 0 
0 145 0 
0 146 1 
0 147 0 
0 148 1 
0 149 3 
0 7200 
600 0 5 6 13 15 21 22 23 28 29 32 35 36 37 41 42 51 53 61 70 73 77 78 88 91 97 100 106 107 114 120 121 128 129 131 140 144 145 147 
600 1 2 9 10 12 17 18 19 20 30 32 40 43 45 47 49 54 55 56 58 62 65 67 69 72 79 81 82 85 90 92 93 94 96 99 102 103 105 108 109 110 111 115 116 118 122 124 125 126 127 132 134 135 139 143 146 148 
600 2 1 38 75 84 137 
600 3 14 16 21 66 80 86 104 112 113 117 138 
600 4 5 7 33 39 83 130 
600 5 0 4 11 87 
600 6 0 24 25 26 27 31 46 48 52 60 63 68 71 76 95 98 119 141 
600 7 4 34 
600 8 9 44 50 57 59 64 74 89 101 123 133 136 142 149 
600 9 1 8 
600 10 1 
600 11 5 
600 12 1 
600 13 0 
600 14 3 
600 15 0 
600 16 3 
600 17 1 
600 18 1 
600 19 1 
600 20 1 
600 21 0 3 
600 22 0 
600 23 0 
600 24 6 
600 25 6 
600 26 6 
600 27 6 
600 28 0 
600 29 0 
600 30 1 
600 31 6 
600 32 0 1 
600 33 4 
600 34 7 
600 35 0 
600 36 0 
600 37 0 
600 38 2 
600 39 4 
600 40 1 
600 41 0 
600 42 0 
600 43 1 
600 44 8 
600 45 1 
600 46 6 
600 47 1 
600 48 6 
600 49 1 
600 50 8 
600 51 0 
600 52 6 
600 53 0 
600 54 1 
600 55 1 
600 56 1 
600 57 8 
600 58 1 
600 59 8 
600 60 6 
600 61 0 
600 62 1 
600 63 6 
600 64 8 
600 65 1 
600 66 3 
600 67 1 
600 68 6 
600 69 1 
600 70 0 
600 71 6 
600 72 1 
600 73 0 
600 74 8 
600 75 2 
600 76 6 
600 77 0 
600 78 0 
600 79 1 
600 80 3 
600 81 1 
600 82 1 
600 83 4 
600 84 2 
600 85 1 
600 86 3 
600 87 5 
600 88 0 
600 89 8 
600 90 1 
600 91 0 
600 92 1 
600 93 1 
600 94 1 
600 95 6 
600 96 1 
600 97 0 
600 98 6 
600 99 1 
600 100 0 
600 101 8 
600 102 1 
600 103 1 
600 104 3 
600 105 1 
600 106 0 
600 107 0 
600 108 1 
600 109 1 
600 110 1 
600 111 1 
600 112 3 
600 113 3 
600 114 0 
600 115 1 
600 116 1 
600 117 3 
600 118 1 
600 119 6 
600 120 0 
600 121 0 
600 122 1 
600 123 8 
600 124 1 
600 125 1 
600 126 1 
600 127 1 
600 128 0 
600 129 0 
600 130 4 
600 131 0 
600 132 1 
600 133 8 
600 134 1 
600 135 1 
600 136 8 
600 137 2 
600 138 3 
600 139 1 
600 140 0 
600 141 6 
600 142 8 
600 143 1 
600 144 0 
600 145 0 
600 146 1 
600 147 0 
600 148 1 
600 149 8 
0 7200 
1200 0 5 6 15 18 21 23 28 29 35 36 42 51 52 53 61 70 73 77 88 91 97 100 106 107 119 120 126 128 129 131 140 144 145 147 
1200 1 2 9 10 14 17 19 20 22 30 32 40 43 45 47 49 55 56 58 62 65 67 69 72 75 78 79 81 82 85 90 92 93 94 95 96 99 102 103 105 106 108 109 110 111 113 114 115 116 118 121 122 124 125 127 132 134 137 139 143 146 148 
1200 2 1 13 38 84 135 
1200 3 16 21 37 66 80 86 104 112 117 138 
1200 4 5 7 33 39 130 
1200 5 0 4 87 
1200 6 0 24 25 26 27 31 34 41 46 48 60 63 68 71 76 98 141 
1200 7 4 
1200 8 9 11 12 44 50 54 57 59 64 74 83 89 101 123 133 136 142 149 
1200 9 1 8 
1200 10 1 
1200 11 8 
1200 12 8 
1200 13 2 
1200 14 1 
1200 15 0 
1200 16 3 
1200 17 1 
1200 18 0 
1200 19 1 
1200 20 1 
1200 21 0 3 
1200 22 1 
1200 23 0 
1200 24 6 
1200 25 6 
1200 26 6 
1200 27 6 
1200 28 0 
1200 29 0 
1200 30 1 
1200 31 6 
1200 32 1 
1200 33 4 
1200 34 6 
1200 35 0 
1200 36 0 
1200 37 3 
1200 38 2 
1200 39 4 
1200 40 1 
1200 41 6 
1200 42 0 
1200 43 1 
1200 44 8 
1200 45 1 
1200 46 6 
1200 47 1 
1200 48 6 
1200 49 1 
1200 50 8 
1200 51 0 
1200 52 0 
1200 53 0 
1200 54 8 
1200 55 1 
1200 56 1 
1200 57 8 
1200 58 1 
1200 59 8 
1200 60 6 
1200 61 0 
1200 62 1 
1200 63 6 
1200 64 8 
1200 65 1 
1200 66 3 
1200 67 1 
1200 68 6 
1200 69 1 
1200 70 0 
1200 71 6 
1200 72 1 
1200 73 0 
1200 74 8 
1200 75 1 
1200 76 6 
1200 77 0 
1200 78 1 
1200 79 1 
1200 80 3 
1200 81 1 
1200 82 1 
1200 83 8 
1200 84 2 
1200 85 1 
1200 86 3 
1200 87 5 
1200 88 0 
1200 89 8 
1200 90 1 
1200 91 0 
1200 92 1 
1200 93 1 
1200 94 1 
1200 95 1 
1200 96 1 
1200 97 0 
1200 98 6 
1200 99 1 
1200 100 0 
1200 101 8 
1200 102 1 
1200 103 1 
1200 104 3 
1200 105 1 
1200 106 0 1 
1200 107 0 
1200 108 1 
1200 109 1 
1200 110 1 
1200 111 1 
1200 112 3 
1200 113 1 
1200 114 1 
1200 115 1 
1200 116 1 
1200 117 3 
1200 118 1 
1200 119 0 
1200 120 0 
1200 121 1 
1200 122 1 
1200 123 8 
1200 124 1 
1200 125 1 
1200 126 0 
1200 127 1 
1200 128 0 
1200 129 0 
1200 130 4 
1200 131 0 
1200 132 1 
1200 133 8 
1200 134 1 
1200 135 2 
1200 136 8 
1200 137 1 
1200 138 3 
1200 139 1 
1200 140 0 
1200 141 6 
1200 142 8 
1200 143 1 
1200 144 0 
1200 145 0 
1200 146 1 
1200 147 0 
1200 148 1 
1200 149 8 
0 7200 
1800 0 5 6 7 15 17 18 19 21 23 28 29 35 42 51 52 61 70 77 88 91 96 97 100 105 106 107 119 120 126 129 131 132 140 144 145 
1800 1 2 9 10 14 20 22 30 32 36 40 43 44 45 47 49 53 55 56 58 62 63 65 67 69 72 73 75 76 79 81 82 85 87 90 92 93 94 95 98 99 102 103 106 109 110 111 113 114 115 116 118 121 122 124 125 127 128 134 137 139 143 146 147 148 
1800 2 1 13 38 84 135 
1800 3 16 17 37 66 78 80 104 112 117 138 
1800 4 7 39 130 
1800 5 0 12 24 25 26 27 31 33 34 41 46 48 60 68 71 83 86 108 136 141 
1800 6 0 
1800 7 0 4 
1800 8 9 11 50 54 57 59 64 74 89 101 123 133 142 149 
1800 9 1 8 
1800 10 1 
1800 11 8 
1800 12 5 
1800 13 2 
1800 14 1 
1800 15 0 
1800 16 3 
1800 17 0 3 
1800 18 0 
1800 19 0 
1800 20 1 
1800 21 0 
1800 22 1 
1800 23 0 
1800 24 5 
1800 25 5 
1800 26 5 
1800 27 5 
1800 28 0 
1800 29 0 
1800 30 1 
1800 31 5 
1800 32 1 
1800 33 5 
1800 34 5 
1800 35 0 
1800 36 1 
1800 37 3 
1800 38 2 
1800 39 4 
1800 40 1 
1800 41 5 
1800 42 0 
1800 43 1 
1800 44 1 
1800 45 1 
1800 46 5 
1800 47 1 
1800 48 5 
1800 49 1 
1800 50 8 
1800 51 0 
1800 52 0 
1800 53 1 
1800 54 8 
1800 55 1 
1800 56 1 
1800 57 8 
1800 58 1 
1800 59 8 
1800 60 5 
1800 61 0 
1800 62 1 
1800 63 1 
1800 64 8 
1800 65 1 
1800 66 3 
1800 67 1 
1800 68 5 
1800 69 1 
1800 70 0 
1800 71 5 
1800 72 1 
1800 73 1 
1800 74 8 
1800 75 1 
1800 76 1 
1800 77 0 
1800 78 3 
1800 79 1 
1800 80 3 
1800 81 1 
1800 82 1 
1800 83 5 
1800 84 2 
1800 85 1 
1800 86 5 
1800 87 1 
1800 88 0 
1800 89 8 
1800 90 1 
1800 91 0 
1800 92 1 
1800 93 1 
1800 94 1 
1800 95 1 
1800 96 0 
1800 97 0 
1800 98 1 
1800 99 1 
1800 100 0 
1800 101 8 
1800 102 1 
1800 103 1 
1800 104 3 
1800 105 0 
1800 106 0 1 
1800 107 0 
1800 108 5 
1800 109 1 
1800 110 1 
1800 111 1 
1800 112 3 
1800 113 1 
1800 114 1 
1800 115 1 
1800 116 1 
1800 117 3 
1800 118 1 
1800 119 0 
1800 120 0 
1800 121 1 
1800 122 1 
1800 123 8 
1800 124 1 
1800 125 1 
1800 126 0 
1800 127 1 
1800 128 1 
1800 129 0 
1800 130 4 
1800 131 0 
1800 132 0 
1800 133 8 
1800 134 1 
1800 135 2 
1800 136 5 
1800 137 1 
1800 138 3 
1800 139 1 
1800 140 0 
1800 141 5 
1800 142 8 
1800 143 1 
1800 144 0 
1800 145 0 
1800 146 1 
1800 147 1 
1800 148 1 
1800 149 8 
0 7200 
2400 0 3 5 6 14 15 18 21 25 28 40 42 47 51 52 61 70 77 81 88 91 92 96 100 106 107 119 120 126 131 132 136 140 144 145 149 
2400 1 2 7 8 10 17 19 20 22 23 30 32 35 36 37 43 44 45 49 50 53 55 56 58 62 63 65 67 69 71 72 73 75 76 79 80 82 85 87 90 93 94 95 97 98 99 102 103 106 109 110 111 113 114 115 116 118 121 122 124 125 128 129 134 139 143 146 148 
2400 2 1 13 38 84 135 
2400 3 0 4 24 26 27 29 31 33 34 41 46 48 60 68 78 83 105 108 127 141 
2400 4 3 9 39 66 104 112 117 130 
2400 5 0 12 86 
2400 6 0 
2400 7 1 54 101 123 133 137 142 
2400 8 1 59 
2400 9 4 16 138 
2400 10 1 11 57 64 89 147 
2400 11 10 74 
2400 12 5 
2400 13 2 
2400 14 0 
2400 15 0 
2400 16 9 
2400 17 1 
2400 18 0 
2400 19 1 
2400 20 1 
2400 21 0 
2400 22 1 
2400 23 1 
2400 24 3 
2400 25 0 
2400 26 3 
2400 27 3 
2400 28 0 
2400 29 3 
2400 30 1 
2400 31 3 
2400 32 1 
2400 33 3 
2400 34 3 
2400 35 1 
2400 36 1 
2400 37 1 
2400 38 2 
2400 39 4 
2400 40 0 
2400 41 3 
2400 42 0 
2400 43 1 
2400 44 1 
2400 45 1 
2400 46 3 
2400 47 0 
2400 48 3 
2400 49 1 
2400 50 1 
2400 51 0 
2400 52 0 
2400 53 1 
2400 54 7 
2400 55 1 
2400 56 1 
2400 57 10 
2400 58 1 
2400 59 8 
2400 60 3 
2400 61 0 
2400 62 1 
2400 63 1 
2400 64 10 
2400 65 1 
2400 66 4 
2400 67 1 
2400 68 3 
2400 69 1 
2400 70 0 
2400 71 1 
2400 72 1 
2400 73 1 
2400 74 11 
2400 75 1 
2400 76 1 
2400 77 0 
2400 78 3 
2400 79 1 
2400 80 1 
2400 81 0 
2400 82 1 
2400 83 3 
2400 84 2 
2400 85 1 
2400 86 5 
2400 87 1 
2400 88 0 
2400 89 10 
2400 90 1 
2400 91 0 
2400 92 0 
2400 93 1 
2400 94 1 
2400 95 1 
2400 96 0 
2400 97 1 
2400 98 1 
2400 99 1 
2400 100 0 
2400 101 7 
2400 102 1 
2400 103 1 
2400 104 4 
2400 105 3 
2400 106 0 1 
2400 107 0 
2400 108 3 
2400 109 1 
2400 110 1 
2400 111 1 
2400 112 4 
2400 113 1 
2400 114 1 
2400 115 1 
2400 116 1 
2400 117 4 
2400 118 1 
2400 119 0 
2400 120 0 
2400 121 1 
2400 122 1 
2400 123 7 
2400 124 1 
2400 125 1 
2400 126 0 
2400 127 3 
2400 128 1 
2400 129 1 
2400 130 4 
2400 131 0 
2400 132 0 
2400 133 7 
2400 134 1 
2400 135 2 
2400 136 0 
2400 137 7 
2400 138 9 
2400 139 1 
2400 140 0 
2400 141 3 
2400 142 7 
2400 143 1 
2400 144 0 
2400 145 0 
2400 146 1 
2400 147 10 
2400 148 1 
2400 149 0 
0 7200 
3000 0 3 5 6 14 15 25 28 40 42 47 51 56 61 69 70 77 81 88 89 91 92 96 98 101 106 107 108 119 120 126 131 132 136 140 144 145 149 
3000 1 2 7 8 10 17 18 20 21 22 23 30 32 35 36 37 44 45 49 50 52 53 55 58 62 63 65 67 71 72 73 75 76 79 80 82 85 86 87 90 93 94 95 97 99 100 102 103 106 109 110 111 112 113 114 115 116 118 121 122 124 125 128 129 134 139 143 146 148 
3000 2 1 38 84 135 137 
3000 3 0 13 19 24 26 27 29 33 34 48 60 78 83 105 127 141 
3000 4 9 14 16 41 43 104 117 138 
3000 5 0 31 46 68 
3000 6 0 
3000 7 1 12 54 123 133 142 
3000 8 1 
3000 9 4 39 66 130 
3000 10 1 11 57 64 147 
3000 11 10 59 74 
3000 12 7 
3000 13 3 
3000 14 0 4 
3000 15 0 
3000 16 4 
3000 17 1 
3000 18 1 
3000 19 3 
3000 20 1 
3000 21 1 
3000 22 1 
3000 23 1 
3000 24 3 
3000 25 0 
3000 26 3 
3000 27 3 
3000 28 0 
3000 29 3 
3000 30 1 
3000 31 5 
3000 32 1 
3000 33 3 
3000 34 3 
3000 35 1 
3000 36 1 
3000 37 1 
3000 38 2 
3000 39 9 
3000 40 0 
3000 41 4 
3000 42 0 
3000 43 4 
3000 44 1 
3000 45 1 
3000 46 5 
3000 47 0 
3000 48 3 
3000 49 1 
3000 50 1 
3000 51 0 
3000 52 1 
3000 53 1 
3000 54 7 
3000 55 1 
3000 56 0 
3000 57 10 
3000 58 1 
3000 59 11 
3000 60 3 
3000 61 0 
3000 62 1 
3000 63 1 
3000 64 10 
3000 65 1 
3000 66 9 
3000 67 1 
3000 68 5 
3000 69 0 
3000 70 0 
3000 71 1 
3000 72 1 
3000 73 1 
3000 74 11 
3000 75 1 
3000 76 1 
3000 77 0 
3000 78 3 
3000 79 1 
3000 80 1 
3000 81 0 
3000 82 1 
3000 83 3 
3000 84 2 
3000 85 1 
3000 86 1 
3000 87 1 
3000 88 0 
3000 89 0 
3000 90 1 
3000 91 0 
3000 92 0 
3000 93 1 
3000 94 1 
3000 95 1 
3000 96 0 
3000 97 1 
3000 98 0 
3000 99 1 
3000 100 1 
3000 101 0 
3000 102 1 
3000 103 1 
3000 104 4 
3000 105 3 
3000 106 0 1 
3000 107 0 
3000 108 0 
3000 109 1 
3000 110 1 
3000 111 1 
3000 112 1 
3000 113 1 
3000 114 1 
3000 115 1 
3000 116 1 
3000 117 4 
3000 118 1 
3000 119 0 
3000 120 0 
3000 121 1 
3000 122 1 
3000 123 7 
3000 124 1 
3000 125 1 
3000 126 0 
3000 127 3 
3000 128 1 
3000 129 1 
3000 130 9 
3000 131 0 
3000 132 0 
3000 133 7 
3000 134 1 
3000 135 2 
3000 136 0 
3000 137 2 
3000 138 4 
3000 139 1 
3000 140 0 
3000 141 3 
3000 142 7 
3000 143 1 
3000 144 0 
3000 145 0 
3000 146 1 
3000 147 10 
3000 148 1 
3000 149 0 
0 7200 
3600 0 3 5 6 13 14 15 25 28 40 48 56 61 69 70 77 85 88 89 91 92 96 98 106 108 119 120 126 131 132 136 138 140 141 144 145 149 
3600 1 2 7 8 10 17 20 21 22 23 30 32 35 36 37 44 49 50 52 53 55 58 62 63 65 67 71 72 73 76 79 80 81 83 86 87 90 93 94 95 97 99 100 101 102 103 106 107 109 110 112 113 114 115 116 118 121 122 124 125 127 128 129 134 135 139 143 146 148 
3600 2 1 38 75 84 137 
3600 3 0 24 27 29 33 34 45 47 60 78 105 111 
3600 4 9 14 16 18 41 43 82 104 117 
3600 5 0 31 42 46 68 123 
3600 6 0 
3600 7 1 12 19 26 54 133 142 
3600 8 1 51 
3600 9 4 39 66 130 
3600 10 1 11 57 59 64 147 
3600 11 10 74 
3600 12 7 
3600 13 0 
3600 14 0 4 
3600 15 0 
3600 16 4 
3600 17 1 
3600 18 4 
3600 19 7 
3600 20 1 
3600 21 1 
3600 22 1 
3600 23 1 
3600 24 3 
3600 25 0 
3600 26 7 
3600 27 3 
3600 28 0 
3600 29 3 
3600 30 1 
3600 31 5 
3600 32 1 
3600 33 3 
3600 34 3 
3600 35 1 
3600 36 1 
3600 37 1 
3600 38 2 
3600 39 9 
3600 40 0 
3600 41 4 
3600 42 5 
3600 43 4 
3600 44 1 
3600 45 3 
3600 46 5 
3600 47 3 
3600 48 0 
3600 49 1 
3600 50 1 
3600 51 8 
3600 52 1 
3600 53 1 
3600 54 7 
3600 55 1 
3600 56 0 
3600 57 10 
3600 58 1 
3600 59 10 
3600 60 3 
3600 61 0 
3600 62 1 
3600 63 1 
3600 64 10 
3600 65 1 
3600 66 9 
3600 67 1 
3600 68 5 
3600 69 0 
3600 70 0 
3600 71 1 
3600 72 1 
3600 73 1 
3600 74 11 
3600 75 2 
3600 76 1 
3600 77 0 
3600 78 3 
3600 79 1 
3600 80 1 
3600 81 1 
3600 82 4 
3600 83 1 
3600 84 2 
3600 85 0 
3600 86 1 
3600 87 1 
3600 88 0 
3600 89 0 
3600 90 1 
3600 91 0 
3600 92 0 
3600 93 1 
3600 94 1 
3600 95 1 
3600 96 0 
3600 97 1 
3600 98 0 
3600 99 1 
3600 100 1 
3600 101 1 
3600 102 1 
3600 103 1 
3600 104 4 
3600 105 3 
3600 106 0 1 
3600 107 1 
3600 108 0 
3600 109 1 
3600 110 1 
3600 111 3 
3600 112 1 
3600 113 1 
3600 114 1 
3600 115 1 
3600 116 1 
3600 117 4 
3600 118 1 
3600 119 0 
3600 120 0 
3600 121 1 
3600 122 1 
3600 123 5 
3600 124 1 
3600 125 1 
3600 126 0 
3600 127 1 
3600 128 1 
3600 129 1 
3600 130 9 
3600 131 0 
3600 132 0 
3600 133 7 
3600 134 1 
3600 135 1 
3600 136 0 
3600 137 2 
3600 138 0 
3600 139 1 
3600 140 0 
3600 141 0 
3600 142 7 
3600 143 1 
3600 144 0 
3600 145 0 
3600 146 1 
3600 147 10 
3600 148 1 
3600 149 0 
0 7200 
4200 0 3 5 6 10 15 16 25 28 35 36 40 43 48 56 61 69 70 77 85 88 89 91 92 96 98 103 108 119 120 126 132 136 138 140 141 142 144 145 148 149 
4200 1 2 8 17 20 21 22 23 30 32 36 37 41 44 49 50 52 53 55 58 62 63 65 67 71 72 73 76 79 80 81 83 84 86 87 90 95 97 99 102 106 107 110 112 113 114 115 116 118 121 122 124 125 127 128 129 134 135 139 143 146 
4200 2 1 38 75 93 
4200 3 0 11 14 24 27 29 33 34 45 47 60 78 105 130 131 137 
4200 4 9 16 18 82 104 111 117 
4200 5 0 31 42 46 68 123 
4200 6 0 
4200 7 9 39 51 66 94 100 101 
4200 8 1 
4200 9 4 7 
4200 10 0 
4200 11 3 26 
4200 12 13 14 19 54 57 59 64 74 109 133 147 
4200 13 12 
4200 14 3 12 
4200 15 0 
4200 16 0 4 
4200 17 1 
4200 18 4 
4200 19 12 
4200 20 1 
4200 21 1 
4200 22 1 
4200 23 1 
4200 24 3 
4200 25 0 
4200 26 11 
4200 27 3 
4200 28 0 
4200 29 3 
4200 30 1 
4200 31 5 
4200 32 1 
4200 33 3 
4200 34 3 
4200 35 0 
4200 36 0 1 
4200 37 1 
4200 38 2 
4200 39 7 
4200 40 0 
4200 41 1 
4200 42 5 
4200 43 0 
4200 44 1 
4200 45 3 
4200 46 5 
4200 47 3 
4200 48 0 
4200 49 1 
4200 50 1 
4200 51 7 
4200 52 1 
4200 53 1 
4200 54 12 
4200 55 1 
4200 56 0 
4200 57 12 
4200 58 1 
4200 59 12 
4200 60 3 
4200 61 0 
4200 62 1 
4200 63 1 
4200 64 12 
4200 65 1 
4200 66 7 
4200 67 1 
4200 68 5 
4200 69 0 
4200 70 0 
4200 71 1 
4200 72 1 
4200 73 1 
4200 74 12 
4200 75 2 
4200 76 1 
4200 77 0 
4200 78 3 
4200 79 1 
4200 80 1 
4200 81 1 
4200 82 4 
4200 83 1 
4200 84 1 
4200 85 0 
4200 86 1 
4200 87 1 
4200 88 0 
4200 89 0 
4200 90 1 
4200 91 0 
4200 92 0 
4200 93 2 
4200 94 7 
4200 95 1 
4200 96 0 
4200 97 1 
4200 98 0 
4200 99 1 
4200 100 7 
4200 101 7 
4200 102 1 
4200 103 0 
4200 104 4 
4200 105 3 
4200 106 1 
4200 107 1 
4200 108 0 
4200 109 12 
4200 110 1 
4200 111 4 
4200 112 1 
4200 113 1 
4200 114 1 
4200 115 1 
4200 116 1 
4200 117 4 
4200 118 1 
4200 119 0 
4200 120 0 
4200 121 1 
4200 122 1 
4200 123 5 
4200 124 1 
4200 125 1 
4200 126 0 
4200 127 1 
4200 128 1 
4200 129 1 
4200 130 3 
4200 131 3 
4200 132 0 
4200 133 12 
4200 134 1 
4200 135 1 
4200 136 0 
4200 137 3 
4200 138 0 
4200 139 1 
4200 140 0 
4200 141 0 
4200 142 0 
4200 143 1 
4200 144 0 
4200 145 0 
4200 146 1 
4200 147 12 
4200 148 0 
4200 149 0 
0 7200 
4800 0 6 7 10 14 15 16 25 28 35 48 49 54 56 61 69 71 85 88 89 91 92 96 103 104 108 119 126 132 136 138 140 141 142 144 145 148 
4800 1 2 3 8 17 18 20 21 22 23 30 37 41 43 44 50 52 53 55 58 62 63 65 67 68 70 72 73 76 77 79 80 81 83 84 86 87 90 95 97 102 106 107 112 113 114 115 116 118 119 120 121 122 124 125 127 128 129 134 135 139 143 146 147 
4800 2 1 38 75 93 
4800 3 1 5 11 12 19 24 26 27 32 33 36 45 57 59 60 66 74 78 98 99 109 110 130 137 149 
4800 4 7 9 40 47 82 111 117 
4800 5 3 29 31 34 42 46 105 123 131 133 
4800 6 0 
4800 7 0 4 100 
4800 8 1 51 
4800 9 4 39 94 101 
4800 10 0 
4800 11 3 
4800 12 3 13 64 
4800 13 12 
4800 14 0 
4800 15 0 
4800 16 0 
4800 17 1 
4800 18 1 
4800 19 3 
4800 20 1 
4800 21 1 
4800 22 1 
4800 23 1 
4800 24 3 
4800 25 0 
4800 26 3 
4800 27 3 
4800 28 0 
4800 29 5 
4800 30 1 
4800 31 5 
4800 32 3 
4800 33 3 
4800 34 5 
4800 35 0 
4800 36 3 
4800 37 1 
4800 38 2 
4800 39 9 
4800 40 4 
4800 41 1 
4800 42 5 
4800 43 1 
4800 44 1 
4800 45 3 
4800 46 5 
4800 47 4 
4800 48 0 
4800 49 0 
4800 50 1 
4800 51 8 
4800 52 1 
4800 53 1 
4800 54 0 
4800 55 1 
4800 56 0 
4800 57 3 
4800 58 1 
4800 59 3 
4800 60 3 
4800 61 0 
4800 62 1 
4800 63 1 
4800 64 12 
4800 65 1 
4800 66 3 
4800 67 1 
4800 68 1 
4800 69 0 
4800 70 1 
4800 71 0 
4800 72 1 
4800 73 1 
4800 74 3 
4800 75 2 
4800 76 1 
4800 77 1 
4800 78 3 
4800 79 1 
4800 80 1 
4800 81 1 
4800 82 4 
4800 83 1 
4800 84 1 
4800 85 0 
4800 86 1 
4800 87 1 
4800 88 0 
4800 89 0 
4800 90 1 
4800 91 0 
4800 92 0 
4800 93 2 
4800 94 9 
4800 95 1 
4800 96 0 
4800 97 1 
4800 98 3 
4800 99 3 
4800 100 7 
4800 101 9 
4800 102 1 
4800 103 0 
4800 104 0 
4800 105 5 
4800 106 1 
4800 107 1 
4800 108 0 
4800 109 3 
4800 110 3 
4800 111 4 
4800 112 1 
4800 113 1 
4800 114 1 
4800 115 1 
4800 116 1 
4800 117 4 
4800 118 1 
4800 119 0 1 
4800 120 1 
4800 121 1 
4800 122 1 
4800 123 5 
4800 124 1 
4800 125 1 
4800 126 0 
4800 127 1 
4800 128 1 
4800 129 1 
4800 130 3 
4800 131 5 
4800 132 0 
4800 133 5 
4800 134 1 
4800 135 1 
4800 136 0 
4800 137 3 
4800 138 0 
4800 139 1 
4800 140 0 
4800 141 0 
4800 142 0 
4800 143 1 
4800 144 0 
4800 145 0 
4800 146 1 
4800 147 1 
4800 148 0 
4800 149 3 
0 7200 
5400 0 6 7 10 14 15 16 25 28 31 35 42 48 54 61 69 85 88 89 92 96 97 103 105 108 119 120 125 126 132 136 138 141 142 144 145 148 
5400 1 2 3 17 18 20 21 22 23 30 34 37 41 43 44 52 53 55 56 58 62 63 65 67 70 71 72 73 74 76 77 78 79 81 82 83 84 86 87 90 95 102 104 106 107 112 113 114 115 116 118 119 121 122 124 127 128 129 131 134 135 139 140 143 146 
5400 2 1 38 49 50 75 93 
5400 3 1 5 8 11 19 24 26 27 32 33 36 45 51 57 59 60 66 80 98 109 110 130 137 149 
5400 4 7 9 40 47 68 111 117 
5400 5 3 12 29 46 91 123 133 
5400 6 0 
5400 7 0 4 99 100 
5400 8 3 
5400 9 4 39 94 101 147 
5400 10 0 
5400 11 3 
5400 12 5 
5400 13 19 64 
5400 14 0 
5400 15 0 
5400 16 0 
5400 17 1 
5400 18 1 
5400 19 3 13 
5400 20 1 
5400 21 1 
5400 22 1 
5400 23 1 
5400 24 3 
5400 25 0 
5400 26 3 
5400 27 3 
5400 28 0 
5400 29 5 
5400 30 1 
5400 31 0 
5400 32 3 
5400 33 3 
5400 34 1 
5400 35 0 
5400 36 3 
5400 37 1 
5400 38 2 
5400 39 9 
5400 40 4 
5400 41 1 
5400 42 0 
5400 43 1 
5400 44 1 
5400 45 3 
5400 46 5 
5400 47 4 
5400 48 0 
5400 49 2 
5400 50 2 
5400 51 3 
5400 52 1 
5400 53 1 
5400 54 0 
5400 55 1 
5400 56 1 
5400 57 3 
5400 58 1 
5400 59 3 
5400 60 3 
5400 61 0 
5400 62 1 
5400 63 1 
5400 64 13 
5400 65 1 
5400 66 3 
5400 67 1 
5400 68 4 
5400 69 0 
5400 70 1 
5400 71 1 
5400 72 1 
5400 73 1 
5400 74 1 
5400 75 2 
5400 76 1 
5400 77 1 
5400 78 1 
5400 79 1 
5400 80 3 
5400 81 1 
5400 82 1 
5400 83 1 
5400 84 1 
5400 85 0 
5400 86 1 
5400 87 1 
5400 88 0 
5400 89 0 
5400 90 1 
5400 91 5 
5400 92 0 
5400 93 2 
5400 94 9 
5400 95 1 
5400 96 0 
5400 97 0 
5400 98 3 
5400 99 7 
5400 100 7 
5400 101 9 
5400 102 1 
5400 103 0 
5400 104 1 
5400 105 0 
5400 106 1 
5400 107 1 
5400 108 0 
5400 109 3 
5400 110 3 
5400 111 4 
5400 112 1 
5400 113 1 
5400 114 1 
5400 115 1 
5400 116 1 
5400 117 4 
5400 118 1 
5400 119 0 1 
5400 120 0 
5400 121 1 
5400 122 1 
5400 123 5 
5400 124 1 
5400 125 0 
5400 126 0 
5400 127 1 
5400 128 1 
5400 129 1 
5400 130 3 
5400 131 1 
5400 132 0 
5400 133 5 
5400 134 1 
5400 135 1 
5400 136 0 
5400 137 3 
5400 138 0 
5400 139 1 
5400 140 1 
5400 141 0 
5400 142 0 
5400 143 1 
5400 144 0 
5400 145 0 
5400 146 1 
5400 147 9 
5400 148 0 
5400 149 3 
0 7200 
6000 0 6 7 14 15 16 25 28 31 41 42 48 51 54 61 63 69 85 87 88 89 92 96 97 103 104 105 108 119 120 125 126 129 132 136 141 142 143 144 145 148 
6000 1 2 9 10 13 17 18 20 21 22 23 27 30 33 34 37 41 43 44 47 52 53 55 56 58 62 65 67 70 71 72 73 74 76 77 78 79 81 82 84 86 90 94 95 102 106 107 112 113 114 115 116 118 121 122 124 127 128 130 131 134 135 138 139 140 146 
6000 2 1 38 49 50 75 93 98 
6000 3 4 7 39 40 68 99 100 101 111 117 
6000 4 3 147 
6000 5 6 8 11 12 24 29 35 36 45 46 60 83 91 123 133 137 149 
6000 6 0 5 
6000 7 0 3 
6000 8 5 26 32 59 80 109 110 
6000 9 1 
6000 10 1 
6000 11 5 
6000 12 5 
6000 13 1 
6000 14 0 
6000 15 0 
6000 16 0 
6000 17 1 
6000 18 1 
6000 19 20 57 64 66 
6000 20 1 19 
6000 21 1 
6000 22 1 
6000 23 1 
6000 24 5 
6000 25 0 
6000 26 8 
6000 27 1 
6000 28 0 
6000 29 5 
6000 30 1 
6000 31 0 
6000 32 8 
6000 33 1 
6000 34 1 
6000 35 5 
6000 36 5 
6000 37 1 
6000 38 2 
6000 39 3 
6000 40 3 
6000 41 0 1 
6000 42 0 
6000 43 1 
6000 44 1 
6000 45 5 
6000 46 5 
6000 47 1 
6000 48 0 
6000 49 2 
6000 50 2 
6000 51 0 
6000 52 1 
6000 53 1 
6000 54 0 
6000 55 1 
6000 56 1 
6000 57 19 
6000 58 1 
6000 59 8 
6000 60 5 
6000 61 0 
6000 62 1 
6000 63 0 
6000 64 19 
6000 65 1 
6000 66 19 
6000 67 1 
6000 68 3 
6000 69 0 
6000 70 1 
6000 71 1 
6000 72 1 
6000 73 1 
6000 74 1 
6000 75 2 
6000 76 1 
6000 77 1 
6000 78 1 
6000 79 1 
6000 80 8 
6000 81 1 
6000 82 1 
6000 83 5 
6000 84 1 
6000 85 0 
6000 86 1 
6000 87 0 
6000 88 0 
6000 89 0 
6000 90 1 
6000 91 5 
6000 92 0 
6000 93 2 
6000 94 1 
6000 95 1 
6000 96 0 
6000 97 0 
6000 98 2 
6000 99 3 
6000 100 3 
6000 101 3 
6000 102 1 
6000 103 0 
6000 104 0 
6000 105 0 
6000 106 1 
6000 107 1 
6000 108 0 
6000 109 8 
6000 110 8 
6000 111 3 
6000 112 1 
6000 113 1 
6000 114 1 
6000 115 1 
6000 116 1 
6000 117 3 
6000 118 1 
6000 119 0 
6000 120 0 
6000 121 1 
6000 122 1 
6000 123 5 
6000 124 1 
6000 125 0 
6000 126 0 
6000 127 1 
6000 128 1 
6000 129 0 
6000 130 1 
6000 131 1 
6000 132 0 
6000 133 5 
6000 134 1 
6000 135 1 
6000 136 0 
6000 137 5 
6000 138 1 
6000 139 1 
6000 140 1 
6000 141 0 
6000 142 0 
6000 143 0 
6000 144 0 
6000 145 0 
6000 146 1 
6000 147 4 
6000 148 0 
6000 149 5 
0 7200 
6600 0 6 7 14 15 16 19 25 28 31 42 51 54 58 61 63 65 69 87 88 89 92 96 97 103 104 105 108 117 119 125 126 129 132 136 141 142 143 144 145 148 
6600 1 2 9 10 13 17 18 20 21 22 23 27 30 33 34 37 43 44 52 53 55 56 62 67 70 71 72 73 74 76 77 78 79 81 82 86 90 94 95 100 102 104 106 107 113 114 115 116 118 121 122 124 127 128 130 131 134 135 138 139 140 146 149 
6600 2 1 38 50 75 93 98 
6600 3 4 7 39 40 68 99 101 111 
6600 4 3 147 
6600 5 6 8 11 12 24 29 35 36 45 46 60 83 84 91 109 120 123 133 137 
6600 6 0 5 
6600 7 0 3 
6600 8 5 26 32 47 48 59 80 85 110 
6600 9 1 
6600 10 1 
6600 11 5 
6600 12 5 
6600 13 1 
6600 14 0 
6600 15 0 
6600 16 0 
6600 17 1 
6600 18 1 
6600 19 0 
6600 20 1 
6600 21 1 
6600 22 1 
6600 23 1 
6600 24 5 
6600 25 0 
6600 26 8 41 49 57 64 66 112 
6600 27 1 
6600 28 0 
6600 29 5 
6600 30 1 
6600 31 0 
6600 32 8 
6600 33 1 
6600 34 1 
6600 35 5 
6600 36 5 
6600 37 1 
6600 38 2 
6600 39 3 
6600 40 3 
6600 41 26 
6600 42 0 
6600 43 1 
6600 44 1 
6600 45 5 
6600 46 5 
6600 47 8 
6600 48 8 
6600 49 26 
6600 50 2 
6600 51 0 
6600 52 1 
6600 53 1 
6600 54 0 
6600 55 1 
6600 56 1 
6600 57 26 
6600 58 0 
6600 59 8 
6600 60 5 
6600 61 0 
6600 62 1 
6600 63 0 
6600 64 26 
6600 65 0 
6600 66 26 
6600 67 1 
6600 68 3 
6600 69 0 
6600 70 1 
6600 71 1 
6600 72 1 
6600 73 1 
6600 74 1 
6600 75 2 
6600 76 1 
6600 77 1 
6600 78 1 
6600 79 1 
6600 80 8 
6600 81 1 
6600 82 1 
6600 83 5 
6600 84 5 
6600 85 8 
6600 86 1 
6600 87 0 
6600 88 0 
6600 89 0 
6600 90 1 
6600 91 5 
6600 92 0 
6600 93 2 
6600 94 1 
6600 95 1 
6600 96 0 
6600 97 0 
6600 98 2 
6600 99 3 
6600 100 1 
6600 101 3 
6600 102 1 
6600 103 0 
6600 104 0 1 
6600 105 0 
6600 106 1 
6600 107 1 
6600 108 0 
6600 109 5 
6600 110 8 
6600 111 3 
6600 112 26 
6600 113 1 
6600 114 1 
6600 115 1 
6600 116 1 
6600 117 0 
6600 118 1 
6600 119 0 
6600 120 5 
6600 121 1 
6600 122 1 
6600 123 5 
6600 124 1 
6600 125 0 
6600 126 0 
6600 127 1 
6600 128 1 
6600 129 0 
6600 130 1 
6600 131 1 
6600 132 0 
6600 133 5 
6600 134 1 
6600 135 1 
6600 136 0 
6600 137 5 
6600 138 1 
6600 139 1 
6600 140 1 
6600 141 0 
6600 142 0 
6600 143 0 
6600 144 0 
6600 145 0 
6600 146 1 
6600 147 4 
6600 148 0 
6600 149 1 
0 7200 
7200 0 7 9 14 15 19 27 28 31 50 51 54 58 61 65 69 71 87 89 92 96 97 101 103 105 108 117 119 125 126 129 132 136 141 142 143 144 145 148 
7200 1 2 10 13 16 17 18 20 21 22 23 25 30 33 34 37 38 43 44 47 52 53 55 56 62 63 67 70 72 73 74 76 77 78 79 81 82 86 90 94 95 100 101 102 106 107 113 114 116 118 121 122 124 127 128 130 131 134 135 139 140 146 149 
7200 2 1 75 83 93 98 
7200 3 4 7 39 40 42 68 99 111 
7200 4 3 147 
7200 5 8 10 11 12 24 29 35 36 45 46 60 84 88 91 109 120 123 133 137 138 
7200 6 10 26 32 41 48 49 57 59 64 66 80 85 104 110 112 115 
7200 7 0 3 
7200 8 5 
7200 9 0 
7200 10 1 5 6 
7200 11 5 
7200 12 5 
7200 13 1 
7200 14 0 
7200 15 0 
7200 16 1 
7200 17 1 
7200 18 1 
7200 19 0 
7200 20 1 
7200 21 1 
7200 22 1 
7200 23 1 
7200 24 5 
7200 25 1 
7200 26 6 
7200 27 0 
7200 28 0 
7200 29 5 
7200 30 1 
7200 31 0 
7200 32 6 
7200 33 1 
7200 34 1 
7200 35 5 
7200 36 5 
7200 37 1 
7200 38 1 
7200 39 3 
7200 40 3 
7200 41 6 
7200 42 3 
7200 43 1 
7200 44 1 
7200 45 5 
7200 46 5 
7200 47 1 
7200 48 6 
7200 49 6 
7200 50 0 
7200 51 0 
7200 52 1 
7200 53 1 
7200 54 0 
7200 55 1 
7200 56 1 
7200 57 6 
7200 58 0 
7200 59 6 
7200 60 5 
7200 61 0 
7200 62 1 
7200 63 1 
7200 64 6 
7200 65 0 
7200 66 6 
7200 67 1 
7200 68 3 
7200 69 0 
7200 70 1 
7200 71 0 
7200 72 1 
7200 73 1 
7200 74 1 
7200 75 2 
7200 76 1 
7200 77 1 
7200 78 1 
7200 79 1 
7200 80 6 
7200 81 1 
7200 82 1 
7200 83 2 
7200 84 5 
7200 85 6 
7200 86 1 
7200 87 0 
7200 88 5 
7200 89 0 
7200 90 1 
7200 91 5 
7200 92 0 
7200 93 2 
7200 94 1 
7200 95 1 
7200 96 0 
7200 97 0 
7200 98 2 
7200 99 3 
7200 100 1 
7200 101 0 1 
7200 102 1 
7200 103 0 
7200 104 6 
7200 105 0 
7200 106 1 
7200 107 1 
7200 108 0 
7200 109 5 
7200 110 6 
7200 111 3 
7200 112 6 
7200 113 1 
7200 114 1 
7200 115 6 
7200 116 1 
7200 117 0 
7200 118 1 
7200 119 0 
7200 120 5 
7200 121 1 
7200 122 1 
7200 123 5 
7200 124 1 
7200 125 0 
7200 126 0 
7200 127 1 
7200 128 1 
7200 129 0 
7200 130 1 
7200 131 1 
7200 132 0 
7200 133 5 
7200 134 1 
7200 135 1 
7200 136 0 
7200 137 5 
7200 138 5 
7200 139 1 
7200 140 1 
7200 141 0 
7200 142 0 
7200 143 0 
7200 144 0 
7200 145 0 
7200 146 1 
7200 147 4 
7200 148 0 
7200 149 1 
