0 7200 
0 0 1 6 7 8 10 11 14 17 19 26 29 33 36 38 40 41 44 47 48 50 53 58 82 84 87 89 94 96 98 100 101 105 109 111 112 113 117 118 122 123 127 128 129 136 139 149 152 154 155 160 162 167 170 172 176 179 182 184 188 197 198 202 206 212 214 216 219 220 222 227 228 232 238 239 242 
0 1 0 5 9 21 27 28 31 46 56 63 65 66 70 73 74 75 77 79 83 85 93 116 119 121 124 126 130 132 137 138 140 146 147 157 164 168 174 196 204 205 211 218 225 237 
0 2 4 5 12 13 15 18 23 24 25 37 39 43 45 49 52 54 55 59 60 69 72 76 78 80 81 86 88 90 91 95 97 103 104 108 110 120 125 134 135 142 144 145 148 151 153 158 159 175 177 178 180 181 183 185 186 191 192 193 194 195 199 200 207 209 210 213 217 221 224 226 229 230 234 235 236 240 247 248 249 
0 3 6 20 22 30 32 34 35 42 51 57 61 64 67 68 71 106 107 115 131 133 141 143 150 156 161 163 165 166 169 187 189 201 208 215 223 231 233 241 243 244 246 
0 4 2 190 203 
0 5 1 2 16 62 92 99 102 114 171 173 245 
0 6 0 3 
0 7 0 
0 8 0 
0 9 1 
0 10 0 
0 11 0 
0 12 2 
0 13 2 
0 14 0 
0 15 2 
0 16 5 
0 17 0 
0 18 2 
0 19 0 
0 20 3 
0 21 1 
0 22 3 
0 23 2 
0 24 2 
0 25 2 
0 26 0 
0 27 1 
0 28 1 
0 29 0 
0 30 3 
0 31 1 
0 32 3 
0 33 0 
0 34 3 
0 35 3 
0 36 0 
0 37 2 
0 38 0 
0 39 2 
0 40 0 
0 41 0 
0 42 3 
0 43 2 
0 44 0 
0 45 2 
0 46 1 
0 47 0 
0 48 0 
0 49 2 
0 50 0 
0 51 3 
0 52 2 
0 53 0 
0 54 2 
0 55 2 
0 56 1 
0 57 3 
0 58 0 
0 59 2 
0 60 2 
0 61 3 
0 62 5 
0 63 1 
0 64 3 
0 65 1 
0 66 1 
0 67 3 
0 68 3 
0 69 2 
0 70 1 
0 71 3 
0 72 2 
0 73 1 
0 74 1 
0 75 1 
0 76 2 
0 77 1 
0 78 2 
0 79 1 
0 80 2 
0 81 2 
0 82 0 
0 83 1 
0 84 0 
0 85 1 
0 86 2 
0 87 0 
0 88 2 
0 89 0 
0 90 2 
0 91 2 
0 92 5 
0 93 1 
0 94 0 
0 95 2 
0 96 0 
0 97 2 
0 98 0 
0 99 5 
0 100 0 
0 101 0 
0 102 5 
0 103 2 
0 104 2 
0 105 0 
0 106 3 
0 107 3 
0 108 2 
0 109 0 
0 110 2 
0 111 0 
0 112 0 
0 113 0 
0 114 5 
0 115 3 
0 116 1 
0 117 0 
0 118 0 
0 119 1 
0 120 2 
0 121 1 
0 122 0 
0 123 0 
0 124 1 
0 125 2 
0 126 1 
0 127 0 
0 128 0 
0 129 0 
0 130 1 
0 131 3 
0 132 1 
0 133 3 
0 134 2 
0 135 2 
0 136 0 
0 137 1 
0 138 1 
0 139 0 
0 140 1 
0 141 3 
0 142 2 
0 143 3 
0 144 2 
0 145 2 
0 146 1 
0 147 1 
0 148 2 
0 149 0 
0 150 3 
0 151 2 
0 152 0 
0 153 2 
0 154 0 
0 155 0 
0 156 3 
0 157 1 
0 158 2 
0 159 2 
0 160 0 
0 161 3 
0 162 0 
0 163 3 
0 164 1 
0 165 3 
0 166 3 
0 167 0 
0 168 1 
0 169 3 
0 170 0 
0 171 5 
0 172 0 
0 173 5 
0 174 1 
0 175 2 
0 176 0 
0 177 2 
0 178 2 
0 179 0 
0 180 2 
0 181 2 
0 182 0 
0 183 2 
0 184 0 
0 185 2 
0 186 2 
0 187 3 
0 188 0 
0 189 3 
0 190 4 
0 191 2 
0 192 2 
0 193 2 
0 194 2 
0 195 2 
0 196 1 
0 197 0 
0 198 0 
0 199 2 
0 200 2 
0 201 3 
0 202 0 
0 203 4 
0 204 1 
0 205 1 
0 206 0 
0 207 2 
0 208 3 
0 209 2 
0 210 2 
0 211 1 
0 212 0 
0 213 2 
0 214 0 
0 215 3 
0 216 0 
0 217 2 
0 218 1 
0 219 0 
0 220 0 
0 221 2 
0 222 0 
0 223 3 
0 224 2 
0 225 1 
0 226 2 
0 227 0 
0 228 0 
0 229 2 
0 230 2 
0 231 3 
0 232 0 
0 233 3 
0 234 2 
0 235 2 
0 236 2 
0 237 1 
0 238 0 
0 239 0 
0 240 2 
0 241 3 
0 242 0 
0 243 3 
0 244 3 
0 245 5 
0 246 3 
0 247 2 
0 248 2 
0 249 2 
0 7200 
600 0 1 7 10 11 14 17 19 26 29 36 38 40 41 44 47 48 50 53 58 60 82 84 86 87 89 94 96 98 100 101 105 106 109 111 112 113 117 118 122 127 128 129 142 149 152 154 155 157 158 160 167 172 175 176 179 182 184 194 197 198 202 212 216 219 220 222 227 228 232 238 242 
600 1 0 5 9 15 21 27 28 31 35 46 56 63 65 66 70 73 74 75 77 79 83 85 93 116 119 121 124 126 132 137 138 140 146 147 162 164 168 170 174 181 188 204 205 211 218 225 231 237 243 
600 2 4 5 6 8 12 13 18 23 24 25 33 37 43 45 49 52 54 55 59 69 72 76 78 80 81 88 90 91 95 97 103 104 108 110 120 123 125 130 134 135 139 144 145 148 151 153 159 173 177 178 180 183 185 187 191 192 193 195 199 206 207 209 210 213 217 221 224 226 229 230 234 235 236 239 240 246 247 248 249 
600 3 7 20 22 30 32 34 39 42 51 57 61 64 67 68 71 99 107 115 131 133 141 143 150 156 161 163 166 169 186 189 196 200 201 208 214 215 223 233 241 244 
600 4 2 190 203 
600 5 1 2 16 62 92 102 114 136 165 171 245 
600 6 2 
600 7 0 3 
600 8 2 
600 9 1 
600 10 0 
600 11 0 
600 12 2 
600 13 2 
600 14 0 
600 15 1 
600 16 5 
600 17 0 
600 18 2 
600 19 0 
600 20 3 
600 21 1 
600 22 3 
600 23 2 
600 24 2 
600 25 2 
600 26 0 
600 27 1 
600 28 1 
600 29 0 
600 30 3 
600 31 1 
600 32 3 
600 33 2 
600 34 3 
600 35 1 
600 36 0 
600 37 2 
600 38 0 
600 39 3 
600 40 0 
600 41 0 
600 42 3 
600 43 2 
600 44 0 
600 45 2 
600 46 1 
600 47 0 
600 48 0 
600 49 2 
600 50 0 
600 51 3 
600 52 2 
600 53 0 
600 54 2 
600 55 2 
600 56 1 
600 57 3 
600 58 0 
600 59 2 
600 60 0 
600 61 3 
600 62 5 
600 63 1 
600 64 3 
600 65 1 
600 66 1 
600 67 3 
600 68 3 
600 69 2 
600 70 1 
600 71 3 
600 72 2 
600 73 1 
600 74 1 
600 75 1 
600 76 2 
600 77 1 
600 78 2 
600 79 1 
600 80 2 
600 81 2 
600 82 0 
600 83 1 
600 84 0 
600 85 1 
600 86 0 
600 87 0 
600 88 2 
600 89 0 
600 90 2 
600 91 2 
600 92 5 
600 93 1 
600 94 0 
600 95 2 
600 96 0 
600 97 2 
600 98 0 
600 99 3 
600 100 0 
600 101 0 
600 102 5 
600 103 2 
600 104 2 
600 105 0 
600 106 0 
600 107 3 
600 108 2 
600 109 0 
600 110 2 
600 111 0 
600 112 0 
600 113 0 
600 114 5 
600 115 3 
600 116 1 
600 117 0 
600 118 0 
600 119 1 
600 120 2 
600 121 1 
600 122 0 
600 123 2 
600 124 1 
600 125 2 
600 126 1 
600 127 0 
600 128 0 
600 129 0 
600 130 2 
600 131 3 
600 132 1 
600 133 3 
600 134 2 
600 135 2 
600 136 5 
600 137 1 
600 138 1 
600 139 2 
600 140 1 
600 141 3 
600 142 0 
600 143 3 
600 144 2 
600 145 2 
600 146 1 
600 147 1 
600 148 2 
600 149 0 
600 150 3 
600 151 2 
600 152 0 
600 153 2 
600 154 0 
600 155 0 
600 156 3 
600 157 0 
600 158 0 
600 159 2 
600 160 0 
600 161 3 
600 162 1 
600 163 3 
600 164 1 
600 165 5 
600 166 3 
600 167 0 
600 168 1 
600 169 3 
600 170 1 
600 171 5 
600 172 0 
600 173 2 
600 174 1 
600 175 0 
600 176 0 
600 177 2 
600 178 2 
600 179 0 
600 180 2 
600 181 1 
600 182 0 
600 183 2 
600 184 0 
600 185 2 
600 186 3 
600 187 2 
600 188 1 
600 189 3 
600 190 4 
600 191 2 
600 192 2 
600 193 2 
600 194 0 
600 195 2 
600 196 3 
600 197 0 
600 198 0 
600 199 2 
600 200 3 
600 201 3 
600 202 0 
600 203 4 
600 204 1 
600 205 1 
600 206 2 
600 207 2 
600 208 3 
600 209 2 
600 210 2 
600 211 1 
600 212 0 
600 213 2 
600 214 3 
600 215 3 
600 216 0 
600 217 2 
600 218 1 
600 219 0 
600 220 0 
600 221 2 
600 222 0 
600 223 3 
600 224 2 
600 225 1 
600 226 2 
600 227 0 
600 228 0 
600 229 2 
600 230 2 
600 231 1 
600 232 0 
600 233 3 
600 234 2 
600 235 2 
600 236 2 
600 237 1 
600 238 0 
600 239 2 
600 240 2 
600 241 3 
600 242 0 
600 243 1 
600 244 3 
600 245 5 
600 246 2 
600 247 2 
600 248 2 
600 249 2 
0 7200 
1200 0 1 5 7 10 11 12 14 20 29 38 40 41 44 47 48 50 53 58 60 61 65 82 84 86 87 89 94 96 97 101 105 106 109 111 112 113 117 118 122 127 128 129 142 149 152 154 155 158 160 167 172 174 179 182 184 189 194 197 198 202 205 212 216 220 222 224 225 227 228 232 242 
1200 1 0 9 15 19 21 27 28 31 35 46 56 63 70 73 74 75 77 79 85 93 98 116 119 121 124 126 132 133 137 138 140 146 147 162 164 166 168 170 188 204 211 217 218 231 237 238 243 
1200 2 4 6 8 13 17 18 19 23 24 25 33 37 43 45 49 54 55 59 67 68 69 72 76 78 81 83 88 90 91 95 102 103 104 108 110 120 123 125 130 134 135 136 139 144 145 148 151 153 156 157 159 173 176 177 178 180 183 185 187 191 192 193 195 199 207 209 210 213 221 226 229 230 234 235 236 239 240 246 248 249 
1200 3 5 22 26 30 32 34 39 42 51 57 64 71 80 99 100 107 115 131 141 143 150 163 169 175 181 186 196 200 201 206 208 214 215 219 223 233 241 244 247 
1200 4 2 190 203 
1200 5 0 3 
1200 6 2 
1200 7 0 
1200 8 2 
1200 9 1 16 36 52 62 66 92 114 161 165 171 245 
1200 10 0 
1200 11 0 
1200 12 0 
1200 13 2 
1200 14 0 
1200 15 1 
1200 16 9 
1200 17 2 
1200 18 2 
1200 19 1 2 
1200 20 0 
1200 21 1 
1200 22 3 
1200 23 2 
1200 24 2 
1200 25 2 
1200 26 3 
1200 27 1 
1200 28 1 
1200 29 0 
1200 30 3 
1200 31 1 
1200 32 3 
1200 33 2 
1200 34 3 
1200 35 1 
1200 36 9 
1200 37 2 
1200 38 0 
1200 39 3 
1200 40 0 
1200 41 0 
1200 42 3 
1200 43 2 
1200 44 0 
1200 45 2 
1200 46 1 
1200 47 0 
1200 48 0 
1200 49 2 
1200 50 0 
1200 51 3 
1200 52 9 
1200 53 0 
1200 54 2 
1200 55 2 
1200 56 1 
1200 57 3 
1200 58 0 
1200 59 2 
1200 60 0 
1200 61 0 
1200 62 9 
1200 63 1 
1200 64 3 
1200 65 0 
1200 66 9 
1200 67 2 
1200 68 2 
1200 69 2 
1200 70 1 
1200 71 3 
1200 72 2 
1200 73 1 
1200 74 1 
1200 75 1 
1200 76 2 
1200 77 1 
1200 78 2 
1200 79 1 
1200 80 3 
1200 81 2 
1200 82 0 
1200 83 2 
1200 84 0 
1200 85 1 
1200 86 0 
1200 87 0 
1200 88 2 
1200 89 0 
1200 90 2 
1200 91 2 
1200 92 9 
1200 93 1 
1200 94 0 
1200 95 2 
1200 96 0 
1200 97 0 
1200 98 1 
1200 99 3 
1200 100 3 
1200 101 0 
1200 102 2 
1200 103 2 
1200 104 2 
1200 105 0 
1200 106 0 
1200 107 3 
1200 108 2 
1200 109 0 
1200 110 2 
1200 111 0 
1200 112 0 
1200 113 0 
1200 114 9 
1200 115 3 
1200 116 1 
1200 117 0 
1200 118 0 
1200 119 1 
1200 120 2 
1200 121 1 
1200 122 0 
1200 123 2 
1200 124 1 
1200 125 2 
1200 126 1 
1200 127 0 
1200 128 0 
1200 129 0 
1200 130 2 
1200 131 3 
1200 132 1 
1200 133 1 
1200 134 2 
1200 135 2 
1200 136 2 
1200 137 1 
1200 138 1 
1200 139 2 
1200 140 1 
1200 141 3 
1200 142 0 
1200 143 3 
1200 144 2 
1200 145 2 
1200 146 1 
1200 147 1 
1200 148 2 
1200 149 0 
1200 150 3 
1200 151 2 
1200 152 0 
1200 153 2 
1200 154 0 
1200 155 0 
1200 156 2 
1200 157 2 
1200 158 0 
1200 159 2 
1200 160 0 
1200 161 9 
1200 162 1 
1200 163 3 
1200 164 1 
1200 165 9 
1200 166 1 
1200 167 0 
1200 168 1 
1200 169 3 
1200 170 1 
1200 171 9 
1200 172 0 
1200 173 2 
1200 174 0 
1200 175 3 
1200 176 2 
1200 177 2 
1200 178 2 
1200 179 0 
1200 180 2 
1200 181 3 
1200 182 0 
1200 183 2 
1200 184 0 
1200 185 2 
1200 186 3 
1200 187 2 
1200 188 1 
1200 189 0 
1200 190 4 
1200 191 2 
1200 192 2 
1200 193 2 
1200 194 0 
1200 195 2 
1200 196 3 
1200 197 0 
1200 198 0 
1200 199 2 
1200 200 3 
1200 201 3 
1200 202 0 
1200 203 4 
1200 204 1 
1200 205 0 
1200 206 3 
1200 207 2 
1200 208 3 
1200 209 2 
1200 210 2 
1200 211 1 
1200 212 0 
1200 213 2 
1200 214 3 
1200 215 3 
1200 216 0 
1200 217 1 
1200 218 1 
1200 219 3 
1200 220 0 
1200 221 2 
1200 222 0 
1200 223 3 
1200 224 0 
1200 225 0 
1200 226 2 
1200 227 0 
1200 228 0 
1200 229 2 
1200 230 2 
1200 231 1 
1200 232 0 
1200 233 3 
1200 234 2 
1200 235 2 
1200 236 2 
1200 237 1 
1200 238 1 
1200 239 2 
1200 240 2 
1200 241 3 
1200 242 0 
1200 243 1 
1200 244 3 
1200 245 9 
1200 246 2 
1200 247 3 
1200 248 2 
1200 249 2 
0 7200 
1800 0 1 7 10 11 12 14 20 29 38 40 41 44 47 48 50 53 58 60 61 64 65 82 84 86 87 92 94 96 97 101 105 106 108 109 111 112 113 117 122 123 126 127 128 129 139 142 143 149 152 154 155 158 160 162 164 167 172 174 179 184 189 194 197 198 202 205 212 214 215 216 220 222 224 225 227 228 229 232 240 242 
1800 1 0 9 15 19 21 27 31 35 42 46 56 63 70 73 74 77 79 85 93 95 98 116 118 119 121 124 132 133 137 140 146 147 166 170 173 204 211 217 218 231 237 238 243 
1800 2 4 6 8 13 17 18 19 23 24 25 28 33 37 43 45 49 54 59 68 69 72 76 78 81 83 88 90 91 102 103 104 110 120 125 130 134 135 136 144 145 148 151 153 156 157 159 161 168 176 177 178 180 182 183 185 187 188 191 192 193 195 199 207 209 210 213 221 226 230 234 235 236 239 246 248 249 
1800 3 7 22 26 30 32 39 51 57 67 71 80 89 99 100 107 114 115 131 138 141 150 163 169 175 181 186 196 200 201 206 208 219 223 233 241 244 247 
1800 4 2 190 203 
1800 5 9 16 34 36 52 55 62 66 75 165 171 245 
1800 6 2 
1800 7 0 3 
1800 8 2 
1800 9 1 5 
1800 10 0 
1800 11 0 
1800 12 0 
1800 13 2 
1800 14 0 
1800 15 1 
1800 16 5 
1800 17 2 
1800 18 2 
1800 19 1 2 
1800 20 0 
1800 21 1 
1800 22 3 
1800 23 2 
1800 24 2 
1800 25 2 
1800 26 3 
1800 27 1 
1800 28 2 
1800 29 0 
1800 30 3 
1800 31 1 
1800 32 3 
1800 33 2 
1800 34 5 
1800 35 1 
1800 36 5 
1800 37 2 
1800 38 0 
1800 39 3 
1800 40 0 
1800 41 0 
1800 42 1 
1800 43 2 
1800 44 0 
1800 45 2 
1800 46 1 
1800 47 0 
1800 48 0 
1800 49 2 
1800 50 0 
1800 51 3 
1800 52 5 
1800 53 0 
1800 54 2 
1800 55 5 
1800 56 1 
1800 57 3 
1800 58 0 
1800 59 2 
1800 60 0 
1800 61 0 
1800 62 5 
1800 63 1 
1800 64 0 
1800 65 0 
1800 66 5 
1800 67 3 
1800 68 2 
1800 69 2 
1800 70 1 
1800 71 3 
1800 72 2 
1800 73 1 
1800 74 1 
1800 75 5 
1800 76 2 
1800 77 1 
1800 78 2 
1800 79 1 
1800 80 3 
1800 81 2 
1800 82 0 
1800 83 2 
1800 84 0 
1800 85 1 
1800 86 0 
1800 87 0 
1800 88 2 
1800 89 3 
1800 90 2 
1800 91 2 
1800 92 0 
1800 93 1 
1800 94 0 
1800 95 1 
1800 96 0 
1800 97 0 
1800 98 1 
1800 99 3 
1800 100 3 
1800 101 0 
1800 102 2 
1800 103 2 
1800 104 2 
1800 105 0 
1800 106 0 
1800 107 3 
1800 108 0 
1800 109 0 
1800 110 2 
1800 111 0 
1800 112 0 
1800 113 0 
1800 114 3 
1800 115 3 
1800 116 1 
1800 117 0 
1800 118 1 
1800 119 1 
1800 120 2 
1800 121 1 
1800 122 0 
1800 123 0 
1800 124 1 
1800 125 2 
1800 126 0 
1800 127 0 
1800 128 0 
1800 129 0 
1800 130 2 
1800 131 3 
1800 132 1 
1800 133 1 
1800 134 2 
1800 135 2 
1800 136 2 
1800 137 1 
1800 138 3 
1800 139 0 
1800 140 1 
1800 141 3 
1800 142 0 
1800 143 0 
1800 144 2 
1800 145 2 
1800 146 1 
1800 147 1 
1800 148 2 
1800 149 0 
1800 150 3 
1800 151 2 
1800 152 0 
1800 153 2 
1800 154 0 
1800 155 0 
1800 156 2 
1800 157 2 
1800 158 0 
1800 159 2 
1800 160 0 
1800 161 2 
1800 162 0 
1800 163 3 
1800 164 0 
1800 165 5 
1800 166 1 
1800 167 0 
1800 168 2 
1800 169 3 
1800 170 1 
1800 171 5 
1800 172 0 
1800 173 1 
1800 174 0 
1800 175 3 
1800 176 2 
1800 177 2 
1800 178 2 
1800 179 0 
1800 180 2 
1800 181 3 
1800 182 2 
1800 183 2 
1800 184 0 
1800 185 2 
1800 186 3 
1800 187 2 
1800 188 2 
1800 189 0 
1800 190 4 
1800 191 2 
1800 192 2 
1800 193 2 
1800 194 0 
1800 195 2 
1800 196 3 
1800 197 0 
1800 198 0 
1800 199 2 
1800 200 3 
1800 201 3 
1800 202 0 
1800 203 4 
1800 204 1 
1800 205 0 
1800 206 3 
1800 207 2 
1800 208 3 
1800 209 2 
1800 210 2 
1800 211 1 
1800 212 0 
1800 213 2 
1800 214 0 
1800 215 0 
1800 216 0 
1800 217 1 
1800 218 1 
1800 219 3 
1800 220 0 
1800 221 2 
1800 222 0 
1800 223 3 
1800 224 0 
1800 225 0 
1800 226 2 
1800 227 0 
1800 228 0 
1800 229 0 
1800 230 2 
1800 231 1 
1800 232 0 
1800 233 3 
1800 234 2 
1800 235 2 
1800 236 2 
1800 237 1 
1800 238 1 
1800 239 2 
1800 240 0 
1800 241 3 
1800 242 0 
1800 243 1 
1800 244 3 
1800 245 5 
1800 246 2 
1800 247 3 
1800 248 2 
1800 249 2 
0 7200 
2400 0 1 7 10 11 12 14 15 20 29 38 40 41 44 47 48 50 53 61 63 64 65 82 84 86 87 92 94 96 97 101 105 106 108 109 111 112 113 117 121 122 123 126 127 128 129 139 143 148 152 154 155 158 160 162 164 167 168 172 174 179 184 188 189 194 196 197 198 202 205 212 214 215 216 220 222 224 225 227 228 232 240 241 242 244 
2400 1 0 19 21 27 35 46 56 60 73 77 79 93 95 98 114 116 118 119 124 132 133 136 137 140 146 147 166 170 173 177 204 211 217 218 231 237 238 
2400 2 4 6 8 13 17 18 19 24 25 28 31 37 43 45 49 51 68 69 70 72 74 76 78 81 85 89 90 91 102 103 104 110 120 125 130 134 135 141 142 144 145 149 151 153 156 157 159 161 180 182 183 185 187 191 192 193 195 199 207 209 210 213 221 226 229 230 234 235 236 239 246 248 249 
2400 3 5 7 9 22 26 30 32 39 54 57 58 59 67 71 80 83 88 99 100 107 115 131 138 150 163 169 175 176 178 181 186 200 201 206 208 219 223 233 247 
2400 4 2 190 203 
2400 5 3 
2400 6 2 
2400 7 0 3 
2400 8 2 
2400 9 3 
2400 10 0 
2400 11 0 
2400 12 0 
2400 13 2 
2400 14 0 
2400 15 0 
2400 16 19 23 33 34 36 42 52 55 62 66 75 165 171 243 245 
2400 17 2 
2400 18 2 
2400 19 1 2 16 
2400 20 0 
2400 21 1 
2400 22 3 
2400 23 16 
2400 24 2 
2400 25 2 
2400 26 3 
2400 27 1 
2400 28 2 
2400 29 0 
2400 30 3 
2400 31 2 
2400 32 3 
2400 33 16 
2400 34 16 
2400 35 1 
2400 36 16 
2400 37 2 
2400 38 0 
2400 39 3 
2400 40 0 
2400 41 0 
2400 42 16 
2400 43 2 
2400 44 0 
2400 45 2 
2400 46 1 
2400 47 0 
2400 48 0 
2400 49 2 
2400 50 0 
2400 51 2 
2400 52 16 
2400 53 0 
2400 54 3 
2400 55 16 
2400 56 1 
2400 57 3 
2400 58 3 
2400 59 3 
2400 60 1 
2400 61 0 
2400 62 16 
2400 63 0 
2400 64 0 
2400 65 0 
2400 66 16 
2400 67 3 
2400 68 2 
2400 69 2 
2400 70 2 
2400 71 3 
2400 72 2 
2400 73 1 
2400 74 2 
2400 75 16 
2400 76 2 
2400 77 1 
2400 78 2 
2400 79 1 
2400 80 3 
2400 81 2 
2400 82 0 
2400 83 3 
2400 84 0 
2400 85 2 
2400 86 0 
2400 87 0 
2400 88 3 
2400 89 2 
2400 90 2 
2400 91 2 
2400 92 0 
2400 93 1 
2400 94 0 
2400 95 1 
2400 96 0 
2400 97 0 
2400 98 1 
2400 99 3 
2400 100 3 
2400 101 0 
2400 102 2 
2400 103 2 
2400 104 2 
2400 105 0 
2400 106 0 
2400 107 3 
2400 108 0 
2400 109 0 
2400 110 2 
2400 111 0 
2400 112 0 
2400 113 0 
2400 114 1 
2400 115 3 
2400 116 1 
2400 117 0 
2400 118 1 
2400 119 1 
2400 120 2 
2400 121 0 
2400 122 0 
2400 123 0 
2400 124 1 
2400 125 2 
2400 126 0 
2400 127 0 
2400 128 0 
2400 129 0 
2400 130 2 
2400 131 3 
2400 132 1 
2400 133 1 
2400 134 2 
2400 135 2 
2400 136 1 
2400 137 1 
2400 138 3 
2400 139 0 
2400 140 1 
2400 141 2 
2400 142 2 
2400 143 0 
2400 144 2 
2400 145 2 
2400 146 1 
2400 147 1 
2400 148 0 
2400 149 2 
2400 150 3 
2400 151 2 
2400 152 0 
2400 153 2 
2400 154 0 
2400 155 0 
2400 156 2 
2400 157 2 
2400 158 0 
2400 159 2 
2400 160 0 
2400 161 2 
2400 162 0 
2400 163 3 
2400 164 0 
2400 165 16 
2400 166 1 
2400 167 0 
2400 168 0 
2400 169 3 
2400 170 1 
2400 171 16 
2400 172 0 
2400 173 1 
2400 174 0 
2400 175 3 
2400 176 3 
2400 177 1 
2400 178 3 
2400 179 0 
2400 180 2 
2400 181 3 
2400 182 2 
2400 183 2 
2400 184 0 
2400 185 2 
2400 186 3 
2400 187 2 
2400 188 0 
2400 189 0 
2400 190 4 
2400 191 2 
2400 192 2 
2400 193 2 
2400 194 0 
2400 195 2 
2400 196 0 
2400 197 0 
2400 198 0 
2400 199 2 
2400 200 3 
2400 201 3 
2400 202 0 
2400 203 4 
2400 204 1 
2400 205 0 
2400 206 3 
2400 207 2 
2400 208 3 
2400 209 2 
2400 210 2 
2400 211 1 
2400 212 0 
2400 213 2 
2400 214 0 
2400 215 0 
2400 216 0 
2400 217 1 
2400 218 1 
2400 219 3 
2400 220 0 
2400 221 2 
2400 222 0 
2400 223 3 
2400 224 0 
2400 225 0 
2400 226 2 
2400 227 0 
2400 228 0 
2400 229 2 
2400 230 2 
2400 231 1 
2400 232 0 
2400 233 3 
2400 234 2 
2400 235 2 
2400 236 2 
2400 237 1 
2400 238 1 
2400 239 2 
2400 240 0 
2400 241 0 
2400 242 0 
2400 243 16 
2400 244 0 
2400 245 16 
2400 246 2 
2400 247 3 
2400 248 2 
2400 249 2 
0 7200 
3000 0 1 7 10 11 12 13 14 15 29 38 40 41 44 47 50 53 55 56 60 61 63 64 65 68 73 82 84 86 87 91 92 94 96 97 101 104 105 106 108 109 111 112 113 115 117 121 122 123 126 127 129 140 143 148 152 154 155 158 160 162 164 168 172 173 174 179 184 185 188 195 196 197 198 203 205 212 215 216 221 222 224 225 227 228 231 232 240 241 242 244 
3000 1 0 18 19 27 43 46 62 77 79 93 95 98 114 118 119 124 132 133 136 137 146 147 166 167 170 177 189 201 204 211 217 218 237 238 
3000 2 4 6 8 17 19 21 24 28 31 35 37 45 48 49 51 69 70 74 76 78 81 85 89 90 102 103 110 116 120 125 128 130 134 135 139 141 142 144 145 149 151 153 156 157 159 161 180 182 183 187 191 192 193 199 207 209 210 213 214 220 226 229 230 234 235 236 239 246 248 249 
3000 3 5 7 9 22 25 26 30 32 34 39 54 57 58 59 67 71 72 75 80 83 88 99 100 107 131 138 150 163 169 175 176 178 181 186 200 202 206 208 219 223 233 247 
3000 4 2 190 
3000 5 3 
3000 6 2 
3000 7 0 3 
3000 8 2 
3000 9 3 
3000 10 0 
3000 11 0 
3000 12 0 
3000 13 0 
3000 14 0 
3000 15 0 
3000 16 19 20 23 33 36 42 52 66 165 171 194 243 245 
3000 17 2 
3000 18 1 
3000 19 1 2 16 
3000 20 16 
3000 21 2 
3000 22 3 
3000 23 16 
3000 24 2 
3000 25 3 
3000 26 3 
3000 27 1 
3000 28 2 
3000 29 0 
3000 30 3 
3000 31 2 
3000 32 3 
3000 33 16 
3000 34 3 
3000 35 2 
3000 36 16 
3000 37 2 
3000 38 0 
3000 39 3 
3000 40 0 
3000 41 0 
3000 42 16 
3000 43 1 
3000 44 0 
3000 45 2 
3000 46 1 
3000 47 0 
3000 48 2 
3000 49 2 
3000 50 0 
3000 51 2 
3000 52 16 
3000 53 0 
3000 54 3 
3000 55 0 
3000 56 0 
3000 57 3 
3000 58 3 
3000 59 3 
3000 60 0 
3000 61 0 
3000 62 1 
3000 63 0 
3000 64 0 
3000 65 0 
3000 66 16 
3000 67 3 
3000 68 0 
3000 69 2 
3000 70 2 
3000 71 3 
3000 72 3 
3000 73 0 
3000 74 2 
3000 75 3 
3000 76 2 
3000 77 1 
3000 78 2 
3000 79 1 
3000 80 3 
3000 81 2 
3000 82 0 
3000 83 3 
3000 84 0 
3000 85 2 
3000 86 0 
3000 87 0 
3000 88 3 
3000 89 2 
3000 90 2 
3000 91 0 
3000 92 0 
3000 93 1 
3000 94 0 
3000 95 1 
3000 96 0 
3000 97 0 
3000 98 1 
3000 99 3 
3000 100 3 
3000 101 0 
3000 102 2 
3000 103 2 
3000 104 0 
3000 105 0 
3000 106 0 
3000 107 3 
3000 108 0 
3000 109 0 
3000 110 2 
3000 111 0 
3000 112 0 
3000 113 0 
3000 114 1 
3000 115 0 
3000 116 2 
3000 117 0 
3000 118 1 
3000 119 1 
3000 120 2 
3000 121 0 
3000 122 0 
3000 123 0 
3000 124 1 
3000 125 2 
3000 126 0 
3000 127 0 
3000 128 2 
3000 129 0 
3000 130 2 
3000 131 3 
3000 132 1 
3000 133 1 
3000 134 2 
3000 135 2 
3000 136 1 
3000 137 1 
3000 138 3 
3000 139 2 
3000 140 0 
3000 141 2 
3000 142 2 
3000 143 0 
3000 144 2 
3000 145 2 
3000 146 1 
3000 147 1 
3000 148 0 
3000 149 2 
3000 150 3 
3000 151 2 
3000 152 0 
3000 153 2 
3000 154 0 
3000 155 0 
3000 156 2 
3000 157 2 
3000 158 0 
3000 159 2 
3000 160 0 
3000 161 2 
3000 162 0 
3000 163 3 
3000 164 0 
3000 165 16 
3000 166 1 
3000 167 1 
3000 168 0 
3000 169 3 
3000 170 1 
3000 171 16 
3000 172 0 
3000 173 0 
3000 174 0 
3000 175 3 
3000 176 3 
3000 177 1 
3000 178 3 
3000 179 0 
3000 180 2 
3000 181 3 
3000 182 2 
3000 183 2 
3000 184 0 
3000 185 0 
3000 186 3 
3000 187 2 
3000 188 0 
3000 189 1 
3000 190 4 
3000 191 2 
3000 192 2 
3000 193 2 
3000 194 16 
3000 195 0 
3000 196 0 
3000 197 0 
3000 198 0 
3000 199 2 
3000 200 3 
3000 201 1 
3000 202 3 
3000 203 0 
3000 204 1 
3000 205 0 
3000 206 3 
3000 207 2 
3000 208 3 
3000 209 2 
3000 210 2 
3000 211 1 
3000 212 0 
3000 213 2 
3000 214 2 
3000 215 0 
3000 216 0 
3000 217 1 
3000 218 1 
3000 219 3 
3000 220 2 
3000 221 0 
3000 222 0 
3000 223 3 
3000 224 0 
3000 225 0 
3000 226 2 
3000 227 0 
3000 228 0 
3000 229 2 
3000 230 2 
3000 231 0 
3000 232 0 
3000 233 3 
3000 234 2 
3000 235 2 
3000 236 2 
3000 237 1 
3000 238 1 
3000 239 2 
3000 240 0 
3000 241 0 
3000 242 0 
3000 243 16 
3000 244 0 
3000 245 16 
3000 246 2 
3000 247 3 
3000 248 2 
3000 249 2 
0 7200 
3600 0 1 7 10 11 12 13 15 29 38 39 40 41 44 47 50 53 55 56 60 61 63 64 65 68 72 73 82 84 85 86 87 91 92 94 96 97 101 105 106 108 109 111 112 113 115 116 117 121 122 123 126 127 129 140 143 150 152 154 155 158 160 162 164 169 172 173 174 179 184 185 186 192 195 198 201 203 205 207 212 215 221 222 224 225 227 228 231 232 234 240 242 244 
3600 1 0 9 18 19 27 43 46 62 77 79 95 98 114 118 119 124 132 136 137 147 166 167 170 177 189 204 211 217 218 237 247 249 
3600 2 4 6 8 9 17 20 21 23 24 28 31 35 37 42 45 48 49 58 70 74 76 78 81 89 90 93 102 103 104 110 120 125 128 130 134 135 139 141 142 144 145 146 149 151 153 156 157 159 161 163 168 180 182 183 187 191 193 196 197 199 209 210 213 214 220 229 230 235 236 238 239 246 248 
3600 3 5 7 14 22 25 26 30 32 34 54 57 59 67 71 75 80 83 88 99 100 107 131 138 148 176 178 181 188 200 202 206 208 216 219 223 233 
3600 4 2 190 241 
3600 5 3 
3600 6 2 
3600 7 0 3 
3600 8 2 
3600 9 1 2 16 33 36 51 52 66 69 133 165 171 175 194 226 243 245 
3600 10 0 
3600 11 0 
3600 12 0 
3600 13 0 
3600 14 3 
3600 15 0 
3600 16 9 
3600 17 2 
3600 18 1 
3600 19 1 
3600 20 2 
3600 21 2 
3600 22 3 
3600 23 2 
3600 24 2 
3600 25 3 
3600 26 3 
3600 27 1 
3600 28 2 
3600 29 0 
3600 30 3 
3600 31 2 
3600 32 3 
3600 33 9 
3600 34 3 
3600 35 2 
3600 36 9 
3600 37 2 
3600 38 0 
3600 39 0 
3600 40 0 
3600 41 0 
3600 42 2 
3600 43 1 
3600 44 0 
3600 45 2 
3600 46 1 
3600 47 0 
3600 48 2 
3600 49 2 
3600 50 0 
3600 51 9 
3600 52 9 
3600 53 0 
3600 54 3 
3600 55 0 
3600 56 0 
3600 57 3 
3600 58 2 
3600 59 3 
3600 60 0 
3600 61 0 
3600 62 1 
3600 63 0 
3600 64 0 
3600 65 0 
3600 66 9 
3600 67 3 
3600 68 0 
3600 69 9 
3600 70 2 
3600 71 3 
3600 72 0 
3600 73 0 
3600 74 2 
3600 75 3 
3600 76 2 
3600 77 1 
3600 78 2 
3600 79 1 
3600 80 3 
3600 81 2 
3600 82 0 
3600 83 3 
3600 84 0 
3600 85 0 
3600 86 0 
3600 87 0 
3600 88 3 
3600 89 2 
3600 90 2 
3600 91 0 
3600 92 0 
3600 93 2 
3600 94 0 
3600 95 1 
3600 96 0 
3600 97 0 
3600 98 1 
3600 99 3 
3600 100 3 
3600 101 0 
3600 102 2 
3600 103 2 
3600 104 2 
3600 105 0 
3600 106 0 
3600 107 3 
3600 108 0 
3600 109 0 
3600 110 2 
3600 111 0 
3600 112 0 
3600 113 0 
3600 114 1 
3600 115 0 
3600 116 0 
3600 117 0 
3600 118 1 
3600 119 1 
3600 120 2 
3600 121 0 
3600 122 0 
3600 123 0 
3600 124 1 
3600 125 2 
3600 126 0 
3600 127 0 
3600 128 2 
3600 129 0 
3600 130 2 
3600 131 3 
3600 132 1 
3600 133 9 
3600 134 2 
3600 135 2 
3600 136 1 
3600 137 1 
3600 138 3 
3600 139 2 
3600 140 0 
3600 141 2 
3600 142 2 
3600 143 0 
3600 144 2 
3600 145 2 
3600 146 2 
3600 147 1 
3600 148 3 
3600 149 2 
3600 150 0 
3600 151 2 
3600 152 0 
3600 153 2 
3600 154 0 
3600 155 0 
3600 156 2 
3600 157 2 
3600 158 0 
3600 159 2 
3600 160 0 
3600 161 2 
3600 162 0 
3600 163 2 
3600 164 0 
3600 165 9 
3600 166 1 
3600 167 1 
3600 168 2 
3600 169 0 
3600 170 1 
3600 171 9 
3600 172 0 
3600 173 0 
3600 174 0 
3600 175 9 
3600 176 3 
3600 177 1 
3600 178 3 
3600 179 0 
3600 180 2 
3600 181 3 
3600 182 2 
3600 183 2 
3600 184 0 
3600 185 0 
3600 186 0 
3600 187 2 
3600 188 3 
3600 189 1 
3600 190 4 
3600 191 2 
3600 192 0 
3600 193 2 
3600 194 9 
3600 195 0 
3600 196 2 
3600 197 2 
3600 198 0 
3600 199 2 
3600 200 3 
3600 201 0 
3600 202 3 
3600 203 0 
3600 204 1 
3600 205 0 
3600 206 3 
3600 207 0 
3600 208 3 
3600 209 2 
3600 210 2 
3600 211 1 
3600 212 0 
3600 213 2 
3600 214 2 
3600 215 0 
3600 216 3 
3600 217 1 
3600 218 1 
3600 219 3 
3600 220 2 
3600 221 0 
3600 222 0 
3600 223 3 
3600 224 0 
3600 225 0 
3600 226 9 
3600 227 0 
3600 228 0 
3600 229 2 
3600 230 2 
3600 231 0 
3600 232 0 
3600 233 3 
3600 234 0 
3600 235 2 
3600 236 2 
3600 237 1 
3600 238 2 
3600 239 2 
3600 240 0 
3600 241 4 
3600 242 0 
3600 243 9 
3600 244 0 
3600 245 9 
3600 246 2 
3600 247 1 
3600 248 2 
3600 249 1 
0 7200 
4200 0 1 7 10 12 13 15 19 29 36 38 39 40 44 50 51 53 55 56 61 63 65 68 72 73 82 84 85 86 87 91 92 96 97 100 101 103 105 106 107 108 109 111 112 113 115 116 117 121 122 123 126 127 129 140 141 143 150 152 154 155 157 158 160 161 162 164 169 172 173 174 175 179 185 186 189 192 195 201 205 207 208 210 215 221 222 224 225 227 231 232 234 240 244 
4200 1 0 9 18 25 27 43 46 62 77 79 95 98 114 118 124 131 132 136 137 147 166 170 177 198 204 211 217 218 237 247 249 
4200 2 4 6 8 9 11 17 20 21 23 24 28 31 35 37 42 45 48 58 60 70 74 78 81 90 93 94 102 104 110 119 120 125 128 130 134 135 139 142 144 145 146 149 151 153 156 159 163 167 168 180 182 183 187 188 191 196 197 199 209 212 213 214 220 229 230 235 236 238 239 242 243 246 248 
4200 3 5 7 14 22 26 30 32 34 41 47 49 52 54 57 59 64 67 71 75 76 80 83 88 99 138 148 176 178 181 193 200 202 203 206 216 219 223 226 233 
4200 4 2 190 228 241 
4200 5 3 
4200 6 2 
4200 7 0 3 
4200 8 2 
4200 9 1 2 16 33 66 69 89 133 165 171 184 194 245 
4200 10 0 
4200 11 2 
4200 12 0 
4200 13 0 
4200 14 3 
4200 15 0 
4200 16 9 
4200 17 2 
4200 18 1 
4200 19 0 
4200 20 2 
4200 21 2 
4200 22 3 
4200 23 2 
4200 24 2 
4200 25 1 
4200 26 3 
4200 27 1 
4200 28 2 
4200 29 0 
4200 30 3 
4200 31 2 
4200 32 3 
4200 33 9 
4200 34 3 
4200 35 2 
4200 36 0 
4200 37 2 
4200 38 0 
4200 39 0 
4200 40 0 
4200 41 3 
4200 42 2 
4200 43 1 
4200 44 0 
4200 45 2 
4200 46 1 
4200 47 3 
4200 48 2 
4200 49 3 
4200 50 0 
4200 51 0 
4200 52 3 
4200 53 0 
4200 54 3 
4200 55 0 
4200 56 0 
4200 57 3 
4200 58 2 
4200 59 3 
4200 60 2 
4200 61 0 
4200 62 1 
4200 63 0 
4200 64 3 
4200 65 0 
4200 66 9 
4200 67 3 
4200 68 0 
4200 69 9 
4200 70 2 
4200 71 3 
4200 72 0 
4200 73 0 
4200 74 2 
4200 75 3 
4200 76 3 
4200 77 1 
4200 78 2 
4200 79 1 
4200 80 3 
4200 81 2 
4200 82 0 
4200 83 3 
4200 84 0 
4200 85 0 
4200 86 0 
4200 87 0 
4200 88 3 
4200 89 9 
4200 90 2 
4200 91 0 
4200 92 0 
4200 93 2 
4200 94 2 
4200 95 1 
4200 96 0 
4200 97 0 
4200 98 1 
4200 99 3 
4200 100 0 
4200 101 0 
4200 102 2 
4200 103 0 
4200 104 2 
4200 105 0 
4200 106 0 
4200 107 0 
4200 108 0 
4200 109 0 
4200 110 2 
4200 111 0 
4200 112 0 
4200 113 0 
4200 114 1 
4200 115 0 
4200 116 0 
4200 117 0 
4200 118 1 
4200 119 2 
4200 120 2 
4200 121 0 
4200 122 0 
4200 123 0 
4200 124 1 
4200 125 2 
4200 126 0 
4200 127 0 
4200 128 2 
4200 129 0 
4200 130 2 
4200 131 1 
4200 132 1 
4200 133 9 
4200 134 2 
4200 135 2 
4200 136 1 
4200 137 1 
4200 138 3 
4200 139 2 
4200 140 0 
4200 141 0 
4200 142 2 
4200 143 0 
4200 144 2 
4200 145 2 
4200 146 2 
4200 147 1 
4200 148 3 
4200 149 2 
4200 150 0 
4200 151 2 
4200 152 0 
4200 153 2 
4200 154 0 
4200 155 0 
4200 156 2 
4200 157 0 
4200 158 0 
4200 159 2 
4200 160 0 
4200 161 0 
4200 162 0 
4200 163 2 
4200 164 0 
4200 165 9 
4200 166 1 
4200 167 2 
4200 168 2 
4200 169 0 
4200 170 1 
4200 171 9 
4200 172 0 
4200 173 0 
4200 174 0 
4200 175 0 
4200 176 3 
4200 177 1 
4200 178 3 
4200 179 0 
4200 180 2 
4200 181 3 
4200 182 2 
4200 183 2 
4200 184 9 
4200 185 0 
4200 186 0 
4200 187 2 
4200 188 2 
4200 189 0 
4200 190 4 
4200 191 2 
4200 192 0 
4200 193 3 
4200 194 9 
4200 195 0 
4200 196 2 
4200 197 2 
4200 198 1 
4200 199 2 
4200 200 3 
4200 201 0 
4200 202 3 
4200 203 3 
4200 204 1 
4200 205 0 
4200 206 3 
4200 207 0 
4200 208 0 
4200 209 2 
4200 210 0 
4200 211 1 
4200 212 2 
4200 213 2 
4200 214 2 
4200 215 0 
4200 216 3 
4200 217 1 
4200 218 1 
4200 219 3 
4200 220 2 
4200 221 0 
4200 222 0 
4200 223 3 
4200 224 0 
4200 225 0 
4200 226 3 
4200 227 0 
4200 228 4 
4200 229 2 
4200 230 2 
4200 231 0 
4200 232 0 
4200 233 3 
4200 234 0 
4200 235 2 
4200 236 2 
4200 237 1 
4200 238 2 
4200 239 2 
4200 240 0 
4200 241 4 
4200 242 2 
4200 243 2 
4200 244 0 
4200 245 9 
4200 246 2 
4200 247 1 
4200 248 2 
4200 249 1 
0 7200 
4800 0 1 7 10 12 13 15 19 24 29 36 38 39 40 51 53 55 56 61 63 65 67 68 72 73 81 82 84 85 86 87 91 92 96 97 101 103 105 106 107 111 112 113 116 117 121 122 123 126 129 140 142 143 150 154 155 157 158 160 161 163 164 169 173 174 175 179 185 186 187 189 192 193 195 198 201 205 207 208 210 212 215 218 221 224 227 231 232 234 240 244 246 
4800 1 0 9 18 25 27 46 62 77 79 95 108 114 118 124 127 131 132 136 137 147 149 152 166 170 177 204 211 217 237 247 249 
4800 2 4 6 8 9 11 16 20 21 22 23 28 31 35 37 41 42 43 44 45 48 58 60 69 70 74 78 88 90 93 94 102 104 109 110 119 120 125 128 130 134 139 144 145 146 151 153 156 159 162 167 168 180 182 183 188 191 196 197 199 209 213 214 220 228 230 236 238 239 242 243 248 
4800 3 5 7 14 26 30 32 34 47 49 50 52 54 57 59 64 71 75 76 80 83 99 100 138 141 148 172 176 178 181 200 202 203 206 216 219 222 223 225 226 229 233 235 
4800 4 2 190 241 
4800 5 3 
4800 6 2 
4800 7 0 3 
4800 8 2 
4800 9 1 2 17 33 66 89 98 115 133 135 165 171 184 194 245 
4800 10 0 
4800 11 2 
4800 12 0 
4800 13 0 
4800 14 3 
4800 15 0 
4800 16 2 
4800 17 9 
4800 18 1 
4800 19 0 
4800 20 2 
4800 21 2 
4800 22 2 
4800 23 2 
4800 24 0 
4800 25 1 
4800 26 3 
4800 27 1 
4800 28 2 
4800 29 0 
4800 30 3 
4800 31 2 
4800 32 3 
4800 33 9 
4800 34 3 
4800 35 2 
4800 36 0 
4800 37 2 
4800 38 0 
4800 39 0 
4800 40 0 
4800 41 2 
4800 42 2 
4800 43 2 
4800 44 2 
4800 45 2 
4800 46 1 
4800 47 3 
4800 48 2 
4800 49 3 
4800 50 3 
4800 51 0 
4800 52 3 
4800 53 0 
4800 54 3 
4800 55 0 
4800 56 0 
4800 57 3 
4800 58 2 
4800 59 3 
4800 60 2 
4800 61 0 
4800 62 1 
4800 63 0 
4800 64 3 
4800 65 0 
4800 66 9 
4800 67 0 
4800 68 0 
4800 69 2 
4800 70 2 
4800 71 3 
4800 72 0 
4800 73 0 
4800 74 2 
4800 75 3 
4800 76 3 
4800 77 1 
4800 78 2 
4800 79 1 
4800 80 3 
4800 81 0 
4800 82 0 
4800 83 3 
4800 84 0 
4800 85 0 
4800 86 0 
4800 87 0 
4800 88 2 
4800 89 9 
4800 90 2 
4800 91 0 
4800 92 0 
4800 93 2 
4800 94 2 
4800 95 1 
4800 96 0 
4800 97 0 
4800 98 9 
4800 99 3 
4800 100 3 
4800 101 0 
4800 102 2 
4800 103 0 
4800 104 2 
4800 105 0 
4800 106 0 
4800 107 0 
4800 108 1 
4800 109 2 
4800 110 2 
4800 111 0 
4800 112 0 
4800 113 0 
4800 114 1 
4800 115 9 
4800 116 0 
4800 117 0 
4800 118 1 
4800 119 2 
4800 120 2 
4800 121 0 
4800 122 0 
4800 123 0 
4800 124 1 
4800 125 2 
4800 126 0 
4800 127 1 
4800 128 2 
4800 129 0 
4800 130 2 
4800 131 1 
4800 132 1 
4800 133 9 
4800 134 2 
4800 135 9 
4800 136 1 
4800 137 1 
4800 138 3 
4800 139 2 
4800 140 0 
4800 141 3 
4800 142 0 
4800 143 0 
4800 144 2 
4800 145 2 
4800 146 2 
4800 147 1 
4800 148 3 
4800 149 1 
4800 150 0 
4800 151 2 
4800 152 1 
4800 153 2 
4800 154 0 
4800 155 0 
4800 156 2 
4800 157 0 
4800 158 0 
4800 159 2 
4800 160 0 
4800 161 0 
4800 162 2 
4800 163 0 
4800 164 0 
4800 165 9 
4800 166 1 
4800 167 2 
4800 168 2 
4800 169 0 
4800 170 1 
4800 171 9 
4800 172 3 
4800 173 0 
4800 174 0 
4800 175 0 
4800 176 3 
4800 177 1 
4800 178 3 
4800 179 0 
4800 180 2 
4800 181 3 
4800 182 2 
4800 183 2 
4800 184 9 
4800 185 0 
4800 186 0 
4800 187 0 
4800 188 2 
4800 189 0 
4800 190 4 
4800 191 2 
4800 192 0 
4800 193 0 
4800 194 9 
4800 195 0 
4800 196 2 
4800 197 2 
4800 198 0 
4800 199 2 
4800 200 3 
4800 201 0 
4800 202 3 
4800 203 3 
4800 204 1 
4800 205 0 
4800 206 3 
4800 207 0 
4800 208 0 
4800 209 2 
4800 210 0 
4800 211 1 
4800 212 0 
4800 213 2 
4800 214 2 
4800 215 0 
4800 216 3 
4800 217 1 
4800 218 0 
4800 219 3 
4800 220 2 
4800 221 0 
4800 222 3 
4800 223 3 
4800 224 0 
4800 225 3 
4800 226 3 
4800 227 0 
4800 228 2 
4800 229 3 
4800 230 2 
4800 231 0 
4800 232 0 
4800 233 3 
4800 234 0 
4800 235 3 
4800 236 2 
4800 237 1 
4800 238 2 
4800 239 2 
4800 240 0 
4800 241 4 
4800 242 2 
4800 243 2 
4800 244 0 
4800 245 9 
4800 246 0 
4800 247 1 
4800 248 2 
4800 249 1 
0 7200 
5400 0 1 7 10 13 15 29 37 38 39 40 51 52 53 55 56 61 63 67 68 72 73 84 85 87 88 91 92 94 95 96 97 101 103 104 105 106 107 111 112 113 116 117 121 122 123 124 126 129 135 140 142 150 154 158 160 161 163 164 169 173 174 175 179 185 186 187 189 191 192 193 195 198 199 205 207 210 211 212 215 218 224 227 231 232 234 239 240 242 244 246 249 
5400 1 0 9 18 25 26 46 62 79 108 118 127 131 132 136 137 147 149 165 166 170 177 204 217 247 
5400 2 4 6 8 9 11 12 16 19 20 21 22 23 24 27 28 31 35 36 41 42 43 44 45 48 58 60 65 69 70 74 78 81 86 90 93 102 109 110 114 125 128 130 134 139 144 145 146 151 152 153 155 156 157 159 162 167 168 176 180 182 183 188 196 197 208 209 213 214 220 228 230 236 237 238 243 248 
5400 3 5 7 14 30 32 34 47 49 50 54 57 59 64 71 75 76 80 82 83 99 100 119 120 138 141 143 148 172 178 181 200 201 202 203 206 216 219 221 222 223 225 226 229 233 235 
5400 4 2 190 241 
5400 5 3 
5400 6 2 
5400 7 0 3 
5400 8 2 
5400 9 1 2 17 33 66 77 89 98 115 133 171 184 194 245 
5400 10 0 
5400 11 2 
5400 12 2 
5400 13 0 
5400 14 3 
5400 15 0 
5400 16 2 
5400 17 9 
5400 18 1 
5400 19 2 
5400 20 2 
5400 21 2 
5400 22 2 
5400 23 2 
5400 24 2 
5400 25 1 
5400 26 1 
5400 27 2 
5400 28 2 
5400 29 0 
5400 30 3 
5400 31 2 
5400 32 3 
5400 33 9 
5400 34 3 
5400 35 2 
5400 36 2 
5400 37 0 
5400 38 0 
5400 39 0 
5400 40 0 
5400 41 2 
5400 42 2 
5400 43 2 
5400 44 2 
5400 45 2 
5400 46 1 
5400 47 3 
5400 48 2 
5400 49 3 
5400 50 3 
5400 51 0 
5400 52 0 
5400 53 0 
5400 54 3 
5400 55 0 
5400 56 0 
5400 57 3 
5400 58 2 
5400 59 3 
5400 60 2 
5400 61 0 
5400 62 1 
5400 63 0 
5400 64 3 
5400 65 2 
5400 66 9 
5400 67 0 
5400 68 0 
5400 69 2 
5400 70 2 
5400 71 3 
5400 72 0 
5400 73 0 
5400 74 2 
5400 75 3 
5400 76 3 
5400 77 9 
5400 78 2 
5400 79 1 
5400 80 3 
5400 81 2 
5400 82 3 
5400 83 3 
5400 84 0 
5400 85 0 
5400 86 2 
5400 87 0 
5400 88 0 
5400 89 9 
5400 90 2 
5400 91 0 
5400 92 0 
5400 93 2 
5400 94 0 
5400 95 0 
5400 96 0 
5400 97 0 
5400 98 9 
5400 99 3 
5400 100 3 
5400 101 0 
5400 102 2 
5400 103 0 
5400 104 0 
5400 105 0 
5400 106 0 
5400 107 0 
5400 108 1 
5400 109 2 
5400 110 2 
5400 111 0 
5400 112 0 
5400 113 0 
5400 114 2 
5400 115 9 
5400 116 0 
5400 117 0 
5400 118 1 
5400 119 3 
5400 120 3 
5400 121 0 
5400 122 0 
5400 123 0 
5400 124 0 
5400 125 2 
5400 126 0 
5400 127 1 
5400 128 2 
5400 129 0 
5400 130 2 
5400 131 1 
5400 132 1 
5400 133 9 
5400 134 2 
5400 135 0 
5400 136 1 
5400 137 1 
5400 138 3 
5400 139 2 
5400 140 0 
5400 141 3 
5400 142 0 
5400 143 3 
5400 144 2 
5400 145 2 
5400 146 2 
5400 147 1 
5400 148 3 
5400 149 1 
5400 150 0 
5400 151 2 
5400 152 2 
5400 153 2 
5400 154 0 
5400 155 2 
5400 156 2 
5400 157 2 
5400 158 0 
5400 159 2 
5400 160 0 
5400 161 0 
5400 162 2 
5400 163 0 
5400 164 0 
5400 165 1 
5400 166 1 
5400 167 2 
5400 168 2 
5400 169 0 
5400 170 1 
5400 171 9 
5400 172 3 
5400 173 0 
5400 174 0 
5400 175 0 
5400 176 2 
5400 177 1 
5400 178 3 
5400 179 0 
5400 180 2 
5400 181 3 
5400 182 2 
5400 183 2 
5400 184 9 
5400 185 0 
5400 186 0 
5400 187 0 
5400 188 2 
5400 189 0 
5400 190 4 
5400 191 0 
5400 192 0 
5400 193 0 
5400 194 9 
5400 195 0 
5400 196 2 
5400 197 2 
5400 198 0 
5400 199 0 
5400 200 3 
5400 201 3 
5400 202 3 
5400 203 3 
5400 204 1 
5400 205 0 
5400 206 3 
5400 207 0 
5400 208 2 
5400 209 2 
5400 210 0 
5400 211 0 
5400 212 0 
5400 213 2 
5400 214 2 
5400 215 0 
5400 216 3 
5400 217 1 
5400 218 0 
5400 219 3 
5400 220 2 
5400 221 3 
5400 222 3 
5400 223 3 
5400 224 0 
5400 225 3 
5400 226 3 
5400 227 0 
5400 228 2 
5400 229 3 
5400 230 2 
5400 231 0 
5400 232 0 
5400 233 3 
5400 234 0 
5400 235 3 
5400 236 2 
5400 237 2 
5400 238 2 
5400 239 0 
5400 240 0 
5400 241 4 
5400 242 0 
5400 243 2 
5400 244 0 
5400 245 9 
5400 246 0 
5400 247 1 
5400 248 2 
5400 249 0 
0 7200 
6000 0 1 5 7 10 12 13 29 31 37 38 39 40 51 52 53 55 56 61 63 66 67 68 73 84 85 87 88 91 92 94 95 96 97 101 103 104 105 107 111 112 113 117 121 123 124 126 129 130 135 140 142 148 150 152 158 160 161 163 164 169 172 173 174 175 179 185 186 187 189 193 195 196 198 205 210 212 215 218 224 227 232 234 239 240 242 244 246 249 
6000 1 0 9 15 18 25 26 46 47 48 72 79 108 118 125 131 132 137 147 149 151 154 155 165 166 170 177 204 207 211 217 247 
6000 2 4 6 8 9 11 16 19 20 21 22 23 24 27 28 35 36 41 42 43 44 45 58 60 62 69 70 71 74 78 81 86 90 93 100 102 106 109 110 114 116 122 128 136 139 144 145 146 153 156 159 162 167 168 176 180 182 183 188 197 199 208 209 213 214 220 225 228 230 231 236 237 238 243 248 
6000 3 7 14 30 32 34 49 50 54 57 59 64 75 76 80 82 83 99 119 120 127 134 138 141 143 157 178 181 192 200 201 202 203 206 219 221 222 223 226 233 235 
6000 4 2 190 241 
6000 5 0 
6000 6 2 
6000 7 0 3 
6000 8 2 
6000 9 1 2 17 33 65 77 89 98 115 133 171 184 191 194 216 229 245 
6000 10 0 
6000 11 2 
6000 12 0 
6000 13 0 
6000 14 3 
6000 15 1 
6000 16 2 
6000 17 9 
6000 18 1 
6000 19 2 
6000 20 2 
6000 21 2 
6000 22 2 
6000 23 2 
6000 24 2 
6000 25 1 
6000 26 1 
6000 27 2 
6000 28 2 
6000 29 0 
6000 30 3 
6000 31 0 
6000 32 3 
6000 33 9 
6000 34 3 
6000 35 2 
6000 36 2 
6000 37 0 
6000 38 0 
6000 39 0 
6000 40 0 
6000 41 2 
6000 42 2 
6000 43 2 
6000 44 2 
6000 45 2 
6000 46 1 
6000 47 1 
6000 48 1 
6000 49 3 
6000 50 3 
6000 51 0 
6000 52 0 
6000 53 0 
6000 54 3 
6000 55 0 
6000 56 0 
6000 57 3 
6000 58 2 
6000 59 3 
6000 60 2 
6000 61 0 
6000 62 2 
6000 63 0 
6000 64 3 
6000 65 9 
6000 66 0 
6000 67 0 
6000 68 0 
6000 69 2 
6000 70 2 
6000 71 2 
6000 72 1 
6000 73 0 
6000 74 2 
6000 75 3 
6000 76 3 
6000 77 9 
6000 78 2 
6000 79 1 
6000 80 3 
6000 81 2 
6000 82 3 
6000 83 3 
6000 84 0 
6000 85 0 
6000 86 2 
6000 87 0 
6000 88 0 
6000 89 9 
6000 90 2 
6000 91 0 
6000 92 0 
6000 93 2 
6000 94 0 
6000 95 0 
6000 96 0 
6000 97 0 
6000 98 9 
6000 99 3 
6000 100 2 
6000 101 0 
6000 102 2 
6000 103 0 
6000 104 0 
6000 105 0 
6000 106 2 
6000 107 0 
6000 108 1 
6000 109 2 
6000 110 2 
6000 111 0 
6000 112 0 
6000 113 0 
6000 114 2 
6000 115 9 
6000 116 2 
6000 117 0 
6000 118 1 
6000 119 3 
6000 120 3 
6000 121 0 
6000 122 2 
6000 123 0 
6000 124 0 
6000 125 1 
6000 126 0 
6000 127 3 
6000 128 2 
6000 129 0 
6000 130 0 
6000 131 1 
6000 132 1 
6000 133 9 
6000 134 3 
6000 135 0 
6000 136 2 
6000 137 1 
6000 138 3 
6000 139 2 
6000 140 0 
6000 141 3 
6000 142 0 
6000 143 3 
6000 144 2 
6000 145 2 
6000 146 2 
6000 147 1 
6000 148 0 
6000 149 1 
6000 150 0 
6000 151 1 
6000 152 0 
6000 153 2 
6000 154 1 
6000 155 1 
6000 156 2 
6000 157 3 
6000 158 0 
6000 159 2 
6000 160 0 
6000 161 0 
6000 162 2 
6000 163 0 
6000 164 0 
6000 165 1 
6000 166 1 
6000 167 2 
6000 168 2 
6000 169 0 
6000 170 1 
6000 171 9 
6000 172 0 
6000 173 0 
6000 174 0 
6000 175 0 
6000 176 2 
6000 177 1 
6000 178 3 
6000 179 0 
6000 180 2 
6000 181 3 
6000 182 2 
6000 183 2 
6000 184 9 
6000 185 0 
6000 186 0 
6000 187 0 
6000 188 2 
6000 189 0 
6000 190 4 
6000 191 9 
6000 192 3 
6000 193 0 
6000 194 9 
6000 195 0 
6000 196 0 
6000 197 2 
6000 198 0 
6000 199 2 
6000 200 3 
6000 201 3 
6000 202 3 
6000 203 3 
6000 204 1 
6000 205 0 
6000 206 3 
6000 207 1 
6000 208 2 
6000 209 2 
6000 210 0 
6000 211 1 
6000 212 0 
6000 213 2 
6000 214 2 
6000 215 0 
6000 216 9 
6000 217 1 
6000 218 0 
6000 219 3 
6000 220 2 
6000 221 3 
6000 222 3 
6000 223 3 
6000 224 0 
6000 225 2 
6000 226 3 
6000 227 0 
6000 228 2 
6000 229 9 
6000 230 2 
6000 231 2 
6000 232 0 
6000 233 3 
6000 234 0 
6000 235 3 
6000 236 2 
6000 237 2 
6000 238 2 
6000 239 0 
6000 240 0 
6000 241 4 
6000 242 0 
6000 243 2 
6000 244 0 
6000 245 9 
6000 246 0 
6000 247 1 
6000 248 2 
6000 249 0 
0 7200 
6600 0 1 5 8 10 12 13 29 31 35 37 38 39 40 44 52 53 55 56 59 61 66 67 68 73 77 84 85 87 88 91 92 94 95 96 97 101 103 104 105 107 111 112 113 117 124 126 130 135 142 148 150 152 158 160 161 163 169 172 173 174 175 179 185 186 187 189 196 198 202 204 205 210 214 215 224 227 232 234 237 239 242 244 246 249 
6600 1 0 7 9 15 18 25 26 46 47 72 108 125 129 131 132 137 147 151 154 155 164 165 166 170 184 207 211 217 247 
6600 2 4 6 7 11 16 19 20 21 22 23 24 27 28 36 41 42 43 45 48 51 58 60 62 69 70 71 74 78 79 81 86 93 100 102 106 109 110 114 116 121 122 123 128 136 139 140 144 145 146 149 153 156 159 167 176 177 180 182 183 188 191 193 197 199 208 209 212 213 218 220 223 225 228 230 231 236 238 240 243 248 
6600 3 7 14 30 32 34 49 50 54 57 64 76 80 82 83 99 118 119 120 127 134 138 141 143 157 162 178 181 190 192 195 200 201 203 206 219 221 222 226 233 235 
6600 4 2 241 
6600 5 0 
6600 6 2 
6600 7 1 2 3 
6600 8 0 
6600 9 1 17 33 63 65 75 89 90 98 115 133 168 171 194 216 229 245 
6600 10 0 
6600 11 2 
6600 12 0 
6600 13 0 
6600 14 3 
6600 15 1 
6600 16 2 
6600 17 9 
6600 18 1 
6600 19 2 
6600 20 2 
6600 21 2 
6600 22 2 
6600 23 2 
6600 24 2 
6600 25 1 
6600 26 1 
6600 27 2 
6600 28 2 
6600 29 0 
6600 30 3 
6600 31 0 
6600 32 3 
6600 33 9 
6600 34 3 
6600 35 0 
6600 36 2 
6600 37 0 
6600 38 0 
6600 39 0 
6600 40 0 
6600 41 2 
6600 42 2 
6600 43 2 
6600 44 0 
6600 45 2 
6600 46 1 
6600 47 1 
6600 48 2 
6600 49 3 
6600 50 3 
6600 51 2 
6600 52 0 
6600 53 0 
6600 54 3 
6600 55 0 
6600 56 0 
6600 57 3 
6600 58 2 
6600 59 0 
6600 60 2 
6600 61 0 
6600 62 2 
6600 63 9 
6600 64 3 
6600 65 9 
6600 66 0 
6600 67 0 
6600 68 0 
6600 69 2 
6600 70 2 
6600 71 2 
6600 72 1 
6600 73 0 
6600 74 2 
6600 75 9 
6600 76 3 
6600 77 0 
6600 78 2 
6600 79 2 
6600 80 3 
6600 81 2 
6600 82 3 
6600 83 3 
6600 84 0 
6600 85 0 
6600 86 2 
6600 87 0 
6600 88 0 
6600 89 9 
6600 90 9 
6600 91 0 
6600 92 0 
6600 93 2 
6600 94 0 
6600 95 0 
6600 96 0 
6600 97 0 
6600 98 9 
6600 99 3 
6600 100 2 
6600 101 0 
6600 102 2 
6600 103 0 
6600 104 0 
6600 105 0 
6600 106 2 
6600 107 0 
6600 108 1 
6600 109 2 
6600 110 2 
6600 111 0 
6600 112 0 
6600 113 0 
6600 114 2 
6600 115 9 
6600 116 2 
6600 117 0 
6600 118 3 
6600 119 3 
6600 120 3 
6600 121 2 
6600 122 2 
6600 123 2 
6600 124 0 
6600 125 1 
6600 126 0 
6600 127 3 
6600 128 2 
6600 129 1 
6600 130 0 
6600 131 1 
6600 132 1 
6600 133 9 
6600 134 3 
6600 135 0 
6600 136 2 
6600 137 1 
6600 138 3 
6600 139 2 
6600 140 2 
6600 141 3 
6600 142 0 
6600 143 3 
6600 144 2 
6600 145 2 
6600 146 2 
6600 147 1 
6600 148 0 
6600 149 2 
6600 150 0 
6600 151 1 
6600 152 0 
6600 153 2 
6600 154 1 
6600 155 1 
6600 156 2 
6600 157 3 
6600 158 0 
6600 159 2 
6600 160 0 
6600 161 0 
6600 162 3 
6600 163 0 
6600 164 1 
6600 165 1 
6600 166 1 
6600 167 2 
6600 168 9 
6600 169 0 
6600 170 1 
6600 171 9 
6600 172 0 
6600 173 0 
6600 174 0 
6600 175 0 
6600 176 2 
6600 177 2 
6600 178 3 
6600 179 0 
6600 180 2 
6600 181 3 
6600 182 2 
6600 183 2 
6600 184 1 
6600 185 0 
6600 186 0 
6600 187 0 
6600 188 2 
6600 189 0 
6600 190 3 
6600 191 2 
6600 192 3 
6600 193 2 
6600 194 9 
6600 195 3 
6600 196 0 
6600 197 2 
6600 198 0 
6600 199 2 
6600 200 3 
6600 201 3 
6600 202 0 
6600 203 3 
6600 204 0 
6600 205 0 
6600 206 3 
6600 207 1 
6600 208 2 
6600 209 2 
6600 210 0 
6600 211 1 
6600 212 2 
6600 213 2 
6600 214 0 
6600 215 0 
6600 216 9 
6600 217 1 
6600 218 2 
6600 219 3 
6600 220 2 
6600 221 3 
6600 222 3 
6600 223 2 
6600 224 0 
6600 225 2 
6600 226 3 
6600 227 0 
6600 228 2 
6600 229 9 
6600 230 2 
6600 231 2 
6600 232 0 
6600 233 3 
6600 234 0 
6600 235 3 
6600 236 2 
6600 237 0 
6600 238 2 
6600 239 0 
6600 240 2 
6600 241 4 
6600 242 0 
6600 243 2 
6600 244 0 
6600 245 9 
6600 246 0 
6600 247 1 
6600 248 2 
6600 249 0 
0 7200 
7200 0 1 8 12 13 29 31 34 35 37 38 39 40 46 49 55 56 61 66 67 68 73 84 85 87 91 92 95 97 101 103 104 105 107 111 112 113 117 124 126 135 142 146 150 152 158 160 161 163 169 172 173 174 175 179 181 185 187 196 198 202 204 205 210 214 215 224 227 232 233 234 237 239 242 244 246 249 
7200 1 0 7 9 15 18 25 26 47 59 72 88 108 125 129 131 132 137 147 151 154 155 164 165 166 170 184 199 207 211 217 247 
7200 2 4 5 6 7 10 11 16 20 21 22 23 24 27 28 36 41 43 44 45 48 51 52 53 58 60 62 69 70 71 74 79 86 93 94 96 100 102 109 110 114 116 121 122 123 127 128 130 136 139 140 144 145 148 149 153 156 159 167 168 171 176 177 178 180 182 183 186 188 191 193 195 197 206 208 209 212 213 218 220 221 223 225 226 228 230 231 236 238 240 243 248 
7200 3 7 14 30 32 42 50 54 57 64 76 77 78 80 81 82 83 99 118 119 120 134 138 141 143 157 162 189 190 192 200 201 203 219 222 229 235 
7200 4 2 241 
7200 5 2 17 19 33 63 65 75 89 90 98 106 115 133 194 216 245 
7200 6 2 
7200 7 1 2 3 
7200 8 0 
7200 9 1 
7200 10 2 
7200 11 2 
7200 12 0 
7200 13 0 
7200 14 3 
7200 15 1 
7200 16 2 
7200 17 5 
7200 18 1 
7200 19 5 
7200 20 2 
7200 21 2 
7200 22 2 
7200 23 2 
7200 24 2 
7200 25 1 
7200 26 1 
7200 27 2 
7200 28 2 
7200 29 0 
7200 30 3 
7200 31 0 
7200 32 3 
7200 33 5 
7200 34 0 
7200 35 0 
7200 36 2 
7200 37 0 
7200 38 0 
7200 39 0 
7200 40 0 
7200 41 2 
7200 42 3 
7200 43 2 
7200 44 2 
7200 45 2 
7200 46 0 
7200 47 1 
7200 48 2 
7200 49 0 
7200 50 3 
7200 51 2 
7200 52 2 
7200 53 2 
7200 54 3 
7200 55 0 
7200 56 0 
7200 57 3 
7200 58 2 
7200 59 1 
7200 60 2 
7200 61 0 
7200 62 2 
7200 63 5 
7200 64 3 
7200 65 5 
7200 66 0 
7200 67 0 
7200 68 0 
7200 69 2 
7200 70 2 
7200 71 2 
7200 72 1 
7200 73 0 
7200 74 2 
7200 75 5 
7200 76 3 
7200 77 3 
7200 78 3 
7200 79 2 
7200 80 3 
7200 81 3 
7200 82 3 
7200 83 3 
7200 84 0 
7200 85 0 
7200 86 2 
7200 87 0 
7200 88 1 
7200 89 5 
7200 90 5 
7200 91 0 
7200 92 0 
7200 93 2 
7200 94 2 
7200 95 0 
7200 96 2 
7200 97 0 
7200 98 5 
7200 99 3 
7200 100 2 
7200 101 0 
7200 102 2 
7200 103 0 
7200 104 0 
7200 105 0 
7200 106 5 
7200 107 0 
7200 108 1 
7200 109 2 
7200 110 2 
7200 111 0 
7200 112 0 
7200 113 0 
7200 114 2 
7200 115 5 
7200 116 2 
7200 117 0 
7200 118 3 
7200 119 3 
7200 120 3 
7200 121 2 
7200 122 2 
7200 123 2 
7200 124 0 
7200 125 1 
7200 126 0 
7200 127 2 
7200 128 2 
7200 129 1 
7200 130 2 
7200 131 1 
7200 132 1 
7200 133 5 
7200 134 3 
7200 135 0 
7200 136 2 
7200 137 1 
7200 138 3 
7200 139 2 
7200 140 2 
7200 141 3 
7200 142 0 
7200 143 3 
7200 144 2 
7200 145 2 
7200 146 0 
7200 147 1 
7200 148 2 
7200 149 2 
7200 150 0 
7200 151 1 
7200 152 0 
7200 153 2 
7200 154 1 
7200 155 1 
7200 156 2 
7200 157 3 
7200 158 0 
7200 159 2 
7200 160 0 
7200 161 0 
7200 162 3 
7200 163 0 
7200 164 1 
7200 165 1 
7200 166 1 
7200 167 2 
7200 168 2 
7200 169 0 
7200 170 1 
7200 171 2 
7200 172 0 
7200 173 0 
7200 174 0 
7200 175 0 
7200 176 2 
7200 177 2 
7200 178 2 
7200 179 0 
7200 180 2 
7200 181 0 
7200 182 2 
7200 183 2 
7200 184 1 
7200 185 0 
7200 186 2 
7200 187 0 
7200 188 2 
7200 189 3 
7200 190 3 
7200 191 2 
7200 192 3 
7200 193 2 
7200 194 5 
7200 195 2 
7200 196 0 
7200 197 2 
7200 198 0 
7200 199 1 
7200 200 3 
7200 201 3 
7200 202 0 
7200 203 3 
7200 204 0 
7200 205 0 
7200 206 2 
7200 207 1 
7200 208 2 
7200 209 2 
7200 210 0 
7200 211 1 
7200 212 2 
7200 213 2 
7200 214 0 
7200 215 0 
7200 216 5 
7200 217 1 
7200 218 2 
7200 219 3 
7200 220 2 
7200 221 2 
7200 222 3 
7200 223 2 
7200 224 0 
7200 225 2 
7200 226 2 
7200 227 0 
7200 228 2 
7200 229 3 
7200 230 2 
7200 231 2 
7200 232 0 
7200 233 0 
7200 234 0 
7200 235 3 
7200 236 2 
7200 237 0 
7200 238 2 
7200 239 0 
7200 240 2 
7200 241 4 
7200 242 0 
7200 243 2 
7200 244 0 
7200 245 5 
7200 246 0 
7200 247 1 
7200 248 2 
7200 249 0 
