0 7200 
0 0 2 3 5 8 11 13 14 22 25 28 30 31 33 36 39 40 42 43 46 49 51 55 57 59 60 61 64 65 70 71 72 76 80 82 86 92 100 102 105 107 112 113 114 117 118 119 123 124 125 128 129 135 137 140 141 148 149 155 157 158 165 166 173 174 176 178 179 181 191 195 197 199 
0 1 4 7 9 12 41 44 45 62 84 89 90 93 95 97 120 130 134 145 146 151 152 159 161 163 167 184 186 190 
0 2 0 37 38 56 58 96 132 
0 3 0 183 
0 4 1 10 15 16 21 23 24 29 34 35 47 50 53 73 74 81 82 94 103 109 111 116 121 126 127 131 147 153 156 171 175 180 187 189 192 193 198 
0 5 0 
0 6 18 32 43 48 54 63 66 68 69 75 77 78 85 88 99 106 108 110 115 122 133 136 138 139 143 144 154 170 185 
0 7 1 
0 8 0 
0 9 1 20 83 
0 10 4 26 27 52 67 79 87 98 104 142 162 164 168 169 172 182 196 
0 11 0 
0 12 1 
0 13 0 
0 14 0 19 101 
0 15 4 188 194 
0 16 4 
0 17 19 91 150 160 177 
0 18 6 
0 19 14 17 
0 20 9 
0 21 4 
0 22 0 
0 23 4 
0 24 4 
0 25 0 
0 26 10 
0 27 10 
0 28 0 
0 29 4 
0 30 0 
0 31 0 
0 32 6 
0 33 0 
0 34 4 
0 35 4 
0 36 0 
0 37 2 
0 38 2 
0 39 0 
0 40 0 
0 41 1 
0 42 0 
0 43 0 6 
0 44 1 
0 45 1 
0 46 0 
0 47 4 
0 48 6 
0 49 0 
0 50 4 
0 51 0 
0 52 10 
0 53 4 
0 54 6 
0 55 0 
0 56 2 
0 57 0 
0 58 2 
0 59 0 
0 60 0 
0 61 0 
0 62 1 
0 63 6 
0 64 0 
0 65 0 
0 66 6 
0 67 10 
0 68 6 
0 69 6 
0 70 0 
0 71 0 
0 72 0 
0 73 4 
0 74 4 
0 75 6 
0 76 0 
0 77 6 
0 78 6 
0 79 10 
0 80 0 
0 81 4 
0 82 0 4 
0 83 9 
0 84 1 
0 85 6 
0 86 0 
0 87 10 
0 88 6 
0 89 1 
0 90 1 
0 91 17 
0 92 0 
0 93 1 
0 94 4 
0 95 1 
0 96 2 
0 97 1 
0 98 10 
0 99 6 
0 100 0 
0 101 14 
0 102 0 
0 103 4 
0 104 10 
0 105 0 
0 106 6 
0 107 0 
0 108 6 
0 109 4 
0 110 6 
0 111 4 
0 112 0 
0 113 0 
0 114 0 
0 115 6 
0 116 4 
0 117 0 
0 118 0 
0 119 0 
0 120 1 
0 121 4 
0 122 6 
0 123 0 
0 124 0 
0 125 0 
0 126 4 
0 127 4 
0 128 0 
0 129 0 
0 130 1 
0 131 4 
0 132 2 
0 133 6 
0 134 1 
0 135 0 
0 136 6 
0 137 0 
0 138 6 
0 139 6 
0 140 0 
0 141 0 
0 142 10 
0 143 6 
0 144 6 
0 145 1 
0 146 1 
0 147 4 
0 148 0 
0 149 0 
0 150 17 
0 151 1 
0 152 1 
0 153 4 
0 154 6 
0 155 0 
0 156 4 
0 157 0 
0 158 0 
0 159 1 
0 160 17 
0 161 1 
0 162 10 
0 163 1 
0 164 10 
0 165 0 
0 166 0 
0 167 1 
0 168 10 
0 169 10 
0 170 6 
0 171 4 
0 172 10 
0 173 0 
0 174 0 
0 175 4 
0 176 0 
0 177 17 
0 178 0 
0 179 0 
0 180 4 
0 181 0 
0 182 10 
0 183 3 
0 184 1 
0 185 6 
0 186 1 
0 187 4 
0 188 15 
0 189 4 
0 190 1 
0 191 0 
0 192 4 
0 193 4 
0 194 15 
0 195 0 
0 196 10 
0 197 0 
0 198 4 
0 199 0 
0 7200 
600 0 2 3 5 8 13 14 22 25 26 28 30 31 33 36 39 40 42 43 46 49 50 51 55 59 60 61 64 65 70 71 72 76 80 82 86 92 100 102 107 110 112 113 114 116 117 118 119 123 124 125 126 128 129 131 135 137 140 141 148 155 157 158 162 163 165 166 170 173 174 178 179 180 181 182 185 191 195 197 199 
600 1 4 7 9 12 41 44 54 84 89 90 93 95 97 103 105 109 120 130 134 145 146 149 151 152 159 161 167 184 186 
600 2 0 37 38 56 58 96 127 132 
600 3 0 11 183 
600 4 1 10 15 16 21 23 24 29 34 35 47 53 67 73 74 81 82 87 94 111 121 143 147 153 156 171 175 189 192 193 198 
600 5 0 19 27 32 52 79 83 98 101 142 172 196 
600 6 18 20 25 45 48 57 62 63 66 68 69 75 77 78 85 88 99 106 108 115 122 133 136 138 139 144 154 176 187 190 
600 7 1 
600 8 0 
600 9 1 
600 10 4 104 164 168 169 
600 11 3 17 91 150 160 177 188 194 
600 12 1 
600 13 0 
600 14 0 
600 15 4 
600 16 4 
600 17 11 
600 18 6 
600 19 5 
600 20 6 
600 21 4 
600 22 0 
600 23 4 
600 24 4 
600 25 0 6 
600 26 0 
600 27 5 
600 28 0 
600 29 4 
600 30 0 
600 31 0 
600 32 5 
600 33 0 
600 34 4 
600 35 4 
600 36 0 
600 37 2 
600 38 2 
600 39 0 
600 40 0 
600 41 1 
600 42 0 
600 43 0 
600 44 1 
600 45 6 
600 46 0 
600 47 4 
600 48 6 
600 49 0 
600 50 0 
600 51 0 
600 52 5 
600 53 4 
600 54 1 
600 55 0 
600 56 2 
600 57 6 
600 58 2 
600 59 0 
600 60 0 
600 61 0 
600 62 6 
600 63 6 
600 64 0 
600 65 0 
600 66 6 
600 67 4 
600 68 6 
600 69 6 
600 70 0 
600 71 0 
600 72 0 
600 73 4 
600 74 4 
600 75 6 
600 76 0 
600 77 6 
600 78 6 
600 79 5 
600 80 0 
600 81 4 
600 82 0 4 
600 83 5 
600 84 1 
600 85 6 
600 86 0 
600 87 4 
600 88 6 
600 89 1 
600 90 1 
600 91 11 
600 92 0 
600 93 1 
600 94 4 
600 95 1 
600 96 2 
600 97 1 
600 98 5 
600 99 6 
600 100 0 
600 101 5 
600 102 0 
600 103 1 
600 104 10 
600 105 1 
600 106 6 
600 107 0 
600 108 6 
600 109 1 
600 110 0 
600 111 4 
600 112 0 
600 113 0 
600 114 0 
600 115 6 
600 116 0 
600 117 0 
600 118 0 
600 119 0 
600 120 1 
600 121 4 
600 122 6 
600 123 0 
600 124 0 
600 125 0 
600 126 0 
600 127 2 
600 128 0 
600 129 0 
600 130 1 
600 131 0 
600 132 2 
600 133 6 
600 134 1 
600 135 0 
600 136 6 
600 137 0 
600 138 6 
600 139 6 
600 140 0 
600 141 0 
600 142 5 
600 143 4 
600 144 6 
600 145 1 
600 146 1 
600 147 4 
600 148 0 
600 149 1 
600 150 11 
600 151 1 
600 152 1 
600 153 4 
600 154 6 
600 155 0 
600 156 4 
600 157 0 
600 158 0 
600 159 1 
600 160 11 
600 161 1 
600 162 0 
600 163 0 
600 164 10 
600 165 0 
600 166 0 
600 167 1 
600 168 10 
600 169 10 
600 170 0 
600 171 4 
600 172 5 
600 173 0 
600 174 0 
600 175 4 
600 176 6 
600 177 11 
600 178 0 
600 179 0 
600 180 0 
600 181 0 
600 182 0 
600 183 3 
600 184 1 
600 185 0 
600 186 1 
600 187 6 
600 188 11 
600 189 4 
600 190 6 
600 191 0 
600 192 4 
600 193 4 
600 194 11 
600 195 0 
600 196 5 
600 197 0 
600 198 4 
600 199 0 
0 7200 
1200 0 2 3 5 8 22 25 28 31 33 34 36 37 39 40 42 46 49 50 51 53 55 59 60 61 64 65 70 72 73 76 80 82 86 92 100 102 107 110 112 113 114 116 117 118 119 120 123 124 128 129 135 137 140 142 145 148 155 156 157 158 162 163 166 170 173 174 178 179 181 182 185 191 195 196 197 199 
1200 1 4 7 9 12 26 41 43 44 54 84 89 90 95 97 103 105 115 126 130 131 146 149 151 152 159 161 167 184 186 
1200 2 0 38 58 96 127 132 
1200 3 0 11 109 183 
1200 4 1 10 15 16 21 23 24 67 74 81 87 111 143 147 150 165 171 175 189 192 193 
1200 5 0 15 19 27 30 32 35 52 56 79 83 94 98 121 172 198 
1200 6 13 18 20 25 29 45 48 57 62 63 66 68 69 71 75 77 78 85 88 93 99 106 108 122 125 133 136 138 139 141 144 154 176 187 190 
1200 7 1 47 153 
1200 8 0 
1200 9 1 
1200 10 4 101 104 134 164 168 169 180 194 
1200 11 3 14 17 91 160 177 188 
1200 12 1 
1200 13 6 
1200 14 11 
1200 15 4 5 
1200 16 4 
1200 17 11 
1200 18 6 
1200 19 5 
1200 20 6 
1200 21 4 
1200 22 0 
1200 23 4 
1200 24 4 
1200 25 0 6 
1200 26 1 
1200 27 5 
1200 28 0 
1200 29 6 
1200 30 5 
1200 31 0 
1200 32 5 
1200 33 0 
1200 34 0 
1200 35 5 
1200 36 0 
1200 37 0 
1200 38 2 
1200 39 0 
1200 40 0 
1200 41 1 
1200 42 0 
1200 43 1 
1200 44 1 
1200 45 6 
1200 46 0 
1200 47 7 
1200 48 6 
1200 49 0 
1200 50 0 
1200 51 0 
1200 52 5 
1200 53 0 
1200 54 1 
1200 55 0 
1200 56 5 
1200 57 6 
1200 58 2 
1200 59 0 
1200 60 0 
1200 61 0 
1200 62 6 
1200 63 6 
1200 64 0 
1200 65 0 
1200 66 6 
1200 67 4 
1200 68 6 
1200 69 6 
1200 70 0 
1200 71 6 
1200 72 0 
1200 73 0 
1200 74 4 
1200 75 6 
1200 76 0 
1200 77 6 
1200 78 6 
1200 79 5 
1200 80 0 
1200 81 4 
1200 82 0 
1200 83 5 
1200 84 1 
1200 85 6 
1200 86 0 
1200 87 4 
1200 88 6 
1200 89 1 
1200 90 1 
1200 91 11 
1200 92 0 
1200 93 6 
1200 94 5 
1200 95 1 
1200 96 2 
1200 97 1 
1200 98 5 
1200 99 6 
1200 100 0 
1200 101 10 
1200 102 0 
1200 103 1 
1200 104 10 
1200 105 1 
1200 106 6 
1200 107 0 
1200 108 6 
1200 109 3 
1200 110 0 
1200 111 4 
1200 112 0 
1200 113 0 
1200 114 0 
1200 115 1 
1200 116 0 
1200 117 0 
1200 118 0 
1200 119 0 
1200 120 0 
1200 121 5 
1200 122 6 
1200 123 0 
1200 124 0 
1200 125 6 
1200 126 1 
1200 127 2 
1200 128 0 
1200 129 0 
1200 130 1 
1200 131 1 
1200 132 2 
1200 133 6 
1200 134 10 
1200 135 0 
1200 136 6 
1200 137 0 
1200 138 6 
1200 139 6 
1200 140 0 
1200 141 6 
1200 142 0 
1200 143 4 
1200 144 6 
1200 145 0 
1200 146 1 
1200 147 4 
1200 148 0 
1200 149 1 
1200 150 4 
1200 151 1 
1200 152 1 
1200 153 7 
1200 154 6 
1200 155 0 
1200 156 0 
1200 157 0 
1200 158 0 
1200 159 1 
1200 160 11 
1200 161 1 
1200 162 0 
1200 163 0 
1200 164 10 
1200 165 4 
1200 166 0 
1200 167 1 
1200 168 10 
1200 169 10 
1200 170 0 
1200 171 4 
1200 172 5 
1200 173 0 
1200 174 0 
1200 175 4 
1200 176 6 
1200 177 11 
1200 178 0 
1200 179 0 
1200 180 10 
1200 181 0 
1200 182 0 
1200 183 3 
1200 184 1 
1200 185 0 
1200 186 1 
1200 187 6 
1200 188 11 
1200 189 4 
1200 190 6 
1200 191 0 
1200 192 4 
1200 193 4 
1200 194 10 
1200 195 0 
1200 196 0 
1200 197 0 
1200 198 5 
1200 199 0 
0 7200 
1800 0 2 3 5 8 22 24 25 28 29 33 37 39 40 42 46 50 51 53 59 60 61 64 65 72 73 80 86 102 107 110 112 113 114 116 117 118 119 120 123 124 128 129 135 137 140 145 148 152 155 156 157 158 162 163 166 170 173 174 178 181 182 185 195 196 197 199 
1800 1 7 9 12 17 26 34 41 43 44 54 75 76 84 89 92 95 97 103 105 115 130 131 149 159 161 167 168 184 186 
1800 2 0 38 58 127 132 191 
1800 3 0 11 109 
1800 4 11 14 19 27 30 31 35 47 52 56 79 90 91 96 98 101 104 121 144 153 154 160 164 169 172 177 180 188 194 198 
1800 5 0 15 21 23 70 74 81 83 87 88 94 111 126 143 147 165 183 189 
1800 6 13 18 20 25 32 36 45 48 55 57 62 63 66 68 69 71 76 77 78 85 99 100 106 108 122 125 133 136 138 139 141 142 146 150 176 179 187 190 192 
1800 7 1 10 16 49 67 82 93 151 171 175 193 
1800 8 0 
1800 9 1 134 
1800 10 7 
1800 11 3 4 
1800 12 1 
1800 13 6 
1800 14 4 
1800 15 5 
1800 16 7 
1800 17 1 
1800 18 6 
1800 19 4 
1800 20 6 
1800 21 5 
1800 22 0 
1800 23 5 
1800 24 0 
1800 25 0 6 
1800 26 1 
1800 27 4 
1800 28 0 
1800 29 0 
1800 30 4 
1800 31 4 
1800 32 6 
1800 33 0 
1800 34 1 
1800 35 4 
1800 36 6 
1800 37 0 
1800 38 2 
1800 39 0 
1800 40 0 
1800 41 1 
1800 42 0 
1800 43 1 
1800 44 1 
1800 45 6 
1800 46 0 
1800 47 4 
1800 48 6 
1800 49 7 
1800 50 0 
1800 51 0 
1800 52 4 
1800 53 0 
1800 54 1 
1800 55 6 
1800 56 4 
1800 57 6 
1800 58 2 
1800 59 0 
1800 60 0 
1800 61 0 
1800 62 6 
1800 63 6 
1800 64 0 
1800 65 0 
1800 66 6 
1800 67 7 
1800 68 6 
1800 69 6 
1800 70 5 
1800 71 6 
1800 72 0 
1800 73 0 
1800 74 5 
1800 75 1 
1800 76 1 6 
1800 77 6 
1800 78 6 
1800 79 4 
1800 80 0 
1800 81 5 
1800 82 7 
1800 83 5 
1800 84 1 
1800 85 6 
1800 86 0 
1800 87 5 
1800 88 5 
1800 89 1 
1800 90 4 
1800 91 4 
1800 92 1 
1800 93 7 
1800 94 5 
1800 95 1 
1800 96 4 
1800 97 1 
1800 98 4 
1800 99 6 
1800 100 6 
1800 101 4 
1800 102 0 
1800 103 1 
1800 104 4 
1800 105 1 
1800 106 6 
1800 107 0 
1800 108 6 
1800 109 3 
1800 110 0 
1800 111 5 
1800 112 0 
1800 113 0 
1800 114 0 
1800 115 1 
1800 116 0 
1800 117 0 
1800 118 0 
1800 119 0 
1800 120 0 
1800 121 4 
1800 122 6 
1800 123 0 
1800 124 0 
1800 125 6 
1800 126 5 
1800 127 2 
1800 128 0 
1800 129 0 
1800 130 1 
1800 131 1 
1800 132 2 
1800 133 6 
1800 134 9 
1800 135 0 
1800 136 6 
1800 137 0 
1800 138 6 
1800 139 6 
1800 140 0 
1800 141 6 
1800 142 6 
1800 143 5 
1800 144 4 
1800 145 0 
1800 146 6 
1800 147 5 
1800 148 0 
1800 149 1 
1800 150 6 
1800 151 7 
1800 152 0 
1800 153 4 
1800 154 4 
1800 155 0 
1800 156 0 
1800 157 0 
1800 158 0 
1800 159 1 
1800 160 4 
1800 161 1 
1800 162 0 
1800 163 0 
1800 164 4 
1800 165 5 
1800 166 0 
1800 167 1 
1800 168 1 
1800 169 4 
1800 170 0 
1800 171 7 
1800 172 4 
1800 173 0 
1800 174 0 
1800 175 7 
1800 176 6 
1800 177 4 
1800 178 0 
1800 179 6 
1800 180 4 
1800 181 0 
1800 182 0 
1800 183 5 
1800 184 1 
1800 185 0 
1800 186 1 
1800 187 6 
1800 188 4 
1800 189 5 
1800 190 6 
1800 191 2 
1800 192 6 
1800 193 7 
1800 194 4 
1800 195 0 
1800 196 0 
1800 197 0 
1800 198 4 
1800 199 0 
0 7200 
2400 0 2 3 4 5 7 8 22 24 25 27 34 37 39 40 42 50 51 53 59 60 61 64 65 67 72 78 80 86 98 100 102 106 107 110 112 113 114 116 117 118 119 120 123 124 129 135 137 140 145 148 150 152 155 156 157 158 162 163 166 173 174 178 181 182 195 196 197 199 
2400 1 9 12 17 26 43 44 46 54 75 76 84 89 92 95 96 103 105 111 115 130 131 149 159 161 167 168 170 180 184 186 
2400 2 0 33 38 58 127 132 191 
2400 3 0 11 109 
2400 4 0 15 16 19 21 23 28 30 31 35 41 47 49 52 56 69 70 73 74 79 81 82 83 87 88 94 97 121 126 128 134 143 147 151 153 160 165 168 169 172 177 179 183 185 189 
2400 5 0 
2400 6 18 20 29 32 36 45 48 55 57 62 65 66 68 71 77 85 99 108 122 125 133 136 138 139 141 142 144 146 176 187 190 192 198 
2400 7 0 13 14 
2400 8 0 
2400 9 1 175 
2400 10 11 91 93 101 104 154 164 171 193 194 
2400 11 3 10 63 90 188 
2400 12 1 
2400 13 7 
2400 14 7 
2400 15 4 
2400 16 4 
2400 17 1 
2400 18 6 
2400 19 4 
2400 20 6 
2400 21 4 
2400 22 0 
2400 23 4 
2400 24 0 
2400 25 0 
2400 26 1 
2400 27 0 
2400 28 4 
2400 29 6 
2400 30 4 
2400 31 4 
2400 32 6 
2400 33 2 
2400 34 0 
2400 35 4 
2400 36 6 
2400 37 0 
2400 38 2 
2400 39 0 
2400 40 0 
2400 41 4 
2400 42 0 
2400 43 1 
2400 44 1 
2400 45 6 
2400 46 1 
2400 47 4 
2400 48 6 
2400 49 4 
2400 50 0 
2400 51 0 
2400 52 4 
2400 53 0 
2400 54 1 
2400 55 6 
2400 56 4 
2400 57 6 
2400 58 2 
2400 59 0 
2400 60 0 
2400 61 0 
2400 62 6 
2400 63 11 
2400 64 0 
2400 65 0 6 
2400 66 6 
2400 67 0 
2400 68 6 
2400 69 4 
2400 70 4 
2400 71 6 
2400 72 0 
2400 73 4 
2400 74 4 
2400 75 1 
2400 76 1 
2400 77 6 
2400 78 0 
2400 79 4 
2400 80 0 
2400 81 4 
2400 82 4 
2400 83 4 
2400 84 1 
2400 85 6 
2400 86 0 
2400 87 4 
2400 88 4 
2400 89 1 
2400 90 11 
2400 91 10 
2400 92 1 
2400 93 10 
2400 94 4 
2400 95 1 
2400 96 1 
2400 97 4 
2400 98 0 
2400 99 6 
2400 100 0 
2400 101 10 
2400 102 0 
2400 103 1 
2400 104 10 
2400 105 1 
2400 106 0 
2400 107 0 
2400 108 6 
2400 109 3 
2400 110 0 
2400 111 1 
2400 112 0 
2400 113 0 
2400 114 0 
2400 115 1 
2400 116 0 
2400 117 0 
2400 118 0 
2400 119 0 
2400 120 0 
2400 121 4 
2400 122 6 
2400 123 0 
2400 124 0 
2400 125 6 
2400 126 4 
2400 127 2 
2400 128 4 
2400 129 0 
2400 130 1 
2400 131 1 
2400 132 2 
2400 133 6 
2400 134 4 
2400 135 0 
2400 136 6 
2400 137 0 
2400 138 6 
2400 139 6 
2400 140 0 
2400 141 6 
2400 142 6 
2400 143 4 
2400 144 6 
2400 145 0 
2400 146 6 
2400 147 4 
2400 148 0 
2400 149 1 
2400 150 0 
2400 151 4 
2400 152 0 
2400 153 4 
2400 154 10 
2400 155 0 
2400 156 0 
2400 157 0 
2400 158 0 
2400 159 1 
2400 160 4 
2400 161 1 
2400 162 0 
2400 163 0 
2400 164 10 
2400 165 4 
2400 166 0 
2400 167 1 
2400 168 1 4 
2400 169 4 
2400 170 1 
2400 171 10 
2400 172 4 
2400 173 0 
2400 174 0 
2400 175 9 
2400 176 6 
2400 177 4 
2400 178 0 
2400 179 4 
2400 180 1 
2400 181 0 
2400 182 0 
2400 183 4 
2400 184 1 
2400 185 4 
2400 186 1 
2400 187 6 
2400 188 11 
2400 189 4 
2400 190 6 
2400 191 2 
2400 192 6 
2400 193 10 
2400 194 10 
2400 195 0 
2400 196 0 
2400 197 0 
2400 198 6 
2400 199 0 
0 7200 
3000 0 2 3 4 7 8 22 25 27 34 37 39 40 42 50 51 53 59 60 61 64 65 67 70 72 80 84 86 98 100 107 112 113 114 116 117 118 119 120 123 124 129 132 135 137 139 140 143 145 146 148 150 152 155 156 157 158 162 163 164 166 173 174 178 181 182 195 196 197 199 
3000 1 12 14 26 43 44 46 54 56 75 76 87 89 92 95 96 102 103 105 111 115 130 131 149 159 160 161 167 168 170 180 184 187 
3000 2 0 5 33 38 55 58 127 191 
3000 3 0 11 109 
3000 4 0 9 15 16 21 23 28 30 31 35 41 47 49 52 68 69 73 74 81 82 83 88 94 97 104 110 121 125 126 128 144 147 151 153 165 168 169 172 177 179 183 186 189 
3000 5 2 13 63 78 90 91 101 185 188 194 
3000 6 10 17 18 20 24 29 32 36 45 48 57 62 65 66 71 77 79 85 99 106 108 122 133 134 136 138 141 142 154 176 190 192 198 
3000 7 0 
3000 8 0 
3000 9 4 19 93 171 175 193 
3000 10 6 
3000 11 3 
3000 12 1 
3000 13 5 
3000 14 1 
3000 15 4 
3000 16 4 
3000 17 6 
3000 18 6 
3000 19 9 
3000 20 6 
3000 21 4 
3000 22 0 
3000 23 4 
3000 24 6 
3000 25 0 
3000 26 1 
3000 27 0 
3000 28 4 
3000 29 6 
3000 30 4 
3000 31 4 
3000 32 6 
3000 33 2 
3000 34 0 
3000 35 4 
3000 36 6 
3000 37 0 
3000 38 2 
3000 39 0 
3000 40 0 
3000 41 4 
3000 42 0 
3000 43 1 
3000 44 1 
3000 45 6 
3000 46 1 
3000 47 4 
3000 48 6 
3000 49 4 
3000 50 0 
3000 51 0 
3000 52 4 
3000 53 0 
3000 54 1 
3000 55 2 
3000 56 1 
3000 57 6 
3000 58 2 
3000 59 0 
3000 60 0 
3000 61 0 
3000 62 6 
3000 63 5 
3000 64 0 
3000 65 0 6 
3000 66 6 
3000 67 0 
3000 68 4 
3000 69 4 
3000 70 0 
3000 71 6 
3000 72 0 
3000 73 4 
3000 74 4 
3000 75 1 
3000 76 1 
3000 77 6 
3000 78 5 
3000 79 6 
3000 80 0 
3000 81 4 
3000 82 4 
3000 83 4 
3000 84 0 
3000 85 6 
3000 86 0 
3000 87 1 
3000 88 4 
3000 89 1 
3000 90 5 
3000 91 5 
3000 92 1 
3000 93 9 
3000 94 4 
3000 95 1 
3000 96 1 
3000 97 4 
3000 98 0 
3000 99 6 
3000 100 0 
3000 101 5 
3000 102 1 
3000 103 1 
3000 104 4 
3000 105 1 
3000 106 6 
3000 107 0 
3000 108 6 
3000 109 3 
3000 110 4 
3000 111 1 
3000 112 0 
3000 113 0 
3000 114 0 
3000 115 1 
3000 116 0 
3000 117 0 
3000 118 0 
3000 119 0 
3000 120 0 
3000 121 4 
3000 122 6 
3000 123 0 
3000 124 0 
3000 125 4 
3000 126 4 
3000 127 2 
3000 128 4 
3000 129 0 
3000 130 1 
3000 131 1 
3000 132 0 
3000 133 6 
3000 134 6 
3000 135 0 
3000 136 6 
3000 137 0 
3000 138 6 
3000 139 0 
3000 140 0 
3000 141 6 
3000 142 6 
3000 143 0 
3000 144 4 
3000 145 0 
3000 146 0 
3000 147 4 
3000 148 0 
3000 149 1 
3000 150 0 
3000 151 4 
3000 152 0 
3000 153 4 
3000 154 6 
3000 155 0 
3000 156 0 
3000 157 0 
3000 158 0 
3000 159 1 
3000 160 1 
3000 161 1 
3000 162 0 
3000 163 0 
3000 164 0 
3000 165 4 
3000 166 0 
3000 167 1 
3000 168 1 4 
3000 169 4 
3000 170 1 
3000 171 9 
3000 172 4 
3000 173 0 
3000 174 0 
3000 175 9 
3000 176 6 
3000 177 4 
3000 178 0 
3000 179 4 
3000 180 1 
3000 181 0 
3000 182 0 
3000 183 4 
3000 184 1 
3000 185 5 
3000 186 4 
3000 187 1 
3000 188 5 
3000 189 4 
3000 190 6 
3000 191 2 
3000 192 6 
3000 193 9 
3000 194 5 
3000 195 0 
3000 196 0 
3000 197 0 
3000 198 6 
3000 199 0 
0 7200 
3600 0 2 3 4 7 8 9 22 23 25 27 34 37 39 40 42 50 51 53 59 60 64 65 67 72 80 81 84 86 98 99 100 107 114 116 117 118 120 123 124 132 135 137 139 140 145 146 148 150 155 157 158 162 163 164 166 173 174 178 181 182 195 196 197 199 
3600 1 12 14 28 41 43 44 46 48 54 56 63 75 76 87 89 92 95 96 103 105 108 115 119 129 130 131 143 149 156 159 160 168 170 180 184 187 
3600 2 0 5 33 38 127 171 
3600 3 0 11 109 161 
3600 4 0 10 16 17 21 28 30 35 52 57 58 69 73 74 79 83 88 94 97 102 104 110 121 122 126 147 165 167 172 179 183 186 188 189 192 
3600 5 2 13 31 49 68 90 91 101 112 113 125 128 144 153 169 177 185 194 
3600 6 9 18 20 24 26 32 36 45 61 62 66 71 77 78 85 106 111 133 134 136 138 141 142 154 176 190 198 
3600 7 0 
3600 8 0 
3600 9 0 6 
3600 10 4 
3600 11 3 15 19 47 55 70 82 93 151 152 191 193 
3600 12 1 
3600 13 5 
3600 14 1 29 175 
3600 15 11 
3600 16 4 
3600 17 4 
3600 18 6 
3600 19 11 
3600 20 6 
3600 21 4 
3600 22 0 
3600 23 0 
3600 24 6 
3600 25 0 
3600 26 6 
3600 27 0 
3600 28 1 4 
3600 29 14 
3600 30 4 
3600 31 5 
3600 32 6 
3600 33 2 
3600 34 0 
3600 35 4 
3600 36 6 
3600 37 0 
3600 38 2 
3600 39 0 
3600 40 0 
3600 41 1 
3600 42 0 
3600 43 1 
3600 44 1 
3600 45 6 
3600 46 1 
3600 47 11 
3600 48 1 
3600 49 5 
3600 50 0 
3600 51 0 
3600 52 4 
3600 53 0 
3600 54 1 
3600 55 11 
3600 56 1 
3600 57 4 
3600 58 4 
3600 59 0 
3600 60 0 
3600 61 6 
3600 62 6 
3600 63 1 
3600 64 0 
3600 65 0 
3600 66 6 
3600 67 0 
3600 68 5 
3600 69 4 
3600 70 11 
3600 71 6 
3600 72 0 
3600 73 4 
3600 74 4 
3600 75 1 
3600 76 1 
3600 77 6 
3600 78 6 
3600 79 4 
3600 80 0 
3600 81 0 
3600 82 11 
3600 83 4 
3600 84 0 
3600 85 6 
3600 86 0 
3600 87 1 
3600 88 4 
3600 89 1 
3600 90 5 
3600 91 5 
3600 92 1 
3600 93 11 
3600 94 4 
3600 95 1 
3600 96 1 
3600 97 4 
3600 98 0 
3600 99 0 
3600 100 0 
3600 101 5 
3600 102 4 
3600 103 1 
3600 104 4 
3600 105 1 
3600 106 6 
3600 107 0 
3600 108 1 
3600 109 3 
3600 110 4 
3600 111 6 
3600 112 5 
3600 113 5 
3600 114 0 
3600 115 1 
3600 116 0 
3600 117 0 
3600 118 0 
3600 119 1 
3600 120 0 
3600 121 4 
3600 122 4 
3600 123 0 
3600 124 0 
3600 125 5 
3600 126 4 
3600 127 2 
3600 128 5 
3600 129 1 
3600 130 1 
3600 131 1 
3600 132 0 
3600 133 6 
3600 134 6 
3600 135 0 
3600 136 6 
3600 137 0 
3600 138 6 
3600 139 0 
3600 140 0 
3600 141 6 
3600 142 6 
3600 143 1 
3600 144 5 
3600 145 0 
3600 146 0 
3600 147 4 
3600 148 0 
3600 149 1 
3600 150 0 
3600 151 11 
3600 152 11 
3600 153 5 
3600 154 6 
3600 155 0 
3600 156 1 
3600 157 0 
3600 158 0 
3600 159 1 
3600 160 1 
3600 161 3 
3600 162 0 
3600 163 0 
3600 164 0 
3600 165 4 
3600 166 0 
3600 167 4 
3600 168 1 
3600 169 5 
3600 170 1 
3600 171 2 
3600 172 4 
3600 173 0 
3600 174 0 
3600 175 14 
3600 176 6 
3600 177 5 
3600 178 0 
3600 179 4 
3600 180 1 
3600 181 0 
3600 182 0 
3600 183 4 
3600 184 1 
3600 185 5 
3600 186 4 
3600 187 1 
3600 188 4 
3600 189 4 
3600 190 6 
3600 191 11 
3600 192 4 
3600 193 11 
3600 194 5 
3600 195 0 
3600 196 0 
3600 197 0 
3600 198 6 
3600 199 0 
0 7200 
4200 0 2 3 6 7 8 9 22 23 25 37 39 40 42 51 53 54 59 60 65 66 72 73 80 81 84 98 99 100 107 108 114 116 117 118 119 120 123 132 133 135 139 140 146 148 150 151 154 155 157 158 162 163 166 173 174 176 178 181 182 195 196 197 199 
4200 1 12 14 28 41 46 48 50 56 61 63 64 75 76 89 92 95 96 103 105 106 115 129 130 131 143 147 149 156 159 160 164 168 170 180 184 187 
4200 2 0 33 38 124 127 145 171 
4200 3 0 11 86 109 161 
4200 4 11 13 16 19 29 30 31 34 35 43 44 47 49 52 55 58 67 68 70 74 82 88 90 91 93 94 97 101 112 113 121 125 126 128 137 144 152 153 165 167 168 169 172 175 177 183 185 188 189 191 192 193 194 
4200 5 9 10 17 21 24 27 45 57 69 71 77 79 83 87 102 104 110 111 134 142 179 186 
4200 6 0 15 18 20 26 32 36 62 78 85 122 136 138 141 190 198 
4200 7 0 
4200 8 0 
4200 9 0 5 
4200 10 5 
4200 11 3 4 
4200 12 1 
4200 13 4 
4200 14 1 
4200 15 6 
4200 16 4 
4200 17 5 
4200 18 6 
4200 19 4 
4200 20 6 
4200 21 5 
4200 22 0 
4200 23 0 
4200 24 5 
4200 25 0 
4200 26 6 
4200 27 5 
4200 28 1 
4200 29 4 
4200 30 4 
4200 31 4 
4200 32 6 
4200 33 2 
4200 34 4 
4200 35 4 
4200 36 6 
4200 37 0 
4200 38 2 
4200 39 0 
4200 40 0 
4200 41 1 
4200 42 0 
4200 43 4 
4200 44 4 
4200 45 5 
4200 46 1 
4200 47 4 
4200 48 1 
4200 49 4 
4200 50 1 
4200 51 0 
4200 52 4 
4200 53 0 
4200 54 0 
4200 55 4 
4200 56 1 
4200 57 5 
4200 58 4 
4200 59 0 
4200 60 0 
4200 61 1 
4200 62 6 
4200 63 1 
4200 64 1 
4200 65 0 
4200 66 0 
4200 67 4 
4200 68 4 
4200 69 5 
4200 70 4 
4200 71 5 
4200 72 0 
4200 73 0 
4200 74 4 
4200 75 1 
4200 76 1 
4200 77 5 
4200 78 6 
4200 79 5 
4200 80 0 
4200 81 0 
4200 82 4 
4200 83 5 
4200 84 0 
4200 85 6 
4200 86 3 
4200 87 5 
4200 88 4 
4200 89 1 
4200 90 4 
4200 91 4 
4200 92 1 
4200 93 4 
4200 94 4 
4200 95 1 
4200 96 1 
4200 97 4 
4200 98 0 
4200 99 0 
4200 100 0 
4200 101 4 
4200 102 5 
4200 103 1 
4200 104 5 
4200 105 1 
4200 106 1 
4200 107 0 
4200 108 0 
4200 109 3 
4200 110 5 
4200 111 5 
4200 112 4 
4200 113 4 
4200 114 0 
4200 115 1 
4200 116 0 
4200 117 0 
4200 118 0 
4200 119 0 
4200 120 0 
4200 121 4 
4200 122 6 
4200 123 0 
4200 124 2 
4200 125 4 
4200 126 4 
4200 127 2 
4200 128 4 
4200 129 1 
4200 130 1 
4200 131 1 
4200 132 0 
4200 133 0 
4200 134 5 
4200 135 0 
4200 136 6 
4200 137 4 
4200 138 6 
4200 139 0 
4200 140 0 
4200 141 6 
4200 142 5 
4200 143 1 
4200 144 4 
4200 145 2 
4200 146 0 
4200 147 1 
4200 148 0 
4200 149 1 
4200 150 0 
4200 151 0 
4200 152 4 
4200 153 4 
4200 154 0 
4200 155 0 
4200 156 1 
4200 157 0 
4200 158 0 
4200 159 1 
4200 160 1 
4200 161 3 
4200 162 0 
4200 163 0 
4200 164 1 
4200 165 4 
4200 166 0 
4200 167 4 
4200 168 1 4 
4200 169 4 
4200 170 1 
4200 171 2 
4200 172 4 
4200 173 0 
4200 174 0 
4200 175 4 
4200 176 0 
4200 177 4 
4200 178 0 
4200 179 5 
4200 180 1 
4200 181 0 
4200 182 0 
4200 183 4 
4200 184 1 
4200 185 4 
4200 186 5 
4200 187 1 
4200 188 4 
4200 189 4 
4200 190 6 
4200 191 4 
4200 192 4 
4200 193 4 
4200 194 4 
4200 195 0 
4200 196 0 
4200 197 0 
4200 198 6 
4200 199 0 
0 7200 
4800 0 2 3 4 6 7 13 22 23 25 37 39 40 42 47 51 53 54 55 59 60 65 66 72 80 81 84 87 98 99 100 107 108 114 116 117 118 120 121 123 132 135 139 140 146 148 150 151 154 155 157 158 162 163 166 168 173 174 176 178 181 182 191 195 196 
4800 1 12 14 17 28 41 50 56 63 64 75 76 89 92 95 103 105 106 110 115 119 129 130 131 143 147 149 153 156 159 160 164 170 171 180 184 186 187 
4800 2 0 15 38 61 69 113 124 127 145 
4800 3 0 11 86 109 161 
4800 4 0 5 10 21 27 32 33 46 57 79 83 85 94 102 104 111 122 134 172 179 183 188 189 
4800 5 4 9 17 19 20 24 29 30 35 43 44 45 48 67 71 77 82 88 96 97 142 167 175 185 192 197 199 
4800 6 0 18 36 52 73 78 133 136 138 141 190 198 
4800 7 0 31 49 58 68 74 112 125 128 144 169 177 
4800 8 10 26 62 
4800 9 5 
4800 10 4 8 
4800 11 3 16 34 70 90 91 93 101 126 137 152 165 193 194 
4800 12 1 
4800 13 0 
4800 14 1 
4800 15 2 
4800 16 11 
4800 17 1 5 
4800 18 6 
4800 19 5 
4800 20 5 
4800 21 4 
4800 22 0 
4800 23 0 
4800 24 5 
4800 25 0 
4800 26 8 
4800 27 4 
4800 28 1 
4800 29 5 
4800 30 5 
4800 31 7 
4800 32 4 
4800 33 4 
4800 34 11 
4800 35 5 
4800 36 6 
4800 37 0 
4800 38 2 
4800 39 0 
4800 40 0 
4800 41 1 
4800 42 0 
4800 43 5 
4800 44 5 
4800 45 5 
4800 46 4 
4800 47 0 
4800 48 5 
4800 49 7 
4800 50 1 
4800 51 0 
4800 52 6 
4800 53 0 
4800 54 0 
4800 55 0 
4800 56 1 
4800 57 4 
4800 58 7 
4800 59 0 
4800 60 0 
4800 61 2 
4800 62 8 
4800 63 1 
4800 64 1 
4800 65 0 
4800 66 0 
4800 67 5 
4800 68 7 
4800 69 2 
4800 70 11 
4800 71 5 
4800 72 0 
4800 73 6 
4800 74 7 
4800 75 1 
4800 76 1 
4800 77 5 
4800 78 6 
4800 79 4 
4800 80 0 
4800 81 0 
4800 82 5 
4800 83 4 
4800 84 0 
4800 85 4 
4800 86 3 
4800 87 0 
4800 88 5 
4800 89 1 
4800 90 11 
4800 91 11 
4800 92 1 
4800 93 11 
4800 94 4 
4800 95 1 
4800 96 5 
4800 97 5 
4800 98 0 
4800 99 0 
4800 100 0 
4800 101 11 
4800 102 4 
4800 103 1 
4800 104 4 
4800 105 1 
4800 106 1 
4800 107 0 
4800 108 0 
4800 109 3 
4800 110 1 
4800 111 4 
4800 112 7 
4800 113 2 
4800 114 0 
4800 115 1 
4800 116 0 
4800 117 0 
4800 118 0 
4800 119 1 
4800 120 0 
4800 121 0 
4800 122 4 
4800 123 0 
4800 124 2 
4800 125 7 
4800 126 11 
4800 127 2 
4800 128 7 
4800 129 1 
4800 130 1 
4800 131 1 
4800 132 0 
4800 133 6 
4800 134 4 
4800 135 0 
4800 136 6 
4800 137 11 
4800 138 6 
4800 139 0 
4800 140 0 
4800 141 6 
4800 142 5 
4800 143 1 
4800 144 7 
4800 145 2 
4800 146 0 
4800 147 1 
4800 148 0 
4800 149 1 
4800 150 0 
4800 151 0 
4800 152 11 
4800 153 1 
4800 154 0 
4800 155 0 
4800 156 1 
4800 157 0 
4800 158 0 
4800 159 1 
4800 160 1 
4800 161 3 
4800 162 0 
4800 163 0 
4800 164 1 
4800 165 11 
4800 166 0 
4800 167 5 
4800 168 0 
4800 169 7 
4800 170 1 
4800 171 1 
4800 172 4 
4800 173 0 
4800 174 0 
4800 175 5 
4800 176 0 
4800 177 7 
4800 178 0 
4800 179 4 
4800 180 1 
4800 181 0 
4800 182 0 
4800 183 4 
4800 184 1 
4800 185 5 
4800 186 1 
4800 187 1 
4800 188 4 
4800 189 4 
4800 190 6 
4800 191 0 
4800 192 5 
4800 193 11 
4800 194 11 
4800 195 0 
4800 196 0 
4800 197 5 
4800 198 6 
4800 199 5 
0 7200 
5400 0 2 3 6 7 9 13 23 25 39 42 47 51 53 54 55 59 60 61 65 66 68 71 72 81 84 87 99 100 102 107 108 111 114 116 117 120 121 122 123 135 139 140 144 146 147 148 150 151 154 155 157 158 162 163 166 168 169 172 176 178 181 182 195 196 199 
5400 1 12 14 17 28 41 50 56 63 64 75 76 80 89 92 95 103 105 106 110 115 118 119 129 130 131 143 149 153 156 159 160 164 170 171 174 180 184 186 187 
5400 2 0 15 38 69 113 124 132 141 145 191 
5400 3 0 11 86 109 161 
5400 4 8 10 26 32 34 36 45 46 52 57 62 66 73 77 78 85 98 125 133 134 136 138 173 190 197 198 
5400 5 6 17 19 20 21 22 24 27 29 30 31 33 35 43 44 48 49 67 82 83 94 96 97 104 142 165 167 175 179 183 185 188 189 192 
5400 6 0 5 
5400 7 0 18 58 74 79 112 127 128 177 
5400 8 4 
5400 9 0 
5400 10 4 
5400 11 3 16 37 70 88 90 91 93 101 126 137 152 193 194 
5400 12 1 
5400 13 0 
5400 14 1 40 
5400 15 2 
5400 16 11 
5400 17 1 5 
5400 18 7 
5400 19 5 
5400 20 5 
5400 21 5 
5400 22 5 
5400 23 0 
5400 24 5 
5400 25 0 
5400 26 4 
5400 27 5 
5400 28 1 
5400 29 5 
5400 30 5 
5400 31 5 
5400 32 4 
5400 33 5 
5400 34 4 
5400 35 5 
5400 36 4 
5400 37 11 
5400 38 2 
5400 39 0 
5400 40 14 
5400 41 1 
5400 42 0 
5400 43 5 
5400 44 5 
5400 45 4 
5400 46 4 
5400 47 0 
5400 48 5 
5400 49 5 
5400 50 1 
5400 51 0 
5400 52 4 
5400 53 0 
5400 54 0 
5400 55 0 
5400 56 1 
5400 57 4 
5400 58 7 
5400 59 0 
5400 60 0 
5400 61 0 
5400 62 4 
5400 63 1 
5400 64 1 
5400 65 0 
5400 66 0 4 
5400 67 5 
5400 68 0 
5400 69 2 
5400 70 11 
5400 71 0 
5400 72 0 
5400 73 4 
5400 74 7 
5400 75 1 
5400 76 1 
5400 77 4 
5400 78 4 
5400 79 7 
5400 80 1 
5400 81 0 
5400 82 5 
5400 83 5 
5400 84 0 
5400 85 4 
5400 86 3 
5400 87 0 
5400 88 11 
5400 89 1 
5400 90 11 
5400 91 11 
5400 92 1 
5400 93 11 
5400 94 5 
5400 95 1 
5400 96 5 
5400 97 5 
5400 98 4 
5400 99 0 
5400 100 0 
5400 101 11 
5400 102 0 
5400 103 1 
5400 104 5 
5400 105 1 
5400 106 1 
5400 107 0 
5400 108 0 
5400 109 3 
5400 110 1 
5400 111 0 
5400 112 7 
5400 113 2 
5400 114 0 
5400 115 1 
5400 116 0 
5400 117 0 
5400 118 1 
5400 119 1 
5400 120 0 
5400 121 0 
5400 122 0 
5400 123 0 
5400 124 2 
5400 125 4 
5400 126 11 
5400 127 7 
5400 128 7 
5400 129 1 
5400 130 1 
5400 131 1 
5400 132 2 
5400 133 4 
5400 134 4 
5400 135 0 
5400 136 4 
5400 137 11 
5400 138 4 
5400 139 0 
5400 140 0 
5400 141 2 
5400 142 5 
5400 143 1 
5400 144 0 
5400 145 2 
5400 146 0 
5400 147 0 
5400 148 0 
5400 149 1 
5400 150 0 
5400 151 0 
5400 152 11 
5400 153 1 
5400 154 0 
5400 155 0 
5400 156 1 
5400 157 0 
5400 158 0 
5400 159 1 
5400 160 1 
5400 161 3 
5400 162 0 
5400 163 0 
5400 164 1 
5400 165 5 
5400 166 0 
5400 167 5 
5400 168 0 
5400 169 0 
5400 170 1 
5400 171 1 
5400 172 0 
5400 173 4 
5400 174 1 
5400 175 5 
5400 176 0 
5400 177 7 
5400 178 0 
5400 179 5 
5400 180 1 
5400 181 0 
5400 182 0 
5400 183 5 
5400 184 1 
5400 185 5 
5400 186 1 
5400 187 1 
5400 188 5 
5400 189 5 
5400 190 4 
5400 191 2 
5400 192 5 
5400 193 11 
5400 194 11 
5400 195 0 
5400 196 0 
5400 197 4 
5400 198 4 
5400 199 0 
0 7200 
6000 0 2 3 4 6 7 9 13 15 19 23 25 39 42 47 51 52 54 55 56 59 60 61 64 65 66 68 71 72 81 84 87 97 99 100 102 107 108 111 114 116 117 118 120 121 122 123 125 132 135 139 140 143 144 146 148 150 151 154 158 162 163 168 169 172 176 178 181 182 195 199 
6000 1 12 14 17 28 41 50 75 76 80 89 92 95 103 105 106 110 119 129 130 131 149 153 156 160 164 171 174 180 183 184 186 187 196 
6000 2 0 63 69 113 141 145 161 191 
6000 3 0 11 86 109 
6000 4 0 5 10 21 24 27 32 46 53 57 73 83 85 104 115 134 173 189 
6000 5 4 17 22 29 30 31 33 34 35 43 44 45 48 49 67 77 82 94 96 142 147 157 159 165 167 170 175 179 185 188 192 193 197 
6000 6 0 36 78 124 133 136 138 166 190 198 
6000 7 0 18 40 58 74 112 127 128 177 
6000 8 10 26 62 98 
6000 9 0 
6000 10 4 8 
6000 11 3 16 20 37 70 79 88 90 91 93 101 126 137 152 155 194 
6000 12 1 
6000 13 0 
6000 14 1 38 
6000 15 0 
6000 16 11 
6000 17 1 5 
6000 18 7 
6000 19 0 
6000 20 11 
6000 21 4 
6000 22 5 
6000 23 0 
6000 24 4 
6000 25 0 
6000 26 8 
6000 27 4 
6000 28 1 
6000 29 5 
6000 30 5 
6000 31 5 
6000 32 4 
6000 33 5 
6000 34 5 
6000 35 5 
6000 36 6 
6000 37 11 
6000 38 14 
6000 39 0 
6000 40 7 
6000 41 1 
6000 42 0 
6000 43 5 
6000 44 5 
6000 45 5 
6000 46 4 
6000 47 0 
6000 48 5 
6000 49 5 
6000 50 1 
6000 51 0 
6000 52 0 
6000 53 4 
6000 54 0 
6000 55 0 
6000 56 0 
6000 57 4 
6000 58 7 
6000 59 0 
6000 60 0 
6000 61 0 
6000 62 8 
6000 63 2 
6000 64 0 
6000 65 0 
6000 66 0 
6000 67 5 
6000 68 0 
6000 69 2 
6000 70 11 
6000 71 0 
6000 72 0 
6000 73 4 
6000 74 7 
6000 75 1 
6000 76 1 
6000 77 5 
6000 78 6 
6000 79 11 
6000 80 1 
6000 81 0 
6000 82 5 
6000 83 4 
6000 84 0 
6000 85 4 
6000 86 3 
6000 87 0 
6000 88 11 
6000 89 1 
6000 90 11 
6000 91 11 
6000 92 1 
6000 93 11 
6000 94 5 
6000 95 1 
6000 96 5 
6000 97 0 
6000 98 8 
6000 99 0 
6000 100 0 
6000 101 11 
6000 102 0 
6000 103 1 
6000 104 4 
6000 105 1 
6000 106 1 
6000 107 0 
6000 108 0 
6000 109 3 
6000 110 1 
6000 111 0 
6000 112 7 
6000 113 2 
6000 114 0 
6000 115 4 
6000 116 0 
6000 117 0 
6000 118 0 
6000 119 1 
6000 120 0 
6000 121 0 
6000 122 0 
6000 123 0 
6000 124 6 
6000 125 0 
6000 126 11 
6000 127 7 
6000 128 7 
6000 129 1 
6000 130 1 
6000 131 1 
6000 132 0 
6000 133 6 
6000 134 4 
6000 135 0 
6000 136 6 
6000 137 11 
6000 138 6 
6000 139 0 
6000 140 0 
6000 141 2 
6000 142 5 
6000 143 0 
6000 144 0 
6000 145 2 
6000 146 0 
6000 147 5 
6000 148 0 
6000 149 1 
6000 150 0 
6000 151 0 
6000 152 11 
6000 153 1 
6000 154 0 
6000 155 11 
6000 156 1 
6000 157 5 
6000 158 0 
6000 159 5 
6000 160 1 
6000 161 2 
6000 162 0 
6000 163 0 
6000 164 1 
6000 165 5 
6000 166 6 
6000 167 5 
6000 168 0 
6000 169 0 
6000 170 5 
6000 171 1 
6000 172 0 
6000 173 4 
6000 174 1 
6000 175 5 
6000 176 0 
6000 177 7 
6000 178 0 
6000 179 5 
6000 180 1 
6000 181 0 
6000 182 0 
6000 183 1 
6000 184 1 
6000 185 5 
6000 186 1 
6000 187 1 
6000 188 5 
6000 189 4 
6000 190 6 
6000 191 2 
6000 192 5 
6000 193 5 
6000 194 11 
6000 195 0 
6000 196 1 
6000 197 5 
6000 198 6 
6000 199 0 
0 7200 
6600 0 2 3 4 6 7 9 12 15 17 23 25 34 39 47 51 52 53 55 56 57 59 60 61 64 65 66 68 71 72 81 84 87 89 97 99 102 107 108 111 116 118 120 121 122 123 125 132 135 138 139 140 143 144 146 148 150 151 154 158 162 163 168 169 172 176 178 179 181 187 195 199 
6600 1 13 14 28 41 50 75 80 92 95 103 105 106 110 117 129 130 131 136 149 153 156 157 160 164 171 174 180 183 184 186 
6600 2 0 63 69 100 113 141 145 161 191 
6600 3 0 11 86 109 
6600 4 0 5 10 21 22 24 32 35 46 73 83 85 104 115 134 147 173 182 189 
6600 5 4 8 26 27 36 42 45 48 50 62 77 78 98 114 142 166 190 192 197 198 
6600 6 0 33 44 94 159 170 185 
6600 7 0 18 19 30 40 43 58 74 76 112 124 127 128 177 188 196 
6600 8 5 
6600 9 0 
6600 10 4 
6600 11 3 16 20 31 37 49 54 70 79 82 88 90 91 93 101 119 126 133 137 152 155 165 167 194 
6600 12 0 
6600 13 1 29 38 67 96 175 193 
6600 14 1 
6600 15 0 
6600 16 11 
6600 17 0 
6600 18 7 
6600 19 7 
6600 20 11 
6600 21 4 
6600 22 4 
6600 23 0 
6600 24 4 
6600 25 0 
6600 26 5 
6600 27 5 
6600 28 1 
6600 29 13 
6600 30 7 
6600 31 11 
6600 32 4 
6600 33 6 
6600 34 0 
6600 35 4 
6600 36 5 
6600 37 11 
6600 38 13 
6600 39 0 
6600 40 7 
6600 41 1 
6600 42 5 
6600 43 7 
6600 44 6 
6600 45 5 
6600 46 4 
6600 47 0 
6600 48 5 
6600 49 11 
6600 50 1 5 
6600 51 0 
6600 52 0 
6600 53 0 
6600 54 11 
6600 55 0 
6600 56 0 
6600 57 0 
6600 58 7 
6600 59 0 
6600 60 0 
6600 61 0 
6600 62 5 
6600 63 2 
6600 64 0 
6600 65 0 
6600 66 0 
6600 67 13 
6600 68 0 
6600 69 2 
6600 70 11 
6600 71 0 
6600 72 0 
6600 73 4 
6600 74 7 
6600 75 1 
6600 76 7 
6600 77 5 
6600 78 5 
6600 79 11 
6600 80 1 
6600 81 0 
6600 82 11 
6600 83 4 
6600 84 0 
6600 85 4 
6600 86 3 
6600 87 0 
6600 88 11 
6600 89 0 
6600 90 11 
6600 91 11 
6600 92 1 
6600 93 11 
6600 94 6 
6600 95 1 
6600 96 13 
6600 97 0 
6600 98 5 
6600 99 0 
6600 100 2 
6600 101 11 
6600 102 0 
6600 103 1 
6600 104 4 
6600 105 1 
6600 106 1 
6600 107 0 
6600 108 0 
6600 109 3 
6600 110 1 
6600 111 0 
6600 112 7 
6600 113 2 
6600 114 5 
6600 115 4 
6600 116 0 
6600 117 1 
6600 118 0 
6600 119 11 
6600 120 0 
6600 121 0 
6600 122 0 
6600 123 0 
6600 124 7 
6600 125 0 
6600 126 11 
6600 127 7 
6600 128 7 
6600 129 1 
6600 130 1 
6600 131 1 
6600 132 0 
6600 133 11 
6600 134 4 
6600 135 0 
6600 136 1 
6600 137 11 
6600 138 0 
6600 139 0 
6600 140 0 
6600 141 2 
6600 142 5 
6600 143 0 
6600 144 0 
6600 145 2 
6600 146 0 
6600 147 4 
6600 148 0 
6600 149 1 
6600 150 0 
6600 151 0 
6600 152 11 
6600 153 1 
6600 154 0 
6600 155 11 
6600 156 1 
6600 157 1 
6600 158 0 
6600 159 6 
6600 160 1 
6600 161 2 
6600 162 0 
6600 163 0 
6600 164 1 
6600 165 11 
6600 166 5 
6600 167 11 
6600 168 0 
6600 169 0 
6600 170 6 
6600 171 1 
6600 172 0 
6600 173 4 
6600 174 1 
6600 175 13 
6600 176 0 
6600 177 7 
6600 178 0 
6600 179 0 
6600 180 1 
6600 181 0 
6600 182 4 
6600 183 1 
6600 184 1 
6600 185 6 
6600 186 1 
6600 187 0 
6600 188 7 
6600 189 4 
6600 190 5 
6600 191 2 
6600 192 5 
6600 193 13 
6600 194 11 
6600 195 0 
6600 196 7 
6600 197 5 
6600 198 5 
6600 199 0 
0 7200 
7200 0 2 3 4 7 9 11 12 15 17 25 32 34 39 46 47 52 55 56 57 60 61 64 65 66 68 71 72 81 84 87 89 97 99 101 102 107 108 116 118 120 121 122 123 132 135 138 139 143 144 146 148 150 151 154 155 158 162 163 167 168 169 172 174 178 179 181 187 192 195 199 
7200 1 6 13 21 28 41 50 53 54 69 75 79 80 92 95 103 105 106 110 117 129 130 131 136 153 156 157 160 164 166 171 180 183 184 186 
7200 2 0 63 100 113 140 141 149 161 191 
7200 3 0 86 109 
7200 4 0 188 
7200 5 6 8 10 22 24 26 27 32 35 36 43 48 59 62 73 77 78 83 85 98 104 111 114 115 125 134 137 142 145 147 173 176 182 189 190 197 198 
7200 6 1 5 23 29 31 33 37 38 42 44 49 51 67 82 94 96 133 159 165 170 175 185 193 
7200 7 0 
7200 8 5 
7200 9 0 
7200 10 5 14 20 30 45 58 70 93 119 124 127 152 196 
7200 11 0 18 19 40 74 76 88 90 112 126 128 177 
7200 12 0 
7200 13 1 
7200 14 10 16 91 194 
7200 15 0 
7200 16 14 
7200 17 0 
7200 18 11 
7200 19 11 
7200 20 10 
7200 21 1 
7200 22 5 
7200 23 6 
7200 24 5 
7200 25 0 
7200 26 5 
7200 27 5 
7200 28 1 
7200 29 6 
7200 30 10 
7200 31 6 
7200 32 0 5 
7200 33 6 
7200 34 0 
7200 35 5 
7200 36 5 
7200 37 6 
7200 38 6 
7200 39 0 
7200 40 11 
7200 41 1 
7200 42 6 
7200 43 5 
7200 44 6 
7200 45 10 
7200 46 0 
7200 47 0 
7200 48 5 
7200 49 6 
7200 50 1 
7200 51 6 
7200 52 0 
7200 53 1 
7200 54 1 
7200 55 0 
7200 56 0 
7200 57 0 
7200 58 10 
7200 59 5 
7200 60 0 
7200 61 0 
7200 62 5 
7200 63 2 
7200 64 0 
7200 65 0 
7200 66 0 
7200 67 6 
7200 68 0 
7200 69 1 
7200 70 10 
7200 71 0 
7200 72 0 
7200 73 5 
7200 74 11 
7200 75 1 
7200 76 11 
7200 77 5 
7200 78 5 
7200 79 1 
7200 80 1 
7200 81 0 
7200 82 6 
7200 83 5 
7200 84 0 
7200 85 5 
7200 86 3 
7200 87 0 
7200 88 11 
7200 89 0 
7200 90 11 
7200 91 14 
7200 92 1 
7200 93 10 
7200 94 6 
7200 95 1 
7200 96 6 
7200 97 0 
7200 98 5 
7200 99 0 
7200 100 2 
7200 101 0 
7200 102 0 
7200 103 1 
7200 104 5 
7200 105 1 
7200 106 1 
7200 107 0 
7200 108 0 
7200 109 3 
7200 110 1 
7200 111 5 
7200 112 11 
7200 113 2 
7200 114 5 
7200 115 5 
7200 116 0 
7200 117 1 
7200 118 0 
7200 119 10 
7200 120 0 
7200 121 0 
7200 122 0 
7200 123 0 
7200 124 10 
7200 125 5 
7200 126 11 
7200 127 10 
7200 128 11 
7200 129 1 
7200 130 1 
7200 131 1 
7200 132 0 
7200 133 6 
7200 134 5 
7200 135 0 
7200 136 1 
7200 137 5 
7200 138 0 
7200 139 0 
7200 140 2 
7200 141 2 
7200 142 5 
7200 143 0 
7200 144 0 
7200 145 5 
7200 146 0 
7200 147 5 
7200 148 0 
7200 149 2 
7200 150 0 
7200 151 0 
7200 152 10 
7200 153 1 
7200 154 0 
7200 155 0 
7200 156 1 
7200 157 1 
7200 158 0 
7200 159 6 
7200 160 1 
7200 161 2 
7200 162 0 
7200 163 0 
7200 164 1 
7200 165 6 
7200 166 1 
7200 167 0 
7200 168 0 
7200 169 0 
7200 170 6 
7200 171 1 
7200 172 0 
7200 173 5 
7200 174 0 
7200 175 6 
7200 176 5 
7200 177 11 
7200 178 0 
7200 179 0 
7200 180 1 
7200 181 0 
7200 182 5 
7200 183 1 
7200 184 1 
7200 185 6 
7200 186 1 
7200 187 0 
7200 188 4 
7200 189 5 
7200 190 5 
7200 191 2 
7200 192 0 
7200 193 6 
7200 194 14 
7200 195 0 
7200 196 10 
7200 197 5 
7200 198 5 
7200 199 0 
