0 0 1 3 
0 1 0 2 5 7 13 17 18 
0 2 0 1 4 
0 3 
0 4 0 1 2 211 
0 5 0 1 3 7 9 10 12 215 
0 6 
0 7 8 1 2 3 13 
0 8 16 10 
0 9 12 6 
0 10 21 7 
0 11 0 1 3 7 17 18 
0 12 
0 13 18 3 
0 14 
0 15 288 16 
0 16 10 11 
0 17 10 4 
0 18 
0 19 6 14 
0 20 16 8 
0 21 0 3 9 10 12 215 
0 22 18 3 6 
0 23 288 2 4 5 8 10 20 
0 24 8 1 2 
0 25 1 20 14 
0 26 0 1 2 3 7 9 12 13 14 21 
0 27 0 10 3 
0 29 1 2 
0 30 9 2 12 14 
0 31 9 10 3 12 5 
0 32 0 1 2 
0 33 288 5 15 
0 34 16 18 7 
0 35 0 242 20 5 
0 36 1 6 
0 37 0 8 10 12 
0 38 5 6 
0 39 1 2 3 8 11 13 215 
0 40 0 16 3 
0 41 0 2 3 4 
0 42 20 6 
0 43 9 19 
0 44 0 2 
0 45 9 4 5 12 20 
0 46 8 7 
0 47 10 4 7 
0 48 0 2 
0 49 0 1 6 16 
0 50 0 6 
0 51 0 8 
0 52 0 1 4 5 7 8 288 15 17 21 253 
0 53 12 6 
0 54 3 6 
0 56 0 1 2 7 8 11 15 
0 57 10 3 4 5 
0 58 2 6 
0 59 8 6 
0 60 1 6 
0 61 0 1 2 4 13 
0 62 0 1 2 3 5 7 8 10 11 17 211 21 
0 63 9 3 4 5 20 
0 65 0 1 3 4 5 7 8 9 10 12 
0 66 8 6 
0 67 17 6 
0 68 0 10 3 5 
0 69 0 6 
0 70 9 3 12 14 4 
0 71 9 2 20 
0 72 2 6 
0 73 0 9 2 6 
0 74 17 211 
0 75 17 211 7 
0 76 8 6 
0 77 16 1 2 5 0 
0 78 3 8 9 11 12 20 21 
0 79 9 2 3 12 
0 80 16 9 19 5 0 
0 81 0 1 2 3 7 9 12 13 14 211 
0 83 0 3 4 5 9 12 20 
0 84 10 3 7 
0 85 0 9 4 12 
0 86 18 11 4 
0 87 288 0 4 232 10 15 
0 88 0 1 2 4 6 8 11 19 
0 89 0 1 2 4 5 
0 90 8 6 
0 91 13 6 
0 92 17 6 
0 93 1 5 7 14 16 17 
0 94 5 6 
0 95 1 2 
0 96 0 15 
0 97 288 15 164 21 215 
0 98 0 10 6 
0 100 288 18 5 7 
0 101 2 5 
0 102 1 7 215 
0 103 8 2 
0 104 288 232 
0 105 0 1 5 288 13 15 215 
0 106 1 2 
0 107 0 1 2 8 7 
0 108 1 2 4 8 10 13 
0 109 0 1 2 8 
0 110 0 1 2 3 4 5 7 17 211 
0 111 1 6 
0 112 5 6 
0 113 1 11 7 
0 114 0 1 2 5 7 9 15 16 17 
0 115 0 3 5 9 12 14 
0 116 4 6 
0 117 0 6 9 12 19 253 
0 118 6 14 
0 119 19 6 
0 120 3 4 9 11 12 20 
0 121 1 11 
0 122 0 1 2 4 5 7 8 9 10 11 16 17 18 21 
0 123 0 1 15 
0 124 0 9 2 6 
0 126 0 1 2 4 8 11 15 
0 127 19 7 
0 128 1 6 
0 129 1 3 9 
0 130 9 3 12 14 4 
0 131 0 10 3 4 7 
0 132 0 1 2 3 5 8 11 13 
0 133 3 5 9 12 14 16 20 
0 134 288 3 15 
0 135 4 6 
0 136 288 9 2 15 
0 137 16 1 14 7 
0 138 21 6 
0 139 0 6 
0 140 0 1 3 4 5 7 8 9 12 215 
0 141 0 8 12 
0 142 0 2 4 5 8 11 15 
0 143 8 19 
0 144 1 2 18 
0 145 2 3 13 
0 146 19 18 211 
0 147 8 5 
0 148 0 1 2 5 7 10 11 14 17 21 215 
0 149 0 
0 150 1 19 
0 151 2 6 
0 152 0 16 12 14 9 
0 153 0 1 2 10 
0 154 0 1 2 3 5 7 8 9 10 11 15 17 211 20 
0 155 0 1 3 4 5 7 8 9 10 12 
0 156 1 5 13 7 
0 158 0 1 2 4 9 17 18 21 
0 159 0 1 2 4 5 8 10 11 
0 160 1 2 3 8 11 13 215 
0 161 1 3 7 242 14 18 19 
0 162 8 1 4 21 
0 163 12 
0 164 0 16 19 9 
0 165 0 9 10 4 
0 166 6 7 
0 167 3 4 6 9 11 12 14 
0 168 8 10 
0 169 0 1 2 4 
0 170 0 1 4 
0 171 19 3 
0 172 0 1 2 3 4 7 12 17 18 211 
0 173 2 3 13 6 
0 174 1 19 12 13 
0 175 0 5 
0 176 1 4 5 
0 177 2 6 
0 178 0 1 2 3 4 5 8 10 
0 179 0 9 10 12 14 16 215 
0 180 0 9 11 
0 181 3 4 9 11 12 20 
0 182 4 3 12 14 
0 183 10 4 5 
0 184 232 288 2 4 15 
0 185 288 0 3 232 10 15 211 
0 186 5 6 
0 187 10 6 
0 188 1 4 
0 189 0 1 2 3 5 9 11 211 
0 190 0 1 2 3 4 5 7 8 10 11 12 17 18 211 
0 191 1 2 13 7 
0 192 18 6 
0 193 3 4 9 11 12 20 
0 194 0 1 3 5 8 13 14 242 253 
0 195 288 11 15 
0 196 1 5 
0 197 0 2 3 13 
0 199 0 1 13 5 
0 200 1 2 3 4 5 9 10 
0 201 0 2 11 
0 202 0 1 2 7 8 11 15 
0 203 19 13 7 
0 204 9 3 4 12 
0 205 2 6 
0 207 0 1 5 7 8 11 20 
0 208 19 4 
0 209 19 13 7 
0 210 0 9 12 5 20 
0 211 
0 212 8 6 
0 213 3 4 7 
0 214 0 211 4 
0 215 
0 216 0 1 4 5 7 8 14 288 17 18 21 
0 217 0 1 2 3 4 5 7 9 18 215 
0 218 1 2 13 
0 219 0 1 2 3 5 7 8 9 10 11 15 17 211 20 
0 221 0 1 2 8 
0 222 9 3 13 
0 223 2 3 4 14 7 
0 224 8 6 
0 225 0 1 2 4 5 7 8 10 11 17 21 253 
0 226 0 288 6 15 
0 227 1 2 11 
0 228 0 5 6 
0 229 1 2 3 13 
0 231 1 11 
0 232 
0 233 0 1 2 4 7 9 16 17 18 21 
0 234 6 7 
0 235 16 1 6 
0 236 3 6 
0 237 0 16 3 9 
0 238 0 1 2 4 7 9 16 18 21 
0 239 3 9 11 12 20 21 
0 240 0 1 2 4 5 7 8 11 15 
0 241 2 3 10 
0 242 
0 243 16 15 
0 244 1 2 211 13 
0 245 17 6 
0 246 0 1 2 3 13 
0 247 3 15 
0 248 0 1 4 5 7 9 12 14 16 17 
0 249 0 1 2 4 5 8 11 15 
0 250 8 2 3 
0 251 0 10 211 4 
0 252 0 1 6 
0 253 232 0 2 5 
0 254 1 2 13 
0 255 3 13 6 5 
0 256 0 1 4 
0 257 1 2 19 14 
0 258 12 
0 259 8 1 3 13 215 
0 260 10 6 
0 261 12 6 
0 262 6 7 
0 263 0 1 2 7 242 18 
0 264 3 6 
0 266 0 3 7 
0 267 10 14 
0 269 1 2 13 
0 270 2 13 
0 271 0 4 15 
0 272 18 3 6 
0 273 16 5 
0 274 1 7 215 
0 275 10 17 2 11 5 
0 276 0 242 3 6 
0 277 8 2 3 
0 278 1 2 13 5 
0 279 0 2 18 14 215 
0 280 0 1 3 5 13 14 242 253 
0 281 0 8 2 
0 282 1 2 13 5 
0 283 1 2 3 8 11 21 
0 284 0 1 4 5 7 11 14 15 17 21 
0 285 4 6 
0 286 0 1 4 5 7 8 11 15 
0 287 16 14 7 
0 288 
0 289 0 1 3 4 5 7 8 10 11 17 18 20 21 
0 290 9 10 4 
0 291 1 6 
0 292 19 6 
0 293 12 6 
0 294 19 21 7 
0 295 3 6 
0 296 1 2 13 
0 297 8 6 14 
0 298 288 232 10 15 
0 299 1 242 19 13 7 
900 0 1 3 
900 1 0 2 5 7 13 17 18 
900 2 0 1 4 
900 3 
900 4 0 1 2 211 
900 5 0 1 3 7 9 10 12 215 
900 6 
900 7 8 1 2 3 13 
900 8 16 10 
900 9 12 6 
900 10 21 7 
900 11 0 1 3 7 17 18 
900 12 
900 13 18 3 
900 14 
900 15 288 16 
900 16 10 11 
900 17 10 4 
900 18 
900 19 6 14 
900 20 16 8 
900 21 0 3 9 10 12 215 
900 22 18 3 6 
900 23 288 2 4 5 8 10 20 
900 24 8 1 2 
900 25 1 20 14 
900 26 0 1 2 3 7 9 12 13 14 21 
900 27 0 10 3 
900 29 1 2 
900 30 9 2 12 14 
900 31 9 10 3 12 5 
900 32 0 1 2 
900 33 288 5 15 
900 34 16 18 7 
900 35 0 242 20 5 
900 37 0 8 10 12 
900 38 5 6 
900 39 1 2 3 8 11 13 215 
900 40 0 16 3 
900 41 0 2 3 4 
900 42 20 6 
900 43 9 19 
900 44 0 2 
900 45 9 4 5 12 20 
900 46 8 7 
900 47 10 4 7 
900 48 0 2 
900 49 0 1 6 16 
900 50 0 6 
900 51 0 8 
900 52 0 1 4 5 7 8 288 15 17 21 253 
900 53 12 6 
900 54 3 6 
900 56 0 1 2 7 8 11 15 
900 57 10 3 4 5 
900 58 2 6 
900 59 8 6 
900 61 0 1 2 4 13 
900 62 0 1 2 3 5 7 8 10 11 17 211 21 
900 66 8 6 
900 67 17 6 
900 68 0 10 3 5 
900 69 0 6 
900 70 9 3 12 14 4 
900 71 9 2 20 
900 73 0 9 2 6 
900 74 17 211 
900 75 17 211 7 
900 76 8 6 
900 77 16 1 2 5 0 
900 78 3 8 9 11 12 20 21 
900 79 9 2 3 12 
900 80 16 9 19 5 0 
900 81 0 1 2 3 7 9 12 13 14 211 
900 83 0 3 4 5 9 12 20 
900 84 10 3 7 
900 85 0 9 4 12 
900 86 18 11 4 
900 87 288 0 10 4 15 
900 88 0 1 2 4 6 8 11 19 
900 89 0 1 2 4 5 
900 90 8 6 
900 91 13 6 
900 92 17 6 
900 93 1 5 7 14 16 17 
900 94 5 6 
900 95 1 2 
900 96 0 15 
900 97 288 15 164 21 215 
900 98 0 10 6 
900 100 288 18 5 7 
900 101 2 5 
900 102 1 7 215 
900 103 8 2 
900 104 288 
900 105 0 1 5 288 13 15 215 
900 106 1 2 
900 107 0 1 2 8 7 
900 108 1 2 4 8 10 13 
900 109 0 1 2 8 
900 110 0 1 2 3 4 5 7 17 211 
900 111 1 6 
900 112 5 6 
900 113 1 11 7 
900 114 0 1 2 5 7 9 15 16 17 
900 115 0 3 5 9 12 14 
900 116 4 6 
900 117 0 6 9 12 19 253 
900 118 6 14 
900 119 19 6 
900 120 3 4 9 11 12 20 
900 121 1 11 
900 122 0 1 2 4 5 7 8 9 10 11 16 17 18 21 
900 123 0 1 15 
900 124 0 9 2 6 
900 126 0 1 2 4 8 11 15 
900 127 19 7 
900 128 1 6 
900 129 1 3 9 
900 130 9 3 12 14 4 
900 131 0 10 3 4 7 
900 132 0 1 2 3 5 8 11 13 
900 133 3 5 9 12 14 16 20 
900 134 288 3 15 
900 135 4 6 
900 136 288 9 2 15 
900 137 16 1 14 7 
900 138 21 6 
900 139 0 6 
900 140 0 1 3 4 5 7 8 9 12 215 
900 141 0 8 12 
900 142 0 2 4 5 8 11 15 
900 143 8 19 
900 144 1 2 18 
900 145 2 3 13 
900 146 19 18 211 
900 147 8 5 
900 148 0 1 2 5 7 10 11 14 17 21 215 
900 149 0 
900 150 1 19 
900 151 2 6 
900 152 0 16 12 14 9 
900 153 0 1 2 10 
900 154 0 1 2 3 5 7 8 9 10 11 15 17 211 20 
900 155 0 1 3 4 5 7 8 9 10 12 
900 156 1 5 13 7 
900 158 0 1 2 4 9 17 18 21 
900 159 0 1 2 4 5 8 10 11 
900 160 1 2 3 8 11 13 215 
900 161 1 3 7 242 14 18 19 
900 162 8 1 4 21 
900 163 12 
900 164 0 16 19 9 
900 165 0 9 10 4 
900 166 6 7 
900 167 3 4 6 9 11 12 14 
900 168 8 10 
900 169 0 1 2 4 
900 170 0 1 4 
900 171 19 3 
900 172 0 1 2 3 4 7 12 17 18 211 
900 173 2 3 13 6 
900 174 1 19 12 13 
900 175 0 5 
900 177 2 6 
900 178 0 1 2 3 4 5 8 10 
900 179 0 9 10 12 14 16 215 
900 180 0 9 11 
900 181 3 4 9 11 12 20 
900 182 4 3 12 14 
900 183 10 4 5 
900 184 288 2 4 15 
900 185 288 0 3 10 15 211 
900 186 5 6 
900 187 10 6 
900 188 1 4 
900 189 0 1 2 3 5 9 11 211 
900 190 0 1 2 3 4 5 7 8 10 11 12 17 18 211 
900 191 1 2 13 7 
900 192 18 6 
900 193 3 4 9 11 12 20 
900 194 0 1 3 5 8 13 14 242 253 
900 195 288 11 15 
900 196 1 5 
900 199 0 1 13 5 
900 201 0 2 11 
900 203 19 13 7 
900 204 9 3 4 12 
900 205 2 6 
900 207 0 1 5 7 8 11 20 
900 208 19 4 
900 209 19 13 7 
900 210 0 9 12 5 20 
900 211 
900 212 8 6 
900 213 3 4 7 
900 214 0 211 4 
900 215 
900 216 0 1 4 5 7 8 14 288 17 18 21 
900 217 0 1 2 3 4 5 7 9 18 215 
900 218 1 2 13 
900 219 0 1 2 3 5 7 8 9 10 11 15 17 211 20 
900 221 0 1 2 8 
900 222 9 3 13 
900 223 2 3 4 14 7 
900 224 8 6 
900 225 0 1 2 4 5 7 8 10 11 17 21 253 
900 226 0 288 6 15 
900 227 1 2 11 
900 228 0 5 6 
900 229 1 2 3 13 
900 231 1 11 
900 233 0 1 2 4 7 9 16 17 18 21 
900 234 6 7 
900 235 16 1 6 
900 236 3 6 
900 237 0 16 3 9 
900 238 0 1 2 4 7 9 16 18 21 
900 239 3 9 11 12 20 21 
900 240 0 1 2 4 5 7 8 11 15 
900 241 2 3 10 
900 242 
900 243 16 15 
900 244 1 2 211 13 
900 245 17 6 
900 246 0 1 2 3 13 
900 247 3 15 
900 248 0 1 4 5 7 9 12 14 16 17 
900 249 0 1 2 4 5 8 11 15 
900 250 8 2 3 
900 251 0 10 211 4 
900 252 0 1 6 
900 253 0 2 5 
900 254 1 2 13 
900 255 3 13 6 5 
900 256 0 1 4 
900 257 1 2 19 14 
900 258 12 
900 259 8 1 3 13 215 
900 260 10 6 
900 261 12 6 
900 262 6 7 
900 263 0 1 2 7 242 18 
900 264 3 6 
900 266 0 3 7 
900 267 10 14 
900 269 1 2 13 
900 270 2 13 
900 271 0 4 15 
900 272 18 3 6 
900 273 16 5 
900 274 1 7 215 
900 275 10 17 2 11 5 
900 276 0 242 3 6 
900 277 8 2 3 
900 278 1 2 13 5 
900 279 0 2 18 14 215 
900 280 0 1 3 5 13 14 242 253 
900 281 0 8 2 
900 282 1 2 13 5 
900 284 0 1 4 5 7 11 14 15 17 21 
900 285 4 6 
900 288 
900 289 0 1 3 4 5 7 8 10 11 17 18 20 21 
900 290 9 10 4 
900 291 1 6 
900 292 19 6 
900 293 12 6 
900 294 19 21 7 
900 295 3 6 
900 296 1 2 13 
900 297 8 6 14 
900 298 288 10 15 
900 299 1 242 19 13 7 
1800 0 1 3 
1800 1 0 2 5 7 13 17 18 
1800 2 0 1 4 
1800 3 
1800 4 0 1 2 211 
1800 5 0 1 3 7 9 10 12 215 
1800 6 
1800 7 8 1 2 3 13 
1800 8 16 10 
1800 9 12 6 
1800 10 21 7 
1800 11 0 1 3 7 17 18 
1800 12 
1800 13 18 3 
1800 14 
1800 15 288 16 
1800 16 10 11 
1800 17 10 4 
1800 18 
1800 19 6 14 
1800 20 16 8 
1800 21 0 3 9 10 12 215 
1800 22 18 3 6 
1800 23 288 2 4 5 8 10 20 
1800 24 8 1 2 
1800 25 1 20 14 
1800 26 0 1 2 3 7 9 12 13 14 21 
1800 27 0 10 3 
1800 29 1 2 
1800 31 9 10 3 12 5 
1800 32 0 1 2 
1800 33 288 5 15 
1800 34 16 18 7 
1800 35 0 20 5 
1800 37 0 8 10 12 
1800 38 5 6 
1800 39 1 2 3 8 11 13 215 
1800 40 0 16 3 
1800 41 0 2 3 4 
1800 42 20 6 
1800 43 9 19 
1800 44 0 2 
1800 45 9 4 5 12 20 
1800 46 8 7 
1800 47 10 4 7 
1800 48 0 2 
1800 49 0 1 6 16 
1800 50 0 6 
1800 51 0 8 
1800 52 0 1 4 5 7 8 288 15 17 21 253 
1800 53 12 6 
1800 54 3 6 
1800 56 0 1 2 7 8 11 15 
1800 57 10 3 4 5 
1800 58 2 6 
1800 59 8 6 
1800 61 0 1 2 4 13 
1800 62 0 1 2 3 5 7 8 10 11 17 211 21 
1800 66 8 6 
1800 67 17 6 
1800 68 0 10 3 5 
1800 69 0 6 
1800 70 9 3 12 14 4 
1800 71 9 2 20 
1800 73 0 9 2 6 
1800 75 17 211 7 
1800 76 8 6 
1800 78 3 8 9 11 12 20 21 
1800 79 9 2 3 12 
1800 80 16 9 19 5 0 
1800 81 0 1 2 3 7 9 12 13 14 211 
1800 83 0 3 4 5 9 12 20 
1800 84 10 3 7 
1800 85 0 9 4 12 
1800 86 18 11 4 
1800 87 288 0 10 4 15 
1800 89 0 1 2 4 5 
1800 90 8 6 
1800 91 13 6 
1800 93 1 5 7 14 16 17 
1800 94 5 6 
1800 95 1 2 
1800 96 0 15 
1800 97 288 15 164 21 215 
1800 98 0 10 6 
1800 100 288 18 5 7 
1800 101 2 5 
1800 102 1 7 215 
1800 103 8 2 
1800 104 288 
1800 105 0 1 5 288 13 15 215 
1800 106 1 2 
1800 107 0 1 2 8 7 
1800 108 1 2 4 8 10 13 
1800 109 0 1 2 8 
1800 110 0 1 2 3 4 5 7 17 211 
1800 111 1 6 
1800 112 5 6 
1800 113 1 11 7 
1800 114 0 1 2 5 7 9 15 16 17 
1800 115 0 3 5 9 12 14 
1800 116 4 6 
1800 117 0 6 9 12 19 253 
1800 118 6 14 
1800 120 3 4 9 11 12 20 
1800 121 1 11 
1800 122 0 1 2 4 5 7 8 9 10 11 16 17 18 21 
1800 123 0 1 15 
1800 124 0 9 2 6 
1800 126 0 1 2 4 8 11 15 
1800 127 19 7 
1800 128 1 6 
1800 129 1 3 9 
1800 130 9 3 12 14 4 
1800 131 0 10 3 4 7 
1800 132 0 1 2 3 5 8 11 13 
1800 133 3 5 9 12 14 16 20 
1800 134 288 3 15 
1800 135 4 6 
1800 136 288 9 2 15 
1800 137 16 1 14 7 
1800 138 21 6 
1800 139 0 6 
1800 140 0 1 3 4 5 7 8 9 12 215 
1800 141 0 8 12 
1800 142 0 2 4 5 8 11 15 
1800 143 8 19 
1800 144 1 2 18 
1800 145 2 3 13 
1800 146 19 18 211 
1800 147 8 5 
1800 148 0 1 2 5 7 10 11 14 17 21 215 
1800 149 0 
1800 150 1 19 
1800 151 2 6 
1800 152 0 16 12 14 9 
1800 153 0 1 2 10 
1800 154 0 1 2 3 5 7 8 9 10 11 15 17 211 20 
1800 155 0 1 3 4 5 7 8 9 10 12 
1800 156 1 5 13 7 
1800 158 0 1 2 4 9 17 18 21 
1800 159 0 1 2 4 5 8 10 11 
1800 160 1 2 3 8 11 13 215 
1800 161 1 3 7 14 18 19 
1800 162 8 1 4 21 
1800 163 12 
1800 164 0 16 19 9 
1800 165 0 9 10 4 
1800 166 6 7 
1800 167 3 4 6 9 11 12 14 
1800 168 8 10 
1800 169 0 1 2 4 
1800 171 19 3 
1800 172 0 1 2 3 4 7 12 17 18 211 
1800 173 2 3 13 6 
1800 175 0 5 
1800 177 2 6 
1800 178 0 1 2 3 4 5 8 10 
1800 179 0 9 10 12 14 16 215 
1800 180 0 9 11 
1800 181 3 4 9 11 12 20 
1800 182 4 3 12 14 
1800 183 10 4 5 
1800 184 288 2 4 15 
1800 185 288 0 3 10 15 211 
1800 186 5 6 
1800 187 10 6 
1800 188 1 4 
1800 189 0 1 2 3 5 9 11 211 
1800 190 0 1 2 3 4 5 7 8 10 11 12 17 18 211 
1800 191 1 2 13 7 
1800 192 18 6 
1800 193 3 4 9 11 12 20 
1800 194 0 1 3 5 8 13 14 253 
1800 195 288 11 15 
1800 196 1 5 
1800 199 0 1 13 5 
1800 201 0 2 11 
1800 203 19 13 7 
1800 204 9 3 4 12 
1800 205 2 6 
1800 207 0 1 5 7 8 11 20 
1800 208 19 4 
1800 209 19 13 7 
1800 210 0 9 12 5 20 
1800 211 
1800 212 8 6 
1800 213 3 4 7 
1800 214 0 211 4 
1800 215 
1800 216 0 1 4 5 7 8 14 288 17 18 21 
1800 217 0 1 2 3 4 5 7 9 18 215 
1800 218 1 2 13 
1800 219 0 1 2 3 5 7 8 9 10 11 15 17 211 20 
1800 221 0 1 2 8 
1800 222 9 3 13 
1800 223 2 3 4 14 7 
1800 224 8 6 
1800 225 0 1 2 4 5 7 8 10 11 17 21 253 
1800 226 0 288 6 15 
1800 227 1 2 11 
1800 228 0 5 6 
1800 229 1 2 3 13 
1800 231 1 11 
1800 233 0 1 2 4 7 9 16 17 18 21 
1800 234 6 7 
1800 235 16 1 6 
1800 236 3 6 
1800 237 0 16 3 9 
1800 238 0 1 2 4 7 9 16 18 21 
1800 239 3 9 11 12 20 21 
1800 240 0 1 2 4 5 7 8 11 15 
1800 241 2 3 10 
1800 243 16 15 
1800 244 1 2 211 13 
1800 245 17 6 
1800 246 0 1 2 3 13 
1800 247 3 15 
1800 248 0 1 4 5 7 9 12 14 16 17 
1800 249 0 1 2 4 5 8 11 15 
1800 250 8 2 3 
1800 252 0 1 6 
1800 253 0 2 5 
1800 255 3 13 6 5 
1800 256 0 1 4 
1800 257 1 2 19 14 
1800 258 12 
1800 259 8 1 3 13 215 
1800 260 10 6 
1800 261 12 6 
1800 262 6 7 
1800 263 0 1 18 2 7 
1800 264 3 6 
1800 267 10 14 
1800 270 2 13 
1800 271 0 4 15 
1800 272 18 3 6 
1800 273 16 5 
1800 274 1 7 215 
1800 275 10 17 2 11 5 
1800 276 0 3 6 
1800 277 8 2 3 
1800 278 1 2 13 5 
1800 279 0 2 18 14 215 
1800 280 0 1 3 5 13 14 253 
1800 281 0 8 2 
1800 282 1 2 13 5 
1800 284 0 1 4 5 7 11 14 15 17 21 
1800 285 4 6 
1800 288 
1800 289 0 1 3 4 5 7 8 10 11 17 18 20 21 
1800 290 9 10 4 
1800 291 1 6 
1800 292 19 6 
1800 293 12 6 
1800 294 19 21 7 
1800 295 3 6 
1800 296 1 2 13 
1800 297 8 6 14 
1800 298 288 10 15 
1800 299 1 19 13 7 
2700 0 1 3 
2700 1 0 2 5 7 13 17 18 
2700 2 0 1 4 
2700 3 
2700 4 0 1 2 211 
2700 5 0 1 3 7 9 10 12 215 
2700 6 
2700 7 8 1 2 3 13 
2700 8 16 10 
2700 9 12 6 
2700 10 21 7 
2700 11 0 1 3 7 17 18 
2700 12 
2700 13 18 3 
2700 14 
2700 15 288 16 
2700 16 10 11 
2700 17 10 4 
2700 18 
2700 19 6 14 
2700 20 16 8 
2700 21 0 3 9 10 12 215 
2700 22 18 3 6 
2700 23 288 2 4 5 8 10 20 
2700 24 8 1 2 
2700 25 1 20 14 
2700 26 0 1 2 3 7 9 12 13 14 21 
2700 27 0 10 3 
2700 29 1 2 
2700 31 9 10 3 12 5 
2700 32 0 1 2 
2700 34 16 18 7 
2700 35 0 20 5 
2700 37 0 8 10 12 
2700 38 5 6 
2700 39 1 2 3 8 11 13 215 
2700 40 0 16 3 
2700 41 0 2 3 4 
2700 42 20 6 
2700 43 9 19 
2700 44 0 2 
2700 45 9 4 5 12 20 
2700 46 8 7 
2700 47 10 4 7 
2700 48 0 2 
2700 49 0 1 6 16 
2700 50 0 6 
2700 51 0 8 
2700 53 12 6 
2700 54 3 6 
2700 56 0 1 2 7 8 11 15 
2700 57 10 3 4 5 
2700 58 2 6 
2700 59 8 6 
2700 61 0 1 2 4 13 
2700 62 0 1 2 3 5 7 8 10 11 17 211 21 
2700 66 8 6 
2700 67 17 6 
2700 68 0 10 3 5 
2700 69 0 6 
2700 70 9 3 12 14 4 
2700 71 9 2 20 
2700 73 0 9 2 6 
2700 75 17 211 7 
2700 76 8 6 
2700 78 3 8 9 11 12 20 21 
2700 79 9 2 3 12 
2700 80 16 9 19 5 0 
2700 81 0 1 2 3 7 9 12 13 14 211 
2700 83 0 3 4 5 9 12 20 
2700 84 10 3 7 
2700 85 0 9 4 12 
2700 86 18 11 4 
2700 87 288 0 10 4 15 
2700 89 0 1 2 4 5 
2700 91 13 6 
2700 93 1 5 7 14 16 17 
2700 94 5 6 
2700 95 1 2 
2700 96 0 15 
2700 97 288 15 164 21 215 
2700 98 0 10 6 
2700 100 288 18 5 7 
2700 101 2 5 
2700 102 1 7 215 
2700 103 8 2 
2700 104 288 
2700 105 0 1 5 288 13 15 215 
2700 106 1 2 
2700 107 0 1 2 8 7 
2700 108 1 2 4 8 10 13 
2700 109 0 1 2 8 
2700 110 0 1 2 3 4 5 7 17 211 
2700 111 1 6 
2700 112 5 6 
2700 113 1 11 7 
2700 114 0 1 2 5 7 9 15 16 17 
2700 115 0 3 5 9 12 14 
2700 116 4 6 
2700 117 0 6 9 12 19 253 
2700 118 6 14 
2700 120 3 4 9 11 12 20 
2700 121 1 11 
2700 122 0 1 2 4 5 7 8 9 10 11 16 17 18 21 
2700 123 0 1 15 
2700 124 0 9 2 6 
2700 126 0 1 2 4 8 11 15 
2700 127 19 7 
2700 128 1 6 
2700 129 1 3 9 
2700 131 0 10 3 4 7 
2700 132 0 1 2 3 5 8 11 13 
2700 133 3 5 9 12 14 16 20 
2700 134 288 3 15 
2700 136 288 9 2 15 
2700 137 16 1 14 7 
2700 138 21 6 
2700 139 0 6 
2700 140 0 1 3 4 5 7 8 9 12 215 
2700 141 0 8 12 
2700 142 0 2 4 5 8 11 15 
2700 143 8 19 
2700 144 1 2 18 
2700 145 2 3 13 
2700 146 19 18 211 
2700 147 8 5 
2700 148 0 1 2 5 7 10 11 14 17 21 215 
2700 149 0 
2700 150 1 19 
2700 151 2 6 
2700 152 0 16 12 14 9 
2700 153 0 1 2 10 
2700 154 0 1 2 3 5 7 8 9 10 11 15 17 211 20 
2700 156 1 5 13 7 
2700 158 0 1 2 4 9 17 18 21 
2700 159 0 1 2 4 5 8 10 11 
2700 160 1 2 3 8 11 13 215 
2700 161 1 3 7 14 18 19 
2700 162 8 1 4 21 
2700 163 12 
2700 164 0 16 19 9 
2700 165 0 9 10 4 
2700 166 6 7 
2700 168 8 10 
2700 169 0 1 2 4 
2700 171 19 3 
2700 172 0 1 2 3 4 7 12 17 18 211 
2700 173 2 3 13 6 
2700 175 0 5 
2700 177 2 6 
2700 178 0 1 2 3 4 5 8 10 
2700 179 0 9 10 12 14 16 215 
2700 180 0 9 11 
2700 181 3 4 9 11 12 20 
2700 182 4 3 12 14 
2700 183 10 4 5 
2700 184 288 2 4 15 
2700 185 288 0 3 10 15 211 
2700 186 5 6 
2700 187 10 6 
2700 188 1 4 
2700 189 0 1 2 3 5 9 11 211 
2700 190 0 1 2 3 4 5 7 8 10 11 12 17 18 211 
2700 191 1 2 13 7 
2700 192 18 6 
2700 193 3 4 9 11 12 20 
2700 194 0 1 3 5 8 13 14 253 
2700 195 288 11 15 
2700 196 1 5 
2700 199 0 1 13 5 
2700 201 0 2 11 
2700 203 19 13 7 
2700 204 9 3 4 12 
2700 205 2 6 
2700 207 0 1 5 7 8 11 20 
2700 208 19 4 
2700 209 19 13 7 
2700 210 0 9 12 5 20 
2700 211 
2700 212 8 6 
2700 213 3 4 7 
2700 214 0 211 4 
2700 215 
2700 217 0 1 2 3 4 5 7 9 18 215 
2700 218 1 2 13 
2700 219 0 1 2 3 5 7 8 9 10 11 15 17 211 20 
2700 221 0 1 2 8 
2700 222 9 3 13 
2700 223 2 3 4 14 7 
2700 225 0 1 2 4 5 7 8 10 11 17 21 253 
2700 226 0 288 6 15 
2700 227 1 2 11 
2700 228 0 5 6 
2700 229 1 2 3 13 
2700 231 1 11 
2700 233 0 1 2 4 7 9 16 17 18 21 
2700 234 6 7 
2700 235 16 1 6 
2700 236 3 6 
2700 237 0 16 3 9 
2700 238 0 1 2 4 7 9 16 18 21 
2700 239 3 9 11 12 20 21 
2700 240 0 1 2 4 5 7 8 11 15 
2700 243 16 15 
2700 244 1 2 211 13 
2700 245 17 6 
2700 246 0 1 2 3 13 
2700 247 3 15 
2700 248 0 1 4 5 7 9 12 14 16 17 
2700 249 0 1 2 4 5 8 11 15 
2700 250 8 2 3 
2700 252 0 1 6 
2700 253 0 2 5 
2700 255 3 13 6 5 
2700 256 0 1 4 
2700 257 1 2 19 14 
2700 258 12 
2700 259 8 1 3 13 215 
2700 260 10 6 
2700 261 12 6 
2700 262 6 7 
2700 264 3 6 
2700 267 10 14 
2700 270 2 13 
2700 272 18 3 6 
2700 273 16 5 
2700 274 1 7 215 
2700 275 10 17 2 11 5 
2700 276 0 3 6 
2700 277 8 2 3 
2700 278 1 2 13 5 
2700 279 0 2 18 14 215 
2700 280 0 1 3 5 13 14 253 
2700 281 0 8 2 
2700 282 1 2 13 5 
2700 284 0 1 4 5 7 11 14 15 17 21 
2700 285 4 6 
2700 288 
2700 289 0 1 3 4 5 7 8 10 11 17 18 20 21 
2700 290 9 10 4 
2700 291 1 6 
2700 293 12 6 
2700 294 19 21 7 
2700 295 3 6 
2700 296 1 2 13 
2700 297 8 6 14 
2700 298 288 10 15 
2700 299 1 19 13 7 
3600 0 1 3 
3600 1 0 2 5 7 13 17 18 
3600 2 0 1 4 
3600 3 
3600 4 0 1 2 211 
3600 5 0 1 3 7 9 10 12 215 
3600 6 
3600 7 8 1 2 3 13 
3600 8 16 10 
3600 9 12 6 
3600 10 21 7 
3600 11 0 1 3 7 17 18 
3600 12 
3600 13 18 3 
3600 14 
3600 15 288 16 
3600 16 10 11 
3600 17 10 4 
3600 18 
3600 19 6 14 
3600 20 16 8 
3600 21 0 3 9 10 12 215 
3600 22 18 3 6 
3600 23 288 2 4 5 8 10 20 
3600 24 8 1 2 
3600 25 1 20 14 
3600 26 0 1 2 3 7 9 12 13 14 21 
3600 27 0 10 3 
3600 29 1 2 
3600 32 0 1 2 
3600 34 16 18 7 
3600 35 0 20 5 
3600 37 0 8 10 12 
3600 38 5 6 
3600 39 1 2 3 8 11 13 215 
3600 40 0 16 3 
3600 41 0 2 3 4 
3600 42 20 6 
3600 43 9 19 
3600 44 0 2 
3600 45 9 4 5 12 20 
3600 46 8 7 
3600 48 0 2 
3600 50 0 6 
3600 51 0 8 
3600 53 12 6 
3600 54 3 6 
3600 56 0 1 2 7 8 11 15 
3600 57 10 3 4 5 
3600 58 2 6 
3600 59 8 6 
3600 61 0 1 2 4 13 
3600 62 0 1 2 3 5 7 8 10 11 17 211 21 
3600 66 8 6 
3600 67 17 6 
3600 68 0 10 3 5 
3600 69 0 6 
3600 70 9 3 12 14 4 
3600 71 9 2 20 
3600 73 0 9 2 6 
3600 75 17 211 7 
3600 76 8 6 
3600 78 3 8 9 11 12 20 21 
3600 79 9 2 3 12 
3600 80 16 9 19 5 0 
3600 81 0 1 2 3 7 9 12 13 14 211 
3600 83 0 3 4 5 9 12 20 
3600 84 10 3 7 
3600 85 0 9 4 12 
3600 86 18 11 4 
3600 87 288 0 10 4 15 
3600 91 13 6 
3600 93 1 5 7 14 16 17 
3600 94 5 6 
3600 95 1 2 
3600 96 0 15 
3600 97 288 15 21 215 
3600 98 0 10 6 
3600 100 288 18 5 7 
3600 101 2 5 
3600 102 1 7 215 
3600 103 8 2 
3600 104 288 
3600 105 0 1 5 288 13 15 215 
3600 106 1 2 
3600 107 0 1 2 8 7 
3600 108 1 2 4 8 10 13 
3600 109 0 1 2 8 
3600 110 0 1 2 3 4 5 7 17 211 
3600 112 5 6 
3600 113 1 11 7 
3600 114 0 1 2 5 7 9 15 16 17 
3600 115 0 3 5 9 12 14 
3600 117 0 6 9 12 19 253 
3600 118 6 14 
3600 120 3 4 9 11 12 20 
3600 121 1 11 
3600 122 0 1 2 4 5 7 8 9 10 11 16 17 18 21 
3600 123 0 1 15 
3600 124 0 9 2 6 
3600 126 0 1 2 4 8 11 15 
3600 127 19 7 
3600 128 1 6 
3600 129 1 3 9 
3600 131 0 10 3 4 7 
3600 132 0 1 2 3 5 8 11 13 
3600 134 288 3 15 
3600 136 288 9 2 15 
3600 137 16 1 14 7 
3600 138 21 6 
3600 139 0 6 
3600 140 0 1 3 4 5 7 8 9 12 215 
3600 141 0 8 12 
3600 142 0 2 4 5 8 11 15 
3600 143 8 19 
3600 144 1 2 18 
3600 145 2 3 13 
3600 146 19 18 211 
3600 147 8 5 
3600 148 0 1 2 5 7 10 11 14 17 21 215 
3600 150 1 19 
3600 151 2 6 
3600 152 0 16 12 14 9 
3600 153 0 1 2 10 
3600 154 0 1 2 3 5 7 8 9 10 11 15 17 211 20 
3600 156 1 5 13 7 
3600 158 0 1 2 4 9 17 18 21 
3600 159 0 1 2 4 5 8 10 11 
3600 160 1 2 3 8 11 13 215 
3600 161 1 3 7 14 18 19 
3600 162 8 1 4 21 
3600 163 12 
3600 165 0 9 10 4 
3600 168 8 10 
3600 169 0 1 2 4 
3600 171 19 3 
3600 172 0 1 2 3 4 7 12 17 18 211 
3600 173 2 3 13 6 
3600 175 0 5 
3600 178 0 1 2 3 4 5 8 10 
3600 179 0 9 10 12 14 16 215 
3600 180 0 9 11 
3600 181 3 4 9 11 12 20 
3600 182 4 3 12 14 
3600 184 288 2 4 15 
3600 185 288 0 3 10 15 211 
3600 186 5 6 
3600 187 10 6 
3600 188 1 4 
3600 189 0 1 2 3 5 9 11 211 
3600 190 0 1 2 3 4 5 7 8 10 11 12 17 18 211 
3600 191 1 2 13 7 
3600 192 18 6 
3600 193 3 4 9 11 12 20 
3600 194 0 1 3 5 8 13 14 253 
3600 195 288 11 15 
3600 196 1 5 
3600 199 0 1 13 5 
3600 201 0 2 11 
3600 203 19 13 7 
3600 204 9 3 4 12 
3600 205 2 6 
3600 207 0 1 5 7 8 11 20 
3600 208 19 4 
3600 209 19 13 7 
3600 210 0 9 12 5 20 
3600 211 
3600 212 8 6 
3600 213 3 4 7 
3600 214 0 211 4 
3600 215 
3600 217 0 1 2 3 4 5 7 9 18 215 
3600 218 1 2 13 
3600 219 0 1 2 3 5 7 8 9 10 11 15 17 211 20 
3600 221 0 1 2 8 
3600 222 9 3 13 
3600 223 2 3 4 14 7 
3600 225 0 1 2 4 5 7 8 10 11 17 21 253 
3600 226 0 288 6 15 
3600 227 1 2 11 
3600 228 0 5 6 
3600 229 1 2 3 13 
3600 231 1 11 
3600 233 0 1 2 4 7 9 16 17 18 21 
3600 234 6 7 
3600 235 16 1 6 
3600 236 3 6 
3600 237 0 16 3 9 
3600 238 0 1 2 4 7 9 16 18 21 
3600 239 3 9 11 12 20 21 
3600 240 0 1 2 4 5 7 8 11 15 
3600 243 16 15 
3600 244 1 2 211 13 
3600 245 17 6 
3600 246 0 1 2 3 13 
3600 247 3 15 
3600 248 0 1 4 5 7 9 12 14 16 17 
3600 249 0 1 2 4 5 8 11 15 
3600 250 8 2 3 
3600 252 0 1 6 
3600 253 0 2 5 
3600 255 3 13 6 5 
3600 256 0 1 4 
3600 257 1 2 19 14 
3600 258 12 
3600 259 8 1 3 13 215 
3600 260 10 6 
3600 261 12 6 
3600 262 6 7 
3600 264 3 6 
3600 267 10 14 
3600 270 2 13 
3600 272 18 3 6 
3600 273 16 5 
3600 274 1 7 215 
3600 275 10 17 2 11 5 
3600 276 0 3 6 
3600 277 8 2 3 
3600 278 1 2 13 5 
3600 279 0 2 18 14 215 
3600 280 0 1 3 5 13 14 253 
3600 281 0 8 2 
3600 282 1 2 13 5 
3600 284 0 1 4 5 7 11 14 15 17 21 
3600 285 4 6 
3600 288 
3600 289 0 1 3 4 5 7 8 10 11 17 18 20 21 
3600 291 1 6 
3600 293 12 6 
3600 294 19 21 7 
3600 295 3 6 
3600 296 1 2 13 
3600 297 8 6 14 
3600 298 288 10 15 
3600 299 1 19 13 7 
4500 0 1 3 
4500 1 0 2 5 7 13 17 18 
4500 2 0 1 4 
4500 3 
4500 4 0 1 2 211 
4500 5 0 1 3 7 9 10 12 215 
4500 6 
4500 7 8 1 2 3 13 
4500 8 16 10 
4500 9 12 6 
4500 10 21 7 
4500 11 0 1 3 7 17 18 
4500 12 
4500 13 18 3 
4500 14 
4500 15 288 16 
4500 16 10 11 
4500 17 10 4 
4500 18 
4500 19 6 14 
4500 20 16 8 
4500 21 0 3 9 10 12 215 
4500 22 18 3 6 
4500 23 288 2 4 5 8 10 20 
4500 24 8 1 2 
4500 25 1 20 14 
4500 26 0 1 2 3 7 9 12 13 14 21 
4500 27 0 10 3 
4500 29 1 2 
4500 32 0 1 2 
4500 34 16 18 7 
4500 35 0 20 5 
4500 37 0 8 10 12 
4500 38 5 6 
4500 39 1 2 3 8 11 13 215 
4500 40 0 16 3 
4500 41 0 2 3 4 
4500 42 20 6 
4500 43 9 19 
4500 44 0 2 
4500 45 9 4 5 12 20 
4500 46 8 7 
4500 48 0 2 
4500 50 0 6 
4500 51 0 8 
4500 53 12 6 
4500 54 3 6 
4500 56 0 1 2 7 8 11 15 
4500 57 10 3 4 5 
4500 58 2 6 
4500 59 8 6 
4500 61 0 1 2 4 13 
4500 62 0 1 2 3 5 7 8 10 11 17 211 21 
4500 66 8 6 
4500 67 17 6 
4500 68 0 10 3 5 
4500 69 0 6 
4500 70 9 3 12 14 4 
4500 71 9 2 20 
4500 73 0 9 2 6 
4500 75 17 211 7 
4500 76 8 6 
4500 78 3 8 9 11 12 20 21 
4500 79 9 2 3 12 
4500 80 16 9 19 5 0 
4500 81 0 1 2 3 7 9 12 13 14 211 
4500 83 0 3 4 5 9 12 20 
4500 84 10 3 7 
4500 86 18 11 4 
4500 87 288 0 10 4 15 
4500 91 13 6 
4500 93 1 5 7 14 16 17 
4500 94 5 6 
4500 95 1 2 
4500 97 288 15 21 215 
4500 98 0 10 6 
4500 100 288 18 5 7 
4500 101 2 5 
4500 102 1 7 215 
4500 104 288 
4500 105 0 1 5 288 13 15 215 
4500 106 1 2 
4500 108 1 2 4 8 10 13 
4500 109 0 1 2 8 
4500 112 5 6 
4500 113 1 11 7 
4500 114 0 1 2 5 7 9 15 16 17 
4500 115 0 3 5 9 12 14 
4500 117 0 6 9 12 19 253 
4500 118 6 14 
4500 120 3 4 9 11 12 20 
4500 121 1 11 
4500 122 0 1 2 4 5 7 8 9 10 11 16 17 18 21 
4500 123 0 1 15 
4500 124 0 9 2 6 
4500 126 0 1 2 4 8 11 15 
4500 127 19 7 
4500 128 1 6 
4500 129 1 3 9 
4500 131 0 10 3 4 7 
4500 132 0 1 2 3 5 8 11 13 
4500 134 288 3 15 
4500 136 288 9 2 15 
4500 137 16 1 14 7 
4500 138 21 6 
4500 139 0 6 
4500 140 0 1 3 4 5 7 8 9 12 215 
4500 141 0 8 12 
4500 142 0 2 4 5 8 11 15 
4500 143 8 19 
4500 144 1 2 18 
4500 145 2 3 13 
4500 147 8 5 
4500 148 0 1 2 5 7 10 11 14 17 21 215 
4500 150 1 19 
4500 151 2 6 
4500 152 0 16 12 14 9 
4500 154 0 1 2 3 5 7 8 9 10 11 15 17 211 20 
4500 156 1 5 13 7 
4500 158 0 1 2 4 9 17 18 21 
4500 159 0 1 2 4 5 8 10 11 
4500 160 1 2 3 8 11 13 215 
4500 161 1 3 7 14 18 19 
4500 162 8 1 4 21 
4500 163 12 
4500 165 0 9 10 4 
4500 168 8 10 
4500 169 0 1 2 4 
4500 171 19 3 
4500 172 0 1 2 3 4 7 12 17 18 211 
4500 173 2 3 13 6 
4500 178 0 1 2 3 4 5 8 10 
4500 179 0 9 10 12 14 16 215 
4500 180 0 9 11 
4500 181 3 4 9 11 12 20 
4500 182 4 3 12 14 
4500 184 288 2 4 15 
4500 185 288 0 3 10 15 211 
4500 186 5 6 
4500 187 10 6 
4500 188 1 4 
4500 189 0 1 2 3 5 9 11 211 
4500 190 0 1 2 3 4 5 7 8 10 11 12 17 18 211 
4500 191 1 2 13 7 
4500 192 18 6 
4500 193 3 4 9 11 12 20 
4500 194 0 1 3 5 8 13 14 253 
4500 195 288 11 15 
4500 196 1 5 
4500 199 0 1 13 5 
4500 201 0 2 11 
4500 203 19 13 7 
4500 204 9 3 4 12 
4500 205 2 6 
4500 207 0 1 5 7 8 11 20 
4500 208 19 4 
4500 209 19 13 7 
4500 210 0 9 12 5 20 
4500 211 
4500 213 3 4 7 
4500 214 0 211 4 
4500 215 
4500 217 0 1 2 3 4 5 7 9 18 215 
4500 218 1 2 13 
4500 219 0 1 2 3 5 7 8 9 10 11 15 17 211 20 
4500 221 0 1 2 8 
4500 222 9 3 13 
4500 223 2 3 4 14 7 
4500 225 0 1 2 4 5 7 8 10 11 17 21 253 
4500 226 0 288 6 15 
4500 227 1 2 11 
4500 228 0 5 6 
4500 229 1 2 3 13 
4500 231 1 11 
4500 233 0 1 2 4 7 9 16 17 18 21 
4500 234 6 7 
4500 235 16 1 6 
4500 236 3 6 
4500 237 0 16 3 9 
4500 238 0 1 2 4 7 9 16 18 21 
4500 239 3 9 11 12 20 21 
4500 240 0 1 2 4 5 7 8 11 15 
4500 244 1 2 211 13 
4500 246 0 1 2 3 13 
4500 247 3 15 
4500 248 0 1 4 5 7 9 12 14 16 17 
4500 249 0 1 2 4 5 8 11 15 
4500 250 8 2 3 
4500 253 0 2 5 
4500 255 3 13 6 5 
4500 256 0 1 4 
4500 257 1 2 19 14 
4500 258 12 
4500 259 8 1 3 13 215 
4500 260 10 6 
4500 261 12 6 
4500 262 6 7 
4500 264 3 6 
4500 267 10 14 
4500 270 2 13 
4500 272 18 3 6 
4500 274 1 7 215 
4500 275 10 17 2 11 5 
4500 276 0 3 6 
4500 277 8 2 3 
4500 278 1 2 13 5 
4500 279 0 2 18 14 215 
4500 280 0 1 3 5 13 14 253 
4500 281 0 8 2 
4500 282 1 2 13 5 
4500 284 0 1 4 5 7 11 14 15 17 21 
4500 285 4 6 
4500 288 
4500 289 0 1 3 4 5 7 8 10 11 17 18 20 21 
4500 291 1 6 
4500 293 12 6 
4500 294 19 21 7 
4500 295 3 6 
4500 296 1 2 13 
4500 297 8 6 14 
4500 298 288 10 15 
4500 299 1 19 13 7 
5400 0 1 3 
5400 1 0 2 5 7 13 17 18 
5400 2 0 1 4 
5400 3 
5400 4 0 1 2 211 
5400 5 0 1 3 7 9 10 12 
5400 6 
5400 7 8 1 2 3 13 
5400 8 16 10 
5400 9 12 6 
5400 10 21 7 
5400 11 0 1 3 7 17 18 
5400 12 
5400 13 18 3 
5400 14 
5400 15 16 
5400 16 10 11 
5400 17 10 4 
5400 18 
5400 19 6 14 
5400 20 16 8 
5400 21 0 9 10 3 12 
5400 23 2 4 5 8 10 20 
5400 24 8 1 2 
5400 25 1 20 14 
5400 26 0 1 2 3 7 9 12 13 14 21 
5400 27 0 10 3 
5400 29 1 2 
5400 32 0 1 2 
5400 34 16 18 7 
5400 35 0 20 5 
5400 37 0 8 10 12 
5400 38 5 6 
5400 39 1 2 3 8 11 13 
5400 40 0 16 3 
5400 41 0 2 3 4 
5400 42 20 6 
5400 43 9 19 
5400 44 0 2 
5400 45 9 4 5 12 20 
5400 46 8 7 
5400 48 0 2 
5400 50 0 6 
5400 51 0 8 
5400 53 12 6 
5400 54 3 6 
5400 56 0 1 2 7 8 11 15 
5400 57 10 3 4 5 
5400 58 2 6 
5400 59 8 6 
5400 61 0 1 2 4 13 
5400 62 0 1 2 3 5 7 8 10 11 17 211 21 
5400 66 8 6 
5400 67 17 6 
5400 68 0 10 3 5 
5400 69 0 6 
5400 70 9 3 12 14 4 
5400 71 9 2 20 
5400 73 0 9 2 6 
5400 75 17 211 7 
5400 76 8 6 
5400 79 9 2 3 12 
5400 80 16 9 19 5 0 
5400 81 0 1 2 3 7 9 12 13 14 211 
5400 83 0 3 4 5 9 12 20 
5400 84 10 3 7 
5400 86 18 11 4 
5400 87 0 10 4 15 
5400 91 13 6 
5400 93 1 5 7 14 16 17 
5400 94 5 6 
5400 95 1 2 
5400 97 21 15 
5400 98 0 10 6 
5400 100 18 5 7 
5400 102 1 7 
5400 104 
5400 105 0 1 15 13 5 
5400 106 1 2 
5400 108 1 2 4 8 10 13 
5400 109 0 1 2 8 
5400 112 5 6 
5400 113 1 11 7 
5400 114 0 1 2 5 7 9 15 16 17 
5400 115 0 3 5 9 12 14 
5400 117 0 6 9 12 19 253 
5400 118 6 14 
5400 120 3 4 9 11 12 20 
5400 121 1 11 
5400 122 0 1 2 4 5 7 8 9 10 11 16 17 18 21 
5400 123 0 1 15 
5400 124 0 9 2 6 
5400 126 0 1 2 4 8 11 15 
5400 127 19 7 
5400 128 1 6 
5400 129 1 3 9 
5400 131 0 10 3 4 7 
5400 132 0 1 2 3 5 8 11 13 
5400 134 3 15 
5400 136 9 2 15 
5400 137 16 1 14 7 
5400 138 21 6 
5400 139 0 6 
5400 140 0 1 3 4 5 7 8 9 12 
5400 142 0 2 4 5 8 11 15 
5400 143 8 19 
5400 144 1 2 18 
5400 145 2 3 13 
5400 147 8 5 
5400 148 0 1 2 5 7 10 11 14 17 21 
5400 150 1 19 
5400 151 2 6 
5400 152 0 16 12 14 9 
5400 154 0 1 2 3 5 7 8 9 10 11 15 17 211 20 
5400 156 1 5 13 7 
5400 158 0 1 2 4 9 17 18 21 
5400 159 0 1 2 4 5 8 10 11 
5400 160 1 2 3 8 11 13 
5400 161 1 3 7 14 18 19 
5400 162 8 1 4 21 
5400 163 12 
5400 165 0 9 10 4 
5400 168 8 10 
5400 169 0 1 2 4 
5400 171 19 3 
5400 172 0 1 2 3 4 7 12 17 18 211 
5400 173 2 3 13 6 
5400 178 0 1 2 3 4 5 8 10 
5400 180 0 9 11 
5400 181 3 4 9 11 12 20 
5400 182 4 3 12 14 
5400 184 2 4 15 
5400 185 0 3 10 211 15 
5400 186 5 6 
5400 187 10 6 
5400 188 1 4 
5400 189 0 1 2 3 5 9 11 211 
5400 190 0 1 2 3 4 5 7 8 10 11 12 17 18 211 
5400 191 1 2 13 7 
5400 192 18 6 
5400 193 3 4 9 11 12 20 
5400 194 0 1 3 5 8 13 14 253 
5400 195 11 15 
5400 199 0 1 13 5 
5400 201 0 2 11 
5400 203 19 13 7 
5400 204 9 3 4 12 
5400 205 2 6 
5400 207 0 1 5 7 8 11 20 
5400 208 19 4 
5400 209 19 13 7 
5400 210 0 9 12 5 20 
5400 211 
5400 213 3 4 7 
5400 214 0 211 4 
5400 217 0 1 2 3 4 5 7 9 18 
5400 218 1 2 13 
5400 221 0 1 2 8 
5400 222 9 3 13 
5400 223 2 3 4 14 7 
5400 225 0 1 2 4 5 7 8 10 11 17 21 253 
5400 226 0 6 15 
5400 227 1 2 11 
5400 228 0 5 6 
5400 229 1 2 3 13 
5400 231 1 11 
5400 233 0 1 2 4 7 9 16 17 18 21 
5400 234 6 7 
5400 235 16 1 6 
5400 236 3 6 
5400 238 0 1 2 4 7 9 16 18 21 
5400 240 0 1 2 4 5 7 8 11 15 
5400 244 1 2 211 13 
5400 246 0 1 2 3 13 
5400 247 3 15 
5400 248 0 1 4 5 7 9 12 14 16 17 
5400 249 0 1 2 4 5 8 11 15 
5400 250 8 2 3 
5400 253 0 2 5 
5400 255 3 13 6 5 
5400 256 0 1 4 
5400 257 1 2 19 14 
5400 259 8 1 3 13 
5400 260 10 6 
5400 261 12 6 
5400 262 6 7 
5400 264 3 6 
5400 267 10 14 
5400 272 18 3 6 
5400 274 1 7 
5400 275 10 17 2 11 5 
5400 276 0 3 6 
5400 277 8 2 3 
5400 278 1 2 13 5 
5400 279 0 2 18 14 
5400 280 0 1 3 5 13 14 253 
5400 281 0 8 2 
5400 282 1 2 13 5 
5400 284 0 1 4 5 7 11 14 15 17 21 
5400 285 4 6 
5400 289 0 1 3 4 5 7 8 10 11 17 18 20 21 
5400 291 1 6 
5400 293 12 6 
5400 294 19 21 7 
5400 295 3 6 
5400 296 1 2 13 
5400 297 8 6 14 
5400 298 10 15 
5400 299 1 19 13 7 
6300 0 1 3 
6300 1 0 2 5 7 13 17 18 
6300 2 0 1 4 
6300 3 
6300 4 0 1 2 211 
6300 5 0 1 3 7 9 10 12 
6300 6 
6300 7 8 1 2 3 13 
6300 8 16 10 
6300 9 12 6 
6300 10 21 7 
6300 11 0 1 3 7 17 18 
6300 12 
6300 13 18 3 
6300 14 
6300 15 16 
6300 16 10 11 
6300 17 10 4 
6300 18 
6300 19 6 14 
6300 20 16 8 
6300 21 0 9 10 3 12 
6300 23 2 4 5 8 10 20 
6300 25 1 20 14 
6300 26 0 1 2 3 7 9 12 13 14 21 
6300 29 1 2 
6300 32 0 1 2 
6300 34 16 18 7 
6300 35 0 20 5 
6300 37 0 8 10 12 
6300 38 5 6 
6300 39 1 2 3 8 11 13 
6300 40 0 16 3 
6300 41 0 2 3 4 
6300 42 20 6 
6300 43 9 19 
6300 44 0 2 
6300 45 9 4 5 12 20 
6300 46 8 7 
6300 48 0 2 
6300 50 0 6 
6300 51 0 8 
6300 53 12 6 
6300 54 3 6 
6300 56 0 1 2 7 8 11 15 
6300 57 10 3 4 5 
6300 58 2 6 
6300 59 8 6 
6300 61 0 1 2 4 13 
6300 66 8 6 
6300 67 17 6 
6300 68 0 10 3 5 
6300 69 0 6 
6300 70 9 3 12 14 4 
6300 71 9 2 20 
6300 73 0 9 2 6 
6300 75 17 211 7 
6300 76 8 6 
6300 79 9 2 3 12 
6300 80 16 9 19 5 0 
6300 81 0 1 2 3 7 9 12 13 14 211 
6300 83 0 3 4 5 9 12 20 
6300 84 10 3 7 
6300 86 18 11 4 
6300 87 0 10 4 15 
6300 91 13 6 
6300 93 1 5 7 14 16 17 
6300 94 5 6 
6300 95 1 2 
6300 97 21 15 
6300 98 0 10 6 
6300 100 18 5 7 
6300 102 1 7 
6300 104 
6300 105 0 1 15 13 5 
6300 106 1 2 
6300 108 1 2 4 8 10 13 
6300 109 0 1 2 8 
6300 112 5 6 
6300 114 0 1 2 5 7 9 15 16 17 
6300 117 0 6 9 12 19 253 
6300 118 6 14 
6300 120 3 4 9 11 12 20 
6300 121 1 11 
6300 122 0 1 2 4 5 7 8 9 10 11 16 17 18 21 
6300 123 0 1 15 
6300 124 0 9 2 6 
6300 126 0 1 2 4 8 11 15 
6300 127 19 7 
6300 128 1 6 
6300 131 0 10 3 4 7 
6300 132 0 1 2 3 5 8 11 13 
6300 134 3 15 
6300 136 9 2 15 
6300 137 16 1 14 7 
6300 138 21 6 
6300 139 0 6 
6300 140 0 1 3 4 5 7 8 9 12 
6300 142 0 2 4 5 8 11 15 
6300 143 8 19 
6300 144 1 2 18 
6300 145 2 3 13 
6300 147 8 5 
6300 148 0 1 2 5 7 10 11 14 17 21 
6300 151 2 6 
6300 152 0 16 12 14 9 
6300 154 0 1 2 3 5 7 8 9 10 11 15 17 211 20 
6300 156 1 5 13 7 
6300 159 0 1 2 4 5 8 10 11 
6300 161 1 3 7 14 18 19 
6300 162 8 1 4 21 
6300 163 12 
6300 165 0 9 10 4 
6300 168 8 10 
6300 169 0 1 2 4 
6300 171 19 3 
6300 172 0 1 2 3 4 7 12 17 18 211 
6300 173 2 3 13 6 
6300 178 0 1 2 3 4 5 8 10 
6300 180 0 9 11 
6300 181 3 4 9 11 12 20 
6300 182 4 3 12 14 
6300 184 2 4 15 
6300 185 0 3 10 211 15 
6300 186 5 6 
6300 187 10 6 
6300 188 1 4 
6300 189 0 1 2 3 5 9 11 211 
6300 190 0 1 2 3 4 5 7 8 10 11 12 17 18 211 
6300 191 1 2 13 7 
6300 192 18 6 
6300 193 3 4 9 11 12 20 
6300 194 0 1 3 5 8 13 14 253 
6300 195 11 15 
6300 199 0 1 13 5 
6300 201 0 2 11 
6300 203 19 13 7 
6300 204 9 3 4 12 
6300 205 2 6 
6300 207 0 1 5 7 8 11 20 
6300 208 19 4 
6300 209 19 13 7 
6300 210 0 9 12 5 20 
6300 211 
6300 213 3 4 7 
6300 214 0 211 4 
6300 217 0 1 2 3 4 5 7 9 18 
6300 218 1 2 13 
6300 221 0 1 2 8 
6300 222 9 3 13 
6300 223 2 3 4 14 7 
6300 225 0 1 2 4 5 7 8 10 11 17 21 253 
6300 226 0 6 15 
6300 227 1 2 11 
6300 228 0 5 6 
6300 229 1 2 3 13 
6300 231 1 11 
6300 233 0 1 2 4 7 9 16 17 18 21 
6300 234 6 7 
6300 235 16 1 6 
6300 236 3 6 
6300 238 0 1 2 4 7 9 16 18 21 
6300 240 0 1 2 4 5 7 8 11 15 
6300 244 1 2 211 13 
6300 246 0 1 2 3 13 
6300 247 3 15 
6300 248 0 1 4 5 7 9 12 14 16 17 
6300 249 0 1 2 4 5 8 11 15 
6300 250 8 2 3 
6300 253 0 2 5 
6300 255 3 13 6 5 
6300 256 0 1 4 
6300 257 1 2 19 14 
6300 259 8 1 3 13 
6300 260 10 6 
6300 261 12 6 
6300 262 6 7 
6300 264 3 6 
6300 267 10 14 
6300 274 1 7 
6300 275 10 17 2 11 5 
6300 277 8 2 3 
6300 278 1 2 13 5 
6300 279 0 2 18 14 
6300 280 0 1 3 5 13 14 253 
6300 281 0 8 2 
6300 282 1 2 13 5 
6300 289 0 1 3 4 5 7 8 10 11 17 18 20 21 
6300 291 1 6 
6300 293 12 6 
6300 294 19 21 7 
6300 295 3 6 
6300 296 1 2 13 
6300 297 8 6 14 
6300 298 10 15 
6300 299 1 19 13 7 
