0 0 163 78 207 
0 1 263 
0 2 194 115 258 237 78 211 20 22 91 
0 3 84 284 22 
0 4 258 84 263 
0 5 91 84 78 
0 6 194 237 78 
0 7 194 115 258 237 78 211 20 22 91 
0 8 153 258 299 163 
0 9 258 211 194 78 115 91 
0 10 263 
0 11 263 
0 12 263 
0 13 258 100 194 115 22 280 284 62 223 
0 14 263 
0 15 153 258 211 263 
0 16 84 289 194 115 258 202 237 78 211 20 22 153 155 223 
0 17 91 291 237 
0 18 211 142 22 
0 19 115 194 211 258 
0 20 
0 21 20 22 
0 22 194 258 142 84 78 153 91 223 
0 23 280 211 223 
0 24 115 263 
0 25 194 291 202 299 258 78 207 211 153 91 
0 26 263 
0 27 280 91 211 194 
0 29 115 194 211 
0 30 194 115 258 237 211 22 280 223 
0 31 258 91 194 
0 32 263 
0 33 280 211 223 
0 34 263 
0 35 194 115 207 202 258 78 237 211 84 22 155 223 
0 36 280 258 211 
0 37 258 291 284 142 211 
0 38 115 258 211 
0 39 194 299 258 263 
0 40 194 202 299 258 78 211 20 22 153 
0 41 194 78 211 22 91 223 
0 42 84 258 91 20 22 
0 43 258 91 194 
0 44 258 211 84 194 
0 45 258 91 84 78 223 
0 46 258 91 20 
0 47 91 84 22 
0 48 115 
0 49 263 
0 50 280 258 211 194 223 
0 51 194 20 258 
0 52 153 258 237 223 
0 53 263 
0 54 263 
0 56 263 
0 57 258 115 84 
0 58 163 
0 59 299 194 291 78 
0 60 289 258 22 153 91 223 
0 61 263 
0 62 121 258 211 22 
0 63 153 258 299 284 
0 65 194 155 202 258 78 211 22 91 223 
0 66 289 194 284 
0 67 263 
0 68 280 194 211 
0 69 194 291 202 299 258 78 207 211 153 91 
0 70 153 91 22 289 
0 71 194 91 211 258 22 
0 72 280 163 78 
0 73 263 
0 74 263 
0 75 258 100 194 115 22 280 284 62 223 
0 76 280 194 211 22 78 
0 77 258 263 100 223 
0 78 280 115 194 211 223 
0 79 280 263 22 223 
0 80 280 194 211 155 
0 81 258 115 194 237 211 20 22 91 
0 83 280 263 211 223 
0 84 78 
0 85 115 
0 86 258 291 100 194 78 211 
0 87 153 211 223 
0 88 263 
0 89 153 91 263 
0 90 202 155 78 
0 91 153 258 155 194 211 
0 92 280 194 211 
0 93 153 258 91 84 
0 94 194 258 263 
0 95 263 
0 96 263 
0 97 153 91 284 223 
0 98 84 121 258 91 20 
0 100 
0 101 194 291 202 299 258 78 207 211 153 91 
0 102 194 291 211 
0 103 91 78 223 
0 104 194 22 78 
0 105 115 194 211 258 
0 106 194 211 237 
0 107 284 91 223 78 211 
0 108 194 142 78 
0 109 89 
0 110 291 155 163 
0 111 263 
0 112 263 
0 113 20 237 
0 114 263 
0 115 299 84 
0 116 194 299 258 263 
0 117 153 258 91 78 
0 118 163 
0 119 163 
0 120 194 202 299 258 78 22 153 91 284 
0 121 
0 122 263 291 223 
0 123 263 
0 124 22 263 
0 126 263 
0 127 263 237 22 153 91 284 223 
0 128 263 
0 129 89 91 115 194 207 
0 130 258 163 263 119 280 153 62 
0 131 263 
0 132 258 299 194 211 22 91 
0 133 258 211 237 
0 134 258 84 263 
0 135 163 78 263 
0 136 258 115 84 
0 137 258 291 194 202 299 237 78 207 115 211 84 22 153 91 
0 138 115 194 211 258 
0 139 289 258 291 194 202 237 78 207 115 84 22 91 223 
0 140 91 211 194 
0 141 153 258 299 223 
0 142 
0 143 153 211 20 
0 144 194 202 237 78 207 258 20 22 91 284 
0 145 153 258 22 289 
0 146 115 
0 147 280 258 211 194 223 
0 148 258 84 22 223 
0 149 153 91 284 223 
0 150 263 
0 151 194 211 84 22 153 91 223 
0 152 194 211 237 
0 153 263 
0 154 280 153 223 
0 155 
0 156 299 20 223 
0 158 194 163 100 299 78 280 
0 159 258 299 142 84 153 284 
0 160 115 211 223 
0 161 153 91 284 223 
0 162 194 299 284 78 
0 163 263 
0 164 194 91 211 258 
0 165 153 258 299 163 22 
0 166 153 258 299 223 
0 167 258 194 22 
0 168 153 194 223 
0 169 163 
0 170 280 194 211 22 
0 171 153 258 211 263 
0 172 194 291 202 258 78 207 115 22 91 284 
0 173 194 115 258 237 211 84 22 91 
0 174 194 115 237 142 211 280 223 
0 175 84 289 194 115 258 202 237 78 211 20 22 153 155 223 
0 176 163 
0 177 115 258 211 
0 178 258 115 194 237 211 20 22 91 
0 179 194 258 78 115 84 22 153 91 223 
0 180 115 263 
0 181 194 291 258 78 211 142 22 153 91 223 
0 182 258 78 223 
0 183 8 89 20 142 207 
0 184 280 194 211 22 
0 185 194 115 237 142 211 280 223 
0 186 153 211 289 
0 187 115 263 
0 188 194 155 211 202 258 142 291 78 91 223 
0 189 289 299 22 153 284 223 
0 190 194 258 78 115 142 22 153 91 223 
0 191 263 
0 192 263 
0 193 258 20 263 
0 194 258 291 202 78 211 22 280 
0 195 280 194 211 
0 196 263 
0 197 194 258 237 211 22 153 155 223 
0 199 280 258 194 22 
0 200 115 211 223 
0 201 280 194 211 78 
0 202 91 84 
0 203 153 91 223 
0 204 89 
0 205 289 258 100 22 
0 207 153 258 84 142 223 
0 208 211 84 223 
0 209 194 211 258 237 78 115 20 
0 210 263 
0 211 258 91 194 
0 212 263 
0 213 153 258 91 84 
0 214 258 115 194 202 237 78 207 211 84 22 91 284 62 
0 215 84 121 20 
0 216 289 258 194 202 237 142 207 211 84 78 22 284 
0 217 115 263 
0 218 121 194 20 
0 219 84 263 
0 221 280 163 78 
0 222 91 155 258 
0 223 
0 224 280 194 211 22 
0 225 289 211 115 84 22 91 
0 226 258 211 194 237 115 20 91 
0 227 263 
0 228 20 223 
0 229 289 258 22 153 91 223 
0 231 115 
0 232 153 211 284 
0 233 89 
0 234 153 91 263 
0 235 115 
0 236 153 289 91 237 223 
0 237 194 291 202 258 78 91 223 
0 238 194 211 115 84 280 91 
0 239 263 
0 240 263 
0 241 291 22 78 
0 242 194 237 78 
0 243 194 142 78 
0 244 115 211 84 
0 245 263 
0 246 91 155 84 258 
0 247 194 211 258 237 78 115 20 
0 248 194 20 258 
0 249 263 
0 250 258 202 194 78 207 115 20 22 91 62 
0 251 258 299 22 153 284 223 
0 252 263 
0 253 194 115 237 142 211 280 223 
0 254 280 194 163 
0 255 194 211 22 
0 256 91 84 22 223 
0 257 194 115 163 263 258 237 211 22 89 91 
0 258 223 
0 259 258 91 263 
0 260 258 115 284 263 
0 261 263 
0 262 194 299 284 78 
0 263 
0 264 194 258 78 115 84 22 153 91 223 
0 266 121 91 211 20 
0 267 153 194 91 211 
0 269 258 194 202 237 78 115 20 22 84 284 62 
0 270 258 194 78 211 280 153 155 284 223 
0 271 263 
0 272 194 211 237 207 115 223 
0 273 289 194 258 78 237 115 22 
0 274 289 237 207 115 153 223 
0 275 258 91 284 211 223 
0 276 299 284 22 
0 277 263 
0 278 153 289 91 237 223 
0 279 280 258 211 194 223 
0 280 291 223 
0 281 202 211 84 237 22 
0 282 194 202 299 78 22 284 
0 283 194 258 142 20 22 280 
0 284 
0 285 258 84 223 
0 286 280 194 211 
0 287 280 194 91 211 258 
0 288 258 155 211 194 202 237 142 115 291 84 78 22 91 223 
0 289 299 
0 290 153 84 22 223 
0 291 
0 292 258 84 121 20 155 223 
0 293 263 291 223 
0 294 84 78 223 
0 295 194 291 100 78 163 284 223 
0 296 258 115 194 211 84 22 89 91 223 
0 297 258 194 78 207 211 280 153 155 284 223 
0 298 263 
0 299 237 
900 0 163 78 207 
900 1 263 
900 2 194 115 258 237 78 211 20 22 91 
900 3 84 284 22 
900 4 258 84 263 
900 5 91 84 78 
900 6 194 237 78 
900 7 194 115 258 237 78 211 20 22 91 
900 8 153 258 299 163 
900 9 258 211 194 78 115 91 
900 10 263 
900 11 263 
900 12 263 
900 13 258 100 194 115 22 280 284 62 223 
900 14 263 
900 15 153 258 211 263 
900 16 84 289 194 115 258 237 78 211 20 22 153 155 223 
900 17 91 291 237 
900 18 211 142 22 
900 19 115 194 211 258 
900 20 
900 21 20 22 
900 22 194 258 142 84 78 153 91 223 
900 23 280 211 223 
900 24 115 263 
900 25 258 291 299 194 78 207 211 153 91 
900 26 263 
900 27 280 91 211 194 
900 29 115 194 211 
900 30 194 115 258 237 211 22 280 223 
900 31 258 91 194 
900 32 263 
900 33 280 211 223 
900 34 263 
900 35 194 115 207 258 78 237 211 84 22 155 223 
900 37 258 291 284 142 211 
900 38 115 258 211 
900 39 194 299 258 263 
900 40 194 299 258 78 211 20 22 153 
900 41 194 78 211 22 91 223 
900 42 84 258 91 20 22 
900 43 258 91 194 
900 44 258 211 84 194 
900 45 258 91 84 78 223 
900 46 258 91 20 
900 47 91 84 22 
900 48 115 
900 49 263 
900 50 280 258 211 194 223 
900 51 194 20 258 
900 52 153 258 237 223 
900 53 263 
900 54 263 
900 56 263 
900 57 258 115 84 
900 58 163 
900 59 299 194 291 78 
900 61 263 
900 62 121 258 211 22 
900 66 289 194 284 
900 67 263 
900 68 280 194 211 
900 69 258 291 299 194 78 207 211 153 91 
900 70 153 91 22 289 
900 71 194 91 211 258 22 
900 73 263 
900 74 263 
900 75 258 100 194 115 22 280 284 62 223 
900 76 280 194 211 22 78 
900 77 258 263 100 223 
900 78 280 115 194 211 223 
900 79 280 263 22 223 
900 80 280 194 211 155 
900 81 258 115 194 237 211 20 22 91 
900 83 280 263 211 223 
900 84 78 
900 85 115 
900 86 258 291 100 194 78 211 
900 87 153 211 223 
900 88 263 
900 89 153 91 263 
900 90 155 78 
900 91 153 258 155 194 211 
900 92 280 194 211 
900 93 153 258 91 84 
900 94 194 258 263 
900 95 263 
900 96 263 
900 97 153 91 284 223 
900 98 84 121 258 91 20 
900 100 
900 101 258 291 299 194 78 207 211 153 91 
900 102 194 291 211 
900 103 91 78 223 
900 104 194 22 78 
900 105 115 194 211 258 
900 106 194 211 237 
900 107 284 91 223 78 211 
900 108 194 142 78 
900 109 89 
900 110 291 155 163 
900 111 263 
900 112 263 
900 113 20 237 
900 114 263 
900 115 299 84 
900 116 194 299 258 263 
900 117 153 258 91 78 
900 118 163 
900 119 163 
900 120 194 299 258 78 22 153 91 284 
900 121 
900 122 263 291 223 
900 123 263 
900 124 22 263 
900 126 263 
900 127 263 237 22 153 91 284 223 
900 128 263 
900 129 89 91 115 194 207 
900 130 258 163 263 119 280 153 62 
900 131 263 
900 132 258 299 194 211 22 91 
900 133 258 211 237 
900 134 258 84 263 
900 135 163 78 263 
900 136 258 115 84 
900 137 194 291 207 299 258 78 237 115 211 84 22 153 91 
900 138 115 194 211 258 
900 139 289 194 291 207 258 78 237 115 84 22 91 223 
900 140 91 211 194 
900 141 153 258 299 223 
900 142 
900 143 153 211 20 
900 144 194 258 237 78 207 20 22 91 284 
900 145 153 258 22 289 
900 146 115 
900 147 280 258 211 194 223 
900 148 258 84 22 223 
900 149 153 91 284 223 
900 150 263 
900 151 194 211 84 22 153 91 223 
900 152 194 211 237 
900 153 263 
900 154 280 153 223 
900 155 
900 156 299 20 223 
900 158 194 163 100 299 78 280 
900 159 258 299 142 84 153 284 
900 160 115 211 223 
900 161 153 91 284 223 
900 162 194 299 284 78 
900 163 263 
900 164 194 91 211 258 
900 165 153 258 299 163 22 
900 166 153 258 299 223 
900 167 258 194 22 
900 168 153 194 223 
900 169 163 
900 170 280 194 211 22 
900 171 153 258 211 263 
900 172 194 291 258 78 207 115 22 91 284 
900 173 194 115 258 237 211 84 22 91 
900 174 194 115 237 142 211 280 223 
900 175 84 289 194 115 258 237 78 211 20 22 153 155 223 
900 177 115 258 211 
900 178 258 115 194 237 211 20 22 91 
900 179 194 258 78 115 84 22 153 91 223 
900 180 115 263 
900 181 194 291 258 78 211 142 22 153 91 223 
900 182 258 78 223 
900 183 8 89 20 142 207 
900 184 280 194 211 22 
900 185 194 115 237 142 211 280 223 
900 186 153 211 289 
900 187 115 263 
900 188 194 155 211 258 142 291 78 91 223 
900 189 289 299 22 153 284 223 
900 190 194 258 78 115 142 22 153 91 223 
900 191 263 
900 192 263 
900 193 258 20 263 
900 194 258 291 78 211 22 280 
900 195 280 194 211 
900 196 263 
900 199 280 258 194 22 
900 201 280 194 211 78 
900 203 153 91 223 
900 204 89 
900 205 289 258 100 22 
900 207 153 258 84 142 223 
900 208 211 84 223 
900 209 194 211 258 237 78 115 20 
900 210 263 
900 211 258 91 194 
900 212 263 
900 213 153 258 91 84 
900 214 258 115 194 237 78 207 211 84 22 91 284 62 
900 215 84 121 20 
900 216 289 194 258 142 237 211 84 78 22 207 284 
900 217 115 263 
900 218 121 194 20 
900 219 84 263 
900 221 280 163 78 
900 222 91 155 258 
900 223 
900 224 280 194 211 22 
900 225 289 211 115 84 22 91 
900 226 258 211 194 237 115 20 91 
900 227 263 
900 228 20 223 
900 229 289 258 22 153 91 223 
900 231 115 
900 233 89 
900 234 153 91 263 
900 235 115 
900 236 153 289 91 237 223 
900 237 258 291 194 78 91 223 
900 238 194 211 115 84 280 91 
900 239 263 
900 240 263 
900 241 291 22 78 
900 242 194 237 78 
900 243 194 142 78 
900 244 115 211 84 
900 245 263 
900 246 91 155 84 258 
900 247 194 211 258 237 78 115 20 
900 248 194 20 258 
900 249 263 
900 250 194 258 78 207 115 20 22 91 62 
900 251 258 299 22 153 284 223 
900 252 263 
900 253 194 115 237 142 211 280 223 
900 254 280 194 163 
900 255 194 211 22 
900 256 91 84 22 223 
900 257 194 115 163 263 258 237 211 22 89 91 
900 258 223 
900 259 258 91 263 
900 260 258 115 284 263 
900 261 263 
900 262 194 299 284 78 
900 263 
900 264 194 258 78 115 84 22 153 91 223 
900 266 121 91 211 20 
900 267 153 194 91 211 
900 269 194 258 237 78 115 20 22 84 284 62 
900 270 258 194 78 211 280 153 155 284 223 
900 271 263 
900 272 194 211 237 207 115 223 
900 273 289 194 258 78 237 115 22 
900 274 289 237 207 115 153 223 
900 275 258 91 284 211 223 
900 276 299 284 22 
900 277 263 
900 278 153 289 91 237 223 
900 279 280 258 211 194 223 
900 280 291 223 
900 281 211 84 237 22 
900 282 194 299 284 22 78 
900 284 
900 285 258 84 223 
900 288 258 155 211 194 237 142 115 291 84 78 22 91 223 
900 289 299 
900 290 153 84 22 223 
900 291 
900 292 258 84 121 20 155 223 
900 293 263 291 223 
900 294 84 78 223 
900 295 194 291 100 78 163 284 223 
900 296 258 115 194 211 84 22 89 91 223 
900 297 258 194 78 207 211 280 153 155 284 223 
900 298 263 
900 299 237 
1800 0 163 78 207 
1800 1 263 
1800 2 194 115 258 237 78 211 20 22 91 
1800 3 84 284 22 
1800 4 258 84 263 
1800 5 91 84 78 
1800 6 194 237 78 
1800 7 194 115 258 237 78 211 20 22 91 
1800 8 153 258 299 163 
1800 9 258 211 194 78 115 91 
1800 10 263 
1800 11 263 
1800 12 263 
1800 13 258 100 194 115 22 280 284 62 223 
1800 14 263 
1800 15 153 258 211 263 
1800 16 84 289 194 115 258 237 78 211 20 22 153 155 223 
1800 17 91 291 237 
1800 18 211 142 22 
1800 19 115 194 211 258 
1800 20 
1800 21 20 22 
1800 22 194 258 142 84 78 153 91 223 
1800 23 280 211 223 
1800 24 115 263 
1800 25 258 291 299 194 78 207 211 153 91 
1800 26 263 
1800 27 280 91 211 194 
1800 29 115 194 211 
1800 31 258 91 194 
1800 32 263 
1800 33 280 211 223 
1800 34 263 
1800 35 194 115 207 258 78 237 211 84 22 155 223 
1800 37 258 291 284 142 211 
1800 38 115 258 211 
1800 39 194 299 258 263 
1800 40 194 299 258 78 211 20 22 153 
1800 41 194 78 211 22 91 223 
1800 42 84 258 91 20 22 
1800 43 258 91 194 
1800 44 258 211 84 194 
1800 45 258 91 84 78 223 
1800 46 258 91 20 
1800 47 91 84 22 
1800 48 115 
1800 49 263 
1800 50 280 258 211 194 223 
1800 51 194 20 258 
1800 52 153 258 237 223 
1800 53 263 
1800 54 263 
1800 56 263 
1800 57 258 115 84 
1800 58 163 
1800 59 299 194 291 78 
1800 61 263 
1800 62 121 258 211 22 
1800 66 289 194 284 
1800 67 263 
1800 68 280 194 211 
1800 69 258 291 299 194 78 207 211 153 91 
1800 70 153 91 22 289 
1800 71 194 91 211 258 22 
1800 73 263 
1800 75 258 100 194 115 22 280 284 62 223 
1800 76 280 194 211 22 78 
1800 78 280 115 194 211 223 
1800 79 280 263 22 223 
1800 80 280 194 211 155 
1800 81 258 115 194 237 211 20 22 91 
1800 83 280 263 211 223 
1800 84 78 
1800 85 115 
1800 86 258 291 100 194 78 211 
1800 87 153 211 223 
1800 89 153 91 263 
1800 90 155 78 
1800 91 153 258 155 194 211 
1800 93 153 258 91 84 
1800 94 194 258 263 
1800 95 263 
1800 96 263 
1800 97 153 91 284 223 
1800 98 84 121 258 91 20 
1800 100 
1800 101 258 291 299 194 78 207 211 153 91 
1800 102 194 291 211 
1800 103 91 78 223 
1800 104 194 22 78 
1800 105 115 194 211 258 
1800 106 194 211 237 
1800 107 284 91 223 78 211 
1800 108 194 142 78 
1800 109 89 
1800 110 291 155 163 
1800 111 263 
1800 112 263 
1800 113 20 237 
1800 114 263 
1800 115 299 84 
1800 116 194 299 258 263 
1800 117 153 258 91 78 
1800 118 163 
1800 120 194 299 258 78 22 153 91 284 
1800 121 
1800 122 263 291 223 
1800 123 263 
1800 124 22 263 
1800 126 263 
1800 127 263 237 22 153 91 284 223 
1800 128 263 
1800 129 89 91 115 194 207 
1800 130 258 163 263 280 153 62 
1800 131 263 
1800 132 258 299 194 211 22 91 
1800 133 258 211 237 
1800 134 258 84 263 
1800 135 163 78 263 
1800 136 258 115 84 
1800 137 194 291 207 299 258 78 237 115 211 84 22 153 91 
1800 138 115 194 211 258 
1800 139 289 194 291 207 258 78 237 115 84 22 91 223 
1800 140 91 211 194 
1800 141 153 258 299 223 
1800 142 
1800 143 153 211 20 
1800 144 194 258 237 78 207 20 22 91 284 
1800 145 153 258 22 289 
1800 146 115 
1800 147 280 258 211 194 223 
1800 148 258 84 22 223 
1800 149 153 91 284 223 
1800 150 263 
1800 151 194 211 84 22 153 91 223 
1800 152 194 211 237 
1800 153 263 
1800 154 280 153 223 
1800 155 
1800 156 299 20 223 
1800 158 194 163 100 299 78 280 
1800 159 258 299 142 84 153 284 
1800 160 115 211 223 
1800 161 153 91 284 223 
1800 162 194 299 284 78 
1800 163 263 
1800 164 194 91 211 258 
1800 165 153 258 299 163 22 
1800 166 153 258 299 223 
1800 167 258 194 22 
1800 168 153 194 223 
1800 169 163 
1800 171 153 258 211 263 
1800 172 194 291 258 78 207 115 22 91 284 
1800 173 194 115 258 237 211 84 22 91 
1800 175 84 289 194 115 258 237 78 211 20 22 153 155 223 
1800 177 115 258 211 
1800 178 258 115 194 237 211 20 22 91 
1800 179 194 258 78 115 84 22 153 91 223 
1800 180 115 263 
1800 181 194 291 258 78 211 142 22 153 91 223 
1800 182 258 78 223 
1800 183 8 89 20 142 207 
1800 184 280 194 211 22 
1800 185 194 115 237 142 211 280 223 
1800 186 153 211 289 
1800 187 115 263 
1800 188 194 155 211 258 142 291 78 91 223 
1800 189 289 299 22 153 284 223 
1800 190 194 258 78 115 142 22 153 91 223 
1800 191 263 
1800 192 263 
1800 193 258 20 263 
1800 194 258 291 78 211 22 280 
1800 195 280 194 211 
1800 196 263 
1800 199 280 258 194 22 
1800 201 280 194 211 78 
1800 203 153 91 223 
1800 204 89 
1800 205 289 258 100 22 
1800 207 153 258 84 142 223 
1800 208 211 84 223 
1800 209 194 211 258 237 78 115 20 
1800 210 263 
1800 211 258 91 194 
1800 212 263 
1800 213 153 258 91 84 
1800 214 258 115 194 237 78 207 211 84 22 91 284 62 
1800 215 84 121 20 
1800 216 289 194 258 142 237 211 84 78 22 207 284 
1800 217 115 263 
1800 218 121 194 20 
1800 219 84 263 
1800 221 280 163 78 
1800 222 91 155 258 
1800 223 
1800 224 280 194 211 22 
1800 225 289 211 115 84 22 91 
1800 226 258 211 194 237 115 20 91 
1800 227 263 
1800 228 20 223 
1800 229 289 258 22 153 91 223 
1800 231 115 
1800 233 89 
1800 234 153 91 263 
1800 235 115 
1800 236 153 289 91 237 223 
1800 237 258 291 194 78 91 223 
1800 238 194 211 115 84 280 91 
1800 239 263 
1800 240 263 
1800 241 291 22 78 
1800 243 194 142 78 
1800 244 115 211 84 
1800 245 263 
1800 246 91 155 84 258 
1800 247 194 211 258 237 78 115 20 
1800 248 194 20 258 
1800 249 263 
1800 250 194 258 78 207 115 20 22 91 62 
1800 252 263 
1800 253 194 115 237 142 211 280 223 
1800 255 194 211 22 
1800 256 91 84 22 223 
1800 257 194 115 163 263 258 237 211 22 89 91 
1800 258 223 
1800 259 258 91 263 
1800 260 258 115 284 263 
1800 261 263 
1800 262 194 299 284 78 
1800 263 
1800 264 194 258 78 115 84 22 153 91 223 
1800 267 153 194 91 211 
1800 270 258 194 78 211 280 153 155 284 223 
1800 271 263 
1800 272 194 211 237 207 115 223 
1800 273 289 194 258 78 237 115 22 
1800 274 289 237 207 115 153 223 
1800 275 258 91 284 211 223 
1800 276 299 284 22 
1800 277 263 
1800 278 153 289 91 237 223 
1800 279 280 258 211 194 223 
1800 280 291 223 
1800 281 211 84 237 22 
1800 282 194 299 284 22 78 
1800 284 
1800 285 258 84 223 
1800 288 258 155 211 194 237 142 115 291 84 78 22 91 223 
1800 289 299 
1800 290 153 84 22 223 
1800 291 
1800 292 258 84 121 20 155 223 
1800 293 263 291 223 
1800 294 84 78 223 
1800 295 194 291 100 78 163 284 223 
1800 296 258 115 194 211 84 22 89 91 223 
1800 297 258 194 78 207 211 280 153 155 284 223 
1800 298 263 
1800 299 237 
2700 0 163 78 207 
2700 1 
2700 2 194 115 258 237 78 211 20 22 91 
2700 3 84 284 22 
2700 4 258 84 
2700 5 91 84 78 
2700 6 194 237 78 
2700 7 194 115 258 237 78 211 20 22 91 
2700 8 153 258 299 163 
2700 9 258 211 194 78 115 91 
2700 10 
2700 11 
2700 12 
2700 13 258 100 194 115 22 280 284 62 223 
2700 14 
2700 15 153 258 211 
2700 16 84 289 194 115 258 237 78 211 20 22 153 223 
2700 17 91 291 237 
2700 18 211 142 22 
2700 19 115 194 211 258 
2700 20 
2700 21 20 22 
2700 22 194 258 142 84 78 153 91 223 
2700 23 280 211 223 
2700 24 115 
2700 25 258 291 299 194 78 207 211 153 91 
2700 26 
2700 27 280 91 211 194 
2700 29 115 194 211 
2700 31 258 91 194 
2700 32 
2700 34 
2700 35 194 115 211 258 78 207 237 84 22 223 
2700 37 258 291 284 142 211 
2700 38 115 258 211 
2700 39 194 299 258 
2700 40 194 299 258 78 211 20 22 153 
2700 41 194 78 211 22 91 223 
2700 42 84 258 91 20 22 
2700 43 258 91 194 
2700 44 258 211 84 194 
2700 45 258 91 84 78 223 
2700 46 258 91 20 
2700 47 91 84 22 
2700 48 115 
2700 49 
2700 50 280 258 211 194 223 
2700 51 194 20 258 
2700 53 
2700 54 
2700 56 
2700 57 258 115 84 
2700 58 163 
2700 59 299 194 291 78 
2700 61 
2700 62 121 258 211 22 
2700 66 289 194 284 
2700 67 
2700 68 280 194 211 
2700 69 258 291 299 194 78 207 211 153 91 
2700 70 153 91 22 289 
2700 71 194 91 211 258 22 
2700 73 
2700 75 258 100 194 115 22 280 284 62 223 
2700 76 280 194 211 22 78 
2700 78 280 115 194 211 223 
2700 79 280 22 223 
2700 80 280 194 211 
2700 81 258 115 194 237 211 20 22 91 
2700 83 280 211 223 
2700 84 78 
2700 85 115 
2700 86 258 291 100 194 78 211 
2700 87 153 211 223 
2700 89 153 91 
2700 91 153 258 211 194 
2700 93 153 258 91 84 
2700 94 194 258 
2700 95 
2700 96 
2700 97 153 91 284 223 
2700 98 84 121 258 91 20 
2700 100 
2700 101 258 291 299 194 78 207 211 153 91 
2700 102 194 291 211 
2700 103 91 78 223 
2700 104 194 22 78 
2700 105 115 194 211 258 
2700 106 194 211 237 
2700 107 284 91 223 78 211 
2700 108 194 142 78 
2700 109 89 
2700 110 291 163 
2700 111 
2700 112 
2700 113 20 237 
2700 114 
2700 115 299 84 
2700 116 194 299 258 
2700 117 153 258 91 78 
2700 118 163 
2700 120 194 299 258 78 22 153 91 284 
2700 121 
2700 122 291 223 
2700 123 
2700 124 22 
2700 126 
2700 127 237 22 153 91 284 223 
2700 128 
2700 129 89 91 115 194 207 
2700 131 
2700 132 258 299 194 211 22 91 
2700 133 258 211 237 
2700 134 258 84 
2700 136 258 115 84 
2700 137 194 291 207 299 258 78 237 115 211 84 22 153 91 
2700 138 115 194 211 258 
2700 139 289 194 291 207 258 78 237 115 84 22 91 223 
2700 140 91 211 194 
2700 141 153 258 299 223 
2700 142 
2700 143 153 211 20 
2700 144 194 258 237 78 207 20 22 91 284 
2700 145 153 258 22 289 
2700 146 115 
2700 147 280 258 211 194 223 
2700 148 258 84 22 223 
2700 149 153 91 284 223 
2700 150 
2700 151 194 211 84 22 153 91 223 
2700 152 194 211 237 
2700 153 
2700 154 280 153 223 
2700 156 299 20 223 
2700 158 194 163 100 299 78 280 
2700 159 258 299 142 84 153 284 
2700 160 115 211 223 
2700 161 153 91 284 223 
2700 162 194 299 284 78 
2700 163 
2700 164 194 91 211 258 
2700 165 153 258 299 163 22 
2700 166 153 258 299 223 
2700 168 153 194 223 
2700 169 163 
2700 171 153 258 211 
2700 172 194 291 258 78 207 115 22 91 284 
2700 173 194 115 258 237 211 84 22 91 
2700 175 84 289 194 115 258 237 78 211 20 22 153 223 
2700 177 115 258 211 
2700 178 258 115 194 237 211 20 22 91 
2700 179 194 258 78 115 84 22 153 91 223 
2700 180 115 
2700 181 194 291 258 78 211 142 22 153 91 223 
2700 182 258 78 223 
2700 183 8 89 20 142 207 
2700 184 280 194 211 22 
2700 185 194 115 237 142 211 280 223 
2700 186 153 211 289 
2700 187 115 
2700 188 194 291 258 142 211 78 91 223 
2700 189 289 299 22 153 284 223 
2700 190 194 258 78 115 142 22 153 91 223 
2700 191 
2700 192 
2700 193 258 20 
2700 194 258 291 78 211 22 280 
2700 195 280 194 211 
2700 196 
2700 199 280 258 194 22 
2700 201 280 194 211 78 
2700 203 153 91 223 
2700 204 89 
2700 205 289 258 100 22 
2700 207 153 258 84 142 223 
2700 208 211 84 223 
2700 209 194 211 258 237 78 115 20 
2700 210 
2700 211 258 91 194 
2700 212 
2700 213 153 258 91 84 
2700 214 258 115 194 237 78 207 211 84 22 91 284 62 
2700 215 84 121 20 
2700 217 115 
2700 218 121 194 20 
2700 219 84 
2700 221 280 163 78 
2700 222 258 91 
2700 223 
2700 225 289 211 115 84 22 91 
2700 226 258 211 194 237 115 20 91 
2700 227 
2700 228 20 223 
2700 229 289 258 22 153 91 223 
2700 231 115 
2700 233 89 
2700 234 153 91 
2700 235 115 
2700 236 153 289 91 237 223 
2700 237 258 291 194 78 91 223 
2700 238 194 211 115 84 280 91 
2700 239 
2700 240 
2700 243 194 142 78 
2700 244 115 211 84 
2700 245 
2700 246 258 91 84 
2700 247 194 211 258 237 78 115 20 
2700 248 194 20 258 
2700 249 
2700 250 194 258 78 207 115 20 22 91 62 
2700 252 
2700 253 194 115 237 142 211 280 223 
2700 255 194 211 22 
2700 256 91 84 22 223 
2700 257 194 115 163 258 237 211 22 89 91 
2700 258 223 
2700 259 258 91 
2700 260 258 115 284 
2700 261 
2700 262 194 299 284 78 
2700 264 194 258 78 115 84 22 153 91 223 
2700 267 153 194 91 211 
2700 270 258 194 78 211 280 153 284 223 
2700 272 194 211 237 207 115 223 
2700 273 289 194 258 78 237 115 22 
2700 274 289 237 207 115 153 223 
2700 275 258 91 284 211 223 
2700 276 299 284 22 
2700 277 
2700 278 153 289 91 237 223 
2700 279 280 258 211 194 223 
2700 280 291 223 
2700 281 211 84 237 22 
2700 282 194 299 284 22 78 
2700 284 
2700 285 258 84 223 
2700 288 258 291 194 237 142 115 211 84 78 22 91 223 
2700 289 299 
2700 290 153 84 22 223 
2700 291 
2700 293 291 223 
2700 294 84 78 223 
2700 295 194 291 100 78 163 284 223 
2700 296 258 115 194 211 84 22 89 91 223 
2700 297 258 194 78 207 211 280 153 284 223 
2700 298 
2700 299 237 
3600 0 163 78 207 
3600 1 
3600 2 194 115 258 237 78 211 20 22 91 
3600 3 84 284 22 
3600 4 258 84 
3600 5 91 84 78 
3600 6 194 237 78 
3600 7 194 115 258 237 78 211 20 22 91 
3600 8 153 258 299 163 
3600 9 258 211 194 78 115 91 
3600 10 
3600 11 
3600 12 
3600 13 258 100 194 115 22 280 284 62 223 
3600 14 
3600 15 153 258 211 
3600 16 84 289 194 115 258 237 78 211 20 22 153 223 
3600 17 91 291 237 
3600 18 211 142 22 
3600 19 115 194 211 258 
3600 20 
3600 21 20 22 
3600 22 194 258 142 84 78 153 91 223 
3600 23 280 211 223 
3600 24 115 
3600 25 258 291 299 194 78 207 211 153 91 
3600 26 
3600 27 280 91 211 194 
3600 29 115 194 211 
3600 32 
3600 34 
3600 35 194 115 211 258 78 207 237 84 22 223 
3600 37 258 291 284 142 211 
3600 38 115 258 211 
3600 39 194 299 258 
3600 40 194 299 258 78 211 20 22 153 
3600 41 194 78 211 22 91 223 
3600 42 84 258 91 20 22 
3600 43 258 91 194 
3600 44 258 211 84 194 
3600 45 258 91 84 78 223 
3600 46 258 91 20 
3600 48 115 
3600 50 280 258 211 194 223 
3600 51 194 20 258 
3600 53 
3600 54 
3600 56 
3600 57 258 115 84 
3600 58 163 
3600 59 299 194 291 78 
3600 61 
3600 62 121 258 211 22 
3600 66 289 194 284 
3600 67 
3600 68 280 194 211 
3600 69 258 291 299 194 78 207 211 153 91 
3600 70 153 91 22 289 
3600 71 194 91 211 258 22 
3600 73 
3600 75 258 100 194 115 22 280 284 62 223 
3600 76 280 194 211 22 78 
3600 78 280 115 194 211 223 
3600 79 280 22 223 
3600 80 280 194 211 
3600 81 258 115 194 237 211 20 22 91 
3600 83 280 211 223 
3600 84 78 
3600 85 115 
3600 86 258 291 100 194 78 211 
3600 87 153 211 223 
3600 91 153 258 211 194 
3600 93 153 258 91 84 
3600 94 194 258 
3600 95 
3600 96 
3600 97 153 91 284 223 
3600 98 84 121 258 91 20 
3600 100 
3600 101 258 291 299 194 78 207 211 153 91 
3600 102 194 291 211 
3600 103 91 78 223 
3600 104 194 22 78 
3600 105 115 194 211 258 
3600 106 194 211 237 
3600 107 284 91 223 78 211 
3600 108 194 142 78 
3600 109 
3600 110 291 163 
3600 112 
3600 113 20 237 
3600 114 
3600 115 299 84 
3600 117 153 258 91 78 
3600 118 163 
3600 120 194 299 258 78 22 153 91 284 
3600 121 
3600 122 291 223 
3600 123 
3600 124 22 
3600 126 
3600 127 237 22 153 91 284 223 
3600 128 
3600 129 115 194 91 207 
3600 131 
3600 132 258 299 194 211 22 91 
3600 134 258 84 
3600 136 258 115 84 
3600 137 194 291 207 299 258 78 237 115 211 84 22 153 91 
3600 138 115 194 211 258 
3600 139 289 194 291 207 258 78 237 115 84 22 91 223 
3600 140 91 211 194 
3600 141 153 258 299 223 
3600 142 
3600 143 153 211 20 
3600 144 194 258 237 78 207 20 22 91 284 
3600 145 153 258 22 289 
3600 146 115 
3600 147 280 258 211 194 223 
3600 148 258 84 22 223 
3600 150 
3600 151 194 211 84 22 153 91 223 
3600 152 194 211 237 
3600 153 
3600 154 280 153 223 
3600 156 299 20 223 
3600 158 194 163 100 299 78 280 
3600 159 258 299 142 84 153 284 
3600 160 115 211 223 
3600 161 153 91 284 223 
3600 162 194 299 284 78 
3600 163 
3600 165 153 258 299 163 22 
3600 168 153 194 223 
3600 169 163 
3600 171 153 258 211 
3600 172 194 291 258 78 207 115 22 91 284 
3600 173 194 115 258 237 211 84 22 91 
3600 175 84 289 194 115 258 237 78 211 20 22 153 223 
3600 178 258 115 194 237 211 20 22 91 
3600 179 194 258 78 115 84 22 153 91 223 
3600 180 115 
3600 181 194 291 258 78 211 142 22 153 91 223 
3600 182 258 78 223 
3600 184 280 194 211 22 
3600 185 194 115 237 142 211 280 223 
3600 186 153 211 289 
3600 187 115 
3600 188 194 291 258 142 211 78 91 223 
3600 189 289 299 22 153 284 223 
3600 190 194 258 78 115 142 22 153 91 223 
3600 191 
3600 192 
3600 193 258 20 
3600 194 258 291 78 211 22 280 
3600 195 280 194 211 
3600 196 
3600 199 280 258 194 22 
3600 201 280 194 211 78 
3600 203 153 91 223 
3600 204 
3600 205 289 258 100 22 
3600 207 153 258 84 142 223 
3600 208 211 84 223 
3600 209 194 211 258 237 78 115 20 
3600 210 
3600 211 258 91 194 
3600 212 
3600 213 153 258 91 84 
3600 214 258 115 194 237 78 207 211 84 22 91 284 62 
3600 215 84 121 20 
3600 217 115 
3600 218 121 194 20 
3600 219 84 
3600 221 280 163 78 
3600 222 258 91 
3600 223 
3600 225 289 211 115 84 22 91 
3600 226 258 211 194 237 115 20 91 
3600 227 
3600 228 20 223 
3600 229 289 258 22 153 91 223 
3600 231 115 
3600 233 
3600 234 153 91 
3600 235 115 
3600 236 153 289 91 237 223 
3600 237 258 291 194 78 91 223 
3600 238 194 211 115 84 280 91 
3600 239 
3600 240 
3600 243 194 142 78 
3600 244 115 211 84 
3600 245 
3600 246 258 91 84 
3600 247 194 211 258 237 78 115 20 
3600 248 194 20 258 
3600 249 
3600 250 194 258 78 207 115 20 22 91 62 
3600 252 
3600 253 194 115 237 142 211 280 223 
3600 255 194 211 22 
3600 256 91 84 22 223 
3600 257 194 115 163 258 237 211 22 91 
3600 258 223 
3600 259 258 91 
3600 260 258 115 284 
3600 261 
3600 262 194 299 284 78 
3600 264 194 258 78 115 84 22 153 91 223 
3600 267 153 194 91 211 
3600 270 258 194 78 211 280 153 284 223 
3600 272 194 211 237 207 115 223 
3600 273 289 194 258 78 237 115 22 
3600 274 289 237 207 115 153 223 
3600 275 258 91 284 211 223 
3600 276 299 284 22 
3600 277 
3600 278 153 289 91 237 223 
3600 279 280 258 211 194 223 
3600 280 291 223 
3600 281 211 84 237 22 
3600 282 194 299 284 22 78 
3600 284 
3600 285 258 84 223 
3600 288 258 291 194 237 142 115 211 84 78 22 91 223 
3600 289 299 
3600 291 
3600 293 291 223 
3600 294 84 78 223 
3600 295 194 291 100 78 163 284 223 
3600 296 258 115 194 211 84 22 91 223 
3600 297 258 194 78 207 211 280 153 284 223 
3600 298 
3600 299 237 
4500 0 163 78 207 
4500 1 
4500 2 194 115 258 237 78 211 20 22 91 
4500 3 84 284 22 
4500 4 258 84 
4500 5 91 84 78 
4500 6 194 237 78 
4500 7 194 115 258 237 78 211 20 22 91 
4500 8 258 299 163 
4500 9 258 211 194 78 115 91 
4500 10 
4500 11 
4500 12 
4500 13 258 100 194 115 22 280 284 62 223 
4500 14 
4500 15 258 211 
4500 16 289 194 115 258 237 78 211 20 22 84 223 
4500 17 91 291 237 
4500 18 211 142 22 
4500 19 115 194 211 258 
4500 20 
4500 21 20 22 
4500 22 194 258 142 84 78 91 223 
4500 23 280 211 223 
4500 24 115 
4500 25 258 291 299 194 78 207 211 91 
4500 26 
4500 27 280 91 211 194 
4500 29 115 194 211 
4500 32 
4500 34 
4500 35 194 115 211 258 78 207 237 84 22 223 
4500 37 258 291 284 142 211 
4500 38 115 258 211 
4500 39 194 299 258 
4500 40 194 299 258 78 211 20 22 
4500 41 194 78 211 22 91 223 
4500 42 84 258 91 20 22 
4500 43 258 91 194 
4500 44 258 211 84 194 
4500 45 258 91 84 78 223 
4500 46 258 91 20 
4500 48 115 
4500 50 280 258 211 194 223 
4500 51 194 20 258 
4500 53 
4500 54 
4500 56 
4500 57 258 115 84 
4500 58 163 
4500 59 299 194 291 78 
4500 61 
4500 62 121 258 211 22 
4500 66 289 194 284 
4500 67 
4500 68 280 194 211 
4500 69 258 291 299 194 78 207 211 91 
4500 70 289 91 22 
4500 71 194 91 211 258 22 
4500 73 
4500 75 258 100 194 115 22 280 284 62 223 
4500 76 280 194 211 22 78 
4500 78 280 115 194 211 223 
4500 79 280 22 223 
4500 80 280 194 211 
4500 81 258 115 194 237 211 20 22 91 
4500 83 280 211 223 
4500 84 78 
4500 86 258 291 100 194 78 211 
4500 87 211 223 
4500 91 258 211 194 
4500 93 258 91 84 
4500 94 194 258 
4500 95 
4500 97 91 284 223 
4500 98 84 121 258 91 20 
4500 100 
4500 101 258 291 299 194 78 207 211 91 
4500 102 194 291 211 
4500 104 194 22 78 
4500 105 115 194 211 258 
4500 106 194 211 237 
4500 108 194 142 78 
4500 109 
4500 112 
4500 113 20 237 
4500 114 
4500 115 299 84 
4500 117 258 91 78 
4500 118 163 
4500 120 194 299 258 78 22 91 284 
4500 121 
4500 122 291 223 
4500 123 
4500 124 22 
4500 126 
4500 127 91 284 237 22 223 
4500 128 
4500 129 115 194 91 207 
4500 131 
4500 132 258 299 194 211 22 91 
4500 134 258 84 
4500 136 258 115 84 
4500 137 194 291 207 299 258 78 237 115 211 84 22 91 
4500 138 115 194 211 258 
4500 139 289 194 291 207 258 78 237 115 84 22 91 223 
4500 140 91 211 194 
4500 141 258 299 223 
4500 142 
4500 143 211 20 
4500 144 194 258 237 78 207 20 22 91 284 
4500 145 289 258 22 
4500 147 280 258 211 194 223 
4500 148 258 84 22 223 
4500 150 
4500 151 194 211 84 22 91 223 
4500 152 194 211 237 
4500 154 280 223 
4500 156 299 20 223 
4500 158 194 163 100 299 78 280 
4500 159 84 258 299 284 142 
4500 160 115 211 223 
4500 161 91 284 223 
4500 162 194 299 284 78 
4500 163 
4500 165 258 299 163 22 
4500 168 194 223 
4500 169 163 
4500 171 258 211 
4500 172 194 291 258 78 207 115 22 91 284 
4500 173 194 115 258 237 211 84 22 91 
4500 178 258 115 194 237 211 20 22 91 
4500 179 194 258 78 115 84 22 91 223 
4500 180 115 
4500 181 194 291 258 78 211 142 22 91 223 
4500 182 258 78 223 
4500 184 280 194 211 22 
4500 185 194 115 237 142 211 280 223 
4500 186 289 211 
4500 187 115 
4500 188 194 291 258 142 211 78 91 223 
4500 189 289 299 284 22 223 
4500 190 194 258 78 115 142 22 91 223 
4500 191 
4500 192 
4500 193 258 20 
4500 194 258 291 78 211 22 280 
4500 195 280 194 211 
4500 196 
4500 199 280 258 194 22 
4500 201 280 194 211 78 
4500 203 91 223 
4500 204 
4500 205 289 258 100 22 
4500 207 258 84 142 223 
4500 208 211 84 223 
4500 209 194 211 258 237 78 115 20 
4500 210 
4500 211 258 91 194 
4500 213 258 91 84 
4500 214 258 115 194 237 78 207 211 84 22 91 284 62 
4500 215 84 121 20 
4500 217 115 
4500 218 121 194 20 
4500 219 84 
4500 221 280 163 78 
4500 222 258 91 
4500 223 
4500 225 289 211 115 84 22 91 
4500 226 258 211 194 237 115 20 91 
4500 227 
4500 228 20 223 
4500 229 289 258 91 22 223 
4500 231 115 
4500 233 
4500 234 91 
4500 235 115 
4500 236 289 91 237 223 
4500 237 258 291 194 78 91 223 
4500 238 194 211 115 84 280 91 
4500 239 
4500 240 
4500 244 115 211 84 
4500 246 258 91 84 
4500 247 194 211 258 237 78 115 20 
4500 248 194 20 258 
4500 249 
4500 250 194 258 78 207 115 20 22 91 62 
4500 253 194 115 237 142 211 280 223 
4500 255 194 211 22 
4500 256 91 84 22 223 
4500 257 194 115 163 258 237 211 22 91 
4500 258 223 
4500 259 258 91 
4500 260 258 115 284 
4500 261 
4500 262 194 299 284 78 
4500 264 194 258 78 115 84 22 91 223 
4500 267 91 211 194 
4500 270 258 194 78 211 280 284 223 
4500 272 194 211 237 207 115 223 
4500 274 115 289 223 237 207 
4500 275 258 91 284 211 223 
4500 276 299 284 22 
4500 277 
4500 278 289 91 237 223 
4500 279 280 258 211 194 223 
4500 280 291 223 
4500 281 211 84 237 22 
4500 282 194 299 284 22 78 
4500 284 
4500 285 258 84 223 
4500 288 258 291 194 237 142 115 211 84 78 22 91 223 
4500 289 299 
4500 291 
4500 293 291 223 
4500 294 84 78 223 
4500 295 194 291 100 78 163 284 223 
4500 296 258 115 194 211 84 22 91 223 
4500 297 258 194 78 207 211 280 284 223 
4500 298 
4500 299 237 
5400 0 163 207 
5400 1 
5400 2 115 91 211 20 194 
5400 3 84 284 
5400 4 84 
5400 5 91 84 
5400 6 194 
5400 7 115 91 211 20 194 
5400 8 299 163 
5400 9 115 91 211 194 
5400 10 
5400 11 
5400 12 
5400 13 194 100 115 280 284 62 223 
5400 14 
5400 15 211 
5400 16 289 194 115 211 84 20 223 
5400 17 91 291 
5400 18 211 142 
5400 19 115 194 211 
5400 20 
5400 21 20 
5400 23 280 211 223 
5400 24 115 
5400 25 194 291 299 207 211 91 
5400 26 
5400 27 280 91 211 194 
5400 29 115 194 211 
5400 32 
5400 34 
5400 35 194 211 207 115 84 223 
5400 37 291 284 142 211 
5400 38 115 211 
5400 39 194 299 
5400 40 299 194 211 20 
5400 41 194 91 211 223 
5400 42 84 91 20 
5400 43 194 91 
5400 44 194 211 84 
5400 45 91 84 223 
5400 46 91 20 
5400 48 115 
5400 50 280 194 211 223 
5400 51 194 20 
5400 53 
5400 54 
5400 56 
5400 57 115 84 
5400 58 163 
5400 59 299 194 291 
5400 61 
5400 62 121 211 
5400 66 289 194 284 
5400 67 
5400 68 280 194 211 
5400 69 194 291 299 207 211 91 
5400 70 289 91 
5400 71 91 211 194 
5400 73 
5400 75 194 100 115 280 284 62 223 
5400 76 280 194 211 
5400 79 280 223 
5400 80 280 194 211 
5400 81 115 91 211 20 194 
5400 83 280 211 223 
5400 84 
5400 86 194 291 100 211 
5400 87 211 223 
5400 91 194 211 
5400 93 91 84 
5400 94 194 
5400 95 
5400 97 91 284 223 
5400 98 84 121 91 20 
5400 100 
5400 102 194 291 211 
5400 104 194 
5400 105 115 194 211 
5400 106 194 211 
5400 108 194 142 
5400 109 
5400 112 
5400 113 20 
5400 114 
5400 115 299 84 
5400 117 91 
5400 118 163 
5400 120 299 194 91 284 
5400 121 
5400 122 291 223 
5400 123 
5400 124 
5400 126 
5400 127 91 284 223 
5400 128 
5400 129 115 194 91 207 
5400 131 
5400 132 299 194 91 211 
5400 134 84 
5400 136 115 84 
5400 137 194 291 299 207 115 211 84 91 
5400 138 115 194 211 
5400 139 289 194 291 207 115 84 91 223 
5400 140 91 211 194 
5400 142 
5400 143 211 20 
5400 144 20 194 91 284 207 
5400 145 289 
5400 147 280 194 211 223 
5400 148 84 223 
5400 150 
5400 151 194 91 84 211 223 
5400 152 194 211 
5400 154 280 223 
5400 156 299 20 223 
5400 158 280 194 299 100 163 
5400 159 84 299 284 142 
5400 160 115 211 223 
5400 161 91 284 223 
5400 162 194 299 284 
5400 163 
5400 165 299 163 
5400 168 194 223 
5400 169 163 
5400 171 211 
5400 172 194 291 207 115 91 284 
5400 173 115 91 211 84 194 
5400 178 115 91 211 20 194 
5400 180 115 
5400 181 194 291 142 211 91 223 
5400 182 223 
5400 184 280 194 211 
5400 185 194 211 142 115 280 223 
5400 186 289 211 
5400 187 115 
5400 188 194 291 142 211 91 223 
5400 189 289 299 284 223 
5400 190 115 194 91 142 223 
5400 191 
5400 192 
5400 193 20 
5400 194 280 291 211 
5400 195 280 194 211 
5400 199 280 194 
5400 201 280 194 211 
5400 203 91 223 
5400 204 
5400 205 289 100 
5400 207 84 142 223 
5400 208 211 84 223 
5400 209 115 194 211 20 
5400 210 
5400 211 194 91 
5400 213 91 84 
5400 214 194 115 207 211 84 91 284 62 
5400 217 115 
5400 218 121 194 20 
5400 221 280 163 
5400 222 91 
5400 223 
5400 225 115 289 91 211 84 
5400 226 115 91 211 20 194 
5400 227 
5400 228 20 223 
5400 229 289 91 223 
5400 231 115 
5400 233 
5400 234 91 
5400 235 115 
5400 236 289 91 223 
5400 238 194 211 115 84 280 91 
5400 240 
5400 244 115 211 84 
5400 246 91 84 
5400 247 115 194 211 20 
5400 248 194 20 
5400 249 
5400 250 194 207 115 20 91 62 
5400 253 194 211 142 115 280 223 
5400 255 194 211 
5400 256 91 84 223 
5400 257 115 163 91 211 194 
5400 259 91 
5400 260 115 284 
5400 261 
5400 262 194 299 284 
5400 264 115 194 91 84 223 
5400 267 91 211 194 
5400 272 115 194 211 223 207 
5400 274 115 289 223 207 
5400 275 91 284 211 223 
5400 276 299 284 
5400 277 
5400 278 289 91 223 
5400 279 280 194 211 223 
5400 280 291 223 
5400 281 211 84 
5400 282 194 299 284 
5400 284 
5400 285 84 223 
5400 289 299 
5400 291 
5400 293 291 223 
5400 294 84 223 
5400 295 194 291 100 163 284 223 
5400 296 194 211 115 84 91 223 
5400 297 194 207 211 280 284 223 
5400 298 
5400 299 
6300 0 163 207 
6300 1 
6300 2 91 211 20 194 
6300 3 84 
6300 4 84 
6300 5 91 84 
6300 6 194 
6300 7 91 211 20 194 
6300 8 299 163 
6300 9 91 211 194 
6300 10 
6300 11 
6300 12 
6300 13 280 194 100 223 
6300 14 
6300 15 211 
6300 16 289 194 211 84 20 223 
6300 17 91 291 
6300 18 211 142 
6300 19 194 211 
6300 20 
6300 21 20 
6300 23 280 211 223 
6300 25 194 291 299 207 211 91 
6300 26 
6300 29 194 211 
6300 32 
6300 34 
6300 35 194 211 84 223 207 
6300 37 291 142 211 
6300 38 211 
6300 39 194 299 
6300 40 299 194 211 20 
6300 41 194 91 211 223 
6300 42 84 91 20 
6300 43 194 91 
6300 44 194 211 84 
6300 45 91 84 223 
6300 46 91 20 
6300 48 
6300 50 280 194 211 223 
6300 51 194 20 
6300 53 
6300 54 
6300 56 
6300 57 84 
6300 58 163 
6300 59 299 194 291 
6300 61 
6300 66 289 194 
6300 67 
6300 68 280 194 211 
6300 69 194 291 299 207 211 91 
6300 70 289 91 
6300 71 91 211 194 
6300 73 
6300 75 280 194 100 223 
6300 76 280 194 211 
6300 79 280 223 
6300 80 280 194 211 
6300 81 91 211 20 194 
6300 83 280 211 223 
6300 84 
6300 86 194 291 100 211 
6300 87 211 223 
6300 91 194 211 
6300 93 91 84 
6300 94 194 
6300 95 
6300 97 91 223 
6300 98 84 121 91 20 
6300 100 
6300 102 194 291 211 
6300 104 194 
6300 105 194 211 
6300 106 194 211 
6300 108 194 142 
6300 109 
6300 112 
6300 114 
6300 117 91 
6300 118 163 
6300 120 299 194 91 
6300 121 
6300 122 291 223 
6300 123 
6300 124 
6300 126 
6300 127 91 223 
6300 128 
6300 131 
6300 132 299 194 91 211 
6300 134 84 
6300 136 84 
6300 137 194 291 299 207 211 84 91 
6300 138 194 211 
6300 139 289 194 291 207 84 91 223 
6300 140 91 211 194 
6300 142 
6300 143 211 20 
6300 144 194 91 20 207 
6300 145 289 
6300 147 280 194 211 223 
6300 148 84 223 
6300 151 194 91 84 211 223 
6300 152 194 211 
6300 154 280 223 
6300 156 299 20 223 
6300 159 299 84 142 
6300 161 91 223 
6300 162 194 299 
6300 163 
6300 165 299 163 
6300 168 194 223 
6300 169 163 
6300 171 211 
6300 172 291 194 91 207 
6300 173 91 211 84 194 
6300 178 91 211 20 194 
6300 180 
6300 181 194 291 142 211 91 223 
6300 182 223 
6300 184 280 194 211 
6300 185 280 194 211 142 223 
6300 186 289 211 
6300 187 
6300 188 194 291 142 211 91 223 
6300 189 289 299 223 
6300 190 194 91 142 223 
6300 191 
6300 192 
6300 193 20 
6300 194 280 291 211 
6300 195 280 194 211 
6300 199 280 194 
6300 201 280 194 211 
6300 203 91 223 
6300 204 
6300 205 289 100 
6300 207 84 142 223 
6300 208 211 84 223 
6300 209 194 211 20 
6300 210 
6300 211 194 91 
6300 213 91 84 
6300 214 91 211 84 194 207 
6300 217 
6300 218 121 194 20 
6300 221 280 163 
6300 222 91 
6300 223 
6300 225 289 91 211 84 
6300 226 91 211 20 194 
6300 227 
6300 228 20 223 
6300 229 289 91 223 
6300 231 
6300 233 
6300 234 91 
6300 235 
6300 236 289 91 223 
6300 238 280 91 211 84 194 
6300 240 
6300 244 211 84 
6300 246 91 84 
6300 247 194 211 20 
6300 248 194 20 
6300 249 
6300 250 194 91 20 207 
6300 253 280 194 211 142 223 
6300 255 194 211 
6300 256 91 84 223 
6300 257 194 91 211 163 
6300 259 91 
6300 260 
6300 261 
6300 262 194 299 
6300 264 194 91 84 223 
6300 267 91 211 194 
6300 274 289 223 207 
6300 275 91 211 223 
6300 277 
6300 278 289 91 223 
6300 279 280 194 211 223 
6300 280 291 223 
6300 281 211 84 
6300 282 194 299 
6300 289 299 
6300 291 
6300 293 291 223 
6300 294 84 223 
6300 295 194 291 100 163 223 
6300 296 194 91 84 211 223 
6300 297 280 194 211 223 207 
6300 298 
6300 299 
