0 0 108 293 
0 1 57 132 145 
0 2 67 75 244 
0 3 16 161 122 267 108 
0 4 104 167 
0 5 197 110 
0 6 216 39 
0 7 26 50 
0 8 288 25 244 231 
0 9 180 68 94 39 
0 10 41 23 
0 11 194 273 52 245 57 58 
0 12 280 232 253 245 
0 13 217 122 133 61 
0 14 19 245 243 
0 15 169 202 244 102 23 
0 16 
0 17 35 199 10 79 246 281 255 
0 18 81 178 245 
0 19 264 149 
0 20 59 252 
0 21 259 17 227 159 
0 22 68 142 15 114 51 184 153 
0 23 48 50 167 
0 24 72 286 
0 25 228 163 12 
0 26 291 5 113 152 249 29 
0 27 97 75 212 277 46 
0 29 280 224 
0 30 51 75 68 73 
0 31 257 49 17 
0 32 248 184 
0 33 288 201 204 
0 34 120 81 164 93 
0 35 195 231 238 174 150 156 
0 36 243 132 86 
0 37 281 127 277 294 85 
0 38 67 293 107 146 114 21 159 
0 39 16 273 
0 40 74 21 213 
0 41 5 231 7 239 22 92 
0 42 129 262 103 106 238 116 298 190 
0 43 187 236 
0 44 33 269 238 
0 45 3 81 274 203 12 
0 46 296 141 77 273 147 212 
0 47 211 214 
0 48 242 143 
0 49 6 7 109 273 276 155 
0 50 176 105 87 147 39 
0 51 69 70 148 126 22 94 127 
0 52 200 0 243 88 
0 53 2 29 141 
0 54 95 62 215 
0 56 235 
0 57 112 187 235 
0 58 112 296 250 284 274 
0 59 40 229 
0 60 176 131 
0 61 18 
0 62 38 
0 63 107 
0 65 192 154 101 
0 66 
0 67 194 259 286 
0 68 142 22 
0 69 293 103 297 275 247 122 252 
0 70 1 194 151 169 
0 71 112 225 196 150 
0 72 219 179 86 
0 73 112 266 284 
0 74 297 131 195 222 239 
0 75 289 163 44 295 
0 76 73 117 261 
0 77 25 283 262 278 
0 78 193 76 269 110 77 246 
0 79 266 299 146 210 122 95 
0 80 168 186 78 
0 81 134 269 14 110 285 95 
0 83 145 10 47 
0 84 72 
0 85 162 52 222 207 
0 86 225 110 
0 87 32 132 140 211 180 22 
0 88 97 105 106 60 92 298 
0 89 1 81 105 241 87 217 126 
0 90 224 65 142 49 88 285 
0 91 114 132 
0 92 65 228 199 107 271 274 278 188 
0 93 256 94 
0 94 192 76 144 115 248 89 286 287 
0 95 19 31 
0 96 163 261 9 269 174 67 84 190 
0 97 120 134 38 175 
0 98 11 70 7 
0 100 224 271 
0 101 48 290 212 61 
0 102 91 155 
0 103 50 191 77 15 
0 104 48 
0 105 138 83 156 243 
0 106 200 281 178 71 
0 107 161 138 261 
0 108 112 17 165 278 
0 109 152 185 67 
0 110 120 273 5 181 255 
0 111 89 290 36 
0 112 130 183 
0 113 80 27 180 165 
0 114 240 171 260 159 
0 115 261 44 141 275 52 152 
0 116 57 258 83 100 
0 117 36 260 137 170 81 84 297 153 61 
0 118 17 
0 119 33 170 29 
0 120 135 172 102 278 142 
0 121 66 3 4 71 49 89 91 94 
0 122 258 247 
0 123 88 132 107 188 246 
0 124 282 29 69 151 
0 126 122 212 29 54 
0 127 1 283 295 170 140 175 27 91 221 286 
0 128 279 43 143 146 246 247 
0 129 288 116 52 141 
0 130 107 121 11 76 
0 131 130 6 40 76 45 208 121 27 
0 132 
0 133 152 291 87 
0 134 57 295 236 69 159 
0 135 233 
0 136 208 81 42 43 292 
0 137 80 87 269 79 
0 138 256 249 235 124 
0 139 0 153 259 20 
0 140 67 293 21 
0 141 116 130 12 38 52 
0 142 249 61 
0 143 112 184 237 
0 144 74 182 
0 145 276 213 22 23 
0 146 267 116 85 231 
0 147 160 170 83 
0 148 216 293 135 
0 149 224 256 2 169 76 269 270 83 252 
0 150 249 275 37 119 
0 151 294 
0 152 57 
0 153 16 258 183 126 215 
0 154 10 291 
0 155 143 
0 156 35 155 20 243 
0 158 97 290 134 166 42 17 53 154 
0 159 192 1 293 289 45 237 25 
0 160 260 63 
0 161 288 41 254 104 
0 162 73 68 
0 163 258 264 269 110 280 189 
0 164 231 284 189 245 
0 165 96 224 37 176 142 16 216 
0 166 96 90 70 
0 167 145 89 143 
0 168 297 15 191 14 23 
0 169 168 51 52 213 
0 170 70 38 79 18 277 214 152 21 
0 171 132 117 
0 172 258 71 264 211 84 184 
0 173 96 32 232 202 171 152 281 
0 174 164 294 79 
0 175 298 291 4 
0 176 
0 177 41 148 21 63 
0 178 216 292 
0 179 224 66 159 
0 180 260 199 169 14 121 122 
0 181 98 277 150 279 
0 182 128 65 194 47 
0 183 73 261 
0 184 259 168 172 24 87 152 
0 185 50 211 164 149 127 
0 186 65 35 5 185 
0 187 144 136 202 242 137 
0 188 214 42 117 238 
0 189 132 170 238 142 4 255 
0 190 257 68 293 269 208 248 
0 191 178 147 
0 192 
0 193 104 32 98 195 127 
0 194 248 110 286 
0 195 152 
0 196 264 79 165 78 61 
0 197 130 66 31 
0 199 17 250 79 170 185 
0 200 50 29 38 127 
0 201 233 218 83 297 
0 202 48 
0 203 112 35 156 
0 204 233 19 285 81 
0 205 10 196 149 
0 207 200 120 18 63 
0 208 81 123 101 
0 209 241 189 70 
0 210 63 195 253 219 197 
0 211 264 160 118 
0 212 184 26 
0 213 81 74 
0 214 17 115 156 166 
0 215 24 266 188 162 
0 216 32 1 90 118 278 
0 217 257 68 69 142 221 255 
0 218 144 123 275 
0 219 167 
0 221 216 269 127 
0 222 296 1 202 149 39 
0 223 135 12 204 240 243 282 
0 224 2 124 29 
0 225 79 272 91 171 119 
0 226 83 4 
0 227 121 146 170 
0 228 235 189 
0 229 128 130 259 199 40 290 46 3 218 124 
0 231 298 45 61 38 141 
0 232 297 
0 233 257 66 293 40 46 211 280 
0 234 39 104 48 136 181 250 91 
0 235 178 111 244 247 
0 236 128 242 111 148 95 
0 237 
0 238 56 181 
0 239 108 20 174 102 
0 240 258 5 199 71 54 59 158 
0 241 264 153 2 93 
0 242 2 164 149 127 
0 243 128 166 264 105 174 24 151 248 
0 244 40 26 38 
0 245 266 27 
0 246 148 
0 247 65 43 133 81 205 
0 248 16 81 68 
0 249 73 203 5 286 
0 250 226 298 197 
0 251 172 124 261 
0 252 27 245 270 
0 253 229 13 293 
0 254 181 54 231 
0 255 203 141 270 111 
0 256 168 
0 257 272 2 123 238 
0 258 136 241 242 
0 259 112 145 59 118 31 
0 260 3 234 78 272 259 20 248 
0 261 80 257 171 165 181 
0 262 236 182 
0 263 200 90 203 
0 264 51 172 222 
0 266 243 211 263 170 179 52 245 25 253 
0 267 1 195 222 295 
0 269 1 261 168 15 216 282 95 
0 270 89 63 158 215 
0 271 32 184 192 
0 272 179 126 
0 273 74 181 69 
0 274 34 
0 275 80 17 58 235 
0 276 194 50 52 242 
0 277 200 70 287 
0 278 232 95 94 262 31 
0 279 171 284 29 6 
0 280 160 107 233 11 243 53 
0 281 190 111 
0 282 258 66 283 93 30 
0 283 34 102 274 240 114 212 119 
0 284 144 48 187 78 233 
0 285 145 115 236 165 277 
0 286 101 10 235 12 126 62 
0 287 288 105 
0 288 168 103 277 5 
0 289 166 295 173 238 23 191 
0 290 218 291 162 
0 291 192 35 133 104 14 72 
0 292 180 167 
0 293 67 39 11 52 182 120 
0 294 136 219 
0 295 92 124 
0 296 126 6 
0 297 204 244 
0 298 67 226 51 76 53 
0 299 10 124 214 199 
900 0 108 293 
900 1 57 132 145 
900 2 67 75 244 
900 3 16 161 122 267 108 
900 4 104 167 
900 5 110 
900 6 216 39 
900 7 26 50 
900 8 288 25 244 231 
900 9 180 68 94 39 
900 10 41 23 
900 11 194 273 52 245 57 58 
900 12 280 253 245 
900 13 217 122 133 61 
900 14 19 245 243 
900 15 169 244 102 23 
900 16 
900 17 35 199 10 79 246 281 255 
900 18 81 178 245 
900 19 264 149 
900 20 59 252 
900 21 259 17 227 159 
900 22 68 142 15 114 51 184 153 
900 23 48 50 167 
900 24 
900 25 228 163 12 
900 26 291 5 113 152 249 29 
900 27 97 75 212 277 46 
900 29 280 224 
900 30 51 75 68 73 
900 31 257 49 17 
900 32 248 184 
900 33 288 201 204 
900 34 120 81 164 93 
900 35 195 231 238 174 150 156 
900 37 281 127 277 294 85 
900 38 67 293 107 146 114 21 159 
900 39 16 273 
900 40 74 21 213 
900 41 5 231 7 239 22 92 
900 42 129 262 103 106 238 116 298 190 
900 43 187 236 
900 44 33 269 238 
900 45 3 81 274 203 12 
900 46 296 141 77 273 147 212 
900 47 211 214 
900 48 242 143 
900 49 6 7 109 273 276 155 
900 50 105 87 147 39 
900 51 69 70 148 126 22 94 127 
900 52 0 88 243 
900 53 2 29 141 
900 54 95 62 215 
900 56 235 
900 57 112 187 235 
900 58 112 296 250 284 274 
900 59 40 229 
900 61 18 
900 62 38 
900 66 
900 67 194 259 
900 68 142 22 
900 69 293 103 297 275 247 122 252 
900 70 1 194 151 169 
900 71 112 225 196 150 
900 73 112 266 284 
900 74 297 131 195 222 239 
900 75 289 163 44 295 
900 76 73 117 261 
900 77 25 262 278 
900 78 193 76 269 110 77 246 
900 79 266 299 146 210 122 95 
900 80 168 186 78 
900 81 134 269 14 110 285 95 
900 83 145 10 47 
900 84 
900 85 162 52 222 207 
900 86 225 110 
900 87 32 132 140 211 180 22 
900 88 105 106 92 298 97 
900 89 1 81 105 241 87 217 126 
900 90 224 88 285 142 49 
900 91 114 132 
900 92 228 199 107 271 274 278 188 
900 93 256 94 
900 94 192 76 144 115 248 89 
900 95 19 31 
900 96 163 261 9 269 174 67 84 190 
900 97 120 134 38 175 
900 98 11 70 7 
900 100 224 271 
900 101 48 290 212 61 
900 102 91 155 
900 103 50 191 77 15 
900 104 48 
900 105 138 83 156 243 
900 106 281 178 71 
900 107 161 138 261 
900 108 112 17 165 278 
900 109 152 185 67 
900 110 120 273 5 181 255 
900 111 89 290 
900 112 130 183 
900 113 80 27 180 165 
900 114 240 171 260 159 
900 115 261 44 141 275 52 152 
900 116 57 258 83 100 
900 117 260 297 170 81 84 137 153 61 
900 118 17 
900 119 33 170 29 
900 120 135 172 102 278 142 
900 121 66 3 4 71 49 89 91 94 
900 122 258 247 
900 123 88 132 107 188 246 
900 124 282 29 69 151 
900 126 122 212 29 54 
900 127 1 27 295 170 140 175 91 221 
900 128 279 43 143 146 246 247 
900 129 288 116 52 141 
900 130 107 121 11 76 
900 131 130 6 40 76 45 208 121 27 
900 132 
900 133 152 291 87 
900 134 57 295 236 69 159 
900 135 233 
900 136 208 81 42 43 292 
900 137 80 87 269 79 
900 138 256 249 235 124 
900 139 0 153 259 20 
900 140 67 293 21 
900 141 116 130 12 38 52 
900 142 249 61 
900 143 112 184 237 
900 144 74 182 
900 145 276 213 22 23 
900 146 267 116 85 231 
900 147 160 170 83 
900 148 216 293 135 
900 149 224 256 2 169 76 269 270 83 252 
900 150 249 275 37 119 
900 151 294 
900 152 57 
900 153 16 258 183 126 215 
900 154 10 291 
900 155 143 
900 156 35 155 20 243 
900 158 97 290 134 166 42 17 53 154 
900 159 192 1 293 289 45 237 25 
900 160 260 
900 161 288 41 254 104 
900 162 73 68 
900 163 258 264 269 110 280 189 
900 164 231 284 189 245 
900 165 96 224 37 142 16 216 
900 166 96 90 70 
900 167 145 89 143 
900 168 297 15 191 14 23 
900 169 168 51 52 213 
900 170 70 38 79 18 277 214 152 21 
900 171 132 117 
900 172 258 71 264 211 84 184 
900 173 152 96 171 32 281 
900 174 164 294 79 
900 175 298 291 4 
900 177 41 148 21 
900 178 216 292 
900 179 224 66 159 
900 180 260 199 169 14 121 122 
900 181 98 277 150 279 
900 182 128 194 47 
900 183 73 261 
900 184 259 168 172 24 87 152 
900 185 50 211 164 149 127 
900 186 185 35 5 
900 187 144 136 242 137 
900 188 214 42 117 238 
900 189 132 170 238 142 4 255 
900 190 257 68 293 269 208 248 
900 191 178 147 
900 192 
900 193 104 32 98 195 127 
900 194 248 110 
900 195 152 
900 196 264 79 165 78 61 
900 199 17 250 79 170 185 
900 201 233 218 83 297 
900 203 112 35 156 
900 204 233 19 285 81 
900 205 10 196 149 
900 207 120 18 
900 208 81 123 101 
900 209 241 189 70 
900 210 219 253 195 
900 211 264 160 118 
900 212 184 26 
900 213 81 74 
900 214 17 115 156 166 
900 215 24 266 188 162 
900 216 32 1 90 118 278 
900 217 257 68 69 142 221 255 
900 218 144 123 275 
900 219 167 
900 221 216 269 127 
900 222 296 1 149 39 
900 223 135 12 204 240 243 282 
900 224 2 124 29 
900 225 79 272 91 171 119 
900 226 83 4 
900 227 121 146 170 
900 228 235 189 
900 229 128 130 259 199 40 290 46 3 218 124 
900 231 298 45 61 38 141 
900 233 257 66 293 40 46 211 280 
900 234 39 104 48 136 181 250 91 
900 235 178 111 244 247 
900 236 128 242 111 148 95 
900 237 
900 238 56 181 
900 239 108 20 174 102 
900 240 258 5 199 71 54 59 158 
900 241 264 153 2 93 
900 242 2 164 149 127 
900 243 128 166 264 105 174 24 151 248 
900 244 40 26 38 
900 245 266 27 
900 246 148 
900 247 81 43 133 205 
900 248 16 81 68 
900 249 73 203 5 
900 250 226 298 
900 251 172 124 261 
900 252 27 245 270 
900 253 229 13 293 
900 254 181 54 231 
900 255 203 141 270 111 
900 256 168 
900 257 272 2 123 238 
900 258 136 241 242 
900 259 112 145 59 118 31 
900 260 3 234 78 272 259 20 248 
900 261 80 257 171 165 181 
900 262 236 182 
900 263 90 203 
900 264 51 172 222 
900 266 243 211 263 170 179 52 245 25 253 
900 267 1 195 222 295 
900 269 1 261 168 15 216 282 95 
900 270 89 158 215 
900 271 32 184 192 
900 272 179 126 
900 273 74 181 69 
900 274 34 
900 275 80 17 58 235 
900 276 194 50 52 242 
900 277 70 
900 278 95 94 262 31 
900 279 171 284 29 6 
900 280 160 107 233 11 243 53 
900 281 190 111 
900 282 66 258 93 30 
900 284 144 48 187 78 233 
900 285 145 115 236 165 277 
900 288 168 103 277 5 
900 289 166 295 173 238 23 191 
900 290 218 291 162 
900 291 104 192 35 133 14 
900 292 180 167 
900 293 67 39 11 52 182 120 
900 294 136 219 
900 295 92 124 
900 296 126 6 
900 297 204 244 
900 298 67 226 51 76 53 
900 299 10 124 214 199 
1800 0 108 293 
1800 1 57 132 145 
1800 2 67 75 244 
1800 3 16 161 122 267 108 
1800 4 104 167 
1800 5 110 
1800 6 216 39 
1800 7 26 50 
1800 8 288 25 244 231 
1800 9 180 68 94 39 
1800 10 41 23 
1800 11 194 273 52 245 57 58 
1800 12 280 253 245 
1800 13 217 122 133 61 
1800 14 19 245 243 
1800 15 169 244 102 23 
1800 16 
1800 17 35 199 10 79 246 281 255 
1800 18 81 178 245 
1800 19 264 149 
1800 20 59 252 
1800 21 259 17 227 159 
1800 22 68 142 15 114 51 184 153 
1800 23 48 50 167 
1800 24 
1800 25 228 163 12 
1800 26 291 5 113 152 249 29 
1800 27 97 75 212 277 46 
1800 29 280 224 
1800 31 257 49 17 
1800 32 248 184 
1800 33 288 201 204 
1800 34 120 81 164 93 
1800 35 195 156 150 238 231 
1800 37 281 127 277 294 85 
1800 38 67 293 107 146 114 21 159 
1800 39 16 273 
1800 40 21 213 
1800 41 231 239 5 22 7 
1800 42 129 262 103 106 238 116 298 190 
1800 43 187 236 
1800 44 33 238 
1800 45 3 81 274 203 12 
1800 46 296 273 147 212 141 
1800 47 211 214 
1800 48 143 
1800 49 6 7 109 273 276 155 
1800 50 105 87 147 39 
1800 51 69 70 148 126 22 94 127 
1800 52 0 243 
1800 53 2 29 141 
1800 54 95 62 215 
1800 56 235 
1800 57 112 187 235 
1800 58 112 296 250 284 274 
1800 59 40 229 
1800 61 18 
1800 62 38 
1800 66 
1800 67 194 259 
1800 68 142 22 
1800 69 293 103 297 275 247 122 252 
1800 70 1 194 151 169 
1800 71 112 225 196 150 
1800 73 112 284 
1800 75 289 163 44 295 
1800 76 73 117 261 
1800 78 193 76 246 110 
1800 79 122 210 299 146 95 
1800 80 168 186 78 
1800 81 14 95 285 110 134 
1800 83 145 10 47 
1800 84 
1800 85 162 52 222 207 
1800 86 225 110 
1800 87 32 132 140 211 180 22 
1800 89 1 81 105 241 87 217 126 
1800 90 224 49 285 142 
1800 91 114 132 
1800 93 256 94 
1800 94 192 76 144 115 248 89 
1800 95 19 31 
1800 96 67 261 9 163 84 190 
1800 97 120 134 38 175 
1800 98 11 70 7 
1800 100 224 271 
1800 101 48 290 212 61 
1800 102 91 155 
1800 103 50 191 15 
1800 104 48 
1800 105 138 83 156 243 
1800 106 281 178 71 
1800 107 161 138 261 
1800 108 112 17 165 278 
1800 109 152 185 67 
1800 110 120 273 5 181 255 
1800 111 89 290 
1800 112 130 183 
1800 113 80 27 180 165 
1800 114 240 171 260 159 
1800 115 261 44 141 275 52 152 
1800 116 57 258 83 100 
1800 117 260 297 81 84 137 153 61 
1800 118 17 
1800 120 135 172 102 278 142 
1800 121 66 3 4 71 49 89 91 94 
1800 122 258 247 
1800 123 132 107 188 246 
1800 124 282 29 69 151 
1800 126 122 212 29 54 
1800 127 1 27 295 140 175 91 221 
1800 128 279 43 143 146 246 247 
1800 129 288 116 52 141 
1800 130 107 121 11 76 
1800 131 130 6 40 76 45 208 121 27 
1800 132 
1800 133 152 291 87 
1800 134 57 295 236 69 159 
1800 135 233 
1800 136 208 81 42 43 292 
1800 137 80 87 79 
1800 138 256 249 235 124 
1800 139 0 153 259 20 
1800 140 67 293 21 
1800 141 116 130 12 38 52 
1800 142 249 61 
1800 143 112 184 237 
1800 144 182 
1800 145 276 213 22 23 
1800 146 267 116 85 231 
1800 147 160 83 
1800 148 216 293 135 
1800 149 224 256 2 169 76 270 83 252 
1800 150 249 275 37 
1800 151 294 
1800 152 57 
1800 153 16 258 183 126 215 
1800 154 10 291 
1800 155 143 
1800 156 35 155 20 243 
1800 158 97 290 134 166 42 17 53 154 
1800 159 192 1 293 289 45 237 25 
1800 160 260 
1800 161 288 41 104 
1800 162 73 68 
1800 163 280 264 258 189 110 
1800 164 231 284 189 245 
1800 165 96 224 37 142 16 216 
1800 166 96 90 70 
1800 167 145 89 143 
1800 168 297 15 191 14 23 
1800 169 168 51 52 213 
1800 171 132 117 
1800 172 258 71 264 211 84 184 
1800 173 152 96 171 32 281 
1800 175 298 291 4 
1800 177 41 148 21 
1800 178 216 292 
1800 179 224 66 159 
1800 180 260 199 169 14 121 122 
1800 181 98 277 150 279 
1800 182 128 194 47 
1800 183 73 261 
1800 184 259 168 172 24 87 152 
1800 185 50 211 164 149 127 
1800 186 185 35 5 
1800 187 144 136 137 
1800 188 214 42 117 238 
1800 189 4 132 142 238 255 
1800 190 208 257 68 248 293 
1800 191 178 147 
1800 192 
1800 193 104 32 98 195 127 
1800 194 248 110 
1800 195 152 
1800 196 264 79 165 78 61 
1800 199 185 250 17 79 
1800 201 233 218 83 297 
1800 203 112 35 156 
1800 204 233 19 285 81 
1800 205 10 196 149 
1800 207 120 18 
1800 208 81 123 101 
1800 209 241 189 70 
1800 210 219 253 195 
1800 211 264 160 118 
1800 212 184 26 
1800 213 81 
1800 214 17 115 156 166 
1800 215 24 162 188 
1800 216 32 1 90 118 278 
1800 217 257 68 69 142 221 255 
1800 218 144 123 275 
1800 219 167 
1800 221 216 127 
1800 222 296 1 149 39 
1800 223 135 12 204 240 243 282 
1800 224 2 124 29 
1800 225 272 91 171 79 
1800 226 83 4 
1800 227 121 146 
1800 228 235 189 
1800 229 128 130 259 199 40 290 46 3 218 124 
1800 231 298 45 61 38 141 
1800 233 257 66 293 40 46 211 280 
1800 234 39 104 48 136 181 250 91 
1800 235 178 111 244 247 
1800 236 128 111 148 95 
1800 237 
1800 238 56 181 
1800 239 108 20 102 
1800 240 258 5 199 71 54 59 158 
1800 241 264 153 2 93 
1800 243 128 166 264 105 24 151 248 
1800 244 40 26 38 
1800 245 27 
1800 246 148 
1800 247 81 43 133 205 
1800 248 16 81 68 
1800 249 73 203 5 
1800 250 226 298 
1800 252 27 245 270 
1800 253 229 13 293 
1800 255 203 141 270 111 
1800 256 168 
1800 257 272 2 123 238 
1800 258 136 241 
1800 259 112 145 59 118 31 
1800 260 3 234 78 272 259 20 248 
1800 261 80 257 171 165 181 
1800 262 236 182 
1800 263 90 203 
1800 264 51 172 222 
1800 267 1 195 222 295 
1800 270 89 158 215 
1800 271 32 184 192 
1800 272 179 126 
1800 273 181 69 
1800 274 34 
1800 275 80 17 58 235 
1800 276 50 52 194 
1800 277 70 
1800 278 95 94 262 31 
1800 279 171 284 29 6 
1800 280 160 107 233 11 243 53 
1800 281 190 111 
1800 282 66 258 93 
1800 284 144 48 187 78 233 
1800 285 145 115 236 165 277 
1800 288 168 103 277 5 
1800 289 166 295 173 238 23 191 
1800 290 218 291 162 
1800 291 104 192 35 133 14 
1800 292 180 167 
1800 293 67 39 11 52 182 120 
1800 294 136 219 
1800 295 124 
1800 296 126 6 
1800 297 204 244 
1800 298 67 226 51 76 53 
1800 299 10 124 214 199 
2700 0 108 293 
2700 1 57 132 145 
2700 2 67 75 244 
2700 3 16 161 122 267 108 
2700 4 104 
2700 5 110 
2700 6 39 
2700 7 26 50 
2700 8 288 25 244 231 
2700 9 180 68 94 39 
2700 10 41 23 
2700 11 194 273 58 245 57 
2700 12 280 253 245 
2700 13 217 122 133 61 
2700 14 19 245 243 
2700 15 169 244 102 23 
2700 16 
2700 17 35 199 10 79 246 281 255 
2700 18 81 178 245 
2700 19 264 149 
2700 20 59 252 
2700 21 259 17 227 159 
2700 22 68 142 15 114 51 184 153 
2700 23 48 50 
2700 24 
2700 25 228 163 12 
2700 26 291 5 113 152 249 29 
2700 27 97 75 212 277 46 
2700 29 280 
2700 31 257 49 17 
2700 32 248 184 
2700 34 120 81 164 93 
2700 35 195 156 150 238 231 
2700 37 281 127 277 294 85 
2700 38 67 293 107 146 114 21 159 
2700 39 16 273 
2700 40 21 213 
2700 41 231 239 5 22 7 
2700 42 129 262 103 106 238 116 298 190 
2700 43 187 236 
2700 44 238 
2700 45 3 81 274 203 12 
2700 46 296 273 147 212 141 
2700 47 211 214 
2700 48 143 
2700 49 273 276 109 6 7 
2700 50 105 87 147 39 
2700 51 69 70 148 126 22 94 127 
2700 53 2 29 141 
2700 54 95 62 215 
2700 56 235 
2700 57 112 187 235 
2700 58 112 296 250 284 274 
2700 59 40 229 
2700 61 18 
2700 62 38 
2700 66 
2700 67 194 259 
2700 68 142 22 
2700 69 293 103 297 275 247 122 252 
2700 70 1 194 151 169 
2700 71 112 225 196 150 
2700 73 112 284 
2700 75 289 163 44 295 
2700 76 73 117 261 
2700 78 193 76 246 110 
2700 79 122 210 299 146 95 
2700 80 168 186 78 
2700 81 14 95 285 110 134 
2700 83 145 10 47 
2700 84 
2700 85 162 222 207 
2700 86 225 110 
2700 87 32 132 140 211 180 22 
2700 89 1 105 81 87 217 126 
2700 91 114 132 
2700 93 256 94 
2700 94 192 76 144 115 248 89 
2700 95 19 31 
2700 96 67 261 9 163 84 190 
2700 97 120 134 38 175 
2700 98 11 70 7 
2700 100 
2700 101 48 290 212 61 
2700 102 91 
2700 103 50 191 15 
2700 104 48 
2700 105 138 83 156 243 
2700 106 281 178 71 
2700 107 161 138 261 
2700 108 112 17 165 278 
2700 109 152 185 67 
2700 110 120 273 5 181 255 
2700 111 89 290 
2700 112 183 
2700 113 80 27 180 165 
2700 114 240 171 260 159 
2700 115 152 275 44 141 261 
2700 116 57 258 83 100 
2700 117 260 297 81 84 137 153 61 
2700 118 17 
2700 120 172 102 278 142 
2700 121 66 3 4 71 49 89 91 94 
2700 122 258 247 
2700 123 132 107 188 246 
2700 124 282 29 69 151 
2700 126 122 212 29 54 
2700 127 1 27 295 140 175 91 221 
2700 128 279 43 143 146 246 247 
2700 129 288 116 141 
2700 131 6 40 76 45 208 121 27 
2700 132 
2700 133 152 291 87 
2700 134 57 295 236 69 159 
2700 136 208 81 42 43 
2700 137 80 87 79 
2700 138 256 249 235 124 
2700 139 0 153 259 20 
2700 140 67 293 21 
2700 141 116 12 38 
2700 142 249 61 
2700 143 112 184 237 
2700 144 182 
2700 145 276 213 22 23 
2700 146 267 116 85 231 
2700 147 160 83 
2700 148 293 
2700 149 256 2 169 76 270 83 252 
2700 150 249 275 37 
2700 151 294 
2700 152 57 
2700 153 16 258 183 126 215 
2700 154 10 291 
2700 156 35 20 243 
2700 158 97 290 134 166 42 17 53 154 
2700 159 192 1 293 289 45 237 25 
2700 160 260 
2700 161 288 41 104 
2700 162 73 68 
2700 163 280 264 258 189 110 
2700 164 231 284 189 245 
2700 165 16 96 37 142 
2700 166 96 70 
2700 168 297 15 191 14 23 
2700 169 168 51 213 
2700 171 132 117 
2700 172 258 71 264 211 84 184 
2700 173 152 96 171 32 281 
2700 175 298 291 4 
2700 177 41 148 21 
2700 178 
2700 179 66 159 
2700 180 260 199 169 14 121 122 
2700 181 98 277 150 279 
2700 182 128 194 47 
2700 183 73 261 
2700 184 259 168 172 24 87 152 
2700 185 50 211 164 149 127 
2700 186 185 35 5 
2700 187 144 136 137 
2700 188 214 42 117 238 
2700 189 4 132 142 238 255 
2700 190 208 257 68 248 293 
2700 191 178 147 
2700 192 
2700 193 104 32 98 195 127 
2700 194 248 110 
2700 195 152 
2700 196 264 79 165 78 61 
2700 199 185 250 17 79 
2700 201 233 218 83 297 
2700 203 112 35 156 
2700 204 233 19 285 81 
2700 205 10 196 149 
2700 207 120 18 
2700 208 81 123 101 
2700 209 189 70 
2700 210 219 253 195 
2700 211 264 160 118 
2700 212 184 26 
2700 213 81 
2700 214 17 115 156 166 
2700 215 24 162 188 
2700 217 257 68 69 142 221 255 
2700 218 144 123 275 
2700 219 
2700 221 127 
2700 222 296 1 149 39 
2700 223 240 204 282 243 12 
2700 225 272 91 171 79 
2700 226 83 4 
2700 227 121 146 
2700 228 235 189 
2700 229 128 290 259 199 40 46 3 218 124 
2700 231 298 45 61 38 141 
2700 233 257 66 293 40 46 211 280 
2700 234 39 104 48 136 181 250 91 
2700 235 178 111 244 247 
2700 236 128 111 148 95 
2700 237 
2700 238 56 181 
2700 239 108 20 102 
2700 240 258 5 199 71 54 59 158 
2700 243 128 166 264 105 24 151 248 
2700 244 40 26 38 
2700 245 27 
2700 246 148 
2700 247 81 43 133 205 
2700 248 16 81 68 
2700 249 73 203 5 
2700 250 226 298 
2700 252 27 245 270 
2700 253 229 13 293 
2700 255 203 141 270 111 
2700 256 168 
2700 257 272 2 123 238 
2700 258 136 
2700 259 112 145 59 118 31 
2700 260 3 234 78 272 259 20 248 
2700 261 80 257 171 165 181 
2700 262 236 182 
2700 264 51 172 222 
2700 267 1 195 222 295 
2700 270 89 158 215 
2700 272 179 126 
2700 273 181 69 
2700 274 34 
2700 275 80 17 58 235 
2700 276 50 194 
2700 277 70 
2700 278 95 94 262 31 
2700 279 171 284 29 6 
2700 280 160 107 233 11 243 53 
2700 281 190 111 
2700 282 66 258 93 
2700 284 144 48 187 78 233 
2700 285 145 115 236 165 277 
2700 288 168 103 277 5 
2700 289 166 295 173 238 23 191 
2700 290 218 291 162 
2700 291 104 192 35 133 14 
2700 293 120 67 11 182 39 
2700 294 136 219 
2700 295 124 
2700 296 126 6 
2700 297 204 244 
2700 298 67 226 51 76 53 
2700 299 10 124 214 199 
3600 0 108 293 
3600 1 57 132 145 
3600 2 67 75 244 
3600 3 16 161 122 267 108 
3600 4 104 
3600 5 110 
3600 6 39 
3600 7 26 50 
3600 8 288 25 244 231 
3600 9 180 68 94 39 
3600 10 41 23 
3600 11 194 273 58 245 57 
3600 12 280 253 245 
3600 13 217 122 61 
3600 14 19 245 243 
3600 15 169 244 102 23 
3600 16 
3600 17 35 199 10 79 246 281 255 
3600 18 81 178 245 
3600 19 264 
3600 20 59 252 
3600 21 259 17 227 159 
3600 22 68 142 15 114 51 184 153 
3600 23 48 50 
3600 24 
3600 25 228 163 12 
3600 26 291 5 113 152 249 29 
3600 27 97 75 212 277 46 
3600 29 280 
3600 32 248 184 
3600 34 120 81 93 
3600 35 195 156 150 238 231 
3600 37 281 127 277 294 85 
3600 38 67 293 107 146 114 21 159 
3600 39 16 273 
3600 40 21 213 
3600 41 231 239 5 22 7 
3600 42 129 262 103 106 238 298 190 
3600 43 187 236 
3600 44 238 
3600 45 3 81 274 203 12 
3600 46 296 273 147 212 141 
3600 48 143 
3600 50 105 87 147 39 
3600 51 69 70 148 126 22 94 127 
3600 53 2 29 141 
3600 54 95 62 215 
3600 56 235 
3600 57 112 187 235 
3600 58 112 296 250 284 274 
3600 59 40 229 
3600 61 18 
3600 62 38 
3600 66 
3600 67 194 259 
3600 68 142 22 
3600 69 293 103 297 275 247 122 252 
3600 70 1 194 151 169 
3600 71 112 225 196 150 
3600 73 112 284 
3600 75 289 163 44 295 
3600 76 73 117 261 
3600 78 193 76 246 110 
3600 79 122 210 299 146 95 
3600 80 168 186 78 
3600 81 14 95 285 110 134 
3600 83 145 10 
3600 84 
3600 85 162 222 207 
3600 86 225 110 
3600 87 32 132 140 211 180 22 
3600 91 114 132 
3600 93 256 94 
3600 94 144 248 115 192 76 
3600 95 19 
3600 96 67 261 9 163 84 190 
3600 97 120 134 38 175 
3600 98 11 70 7 
3600 100 
3600 101 48 212 61 
3600 102 91 
3600 103 50 191 15 
3600 104 48 
3600 105 138 83 156 243 
3600 106 281 178 71 
3600 107 161 138 261 
3600 108 112 17 165 278 
3600 109 152 185 67 
3600 110 120 273 5 181 255 
3600 112 
3600 113 80 27 180 165 
3600 114 240 171 260 159 
3600 115 152 275 44 141 261 
3600 117 260 297 81 84 137 153 61 
3600 118 17 
3600 120 172 102 278 142 
3600 121 66 3 4 71 91 94 
3600 122 258 247 
3600 123 132 107 188 246 
3600 124 282 29 69 151 
3600 126 122 212 29 54 
3600 127 1 27 295 140 175 91 221 
3600 128 279 43 143 146 246 247 
3600 129 288 141 
3600 131 6 40 76 45 208 121 27 
3600 132 
3600 134 57 295 236 69 159 
3600 136 208 81 42 43 
3600 137 80 87 79 
3600 138 256 249 235 124 
3600 139 0 153 259 20 
3600 140 67 293 21 
3600 141 12 38 
3600 142 249 61 
3600 143 112 184 237 
3600 144 182 
3600 145 276 213 22 23 
3600 146 267 85 231 
3600 147 160 83 
3600 148 293 
3600 150 249 275 37 
3600 151 294 
3600 152 57 
3600 153 16 258 126 215 
3600 154 10 291 
3600 156 35 20 243 
3600 158 97 134 42 17 53 154 
3600 159 192 1 293 289 45 237 25 
3600 160 260 
3600 161 288 41 104 
3600 162 73 68 
3600 163 280 264 258 189 110 
3600 165 16 96 37 142 
3600 168 297 15 191 14 23 
3600 169 168 51 213 
3600 171 132 117 
3600 172 258 71 264 211 84 184 
3600 173 152 96 171 32 281 
3600 175 298 291 4 
3600 178 
3600 179 66 159 
3600 180 260 199 169 14 121 122 
3600 181 98 277 150 279 
3600 182 128 194 
3600 184 259 168 172 24 87 152 
3600 185 50 211 127 
3600 186 185 35 5 
3600 187 144 136 137 
3600 188 214 42 117 238 
3600 189 4 132 142 238 255 
3600 190 208 257 68 248 293 
3600 191 178 147 
3600 192 
3600 193 104 32 98 195 127 
3600 194 248 110 
3600 195 152 
3600 196 264 79 165 78 61 
3600 199 185 250 17 79 
3600 201 233 218 83 297 
3600 203 112 35 156 
3600 204 233 19 285 81 
3600 205 10 196 
3600 207 120 18 
3600 208 81 123 101 
3600 209 189 70 
3600 210 219 253 195 
3600 211 264 160 118 
3600 212 184 26 
3600 213 81 
3600 214 17 115 156 
3600 215 24 162 188 
3600 217 257 68 69 142 221 255 
3600 218 144 123 275 
3600 219 
3600 221 127 
3600 222 296 1 39 
3600 223 240 204 282 243 12 
3600 225 272 91 171 79 
3600 226 83 4 
3600 227 121 146 
3600 228 235 189 
3600 229 128 3 199 40 46 259 218 124 
3600 231 298 45 61 38 141 
3600 233 257 66 293 40 46 211 280 
3600 234 39 104 48 136 181 250 91 
3600 235 178 244 247 
3600 236 128 148 95 
3600 237 
3600 238 56 181 
3600 239 108 20 102 
3600 240 258 5 199 71 54 59 158 
3600 243 128 264 105 248 151 24 
3600 244 40 26 38 
3600 245 27 
3600 246 148 
3600 247 81 43 205 
3600 248 16 81 68 
3600 249 73 203 5 
3600 250 226 298 
3600 252 27 245 270 
3600 253 229 13 293 
3600 255 203 141 270 
3600 256 168 
3600 257 272 2 123 238 
3600 258 136 
3600 259 112 145 59 118 
3600 260 3 234 78 272 259 20 248 
3600 261 80 257 171 165 181 
3600 262 236 182 
3600 264 51 172 222 
3600 267 1 195 222 295 
3600 270 158 215 
3600 272 179 126 
3600 273 181 69 
3600 274 34 
3600 275 80 17 58 235 
3600 276 50 194 
3600 277 70 
3600 278 94 262 95 
3600 279 171 284 29 6 
3600 280 160 107 233 11 243 53 
3600 281 190 
3600 282 66 258 93 
3600 284 144 48 187 78 233 
3600 285 145 115 236 165 277 
3600 288 168 103 277 5 
3600 289 191 295 173 238 23 
3600 291 104 192 35 14 
3600 293 120 67 11 182 39 
3600 294 136 219 
3600 295 124 
3600 296 126 6 
3600 297 204 244 
3600 298 67 226 51 76 53 
3600 299 10 124 214 199 
4500 0 108 293 
4500 1 57 132 145 
4500 2 67 75 244 
4500 3 16 161 122 267 108 
4500 4 104 
4500 5 
4500 6 39 
4500 7 26 50 
4500 8 288 25 244 231 
4500 9 180 68 94 39 
4500 10 41 23 
4500 11 57 58 194 
4500 12 280 253 
4500 13 217 122 61 
4500 14 19 
4500 15 169 244 102 23 
4500 16 
4500 17 35 199 10 79 246 281 255 
4500 18 81 178 
4500 19 264 
4500 20 59 
4500 21 259 17 227 159 
4500 22 68 142 15 114 51 184 
4500 23 48 50 
4500 24 
4500 25 228 163 12 
4500 26 291 5 113 152 249 29 
4500 27 97 75 277 46 
4500 29 280 
4500 32 248 184 
4500 34 120 81 93 
4500 35 195 156 150 238 231 
4500 37 281 277 294 127 
4500 38 67 114 293 21 159 
4500 39 16 
4500 40 21 213 
4500 41 231 239 5 22 7 
4500 42 129 262 106 238 298 190 
4500 43 187 236 
4500 44 238 
4500 45 3 81 274 203 12 
4500 46 296 147 141 
4500 48 143 
4500 50 105 87 147 39 
4500 51 69 70 148 126 22 94 127 
4500 53 2 29 141 
4500 54 95 62 215 
4500 56 235 
4500 57 112 187 235 
4500 58 112 296 250 284 274 
4500 59 40 229 
4500 61 18 
4500 62 38 
4500 66 
4500 67 194 259 
4500 68 142 22 
4500 69 297 122 275 293 247 
4500 70 1 194 151 169 
4500 71 112 225 196 150 
4500 73 112 284 
4500 75 289 163 44 295 
4500 76 73 117 261 
4500 78 193 76 246 
4500 79 210 299 122 95 
4500 80 168 186 78 
4500 81 14 285 134 95 
4500 83 145 10 
4500 84 
4500 86 225 
4500 87 32 132 140 211 180 22 
4500 91 114 132 
4500 93 256 94 
4500 94 144 248 115 192 76 
4500 95 19 
4500 97 120 134 38 
4500 98 11 70 7 
4500 100 
4500 101 48 61 
4500 102 91 
4500 104 48 
4500 105 138 83 156 
4500 106 281 178 71 
4500 108 112 17 165 278 
4500 109 152 185 67 
4500 112 
4500 113 80 27 180 165 
4500 114 240 171 260 159 
4500 115 152 275 44 141 261 
4500 117 260 297 81 84 137 61 
4500 118 17 
4500 120 172 102 278 142 
4500 121 66 3 4 71 91 94 
4500 122 258 247 
4500 123 132 188 246 
4500 124 282 29 69 151 
4500 126 122 29 54 
4500 127 1 91 295 140 27 221 
4500 128 43 247 143 246 279 
4500 129 288 141 
4500 131 6 40 76 45 208 121 27 
4500 132 
4500 134 57 295 236 69 159 
4500 136 208 81 42 43 
4500 137 80 87 79 
4500 138 256 249 235 124 
4500 139 0 259 20 
4500 140 67 293 21 
4500 141 12 38 
4500 142 249 61 
4500 143 112 184 237 
4500 144 182 
4500 145 276 213 22 23 
4500 147 160 83 
4500 148 293 
4500 150 249 275 37 
4500 151 294 
4500 152 57 
4500 154 10 291 
4500 156 35 20 
4500 158 97 134 42 17 53 154 
4500 159 192 1 293 289 45 237 25 
4500 160 260 
4500 161 288 41 104 
4500 162 73 68 
4500 163 280 264 258 189 
4500 165 16 37 142 
4500 168 297 15 191 14 23 
4500 169 168 51 213 
4500 171 132 117 
4500 172 258 71 264 211 84 184 
4500 173 152 281 171 32 
4500 178 
4500 179 66 159 
4500 180 260 199 169 14 121 122 
4500 181 98 277 150 279 
4500 182 128 194 
4500 184 259 168 172 24 87 152 
4500 185 50 211 127 
4500 186 185 35 5 
4500 187 144 136 137 
4500 188 214 42 117 238 
4500 189 4 132 142 238 255 
4500 190 208 257 68 248 293 
4500 191 178 147 
4500 192 
4500 193 104 32 98 195 127 
4500 194 248 
4500 195 152 
4500 196 264 79 165 78 61 
4500 199 185 250 17 79 
4500 201 233 218 83 297 
4500 203 112 35 156 
4500 204 233 19 285 81 
4500 205 10 196 
4500 207 120 18 
4500 208 81 123 101 
4500 209 189 70 
4500 210 219 253 195 
4500 211 264 160 118 
4500 213 81 
4500 214 17 115 156 
4500 215 24 162 188 
4500 217 257 68 69 142 221 255 
4500 218 144 123 275 
4500 219 
4500 221 127 
4500 222 296 1 39 
4500 223 240 204 282 12 
4500 225 272 91 171 79 
4500 226 83 4 
4500 227 121 
4500 228 235 189 
4500 229 128 3 199 40 46 259 218 124 
4500 231 298 45 61 38 141 
4500 233 257 66 293 40 46 211 280 
4500 234 39 104 48 136 181 250 91 
4500 235 178 244 247 
4500 236 128 148 95 
4500 237 
4500 238 56 181 
4500 239 108 20 102 
4500 240 258 5 199 71 54 59 158 
4500 244 40 26 38 
4500 246 148 
4500 247 81 43 205 
4500 248 16 81 68 
4500 249 73 203 5 
4500 250 226 298 
4500 253 229 13 293 
4500 255 203 141 270 
4500 256 168 
4500 257 272 2 123 238 
4500 258 136 
4500 259 112 145 59 118 
4500 260 3 234 78 272 259 20 248 
4500 261 80 257 171 165 181 
4500 262 236 182 
4500 264 51 172 222 
4500 267 1 195 222 295 
4500 270 158 215 
4500 272 179 126 
4500 274 34 
4500 275 80 17 58 235 
4500 276 50 194 
4500 277 70 
4500 278 94 262 95 
4500 279 171 284 29 6 
4500 280 160 233 11 53 
4500 281 190 
4500 282 66 258 93 
4500 284 144 48 187 78 233 
4500 285 145 115 236 165 277 
4500 288 168 277 5 
4500 289 191 295 173 238 23 
4500 291 104 192 35 14 
4500 293 120 67 11 182 39 
4500 294 136 219 
4500 295 124 
4500 296 126 6 
4500 297 204 244 
4500 298 67 226 51 76 53 
4500 299 10 124 214 199 
5400 0 108 293 
5400 1 57 132 145 
5400 2 67 75 244 
5400 3 16 161 122 267 108 
5400 4 104 
5400 5 
5400 6 39 
5400 7 26 50 
5400 8 25 244 231 
5400 9 180 68 94 39 
5400 10 41 23 
5400 11 57 58 194 
5400 12 280 253 
5400 13 217 122 61 
5400 14 19 
5400 15 169 244 102 23 
5400 16 
5400 17 35 199 10 79 246 281 255 
5400 18 81 178 
5400 19 264 
5400 20 59 
5400 21 259 17 227 159 
5400 23 48 50 
5400 24 
5400 25 228 163 12 
5400 26 291 5 113 152 249 29 
5400 27 97 75 277 46 
5400 29 280 
5400 32 248 184 
5400 34 120 81 93 
5400 35 195 156 150 238 231 
5400 37 281 277 294 127 
5400 38 67 114 293 21 159 
5400 39 16 
5400 40 21 213 
5400 41 231 5 7 
5400 42 129 262 106 238 298 190 
5400 43 187 236 
5400 44 238 
5400 45 3 81 274 203 12 
5400 46 296 147 
5400 48 143 
5400 50 105 87 147 39 
5400 51 69 70 148 126 94 127 
5400 53 2 29 
5400 54 62 95 
5400 56 235 
5400 57 112 187 235 
5400 58 112 296 250 284 274 
5400 59 40 229 
5400 61 18 
5400 62 38 
5400 66 
5400 67 194 259 
5400 68 142 
5400 69 297 122 275 293 247 
5400 70 1 194 151 169 
5400 71 112 225 150 
5400 73 112 284 
5400 75 289 163 44 295 
5400 76 73 117 261 
5400 79 210 299 122 95 
5400 80 168 186 
5400 81 14 285 134 95 
5400 83 145 10 
5400 84 
5400 86 225 
5400 87 180 140 211 132 32 
5400 91 114 132 
5400 93 256 94 
5400 94 144 248 115 192 76 
5400 95 19 
5400 97 120 134 38 
5400 98 11 70 7 
5400 100 
5400 102 91 
5400 104 48 
5400 105 138 83 156 
5400 106 281 178 71 
5400 108 112 17 165 278 
5400 109 152 185 67 
5400 112 
5400 113 80 27 180 165 
5400 114 240 171 260 159 
5400 115 152 275 44 261 
5400 117 260 297 81 84 137 61 
5400 118 17 
5400 120 172 102 278 142 
5400 121 66 3 4 71 91 94 
5400 122 247 
5400 123 132 188 246 
5400 124 282 29 69 151 
5400 126 122 29 54 
5400 127 1 91 295 140 27 221 
5400 128 43 247 143 246 279 
5400 129 
5400 131 6 40 76 45 208 121 27 
5400 132 
5400 134 57 295 236 69 159 
5400 136 208 81 42 43 
5400 137 80 87 79 
5400 138 256 249 235 124 
5400 139 0 259 20 
5400 140 67 293 21 
5400 142 249 61 
5400 143 112 184 
5400 144 182 
5400 145 276 213 23 
5400 147 160 83 
5400 148 293 
5400 150 249 275 37 
5400 151 294 
5400 152 57 
5400 154 10 291 
5400 156 35 20 
5400 158 97 134 42 17 53 154 
5400 159 192 1 293 289 45 25 
5400 160 260 
5400 161 104 41 
5400 162 73 68 
5400 163 280 264 189 
5400 165 16 37 142 
5400 168 297 15 191 14 23 
5400 169 168 51 213 
5400 171 132 117 
5400 172 264 184 211 84 71 
5400 173 152 281 171 32 
5400 178 
5400 180 260 199 169 14 121 122 
5400 181 98 277 150 279 
5400 182 128 194 
5400 184 259 168 172 24 87 152 
5400 185 50 211 127 
5400 186 185 35 5 
5400 187 144 136 137 
5400 188 214 42 117 238 
5400 189 4 132 142 238 255 
5400 190 208 257 68 248 293 
5400 191 178 147 
5400 192 
5400 193 104 32 98 195 127 
5400 194 248 
5400 195 152 
5400 199 185 250 17 79 
5400 201 233 218 83 297 
5400 203 112 35 156 
5400 204 233 19 285 81 
5400 205 10 
5400 207 120 18 
5400 208 81 123 
5400 209 189 70 
5400 210 195 253 
5400 211 264 160 118 
5400 213 81 
5400 214 17 115 156 
5400 217 257 68 69 142 221 255 
5400 218 144 123 275 
5400 221 127 
5400 222 296 1 39 
5400 223 240 204 282 12 
5400 225 272 91 171 79 
5400 226 83 4 
5400 227 121 
5400 228 235 189 
5400 229 128 3 199 40 46 259 218 124 
5400 231 298 61 38 45 
5400 233 257 66 293 40 46 211 280 
5400 234 39 104 48 136 181 250 91 
5400 235 178 244 247 
5400 236 128 148 95 
5400 238 56 181 
5400 240 5 71 199 54 59 158 
5400 244 40 26 38 
5400 246 148 
5400 247 81 43 205 
5400 248 16 81 68 
5400 249 73 203 5 
5400 250 226 298 
5400 253 229 13 293 
5400 255 203 
5400 256 168 
5400 257 272 2 123 238 
5400 259 112 145 59 118 
5400 260 3 234 272 259 20 248 
5400 261 80 257 171 165 181 
5400 262 236 182 
5400 264 51 172 222 
5400 267 1 195 222 295 
5400 272 126 
5400 274 34 
5400 275 80 17 58 235 
5400 276 50 194 
5400 277 70 
5400 278 94 262 95 
5400 279 171 284 29 6 
5400 280 160 233 11 53 
5400 281 190 
5400 282 66 93 
5400 284 144 48 187 233 
5400 285 145 115 236 165 277 
5400 289 191 295 173 238 23 
5400 291 104 192 35 14 
5400 293 120 67 11 182 39 
5400 294 136 
5400 295 124 
5400 296 126 6 
5400 297 204 244 
5400 298 67 226 51 76 53 
5400 299 10 124 214 199 
6300 0 108 293 
6300 1 57 132 145 
6300 2 67 75 244 
6300 3 16 161 122 267 108 
6300 4 104 
6300 5 
6300 6 39 
6300 7 26 50 
6300 8 25 244 231 
6300 9 180 68 94 39 
6300 10 41 23 
6300 11 57 58 194 
6300 12 280 253 
6300 13 217 122 61 
6300 14 19 
6300 15 169 244 102 23 
6300 16 
6300 17 35 199 10 79 246 281 255 
6300 18 81 178 
6300 19 264 
6300 20 59 
6300 21 259 17 227 159 
6300 23 48 50 
6300 25 228 163 12 
6300 26 152 249 291 29 5 
6300 29 280 
6300 32 248 184 
6300 34 120 81 93 
6300 35 195 156 238 231 
6300 37 281 277 294 127 
6300 38 67 114 293 21 159 
6300 39 16 
6300 40 21 213 
6300 41 231 5 7 
6300 42 262 106 298 238 190 
6300 43 187 236 
6300 44 238 
6300 45 3 81 274 203 12 
6300 46 296 147 
6300 48 143 
6300 50 105 87 147 39 
6300 51 69 70 148 126 94 127 
6300 53 2 29 
6300 54 95 
6300 56 235 
6300 57 112 187 235 
6300 58 112 296 250 274 
6300 59 40 229 
6300 61 18 
6300 66 
6300 67 194 259 
6300 68 142 
6300 69 297 122 275 293 247 
6300 70 1 194 151 169 
6300 71 112 225 
6300 73 112 
6300 75 289 163 44 295 
6300 76 73 117 261 
6300 79 210 299 122 95 
6300 80 168 186 
6300 81 14 134 95 
6300 83 145 10 
6300 84 
6300 86 225 
6300 87 180 140 211 132 32 
6300 91 114 132 
6300 93 256 94 
6300 94 144 248 192 76 
6300 95 19 
6300 97 120 134 38 
6300 98 11 70 7 
6300 100 
6300 102 91 
6300 104 48 
6300 105 138 83 156 
6300 106 281 178 71 
6300 108 112 17 165 278 
6300 109 152 185 67 
6300 112 
6300 114 240 171 260 159 
6300 117 260 297 81 84 137 61 
6300 118 17 
6300 120 172 102 278 142 
6300 121 66 3 4 71 91 94 
6300 122 247 
6300 123 132 188 246 
6300 124 282 29 69 151 
6300 126 122 29 54 
6300 127 1 91 140 221 295 
6300 128 43 247 143 246 279 
6300 131 6 40 76 45 208 121 
6300 132 
6300 134 57 295 236 69 159 
6300 136 208 81 42 43 
6300 137 80 87 79 
6300 138 256 249 235 124 
6300 139 0 259 20 
6300 140 67 293 21 
6300 142 249 61 
6300 143 112 184 
6300 144 182 
6300 145 213 23 
6300 147 83 
6300 148 293 
6300 151 294 
6300 152 57 
6300 154 10 291 
6300 156 35 20 
6300 159 192 1 293 289 45 25 
6300 161 104 41 
6300 162 73 68 
6300 163 280 264 189 
6300 165 16 37 142 
6300 168 297 15 191 14 23 
6300 169 168 51 213 
6300 171 132 117 
6300 172 264 184 211 84 71 
6300 173 152 281 171 32 
6300 178 
6300 180 260 199 169 14 121 122 
6300 181 98 277 279 
6300 182 128 194 
6300 184 152 168 259 172 87 
6300 185 50 211 127 
6300 186 185 35 5 
6300 187 144 136 137 
6300 188 214 42 117 238 
6300 189 4 132 142 238 255 
6300 190 208 257 68 248 293 
6300 191 178 147 
6300 192 
6300 193 104 32 98 195 127 
6300 194 248 
6300 195 152 
6300 199 185 250 17 79 
6300 201 233 218 83 297 
6300 203 112 35 156 
6300 204 233 19 81 
6300 205 10 
6300 207 120 18 
6300 208 81 123 
6300 209 189 70 
6300 210 195 253 
6300 211 264 118 
6300 213 81 
6300 214 17 156 
6300 217 257 68 69 142 221 255 
6300 218 144 123 275 
6300 221 127 
6300 222 296 1 39 
6300 223 240 204 282 12 
6300 225 91 171 79 
6300 226 83 4 
6300 227 121 
6300 228 235 189 
6300 229 128 3 199 40 46 259 218 124 
6300 231 298 61 38 45 
6300 233 257 66 293 40 46 211 280 
6300 234 39 104 48 136 181 250 91 
6300 235 178 244 247 
6300 236 128 148 95 
6300 238 56 181 
6300 240 71 59 5 54 199 
6300 244 40 26 38 
6300 246 148 
6300 247 81 43 205 
6300 248 16 81 68 
6300 249 73 203 5 
6300 250 226 298 
6300 253 229 13 293 
6300 255 203 
6300 256 168 
6300 257 2 123 238 
6300 259 112 145 59 118 
6300 260 248 3 234 259 20 
6300 261 80 257 171 165 181 
6300 262 236 182 
6300 264 51 172 222 
6300 267 1 195 222 295 
6300 274 34 
6300 275 80 17 58 235 
6300 277 70 
6300 278 94 262 95 
6300 279 171 29 6 
6300 280 233 11 53 
6300 281 190 
6300 282 66 93 
6300 289 191 295 173 238 23 
6300 291 104 192 35 14 
6300 293 120 67 11 182 39 
6300 294 136 
6300 295 124 
6300 296 126 6 
6300 297 204 244 
6300 298 67 226 51 76 53 
6300 299 10 124 214 199 
