0 0 1 98 5 17 
0 1 0 6 15 
0 2 8 9 
0 3 
0 4 1 5 
0 5 
0 6 16 8 
0 7 0 9 
0 8 0 5 158 
0 9 0 1 98 5 129 8 17 
0 10 1 5 
0 11 0 1 5 8 16 20 
0 12 0 14 
0 13 202 20 
0 14 4 12 
0 15 16 7 
0 16 160 1 
0 17 16 8 21 
0 18 
0 19 
0 20 
0 21 
0 22 160 2 
0 23 2 3 44 
0 24 3 4 6 
0 26 3 10 11 4 
0 27 14 6 13 238 117 
0 28 120 134 6 30 167 
0 29 0 1 3 4 6 7 9 202 11 12 13 14 84 10 
0 30 
0 31 160 129 3 6 167 236 202 12 13 14 44 18 84 117 9 56 
0 32 8 10 3 
0 33 8 2 
0 34 3 4 6 7 10 11 13 270 112 18 
0 35 210 18 13 
0 36 3 44 10 11 12 13 112 
0 37 274 4 
0 38 0 1 18 19 7 
0 39 4 2 36 79 
0 40 9 274 
0 41 3 4 6 7 8 10 11 270 
0 42 2 270 
0 43 0 1 3 4 6 7 202 11 12 13 14 270 10 
0 44 
0 46 2 3 
0 47 14 6 13 238 117 
0 48 0 1 181 6 
0 49 274 134 
0 50 10 3 4 
0 51 2 10 
0 52 10 3 4 6 
0 53 274 85 
0 54 16 8 5 158 
0 55 0 3 4 6 8 10 
0 56 
0 57 0 1 5 9 15 16 17 20 158 
0 58 274 3 
0 59 0 1 5 7 17 20 
0 60 2 4 
0 61 0 1 3 4 202 12 13 14 10 
0 62 16 0 8 6 15 
0 63 0 1 2 3 4 202 11 12 13 
0 64 3 4 7 
0 65 0 19 7 
0 66 8 2 
0 67 2 181 
0 69 
0 70 0 2 5 8 9 15 
0 71 0 10 3 
0 72 0 1 4 5 9 15 20 
0 74 0 5 8 9 15 20 
0 75 3 4 6 9 10 11 12 13 84 
0 76 10 3 4 7 
0 77 0 1 98 69 6 14 18 120 5 
0 78 129 4 5 7 210 21 30 
0 79 2 6 12 238 84 120 
0 80 0 1 5 8 9 15 20 
0 81 0 1 134 9 
0 82 3 136 44 10 11 12 238 112 14 
0 84 
0 85 3 36 44 10 11 12 13 112 254 
0 86 274 181 
0 87 0 2 
0 88 0 2 
0 89 0 1 3 4 6 7 9 202 11 12 13 14 112 18 84 270 56 160 10 
0 90 4 5 7 11 44 210 
0 91 16 2 
0 92 2 14 
0 93 0 1 3 4 202 12 13 14 10 
0 94 0 1 3 4 6 7 9 10 11 12 19 84 
0 95 0 1 5 8 15 16 
0 96 2 13 
0 97 19 4 6 
0 98 
0 99 16 160 20 5 8 
0 100 10 3 4 
0 101 19 13 6 
0 102 10 3 4 7 
0 103 14 13 238 
0 105 274 2 
0 106 12 14 6 
0 107 2 158 
0 108 0 8 5 7 
0 109 17 18 21 6 7 
0 110 2 7 
0 111 0 1 3 4 6 7 9 10 11 12 19 84 
0 112 
0 113 9 2 
0 114 2 7 
0 115 16 20 5 158 
0 116 2 270 
0 117 
0 118 2 7 
0 119 79 85 254 191 
0 120 
0 121 0 6 134 12 14 15 210 84 181 120 158 
0 122 16 17 3 9 
0 123 0 5 8 9 15 20 
0 124 0 1 5 8 17 158 
0 125 0 1 5 9 15 20 
0 126 0 1 3 4 6 7 9 202 11 12 13 14 84 270 10 
0 127 2 6 
0 128 0 1 98 5 8 9 15 16 17 85 
0 129 236 21 
0 130 2 3 181 
0 132 2 10 
0 133 2 12 
0 134 136 0 
0 135 2 5 
0 136 
0 138 0 1 98 5 7 8 17 
0 139 2 5 
0 140 120 134 6 30 167 
0 141 0 1 5 8 236 15 17 20 
0 142 10 3 6 
0 143 2 14 
0 144 0 10 3 
0 145 2 6 7 
0 146 9 2 
0 147 210 2 
0 148 0 1 5 9 16 17 18 19 
0 149 2 5 
0 150 0 1 134 9 
0 151 181 274 21 117 
0 152 1 2 
0 153 0 1 134 
0 154 0 1 98 5 8 15 17 19 
0 155 3 136 44 10 11 12 238 79 112 14 254 
0 156 18 11 14 
0 157 0 1 3 4 5 134 129 9 202 12 13 14 
0 158 
0 159 236 167 
0 160 
0 161 112 3 4 6 
0 162 0 129 12 6 134 
0 163 274 4 
0 164 2 3 
0 165 1 2 
0 166 1 4 7 11 112 19 21 
0 167 
0 168 0 20 5 
0 169 0 1 5 9 15 16 17 20 158 
0 170 2 13 
0 171 3 4 6 10 11 270 84 
0 172 8 20 5 
0 173 10 3 4 6 
0 174 2 158 
0 175 3 4 6 7 8 10 11 270 
0 177 3 2 11 4 13 
0 178 120 6 14 181 
0 179 0 1 3 4 6 7 9 10 11 12 19 84 
0 180 3 4 6 7 10 11 13 270 112 18 
0 181 
0 182 1 17 18 21 120 158 
0 183 0 3 4 6 8 10 
0 184 0 5 8 9 15 16 
0 185 0 1 3 5 134 129 9 12 13 238 15 
0 186 16 8 4 
0 187 0 1 7 17 18 19 
0 189 2 3 
0 190 160 2 181 
0 191 3 136 44 10 11 12 238 79 112 14 254 
0 192 0 2 5 15 
0 193 136 36 6 254 
0 194 181 210 2 134 167 
0 195 0 1 5 8 15 16 
0 196 2 12 18 15 
0 197 0 1 2 3 4 6 7 9 202 11 12 13 14 112 18 84 270 10 
0 198 2 11 
0 199 2 181 
0 200 17 274 
0 201 0 9 5 158 
0 202 
0 203 210 2 
0 204 210 2 
0 205 19 3 5 15 
0 206 1 4 7 11 112 19 21 
0 207 274 44 
0 208 202 2 
0 209 1 3 117 
0 210 117 5 
0 211 120 1 21 158 17 
0 212 120 6 14 181 
0 213 0 1 3 4 202 12 13 14 10 
0 214 2 10 
0 215 0 1 19 7 
0 216 3 134 167 
0 217 10 3 6 
0 218 2 14 
0 219 16 1 5 8 
0 220 0 1 98 18 7 
0 221 129 5 21 4 7 
0 222 36 85 191 
0 223 0 20 5 
0 224 0 1 5 9 236 15 16 17 19 20 
0 225 0 5 8 9 15 20 
0 226 160 8 98 9 
0 227 0 69 236 202 12 15 18 19 117 120 5 
0 228 0 1 4 5 8 9 15 20 
0 229 274 84 
0 230 129 3 4 6 7 9 10 11 12 13 14 18 160 167 44 56 202 84 270 236 112 117 
0 231 210 4 21 7 
0 232 2 7 
0 233 8 181 13 6 5 
0 234 2 11 
0 235 0 1 98 5 7 8 17 
0 236 16 5 
0 237 0 1 5 9 15 16 17 158 
0 238 
0 239 120 2 
0 240 129 3 9 44 13 238 
0 241 129 3 13 238 210 21 120 
0 242 181 210 2 134 167 
0 243 36 85 191 
0 244 1 11 4 
0 245 3 4 7 9 13 14 19 
0 246 18 3 4 6 7 
0 247 10 3 4 
0 248 0 2 
0 249 8 2 
0 250 98 1 2 3 21 
0 251 1 18 21 
0 252 0 1 69 6 7 18 
0 253 0 1 5 8 9 17 19 20 
0 254 
0 255 3 4 6 
0 256 274 6 
0 257 160 2 181 
0 258 0 1 5 8 9 236 15 16 17 19 
0 259 1 18 21 15 
0 260 0 9 6 15 
0 262 2 44 
0 263 0 1 98 5 8 9 11 15 16 17 158 
0 264 16 2 
0 265 16 1 8 
0 266 210 4 7 
0 267 16 8 20 5 
0 268 0 1 98 5 7 8 9 15 16 17 
0 269 0 1 3 4 7 9 10 11 12 14 84 270 56 
0 270 
0 271 0 1 98 69 18 19 21 
0 272 0 1 3 4 14 
0 273 274 2 
0 274 
0 275 120 11 6 
0 276 10 3 4 6 
0 277 16 2 
0 278 0 5 11 12 15 16 18 84 
0 279 0 1 98 5 7 8 17 
0 280 210 4 7 
0 281 0 1 3 4 14 
0 282 136 4 238 
0 283 0 1 5 8 15 21 
0 286 3 134 167 
0 287 2 3 6 
0 288 2 3 
0 289 2 4 
0 290 0 1 5 7 8 17 19 
0 291 0 1 2 3 4 7 9 10 11 12 14 84 270 
0 292 2 3 
0 293 4 6 167 
0 294 0 69 236 12 15 18 19 117 120 5 
0 295 274 21 
0 296 274 158 
0 297 129 4 5 7 210 21 30 
0 298 2 270 
0 299 210 4 21 7 
900 0 1 98 5 17 
900 1 0 6 15 
900 2 8 9 
900 3 
900 4 1 5 
900 5 
900 6 16 8 
900 7 0 9 
900 8 0 5 158 
900 9 0 1 98 5 129 8 17 
900 10 1 5 
900 11 0 1 5 8 16 20 
900 12 0 14 
900 13 202 20 
900 14 4 12 
900 15 16 7 
900 16 160 1 
900 17 16 8 21 
900 18 
900 19 
900 20 
900 21 
900 22 160 2 
900 23 2 3 44 
900 24 3 4 6 
900 26 3 10 11 4 
900 27 14 6 13 238 117 
900 28 120 134 6 30 167 
900 29 0 1 3 4 6 7 9 202 11 12 13 14 84 10 
900 30 
900 31 160 129 3 6 167 236 202 12 13 14 44 18 84 117 9 56 
900 32 8 10 3 
900 33 8 2 
900 34 3 4 6 7 10 11 13 270 112 18 
900 35 210 18 13 
900 36 3 44 10 11 12 13 112 
900 37 274 4 
900 38 0 1 18 19 7 
900 39 4 2 36 79 
900 40 9 274 
900 41 3 4 6 7 8 10 11 270 
900 42 2 270 
900 43 0 1 3 4 6 7 202 11 12 13 14 270 10 
900 44 
900 46 2 3 
900 47 14 6 13 238 117 
900 48 0 1 181 6 
900 49 274 134 
900 50 10 3 4 
900 51 2 10 
900 52 10 3 4 6 
900 53 274 85 
900 54 16 8 5 158 
900 55 0 3 4 6 8 10 
900 56 
900 57 0 1 5 9 15 16 17 20 158 
900 58 274 3 
900 59 0 1 5 7 17 20 
900 60 2 4 
900 61 0 1 3 4 202 12 13 14 10 
900 62 16 0 8 6 15 
900 63 0 1 2 3 4 202 11 12 13 
900 64 3 4 7 
900 65 0 19 7 
900 66 8 2 
900 67 2 181 
900 69 
900 70 0 2 5 8 9 15 
900 71 0 10 3 
900 72 0 1 4 5 9 15 20 
900 74 0 5 8 9 15 20 
900 75 3 4 6 9 10 11 12 13 84 
900 76 10 3 4 7 
900 78 129 4 5 7 210 21 30 
900 79 2 6 12 238 84 120 
900 80 0 1 5 8 9 15 20 
900 81 0 1 134 9 
900 82 3 136 44 10 11 12 238 112 14 
900 84 
900 85 3 36 44 10 11 12 13 112 254 
900 86 274 181 
900 87 0 2 
900 88 0 2 
900 89 0 1 3 4 6 7 9 202 11 12 13 14 112 18 84 270 56 160 10 
900 90 4 5 7 11 44 210 
900 91 16 2 
900 92 2 14 
900 93 0 1 3 4 202 12 13 14 10 
900 94 0 1 3 4 6 7 9 10 11 12 19 84 
900 95 0 1 5 8 15 16 
900 96 2 13 
900 98 
900 99 16 160 20 5 8 
900 100 10 3 4 
900 101 19 13 6 
900 102 10 3 4 7 
900 103 14 13 238 
900 105 274 2 
900 106 12 14 6 
900 107 2 158 
900 108 0 8 5 7 
900 109 17 18 21 6 7 
900 110 2 7 
900 111 0 1 3 4 6 7 9 10 11 12 19 84 
900 112 
900 113 9 2 
900 114 2 7 
900 115 16 20 5 158 
900 116 2 270 
900 117 
900 118 2 7 
900 119 79 85 254 191 
900 120 
900 123 0 5 8 9 15 20 
900 124 0 1 5 8 17 158 
900 125 0 1 5 9 15 20 
900 126 0 1 3 4 6 7 9 202 11 12 13 14 84 270 10 
900 127 2 6 
900 128 0 1 98 5 8 9 15 16 17 85 
900 129 236 21 
900 130 2 3 181 
900 132 2 10 
900 133 2 12 
900 134 136 0 
900 135 2 5 
900 136 
900 138 0 1 98 5 7 8 17 
900 139 2 5 
900 140 120 134 6 30 167 
900 141 0 1 5 8 236 15 17 20 
900 142 10 3 6 
900 143 2 14 
900 144 0 10 3 
900 145 2 6 7 
900 146 9 2 
900 147 210 2 
900 148 0 1 5 9 16 17 18 19 
900 149 2 5 
900 150 0 1 134 9 
900 151 181 274 21 117 
900 153 0 1 134 
900 154 0 1 98 5 8 15 17 19 
900 155 3 136 44 10 11 12 238 79 112 14 254 
900 156 18 11 14 
900 157 0 1 3 4 5 134 129 9 202 12 13 14 
900 158 
900 159 236 167 
900 160 
900 162 0 129 12 6 134 
900 163 274 4 
900 164 2 3 
900 165 1 2 
900 166 1 4 7 11 112 19 21 
900 167 
900 168 0 20 5 
900 169 0 1 5 9 15 16 17 20 158 
900 170 2 13 
900 171 3 4 6 10 11 270 84 
900 172 8 20 5 
900 173 10 3 4 6 
900 174 2 158 
900 175 3 4 6 7 8 10 11 270 
900 177 3 2 11 4 13 
900 178 120 6 14 181 
900 179 0 1 3 4 6 7 9 10 11 12 19 84 
900 180 3 4 6 7 10 11 13 270 112 18 
900 181 
900 182 1 17 18 21 120 158 
900 183 0 3 4 6 8 10 
900 184 0 5 8 9 15 16 
900 185 0 1 3 5 134 129 9 12 13 238 15 
900 187 0 1 7 17 18 19 
900 189 2 3 
900 191 3 136 44 10 11 12 238 79 112 14 254 
900 192 0 2 5 15 
900 195 0 1 5 8 15 16 
900 196 2 12 18 15 
900 197 0 1 2 3 4 6 7 9 202 11 12 13 14 112 18 84 270 10 
900 198 2 11 
900 201 0 9 5 158 
900 202 
900 203 210 2 
900 204 210 2 
900 205 19 3 5 15 
900 206 1 4 7 11 112 19 21 
900 207 274 44 
900 208 202 2 
900 209 1 3 117 
900 210 117 5 
900 211 120 1 21 158 17 
900 212 120 6 14 181 
900 213 0 1 3 4 202 12 13 14 10 
900 214 2 10 
900 215 0 1 19 7 
900 216 3 134 167 
900 217 10 3 6 
900 218 2 14 
900 219 16 1 5 8 
900 220 0 1 98 18 7 
900 221 129 5 21 4 7 
900 222 36 85 191 
900 223 0 20 5 
900 224 0 1 5 9 236 15 16 17 19 20 
900 225 0 5 8 9 15 20 
900 226 160 8 98 9 
900 227 0 69 236 202 12 15 18 19 117 120 5 
900 228 0 1 4 5 8 9 15 20 
900 229 274 84 
900 230 129 3 4 6 7 9 10 11 12 13 14 18 160 167 44 56 202 84 270 236 112 117 
900 231 210 4 21 7 
900 232 2 7 
900 233 8 181 13 6 5 
900 234 2 11 
900 235 0 1 98 5 7 8 17 
900 236 16 5 
900 237 0 1 5 9 15 16 17 158 
900 238 
900 239 120 2 
900 240 129 3 9 44 13 238 
900 241 129 3 13 238 210 21 120 
900 242 181 210 2 134 167 
900 243 36 85 191 
900 244 1 11 4 
900 245 3 4 7 9 13 14 19 
900 246 18 3 4 6 7 
900 247 10 3 4 
900 248 0 2 
900 249 8 2 
900 250 98 1 2 3 21 
900 251 1 18 21 
900 252 0 1 69 6 7 18 
900 253 0 1 5 8 9 17 19 20 
900 254 
900 255 3 4 6 
900 256 274 6 
900 257 160 2 181 
900 258 0 1 5 8 9 236 15 16 17 19 
900 259 1 18 21 15 
900 260 0 9 6 15 
900 262 2 44 
900 263 0 1 98 5 8 9 11 15 16 17 158 
900 264 16 2 
900 265 16 1 8 
900 266 210 4 7 
900 267 16 8 20 5 
900 268 0 1 98 5 7 8 9 15 16 17 
900 269 0 1 3 4 7 9 10 11 12 14 84 270 56 
900 270 
900 271 0 1 98 69 18 19 21 
900 272 0 1 3 4 14 
900 273 274 2 
900 274 
900 275 120 11 6 
900 276 10 3 4 6 
900 277 16 2 
900 278 0 5 11 12 15 16 18 84 
900 279 0 1 98 5 7 8 17 
900 280 210 4 7 
900 281 0 1 3 4 14 
900 282 136 4 238 
900 283 0 1 5 8 15 21 
900 286 3 134 167 
900 287 2 3 6 
900 288 2 3 
900 289 2 4 
900 291 0 1 2 3 4 7 9 10 11 12 14 84 270 
900 292 2 3 
900 293 4 6 167 
900 294 0 69 236 12 15 18 19 117 120 5 
900 295 274 21 
900 296 274 158 
900 297 129 4 5 7 210 21 30 
900 298 2 270 
900 299 210 4 21 7 
1800 0 1 98 5 17 
1800 1 0 6 15 
1800 2 8 9 
1800 3 
1800 4 1 5 
1800 5 
1800 6 16 8 
1800 7 0 9 
1800 8 0 5 158 
1800 9 0 1 98 5 129 8 17 
1800 10 1 5 
1800 11 0 1 5 8 16 20 
1800 12 0 14 
1800 13 202 20 
1800 14 4 12 
1800 15 16 7 
1800 16 160 1 
1800 17 16 8 21 
1800 18 
1800 19 
1800 20 
1800 21 
1800 22 160 2 
1800 23 2 3 44 
1800 24 3 4 6 
1800 26 3 10 11 4 
1800 27 14 6 13 238 117 
1800 28 120 134 6 30 167 
1800 29 0 1 3 4 6 7 9 202 11 12 13 14 84 10 
1800 30 
1800 31 160 129 3 6 167 236 202 12 13 14 44 18 84 117 9 56 
1800 32 8 10 3 
1800 33 8 2 
1800 34 3 4 6 7 10 11 13 270 112 18 
1800 35 210 18 13 
1800 36 3 44 10 11 12 13 112 
1800 37 274 4 
1800 38 0 1 18 19 7 
1800 39 4 2 36 79 
1800 40 9 274 
1800 41 3 4 6 7 8 10 11 270 
1800 42 2 270 
1800 43 0 1 3 4 6 7 202 11 12 13 14 270 10 
1800 44 
1800 46 2 3 
1800 47 14 6 13 238 117 
1800 48 0 1 181 6 
1800 49 274 134 
1800 50 10 3 4 
1800 51 2 10 
1800 52 10 3 4 6 
1800 53 274 85 
1800 55 0 3 4 6 8 10 
1800 56 
1800 57 0 1 5 9 15 16 17 20 158 
1800 58 274 3 
1800 59 0 1 5 7 17 20 
1800 60 2 4 
1800 61 0 1 3 4 202 12 13 14 10 
1800 62 16 0 8 6 15 
1800 63 0 1 2 3 4 202 11 12 13 
1800 64 3 4 7 
1800 65 0 19 7 
1800 66 8 2 
1800 67 2 181 
1800 69 
1800 70 0 2 5 8 9 15 
1800 71 0 10 3 
1800 72 0 1 4 5 9 15 20 
1800 74 0 5 8 9 15 20 
1800 75 3 4 6 9 10 11 12 13 84 
1800 76 10 3 4 7 
1800 78 129 4 5 7 210 21 30 
1800 79 2 6 12 238 84 120 
1800 80 0 1 5 8 9 15 20 
1800 81 0 1 134 9 
1800 82 3 136 44 10 11 12 238 112 14 
1800 84 
1800 85 3 36 44 10 11 12 13 112 
1800 86 274 181 
1800 87 0 2 
1800 88 0 2 
1800 89 0 1 3 4 6 7 9 202 11 12 13 14 112 18 84 270 56 160 10 
1800 90 4 5 7 11 44 210 
1800 92 2 14 
1800 93 0 1 3 4 202 12 13 14 10 
1800 94 0 1 3 4 6 7 9 10 11 12 19 84 
1800 95 0 1 5 8 15 16 
1800 96 2 13 
1800 98 
1800 99 16 160 20 5 8 
1800 100 10 3 4 
1800 101 19 13 6 
1800 102 10 3 4 7 
1800 105 274 2 
1800 106 12 14 6 
1800 107 2 158 
1800 108 0 8 5 7 
1800 109 17 18 21 6 7 
1800 111 0 1 3 4 6 7 9 10 11 12 19 84 
1800 112 
1800 113 9 2 
1800 114 2 7 
1800 115 16 20 5 158 
1800 116 2 270 
1800 117 
1800 118 2 7 
1800 119 79 85 191 
1800 120 
1800 123 0 5 8 9 15 20 
1800 124 0 1 5 8 17 158 
1800 125 0 1 5 9 15 20 
1800 126 0 1 3 4 6 7 9 202 11 12 13 14 84 270 10 
1800 127 2 6 
1800 128 0 1 98 5 8 9 15 16 17 85 
1800 129 236 21 
1800 130 2 3 181 
1800 132 2 10 
1800 133 2 12 
1800 134 136 0 
1800 135 2 5 
1800 136 
1800 138 0 1 98 5 7 8 17 
1800 139 2 5 
1800 140 120 134 6 30 167 
1800 141 0 1 5 8 236 15 17 20 
1800 142 10 3 6 
1800 143 2 14 
1800 144 0 10 3 
1800 145 2 6 7 
1800 146 9 2 
1800 147 210 2 
1800 148 0 1 5 9 16 17 18 19 
1800 149 2 5 
1800 150 0 1 134 9 
1800 151 181 274 21 117 
1800 153 0 1 134 
1800 154 0 1 98 5 8 15 17 19 
1800 155 3 136 44 10 11 12 238 79 112 14 
1800 156 18 11 14 
1800 157 0 1 3 4 5 134 129 9 202 12 13 14 
1800 158 
1800 159 236 167 
1800 160 
1800 162 0 129 12 6 134 
1800 163 274 4 
1800 164 2 3 
1800 165 1 2 
1800 166 1 4 7 11 112 19 21 
1800 167 
1800 168 0 20 5 
1800 169 0 1 5 9 15 16 17 20 158 
1800 170 2 13 
1800 171 3 4 6 10 11 270 84 
1800 172 8 20 5 
1800 173 10 3 4 6 
1800 174 2 158 
1800 175 3 4 6 7 8 10 11 270 
1800 177 3 2 11 4 13 
1800 178 120 6 14 181 
1800 179 0 1 3 4 6 7 9 10 11 12 19 84 
1800 180 3 4 6 7 10 11 13 270 112 18 
1800 181 
1800 182 1 17 18 21 120 158 
1800 183 0 3 4 6 8 10 
1800 184 0 5 8 9 15 16 
1800 185 0 1 3 5 134 129 9 12 13 238 15 
1800 187 0 1 7 17 18 19 
1800 189 2 3 
1800 191 3 136 44 10 11 12 238 79 112 14 
1800 192 0 2 5 15 
1800 195 0 1 5 8 15 16 
1800 196 2 12 18 15 
1800 197 0 1 2 3 4 6 7 9 202 11 12 13 14 112 18 84 270 10 
1800 198 2 11 
1800 201 0 9 5 158 
1800 202 
1800 203 210 2 
1800 204 210 2 
1800 205 19 3 5 15 
1800 207 274 44 
1800 208 202 2 
1800 209 1 3 117 
1800 210 117 5 
1800 211 120 1 21 158 17 
1800 212 120 6 14 181 
1800 213 0 1 3 4 202 12 13 14 10 
1800 214 2 10 
1800 215 0 1 19 7 
1800 216 3 134 167 
1800 217 10 3 6 
1800 218 2 14 
1800 219 16 1 5 8 
1800 220 0 1 98 18 7 
1800 221 129 5 21 4 7 
1800 222 36 85 191 
1800 223 0 20 5 
1800 224 0 1 5 9 236 15 16 17 19 20 
1800 225 0 5 8 9 15 20 
1800 226 160 8 98 9 
1800 228 0 1 4 5 8 9 15 20 
1800 229 274 84 
1800 230 129 3 4 6 7 9 10 11 12 13 14 18 160 167 44 56 202 84 270 236 112 117 
1800 232 2 7 
1800 233 8 181 13 6 5 
1800 234 2 11 
1800 235 0 1 98 5 7 8 17 
1800 236 16 5 
1800 237 0 1 5 9 15 16 17 158 
1800 238 
1800 239 120 2 
1800 240 129 3 9 44 13 238 
1800 241 129 3 13 238 210 21 120 
1800 242 181 210 2 134 167 
1800 243 36 85 191 
1800 244 1 11 4 
1800 245 3 4 7 9 13 14 19 
1800 246 18 3 4 6 7 
1800 247 10 3 4 
1800 248 0 2 
1800 249 8 2 
1800 250 98 1 2 3 21 
1800 252 0 1 69 6 7 18 
1800 253 0 1 5 8 9 17 19 20 
1800 255 3 4 6 
1800 256 274 6 
1800 257 160 2 181 
1800 258 0 1 5 8 9 236 15 16 17 19 
1800 259 1 18 21 15 
1800 260 0 9 6 15 
1800 262 2 44 
1800 263 0 1 98 5 8 9 11 15 16 17 158 
1800 264 16 2 
1800 265 16 1 8 
1800 267 16 8 20 5 
1800 268 0 1 98 5 7 8 9 15 16 17 
1800 269 0 1 3 4 7 9 10 11 12 14 84 270 56 
1800 270 
1800 272 0 1 3 4 14 
1800 273 274 2 
1800 274 
1800 276 10 3 4 6 
1800 277 16 2 
1800 278 0 5 11 12 15 16 18 84 
1800 279 0 1 98 5 7 8 17 
1800 280 210 4 7 
1800 281 0 1 3 4 14 
1800 283 0 1 5 8 15 21 
1800 286 3 134 167 
1800 287 2 3 6 
1800 288 2 3 
1800 289 2 4 
1800 291 0 1 2 3 4 7 9 10 11 12 14 84 270 
1800 292 2 3 
1800 293 4 6 167 
1800 294 0 69 236 12 15 18 19 117 120 5 
1800 295 274 21 
1800 296 274 158 
1800 297 129 4 5 7 210 21 30 
1800 298 2 270 
1800 299 210 4 21 7 
2700 0 1 98 5 17 
2700 1 0 6 15 
2700 2 8 9 
2700 3 
2700 4 1 5 
2700 5 
2700 6 16 8 
2700 7 0 9 
2700 8 0 5 158 
2700 9 0 1 98 5 129 8 17 
2700 10 1 5 
2700 11 0 1 5 8 16 20 
2700 12 0 14 
2700 13 202 20 
2700 14 4 12 
2700 15 16 7 
2700 16 1 
2700 17 16 8 21 
2700 18 
2700 19 
2700 20 
2700 21 
2700 22 2 
2700 23 2 3 
2700 24 3 4 6 
2700 26 3 10 11 4 
2700 27 14 6 13 238 117 
2700 28 120 134 6 30 167 
2700 29 0 1 3 4 6 7 9 202 11 12 13 14 84 10 
2700 30 
2700 31 129 3 6 167 236 202 12 13 14 18 84 117 9 56 
2700 33 8 2 
2700 34 3 4 6 7 10 11 13 270 112 18 
2700 35 210 18 13 
2700 36 3 10 11 12 13 112 
2700 37 274 4 
2700 38 0 1 18 19 7 
2700 39 4 2 36 79 
2700 40 9 274 
2700 41 3 4 6 7 8 10 11 270 
2700 42 2 270 
2700 43 0 1 3 4 6 7 202 11 12 13 14 270 10 
2700 46 2 3 
2700 47 14 6 13 238 117 
2700 48 0 1 181 6 
2700 49 274 134 
2700 50 10 3 4 
2700 51 2 10 
2700 52 10 3 4 6 
2700 53 274 85 
2700 55 0 3 4 6 8 10 
2700 56 
2700 57 0 1 5 9 15 16 17 20 158 
2700 58 274 3 
2700 59 0 1 5 7 17 20 
2700 60 2 4 
2700 62 16 0 8 6 15 
2700 63 0 1 2 3 4 202 11 12 13 
2700 64 3 4 7 
2700 65 0 19 7 
2700 66 8 2 
2700 67 2 181 
2700 69 
2700 70 0 2 5 8 9 15 
2700 71 0 10 3 
2700 74 0 5 8 9 15 20 
2700 75 3 4 6 9 10 11 12 13 84 
2700 76 10 3 4 7 
2700 78 129 4 5 7 210 21 30 
2700 79 2 6 12 238 84 120 
2700 80 0 1 5 8 9 15 20 
2700 81 0 1 134 9 
2700 82 3 136 10 11 12 238 112 14 
2700 84 
2700 85 3 36 10 11 12 13 112 
2700 86 274 181 
2700 87 0 2 
2700 88 0 2 
2700 89 0 1 3 4 6 7 9 202 11 12 13 14 112 18 84 270 56 10 
2700 90 210 11 4 5 7 
2700 92 2 14 
2700 93 0 1 3 4 202 12 13 14 10 
2700 94 0 1 3 4 6 7 9 10 11 12 19 84 
2700 95 0 1 5 8 15 16 
2700 98 
2700 99 16 8 20 5 
2700 100 10 3 4 
2700 101 19 13 6 
2700 102 10 3 4 7 
2700 105 274 2 
2700 106 12 14 6 
2700 107 2 158 
2700 108 0 8 5 7 
2700 109 17 18 21 6 7 
2700 111 0 1 3 4 6 7 9 10 11 12 19 84 
2700 112 
2700 113 9 2 
2700 114 2 7 
2700 115 16 20 5 158 
2700 116 2 270 
2700 117 
2700 118 2 7 
2700 119 79 85 191 
2700 120 
2700 123 0 5 8 9 15 20 
2700 124 0 1 5 8 17 158 
2700 125 0 1 5 9 15 20 
2700 126 0 1 3 4 6 7 9 202 11 12 13 14 84 270 10 
2700 127 2 6 
2700 128 0 1 98 5 8 9 15 16 17 85 
2700 129 236 21 
2700 130 2 3 181 
2700 132 2 10 
2700 133 2 12 
2700 134 136 0 
2700 136 
2700 138 0 1 98 5 7 8 17 
2700 139 2 5 
2700 140 120 134 6 30 167 
2700 141 0 1 5 8 236 15 17 20 
2700 142 10 3 6 
2700 143 2 14 
2700 144 0 10 3 
2700 145 2 6 7 
2700 146 9 2 
2700 147 210 2 
2700 148 0 1 5 9 16 17 18 19 
2700 149 2 5 
2700 150 0 1 134 9 
2700 151 181 274 21 117 
2700 153 0 1 134 
2700 154 0 1 98 5 8 15 17 19 
2700 155 3 136 10 11 12 238 79 112 14 
2700 156 18 11 14 
2700 157 0 1 3 4 5 134 129 9 202 12 13 14 
2700 158 
2700 159 236 167 
2700 162 0 129 12 6 134 
2700 163 274 4 
2700 164 2 3 
2700 165 1 2 
2700 166 1 4 7 11 112 19 21 
2700 167 
2700 168 0 20 5 
2700 169 0 1 5 9 15 16 17 20 158 
2700 170 2 13 
2700 171 3 4 6 10 11 270 84 
2700 172 8 20 5 
2700 173 10 3 4 6 
2700 174 2 158 
2700 175 3 4 6 7 8 10 11 270 
2700 177 3 2 11 4 13 
2700 178 120 6 14 181 
2700 179 0 1 3 4 6 7 9 10 11 12 19 84 
2700 180 3 4 6 7 10 11 13 270 112 18 
2700 181 
2700 182 1 17 18 21 120 158 
2700 183 0 3 4 6 8 10 
2700 184 0 5 8 9 15 16 
2700 185 0 1 3 5 134 129 9 12 13 238 15 
2700 187 0 1 7 17 18 19 
2700 189 2 3 
2700 191 3 136 10 11 12 238 79 112 14 
2700 195 0 1 5 8 15 16 
2700 196 2 12 18 15 
2700 197 0 1 2 3 4 6 7 9 202 11 12 13 14 112 18 84 270 10 
2700 198 2 11 
2700 201 0 9 5 158 
2700 202 
2700 203 210 2 
2700 204 210 2 
2700 205 19 3 5 15 
2700 207 274 
2700 208 202 2 
2700 209 1 3 117 
2700 210 117 5 
2700 211 120 1 21 158 17 
2700 212 120 6 14 181 
2700 213 0 1 3 4 202 12 13 14 10 
2700 214 2 10 
2700 215 0 1 19 7 
2700 216 3 134 167 
2700 217 10 3 6 
2700 218 2 14 
2700 219 16 1 5 8 
2700 220 0 1 98 18 7 
2700 221 129 5 21 4 7 
2700 222 36 85 191 
2700 224 0 1 5 9 236 15 16 17 19 20 
2700 225 0 5 8 9 15 20 
2700 226 8 9 98 
2700 228 0 1 4 5 8 9 15 20 
2700 229 274 84 
2700 230 129 3 4 6 7 270 236 202 11 12 13 14 112 18 84 117 9 56 167 10 
2700 232 2 7 
2700 233 8 181 13 6 5 
2700 234 2 11 
2700 235 0 1 98 5 7 8 17 
2700 236 16 5 
2700 237 0 1 5 9 15 16 17 158 
2700 238 
2700 239 120 2 
2700 240 129 3 13 238 9 
2700 241 129 3 13 238 210 21 120 
2700 242 181 210 2 134 167 
2700 243 36 85 191 
2700 244 1 11 4 
2700 245 3 4 7 9 13 14 19 
2700 246 18 3 4 6 7 
2700 247 10 3 4 
2700 249 8 2 
2700 250 98 1 2 3 21 
2700 252 0 1 69 6 7 18 
2700 253 0 1 5 8 9 17 19 20 
2700 255 3 4 6 
2700 256 274 6 
2700 258 0 1 5 8 9 236 15 16 17 19 
2700 259 1 18 21 15 
2700 260 0 9 6 15 
2700 262 2 
2700 263 0 1 98 5 8 9 11 15 16 17 158 
2700 264 16 2 
2700 265 16 1 8 
2700 267 16 8 20 5 
2700 268 0 1 98 5 7 8 9 15 16 17 
2700 269 0 1 3 4 7 9 10 11 12 14 84 270 56 
2700 270 
2700 272 0 1 3 4 14 
2700 273 274 2 
2700 274 
2700 277 16 2 
2700 278 0 5 11 12 15 16 18 84 
2700 279 0 1 98 5 7 8 17 
2700 280 210 4 7 
2700 281 0 1 3 4 14 
2700 283 0 1 5 8 15 21 
2700 286 3 134 167 
2700 287 2 3 6 
2700 288 2 3 
2700 289 2 4 
2700 291 0 1 2 3 4 7 9 10 11 12 14 84 270 
2700 292 2 3 
2700 293 4 6 167 
2700 294 0 69 236 12 15 18 19 117 120 5 
2700 296 274 158 
2700 297 129 4 5 7 210 21 30 
2700 298 2 270 
2700 299 210 4 21 7 
3600 0 1 98 5 17 
3600 1 0 6 15 
3600 2 8 9 
3600 3 
3600 4 1 5 
3600 5 
3600 6 16 8 
3600 7 0 9 
3600 8 0 5 158 
3600 9 0 1 98 5 129 8 17 
3600 10 1 5 
3600 11 0 1 5 8 16 20 
3600 12 0 14 
3600 13 202 20 
3600 14 4 12 
3600 15 16 7 
3600 16 1 
3600 17 16 8 21 
3600 18 
3600 19 
3600 20 
3600 21 
3600 22 2 
3600 23 2 3 
3600 24 3 4 6 
3600 26 3 10 11 4 
3600 27 14 6 13 238 
3600 28 120 6 30 167 
3600 29 0 1 3 4 6 7 9 202 11 12 13 14 84 10 
3600 30 
3600 31 129 3 6 167 236 202 12 13 14 18 84 9 56 
3600 33 8 2 
3600 34 3 4 6 7 10 11 13 112 18 
3600 37 274 4 
3600 38 0 1 18 19 7 
3600 39 2 4 79 
3600 40 9 274 
3600 41 3 4 6 7 8 10 11 
3600 42 2 
3600 43 0 1 3 4 6 7 202 11 12 13 14 10 
3600 46 2 3 
3600 47 14 6 13 238 
3600 48 0 1 181 6 
3600 49 274 
3600 50 10 3 4 
3600 51 2 10 
3600 52 10 3 4 6 
3600 53 274 85 
3600 55 0 3 4 6 8 10 
3600 56 
3600 57 0 1 5 9 15 16 17 20 158 
3600 58 274 3 
3600 59 0 1 5 7 17 20 
3600 60 2 4 
3600 62 16 0 8 6 15 
3600 63 0 1 2 3 4 202 11 12 13 
3600 64 3 4 7 
3600 65 0 19 7 
3600 66 8 2 
3600 67 2 181 
3600 69 
3600 70 0 2 5 8 9 15 
3600 71 0 10 3 
3600 74 0 5 8 9 15 20 
3600 75 3 4 6 9 10 11 12 13 84 
3600 78 129 4 5 7 21 30 
3600 79 2 6 12 238 84 120 
3600 81 0 1 9 
3600 82 3 136 10 11 12 238 112 14 
3600 84 
3600 85 3 10 11 12 13 112 
3600 86 274 181 
3600 87 0 2 
3600 88 0 2 
3600 89 0 1 3 4 6 7 9 202 11 12 13 14 112 18 84 56 10 
3600 90 11 4 5 7 
3600 92 2 14 
3600 93 0 1 3 4 202 12 13 14 10 
3600 94 0 1 3 4 6 7 9 10 11 12 19 84 
3600 95 0 1 5 8 15 16 
3600 98 
3600 99 16 8 20 5 
3600 100 10 3 4 
3600 101 19 13 6 
3600 105 274 2 
3600 106 12 14 6 
3600 107 2 158 
3600 108 0 8 5 7 
3600 109 17 18 21 6 7 
3600 111 0 1 3 4 6 7 9 10 11 12 19 84 
3600 112 
3600 113 9 2 
3600 114 2 7 
3600 115 16 20 5 158 
3600 116 2 
3600 118 2 7 
3600 119 79 85 191 
3600 120 
3600 123 0 5 8 9 15 20 
3600 124 0 1 5 8 17 158 
3600 125 0 1 5 9 15 20 
3600 126 0 1 3 4 6 7 9 202 11 12 13 14 84 10 
3600 127 2 6 
3600 128 0 1 98 5 8 9 15 16 17 85 
3600 129 236 21 
3600 130 2 3 181 
3600 132 2 10 
3600 133 2 12 
3600 136 
3600 138 0 1 98 5 7 8 17 
3600 139 2 5 
3600 140 120 6 30 167 
3600 141 0 1 5 8 236 15 17 20 
3600 142 10 3 6 
3600 143 2 14 
3600 144 0 10 3 
3600 145 2 6 7 
3600 146 9 2 
3600 147 2 
3600 148 0 1 5 9 16 17 18 19 
3600 149 2 5 
3600 150 0 1 9 
3600 151 274 21 181 
3600 153 0 1 
3600 154 0 1 98 5 8 15 17 19 
3600 155 3 136 10 11 12 238 79 112 14 
3600 156 18 11 14 
3600 157 0 1 3 4 5 129 9 202 12 13 14 
3600 158 
3600 159 236 167 
3600 162 0 129 12 6 
3600 163 274 4 
3600 164 2 3 
3600 165 1 2 
3600 166 1 4 7 11 112 19 21 
3600 167 
3600 168 0 20 5 
3600 170 2 13 
3600 171 3 4 6 10 11 84 
3600 172 8 20 5 
3600 173 10 3 4 6 
3600 174 2 158 
3600 175 3 4 6 7 8 10 11 
3600 177 3 2 11 4 13 
3600 178 120 6 14 181 
3600 179 0 1 3 4 6 7 9 10 11 12 19 84 
3600 180 3 4 6 7 10 11 13 112 18 
3600 181 
3600 182 1 17 18 21 120 158 
3600 183 0 3 4 6 8 10 
3600 184 0 5 8 9 15 16 
3600 185 0 1 3 5 129 9 12 13 238 15 
3600 187 0 1 7 17 18 19 
3600 189 2 3 
3600 191 3 136 10 11 12 238 79 112 14 
3600 195 0 1 5 8 15 16 
3600 197 0 1 2 3 4 6 7 9 202 11 12 13 14 112 18 84 10 
3600 198 2 11 
3600 201 0 9 5 158 
3600 202 
3600 203 2 
3600 204 2 
3600 205 19 3 5 15 
3600 207 274 
3600 208 202 2 
3600 209 1 3 
3600 211 120 1 21 158 17 
3600 212 120 6 14 181 
3600 213 0 1 3 4 202 12 13 14 10 
3600 214 2 10 
3600 215 0 1 19 7 
3600 216 3 167 
3600 217 10 3 6 
3600 218 2 14 
3600 219 16 1 5 8 
3600 220 0 1 98 18 7 
3600 221 129 5 21 4 7 
3600 222 85 191 
3600 224 0 1 5 9 236 15 16 17 19 20 
3600 225 0 5 8 9 15 20 
3600 226 8 9 98 
3600 228 0 1 4 5 8 9 15 20 
3600 229 274 84 
3600 230 129 3 4 6 7 236 202 11 12 13 14 112 18 84 9 56 167 10 
3600 232 2 7 
3600 233 8 181 13 6 5 
3600 234 2 11 
3600 235 0 1 98 5 7 8 17 
3600 236 16 5 
3600 237 0 1 5 9 15 16 17 158 
3600 238 
3600 239 120 2 
3600 240 129 3 13 238 9 
3600 242 2 181 167 
3600 243 85 191 
3600 244 1 11 4 
3600 245 3 4 7 9 13 14 19 
3600 246 18 3 4 6 7 
3600 247 10 3 4 
3600 249 8 2 
3600 250 98 1 2 3 21 
3600 252 0 1 69 6 7 18 
3600 253 0 1 5 8 9 17 19 20 
3600 255 3 4 6 
3600 256 274 6 
3600 258 0 1 5 8 9 236 15 16 17 19 
3600 259 1 18 21 15 
3600 260 0 9 6 15 
3600 262 2 
3600 263 0 1 98 5 8 9 11 15 16 17 158 
3600 264 16 2 
3600 265 16 1 8 
3600 267 16 8 20 5 
3600 268 0 1 98 5 7 8 9 15 16 17 
3600 269 0 1 3 4 7 9 10 11 12 14 84 56 
3600 272 0 1 3 4 14 
3600 273 274 2 
3600 274 
3600 277 16 2 
3600 278 0 5 11 12 15 16 18 84 
3600 279 0 1 98 5 7 8 17 
3600 280 4 7 
3600 281 0 1 3 4 14 
3600 283 0 1 5 8 15 21 
3600 286 3 167 
3600 287 2 3 6 
3600 288 2 3 
3600 289 2 4 
3600 291 0 1 2 3 4 7 9 10 11 12 14 84 
3600 292 2 3 
3600 293 4 6 167 
3600 294 0 69 236 12 15 18 19 120 5 
3600 296 274 158 
3600 298 2 
3600 299 4 21 7 
4500 0 1 5 17 
4500 1 0 6 15 
4500 2 8 9 
4500 3 
4500 4 1 5 
4500 5 
4500 6 16 8 
4500 7 0 9 
4500 8 0 5 158 
4500 9 0 1 5 129 8 17 
4500 10 1 5 
4500 11 0 1 5 8 16 20 
4500 12 0 14 
4500 13 202 20 
4500 14 4 12 
4500 15 16 7 
4500 16 1 
4500 17 16 8 21 
4500 18 
4500 19 
4500 20 
4500 21 
4500 22 2 
4500 23 2 3 
4500 24 3 4 6 
4500 26 3 10 11 4 
4500 27 14 6 13 238 
4500 29 0 1 3 4 6 7 9 202 11 12 13 14 84 10 
4500 30 
4500 31 129 3 6 167 236 202 12 13 14 18 84 9 56 
4500 34 3 4 6 7 10 11 13 112 18 
4500 37 274 4 
4500 38 0 1 18 19 7 
4500 39 2 4 
4500 40 9 274 
4500 41 3 4 6 7 8 10 11 
4500 42 2 
4500 43 0 1 3 4 6 7 202 11 12 13 14 10 
4500 46 2 3 
4500 47 14 6 13 238 
4500 48 0 1 181 6 
4500 49 274 
4500 50 10 3 4 
4500 51 2 10 
4500 52 10 3 4 6 
4500 53 274 85 
4500 55 0 3 4 6 8 10 
4500 56 
4500 58 274 3 
4500 59 0 1 5 7 17 20 
4500 60 2 4 
4500 62 16 0 8 6 15 
4500 63 0 1 2 3 4 202 11 12 13 
4500 64 3 4 7 
4500 65 0 19 7 
4500 66 8 2 
4500 67 2 181 
4500 69 
4500 70 0 2 5 8 9 15 
4500 71 0 10 3 
4500 74 0 5 8 9 15 20 
4500 75 3 4 6 9 10 11 12 13 84 
4500 78 129 4 5 7 21 30 
4500 81 0 1 9 
4500 82 3 136 10 11 12 238 112 14 
4500 84 
4500 85 3 10 11 12 13 112 
4500 87 0 2 
4500 88 0 2 
4500 89 0 1 3 4 6 7 9 202 11 12 13 14 112 18 84 56 10 
4500 90 11 4 5 7 
4500 93 0 1 3 4 202 12 13 14 10 
4500 94 0 1 3 4 6 7 9 10 11 12 19 84 
4500 95 0 1 5 8 15 16 
4500 99 16 8 20 5 
4500 100 10 3 4 
4500 101 19 13 6 
4500 105 274 2 
4500 106 12 14 6 
4500 107 2 158 
4500 108 0 8 5 7 
4500 109 17 18 21 6 7 
4500 111 0 1 3 4 6 7 9 10 11 12 19 84 
4500 112 
4500 113 9 2 
4500 114 2 7 
4500 115 16 20 5 158 
4500 116 2 
4500 118 2 7 
4500 119 85 191 
4500 123 0 5 8 9 15 20 
4500 124 0 1 5 8 17 158 
4500 125 0 1 5 9 15 20 
4500 126 0 1 3 4 6 7 9 202 11 12 13 14 84 10 
4500 127 2 6 
4500 128 0 1 5 8 9 15 16 17 85 
4500 129 236 21 
4500 130 2 3 181 
4500 132 2 10 
4500 133 2 12 
4500 136 
4500 138 0 1 5 7 8 17 
4500 139 2 5 
4500 140 6 30 167 
4500 141 0 1 5 8 236 15 17 20 
4500 142 10 3 6 
4500 143 2 14 
4500 145 2 6 7 
4500 146 9 2 
4500 147 2 
4500 148 0 1 5 9 16 17 18 19 
4500 149 2 5 
4500 150 0 1 9 
4500 151 274 21 181 
4500 153 0 1 
4500 154 0 1 5 8 15 17 19 
4500 156 18 11 14 
4500 157 0 1 3 4 5 129 9 202 12 13 14 
4500 158 
4500 159 236 167 
4500 162 0 129 12 6 
4500 163 274 4 
4500 164 2 3 
4500 165 1 2 
4500 166 1 4 7 11 112 19 21 
4500 167 
4500 168 0 20 5 
4500 170 2 13 
4500 171 3 4 6 10 11 84 
4500 172 8 20 5 
4500 173 10 3 4 6 
4500 174 2 158 
4500 175 3 4 6 7 8 10 11 
4500 177 3 2 11 4 13 
4500 178 6 14 181 
4500 179 0 1 3 4 6 7 9 10 11 12 19 84 
4500 180 3 4 6 7 10 11 13 112 18 
4500 181 
4500 182 1 18 21 158 17 
4500 183 0 3 4 6 8 10 
4500 184 0 5 8 9 15 16 
4500 185 0 1 3 5 129 9 12 13 238 15 
4500 187 0 1 7 17 18 19 
4500 189 2 3 
4500 191 3 136 10 11 12 238 112 14 
4500 195 0 1 5 8 15 16 
4500 197 0 1 2 3 4 6 7 9 202 11 12 13 14 112 18 84 10 
4500 201 0 9 5 158 
4500 202 
4500 203 2 
4500 204 2 
4500 205 19 3 5 15 
4500 207 274 
4500 208 202 2 
4500 209 1 3 
4500 211 1 21 158 17 
4500 212 6 14 181 
4500 213 0 1 3 4 202 12 13 14 10 
4500 214 2 10 
4500 215 0 1 19 7 
4500 216 3 167 
4500 217 10 3 6 
4500 218 2 14 
4500 219 16 1 5 8 
4500 220 0 1 18 7 
4500 221 129 5 21 4 7 
4500 222 85 191 
4500 224 0 1 5 9 236 15 16 17 19 20 
4500 225 0 5 8 9 15 20 
4500 226 8 9 
4500 228 0 1 4 5 8 9 15 20 
4500 229 274 84 
4500 230 129 3 4 6 7 236 202 11 12 13 14 112 18 84 9 56 167 10 
4500 232 2 7 
4500 233 8 181 13 6 5 
4500 234 2 11 
4500 236 16 5 
4500 237 0 1 5 9 15 16 17 158 
4500 238 
4500 239 2 
4500 240 129 3 13 238 9 
4500 242 2 181 167 
4500 243 85 191 
4500 244 1 11 4 
4500 245 3 4 7 9 13 14 19 
4500 246 18 3 4 6 7 
4500 247 10 3 4 
4500 249 8 2 
4500 250 1 2 3 21 
4500 252 0 1 69 6 7 18 
4500 253 0 1 5 8 9 17 19 20 
4500 255 3 4 6 
4500 256 274 6 
4500 258 0 1 5 8 9 236 15 16 17 19 
4500 259 1 18 21 15 
4500 260 0 9 6 15 
4500 263 0 1 5 8 9 11 15 16 17 158 
4500 264 16 2 
4500 265 16 1 8 
4500 267 16 8 20 5 
4500 268 0 1 5 7 8 9 15 16 17 
4500 269 0 1 3 4 7 9 10 11 12 14 84 56 
4500 272 0 1 3 4 14 
4500 273 274 2 
4500 274 
4500 277 16 2 
4500 278 0 5 11 12 15 16 18 84 
4500 279 0 1 5 7 8 17 
4500 280 4 7 
4500 281 0 1 3 4 14 
4500 283 0 1 5 8 15 21 
4500 286 3 167 
4500 287 2 3 6 
4500 288 2 3 
4500 289 2 4 
4500 291 0 1 2 3 4 7 9 10 11 12 14 84 
4500 292 2 3 
4500 293 4 6 167 
4500 294 0 69 236 12 15 18 19 5 
4500 296 274 158 
4500 298 2 
4500 299 4 21 7 
5400 0 1 5 17 
5400 1 0 6 15 
5400 2 8 9 
5400 3 
5400 4 1 5 
5400 5 
5400 6 16 8 
5400 7 0 9 
5400 8 0 5 158 
5400 9 0 1 5 129 8 17 
5400 10 1 5 
5400 11 0 1 5 8 16 20 
5400 12 0 14 
5400 13 202 20 
5400 14 4 12 
5400 15 16 7 
5400 16 1 
5400 17 16 8 21 
5400 18 
5400 19 
5400 20 
5400 21 
5400 22 2 
5400 23 2 3 
5400 24 3 4 6 
5400 26 3 10 11 4 
5400 27 14 6 13 238 
5400 29 0 1 3 4 6 7 9 202 11 12 13 14 84 10 
5400 30 
5400 31 129 3 6 167 236 202 12 13 14 18 84 9 56 
5400 34 3 4 6 7 10 11 13 112 18 
5400 37 274 4 
5400 38 0 1 18 19 7 
5400 39 2 4 
5400 40 9 274 
5400 41 3 4 6 7 8 10 11 
5400 42 2 
5400 43 0 1 3 4 6 7 202 11 12 13 14 10 
5400 46 2 3 
5400 47 14 6 13 238 
5400 48 0 1 181 6 
5400 49 274 
5400 50 10 3 4 
5400 51 2 10 
5400 52 10 3 4 6 
5400 53 274 
5400 55 0 3 4 6 8 10 
5400 56 
5400 58 274 3 
5400 59 0 1 5 7 17 20 
5400 60 2 4 
5400 63 0 1 2 3 4 202 11 12 13 
5400 65 0 19 7 
5400 66 8 2 
5400 67 2 181 
5400 69 
5400 70 0 2 5 8 9 15 
5400 71 0 10 3 
5400 74 0 5 8 9 15 20 
5400 75 3 4 6 9 10 11 12 13 84 
5400 81 0 1 9 
5400 82 3 10 11 12 238 112 14 
5400 84 
5400 87 0 2 
5400 88 0 2 
5400 89 0 1 3 4 6 7 9 202 11 12 13 14 112 18 84 56 10 
5400 90 11 4 5 7 
5400 93 0 1 3 4 202 12 13 14 10 
5400 95 0 1 5 8 15 16 
5400 99 16 8 20 5 
5400 100 10 3 4 
5400 101 19 13 6 
5400 105 274 2 
5400 106 12 14 6 
5400 107 2 158 
5400 108 0 8 5 7 
5400 109 17 18 21 6 7 
5400 111 0 1 3 4 6 7 9 10 11 12 19 84 
5400 112 
5400 113 9 2 
5400 114 2 7 
5400 115 16 20 5 158 
5400 116 2 
5400 118 2 7 
5400 119 191 
5400 123 0 5 8 9 15 20 
5400 124 0 1 5 8 17 158 
5400 125 0 1 5 9 15 20 
5400 126 0 1 3 4 6 7 9 202 11 12 13 14 84 10 
5400 127 2 6 
5400 128 0 1 5 8 9 15 16 17 
5400 129 236 21 
5400 130 2 3 181 
5400 132 2 10 
5400 133 2 12 
5400 138 0 1 5 7 8 17 
5400 139 2 5 
5400 140 6 30 167 
5400 141 0 1 5 8 236 15 17 20 
5400 142 10 3 6 
5400 145 2 6 7 
5400 146 9 2 
5400 147 2 
5400 148 0 1 5 9 16 17 18 19 
5400 149 2 5 
5400 150 0 1 9 
5400 151 274 21 181 
5400 153 0 1 
5400 154 0 1 5 8 15 17 19 
5400 156 18 11 14 
5400 157 0 1 3 4 5 129 9 202 12 13 14 
5400 158 
5400 159 236 167 
5400 162 0 129 12 6 
5400 163 274 4 
5400 164 2 3 
5400 165 1 2 
5400 166 1 4 7 11 112 19 21 
5400 167 
5400 168 0 20 5 
5400 170 2 13 
5400 171 3 4 6 10 11 84 
5400 172 8 20 5 
5400 173 10 3 4 6 
5400 174 2 158 
5400 175 3 4 6 7 8 10 11 
5400 177 3 2 11 4 13 
5400 178 6 14 181 
5400 179 0 1 3 4 6 7 9 10 11 12 19 84 
5400 180 3 4 6 7 10 11 13 112 18 
5400 181 
5400 182 1 18 21 158 17 
5400 184 0 5 8 9 15 16 
5400 185 0 1 3 5 129 9 12 13 238 15 
5400 187 0 1 7 17 18 19 
5400 189 2 3 
5400 191 3 10 11 12 238 112 14 
5400 195 0 1 5 8 15 16 
5400 197 0 1 2 3 4 6 7 9 202 11 12 13 14 112 18 84 10 
5400 201 0 9 5 158 
5400 202 
5400 203 2 
5400 204 2 
5400 205 19 3 5 15 
5400 208 202 2 
5400 209 1 3 
5400 211 1 21 158 17 
5400 212 6 14 181 
5400 213 0 1 3 4 202 12 13 14 10 
5400 214 2 10 
5400 215 0 1 19 7 
5400 216 3 167 
5400 217 10 3 6 
5400 218 2 14 
5400 219 16 1 5 8 
5400 220 0 1 18 7 
5400 221 129 5 21 4 7 
5400 222 191 
5400 224 0 1 5 9 236 15 16 17 19 20 
5400 226 8 9 
5400 228 0 1 4 5 8 9 15 20 
5400 229 274 84 
5400 230 129 3 4 6 7 236 202 11 12 13 14 112 18 84 9 56 167 10 
5400 232 2 7 
5400 233 8 181 13 6 5 
5400 234 2 11 
5400 236 16 5 
5400 237 0 1 5 9 15 16 17 158 
5400 238 
5400 239 2 
5400 240 129 3 13 238 9 
5400 242 2 181 167 
5400 243 191 
5400 245 3 4 7 9 13 14 19 
5400 246 18 3 4 6 7 
5400 247 10 3 4 
5400 249 8 2 
5400 250 1 2 3 21 
5400 252 0 1 69 6 7 18 
5400 253 0 1 5 8 9 17 19 20 
5400 255 3 4 6 
5400 256 274 6 
5400 258 0 1 5 8 9 236 15 16 17 19 
5400 259 1 18 21 15 
5400 260 0 9 6 15 
5400 263 0 1 5 8 9 11 15 16 17 158 
5400 264 16 2 
5400 265 16 1 8 
5400 267 16 8 20 5 
5400 268 0 1 5 7 8 9 15 16 17 
5400 269 0 1 3 4 7 9 10 11 12 14 84 56 
5400 272 0 1 3 4 14 
5400 273 274 2 
5400 274 
5400 277 16 2 
5400 278 0 5 11 12 15 16 18 84 
5400 279 0 1 5 7 8 17 
5400 280 4 7 
5400 281 0 1 3 4 14 
5400 283 0 1 5 8 15 21 
5400 286 3 167 
5400 287 2 3 6 
5400 288 2 3 
5400 291 0 1 2 3 4 7 9 10 11 12 14 84 
5400 292 2 3 
5400 294 0 69 236 12 15 18 19 5 
5400 296 274 158 
5400 298 2 
5400 299 4 21 7 
6300 0 1 5 17 
6300 1 0 6 15 
6300 2 8 9 
6300 3 
6300 4 1 5 
6300 5 
6300 6 16 8 
6300 7 0 9 
6300 8 0 5 158 
6300 9 0 1 5 129 8 17 
6300 10 1 5 
6300 11 0 1 5 8 16 20 
6300 12 0 14 
6300 13 20 
6300 14 4 12 
6300 15 16 7 
6300 16 1 
6300 17 16 8 21 
6300 18 
6300 19 
6300 20 
6300 21 
6300 22 2 
6300 24 3 4 6 
6300 27 14 6 13 238 
6300 29 0 1 3 4 6 7 9 10 11 12 13 14 84 
6300 30 
6300 34 3 4 6 7 10 11 13 112 18 
6300 37 274 4 
6300 38 0 1 18 19 7 
6300 39 2 4 
6300 40 9 274 
6300 41 3 4 6 7 8 10 11 
6300 42 2 
6300 43 0 1 3 4 6 7 10 11 12 13 14 
6300 46 2 3 
6300 48 0 1 181 6 
6300 49 274 
6300 50 10 3 4 
6300 51 2 10 
6300 52 10 3 4 6 
6300 53 274 
6300 55 0 3 4 6 8 10 
6300 56 
6300 58 274 3 
6300 59 0 1 5 7 17 20 
6300 60 2 4 
6300 63 0 1 2 3 4 11 12 13 
6300 65 0 19 7 
6300 66 8 2 
6300 67 2 181 
6300 69 
6300 70 0 2 5 8 9 15 
6300 71 0 10 3 
6300 74 0 5 8 9 15 20 
6300 75 3 4 6 9 10 11 12 13 84 
6300 81 0 1 9 
6300 82 3 10 11 12 238 112 14 
6300 84 
6300 87 0 2 
6300 88 0 2 
6300 89 0 1 3 4 6 7 9 10 11 12 13 14 112 18 84 56 
6300 90 11 4 5 7 
6300 93 0 1 3 4 10 12 13 14 
6300 99 16 8 20 5 
6300 100 10 3 4 
6300 101 19 13 6 
6300 105 274 2 
6300 106 12 14 6 
6300 107 2 158 
6300 108 0 8 5 7 
6300 109 17 18 21 6 7 
6300 111 0 1 3 4 6 7 9 10 11 12 19 84 
6300 112 
6300 113 9 2 
6300 114 2 7 
6300 115 16 20 5 158 
6300 116 2 
6300 118 2 7 
6300 119 191 
6300 123 0 5 8 9 15 20 
6300 124 0 1 5 8 17 158 
6300 126 0 1 3 4 6 7 9 10 11 12 13 14 84 
6300 127 2 6 
6300 128 0 1 5 8 9 15 16 17 
6300 129 236 21 
6300 130 2 3 181 
6300 132 2 10 
6300 133 2 12 
6300 138 0 1 5 7 8 17 
6300 139 2 5 
6300 140 6 30 167 
6300 141 0 1 5 8 236 15 17 20 
6300 142 10 3 6 
6300 145 2 6 7 
6300 146 9 2 
6300 147 2 
6300 148 0 1 5 9 16 17 18 19 
6300 149 2 5 
6300 150 0 1 9 
6300 151 274 21 181 
6300 153 0 1 
6300 154 0 1 5 8 15 17 19 
6300 156 18 11 14 
6300 157 0 1 3 4 5 129 9 12 13 14 
6300 158 
6300 159 236 167 
6300 162 0 129 12 6 
6300 163 274 4 
6300 164 2 3 
6300 165 1 2 
6300 166 1 4 7 11 112 19 21 
6300 167 
6300 168 0 20 5 
6300 170 2 13 
6300 171 3 4 6 10 11 84 
6300 172 8 20 5 
6300 173 10 3 4 6 
6300 174 2 158 
6300 175 3 4 6 7 8 10 11 
6300 177 3 2 11 4 13 
6300 178 6 14 181 
6300 179 0 1 3 4 6 7 9 10 11 12 19 84 
6300 180 3 4 6 7 10 11 13 112 18 
6300 181 
6300 182 1 18 21 158 17 
6300 184 0 5 8 9 15 16 
6300 185 0 1 3 5 129 9 12 13 238 15 
6300 187 0 1 7 17 18 19 
6300 189 2 3 
6300 191 3 10 11 12 238 112 14 
6300 195 0 1 5 8 15 16 
6300 201 0 9 5 158 
6300 203 2 
6300 204 2 
6300 205 19 3 5 15 
6300 208 2 
6300 209 1 3 
6300 211 1 21 158 17 
6300 213 0 1 3 4 10 12 13 14 
6300 214 2 10 
6300 215 0 1 19 7 
6300 216 3 167 
6300 217 10 3 6 
6300 218 2 14 
6300 219 16 1 5 8 
6300 220 0 1 18 7 
6300 221 129 5 21 4 7 
6300 222 191 
6300 224 0 1 5 9 236 15 16 17 19 20 
6300 226 8 9 
6300 228 0 1 4 5 8 9 15 20 
6300 229 274 84 
6300 230 129 3 4 6 7 236 10 11 12 13 14 112 18 84 9 56 167 
6300 232 2 7 
6300 233 8 181 13 6 5 
6300 234 2 11 
6300 236 16 5 
6300 238 
6300 239 2 
6300 240 129 3 13 238 9 
6300 242 2 181 167 
6300 245 3 4 7 9 13 14 19 
6300 246 18 3 4 6 7 
6300 247 10 3 4 
6300 249 8 2 
6300 250 1 2 3 21 
6300 252 0 1 69 6 7 18 
6300 253 0 1 5 8 9 17 19 20 
6300 255 3 4 6 
6300 256 274 6 
6300 258 0 1 5 8 9 236 15 16 17 19 
6300 259 1 18 21 15 
6300 264 16 2 
6300 265 16 1 8 
6300 267 16 8 20 5 
6300 268 0 1 5 7 8 9 15 16 17 
6300 269 0 1 3 4 7 9 10 11 12 14 84 56 
6300 272 0 1 3 4 14 
6300 273 274 2 
6300 274 
6300 277 16 2 
6300 278 0 5 11 12 15 16 18 84 
6300 279 0 1 5 7 8 17 
6300 280 4 7 
6300 281 0 1 3 4 14 
6300 283 0 1 5 8 15 21 
6300 286 3 167 
6300 287 2 3 6 
6300 288 2 3 
6300 291 0 1 2 3 4 7 9 10 11 12 14 84 
6300 292 2 3 
6300 294 0 69 236 12 15 18 19 5 
6300 296 274 158 
6300 298 2 
6300 299 4 21 7 
