0 0 154 212 6 
0 1 148 292 212 
0 2 148 
0 3 107 292 38 
0 4 212 154 139 244 71 
0 5 
0 6 154 
0 7 56 154 139 220 5 
0 8 43 148 71 
0 9 24 216 38 
0 10 34 107 292 38 12 139 204 182 123 220 
0 11 148 
0 12 47 216 277 24 282 93 
0 13 193 216 277 24 282 93 
0 14 148 
0 15 148 
0 16 292 5 6 72 12 107 204 212 218 154 
0 17 24 107 292 
0 18 292 38 6 107 212 154 282 220 93 
0 19 34 38 204 138 12 185 282 
0 20 34 107 292 38 139 12 24 123 
0 21 64 242 71 148 223 
0 22 
0 23 148 
0 24 252 93 277 
0 26 167 138 173 182 185 282 93 
0 27 64 193 292 5 6 271 177 277 282 220 93 
0 28 34 38 46 271 212 277 185 223 
0 29 107 139 292 38 
0 30 148 
0 31 193 70 135 138 47 177 277 216 282 93 
0 32 148 
0 33 148 
0 34 177 
0 35 34 135 173 277 24 282 93 
0 36 193 47 177 277 282 93 
0 37 193 148 93 277 
0 38 282 277 
0 39 193 148 182 6 
0 40 34 139 292 38 6 107 12 212 154 282 123 220 93 
0 41 64 242 139 244 46 
0 42 6 139 12 271 22 154 34 292 38 170 43 177 182 56 70 204 212 218 220 107 242 123 
0 43 
0 44 148 
0 46 
0 47 
0 48 148 
0 49 34 292 38 
0 50 107 292 93 
0 51 148 71 
0 52 216 24 43 277 47 
0 53 148 78 
0 54 148 
0 55 193 70 6 167 138 212 277 182 56 244 93 
0 56 
0 57 193 135 47 177 277 216 282 252 93 
0 58 154 282 292 93 38 
0 59 193 34 135 173 177 277 24 282 216 93 
0 60 148 
0 61 148 
0 62 200 115 262 
0 63 139 292 38 6 107 12 177 22 220 
0 64 93 
0 65 34 38 223 
0 66 64 193 6 71 139 212 22 244 154 252 93 223 
0 67 154 220 5 
0 69 282 139 93 71 
0 70 277 
0 71 
0 72 
0 74 64 242 292 
0 75 200 115 262 
0 76 200 148 158 38 
0 77 204 139 292 38 
0 78 
0 79 148 
0 80 193 47 177 277 24 282 93 
0 81 148 
0 82 292 38 6 12 212 148 282 220 93 
0 84 24 277 47 
0 85 154 282 292 93 38 
0 86 148 292 71 
0 87 185 34 139 182 135 
0 88 193 135 177 277 216 282 252 93 
0 89 193 177 277 24 216 93 
0 90 38 71 139 277 24 220 
0 91 216 252 277 47 
0 92 78 
0 93 282 277 173 135 
0 94 148 
0 95 185 34 38 223 
0 96 216 24 282 277 
0 97 292 5 271 177 218 220 
0 98 193 177 135 12 173 216 277 24 282 252 93 
0 99 43 148 71 
0 100 135 244 182 185 282 252 
0 101 34 139 292 38 6 138 107 12 177 212 22 282 93 
0 102 148 78 
0 103 282 292 182 
0 105 148 
0 106 277 93 47 
0 107 277 
0 108 216 24 252 277 
0 109 34 38 204 138 12 185 282 
0 110 24 282 277 173 93 
0 111 72 5 38 
0 112 34 123 292 22 6 107 12 177 212 154 148 282 38 93 
0 113 193 138 292 277 
0 114 139 292 38 
0 115 292 166 6 200 12 107 204 218 220 
0 116 242 139 38 
0 117 64 177 282 93 
0 118 193 182 6 12 212 277 22 216 93 
0 119 148 292 220 38 12 
0 120 34 123 292 22 6 170 107 12 177 154 282 38 93 
0 121 34 292 5 38 271 212 220 
0 122 193 70 135 47 277 24 282 93 
0 123 
0 124 148 
0 125 135 277 24 282 252 93 
0 126 148 
0 127 12 107 292 38 
0 128 34 107 292 38 12 139 204 182 123 220 
0 129 148 
0 130 34 38 223 
0 132 148 71 
0 133 107 292 38 
0 134 193 177 148 277 24 93 
0 135 216 24 185 
0 136 193 70 135 138 177 277 24 282 216 93 
0 138 
0 139 216 24 
0 140 148 
0 141 78 
0 142 148 282 292 173 185 
0 143 107 139 292 38 
0 144 64 282 93 
0 145 34 139 148 
0 146 64 177 282 93 
0 147 34 107 292 38 139 12 24 123 
0 148 24 
0 149 292 5 271 244 185 220 223 
0 150 34 38 223 
0 151 148 
0 152 139 292 70 6 170 43 271 22 177 242 212 182 56 218 220 154 
0 153 277 93 47 
0 154 6 
0 155 64 242 292 
0 156 148 
0 157 64 292 38 6 271 177 212 277 154 282 220 93 
0 158 5 6 139 148 22 244 
0 159 64 5 138 139 244 212 
0 160 64 242 71 148 223 
0 161 148 
0 162 148 
0 163 244 282 252 185 135 
0 164 78 
0 165 292 38 6 107 212 154 282 220 93 
0 166 
0 167 
0 168 78 
0 169 43 148 
0 170 
0 171 148 139 292 
0 172 216 177 292 135 
0 173 
0 174 148 
0 175 154 139 6 
0 177 135 173 271 277 24 282 93 
0 178 107 292 38 
0 179 193 282 182 185 
0 180 139 292 38 107 12 22 123 
0 181 193 135 138 173 277 24 282 93 
0 182 
0 183 282 12 38 
0 184 193 47 177 277 24 93 
0 185 
0 186 34 138 282 93 
0 187 216 24 282 
0 189 56 282 292 
0 190 34 135 47 277 282 93 
0 191 148 
0 192 148 
0 193 216 34 
0 194 148 
0 195 216 193 139 93 24 
0 196 107 34 43 292 22 6 204 170 139 12 93 177 123 212 182 282 38 220 154 
0 197 78 
0 198 34 139 292 38 6 138 107 12 177 212 22 282 93 
0 199 34 135 138 277 24 282 93 
0 200 292 6 204 107 12 218 220 
0 201 135 138 177 277 182 216 282 93 
0 202 193 70 6 167 138 212 277 182 56 244 93 
0 203 34 107 292 38 
0 204 
0 205 139 292 38 
0 206 78 
0 207 193 47 177 277 24 93 
0 208 193 47 177 277 24 93 
0 209 148 
0 210 78 
0 211 56 154 139 220 5 
0 212 
0 213 185 282 182 
0 214 138 34 93 
0 215 107 139 292 
0 216 282 
0 217 34 135 173 277 24 282 93 
0 218 
0 219 34 139 292 22 6 107 12 177 123 212 154 282 38 220 93 
0 220 47 
0 221 24 139 220 277 71 
0 222 148 
0 223 56 
0 224 135 138 47 177 277 24 282 93 
0 225 34 139 292 22 6 12 107 204 177 123 212 154 282 38 220 93 
0 226 148 292 
0 227 193 38 47 177 277 24 282 93 
0 228 148 
0 229 262 115 166 158 
0 230 135 12 173 277 24 282 252 93 
0 231 193 139 93 177 
0 232 34 139 292 22 38 12 107 204 154 6 177 212 182 148 282 123 220 93 
0 233 148 
0 234 148 218 292 
0 235 34 135 173 277 24 282 93 
0 236 34 282 173 182 93 
0 237 282 138 34 93 182 
0 238 185 34 277 38 271 
0 239 292 6 204 107 12 218 220 
0 240 78 
0 241 148 
0 242 
0 243 148 
0 244 
0 245 34 107 292 38 
0 246 148 
0 247 138 139 38 
0 248 78 
0 249 107 292 93 
0 250 212 154 139 244 71 
0 251 148 
0 252 
0 253 138 139 220 
0 254 167 139 173 93 244 277 182 282 154 
0 255 216 24 277 47 
0 256 148 
0 257 193 135 47 177 277 216 282 252 93 
0 258 34 167 139 182 282 93 
0 259 34 38 46 271 212 277 185 223 
0 260 107 139 292 38 
0 262 292 5 6 72 12 107 204 212 218 154 158 166 
0 263 148 
0 264 78 
0 265 78 
0 266 154 12 182 
0 267 78 
0 268 64 6 139 271 212 93 
0 269 148 
0 270 242 70 
0 271 185 
0 272 148 
0 273 148 
0 274 193 38 47 177 277 282 93 
0 275 56 185 78 71 
0 276 193 135 173 177 115 277 24 282 216 93 
0 277 
0 278 139 292 38 107 24 93 
0 279 107 139 292 
0 280 148 
0 281 72 200 139 166 
0 282 193 139 93 
0 283 148 
0 286 34 139 292 22 6 107 12 177 212 154 282 38 220 93 
0 287 78 
0 288 220 182 223 
0 289 148 
0 290 148 
0 291 177 252 93 277 
0 292 
0 293 185 34 38 223 
0 294 34 292 38 138 177 154 220 
0 295 148 
0 296 34 135 138 182 282 93 
0 297 24 34 212 93 277 
0 298 244 139 12 
0 299 24 177 43 173 
900 0 154 212 6 
900 1 148 292 212 
900 2 148 
900 3 107 292 38 
900 4 212 154 139 244 71 
900 5 
900 6 154 
900 7 56 154 139 220 5 
900 8 43 148 71 
900 9 24 216 38 
900 10 34 107 292 38 12 139 204 182 123 220 
900 11 148 
900 12 47 216 277 24 282 93 
900 13 216 24 282 93 277 
900 14 148 
900 15 148 
900 16 292 5 6 72 12 107 204 212 218 154 
900 17 24 107 292 
900 18 292 38 6 107 212 154 282 220 93 
900 19 34 38 204 138 12 185 282 
900 20 34 107 292 38 139 12 24 123 
900 21 64 242 71 148 223 
900 22 
900 23 148 
900 24 252 93 277 
900 26 167 138 173 182 185 282 93 
900 27 64 292 5 6 271 177 277 282 220 93 
900 28 34 38 46 271 212 277 185 223 
900 29 107 139 292 38 
900 30 148 
900 31 70 135 138 47 177 277 216 282 93 
900 32 148 
900 33 148 
900 34 177 
900 35 34 135 173 277 24 282 93 
900 36 177 282 277 93 47 
900 37 148 93 277 
900 38 282 277 
900 39 148 182 6 
900 40 34 139 292 38 6 107 12 212 154 282 123 220 93 
900 41 64 242 139 244 46 
900 42 6 139 12 271 22 154 34 292 38 170 43 177 182 56 70 204 212 218 220 107 242 123 
900 43 
900 44 148 
900 46 
900 47 
900 48 148 
900 49 34 292 38 
900 50 107 292 93 
900 51 148 71 
900 52 216 24 43 277 47 
900 53 148 78 
900 54 148 
900 55 70 6 167 138 212 277 182 56 244 93 
900 56 
900 57 135 47 177 277 216 282 252 93 
900 58 154 282 292 93 38 
900 59 34 135 173 177 277 24 282 216 93 
900 60 148 
900 61 148 
900 62 115 262 
900 63 139 292 38 6 107 12 177 22 220 
900 64 93 
900 65 34 38 223 
900 66 64 6 71 139 212 22 244 154 252 93 223 
900 67 154 220 5 
900 69 282 139 93 71 
900 70 277 
900 71 
900 72 
900 74 64 242 292 
900 75 115 262 
900 76 148 158 38 
900 78 
900 79 148 
900 80 47 177 277 24 282 93 
900 81 148 
900 82 292 38 6 12 212 148 282 220 93 
900 84 24 277 47 
900 85 154 282 292 93 38 
900 86 148 292 71 
900 87 185 34 139 182 135 
900 88 135 177 277 216 282 252 93 
900 89 24 177 216 93 277 
900 90 38 71 139 277 24 220 
900 91 216 252 277 47 
900 92 78 
900 93 282 277 173 135 
900 94 148 
900 95 185 34 38 223 
900 96 216 24 282 277 
900 98 177 135 12 173 216 277 24 282 252 93 
900 99 43 148 71 
900 100 135 244 182 185 282 252 
900 101 34 139 292 38 6 138 107 12 177 212 22 282 93 
900 102 148 78 
900 103 282 292 182 
900 105 148 
900 106 277 93 47 
900 107 277 
900 108 216 24 252 277 
900 109 34 38 204 138 12 185 282 
900 110 24 282 277 173 93 
900 111 72 5 38 
900 112 34 123 292 22 6 107 12 177 212 154 148 282 38 93 
900 113 138 292 277 
900 114 139 292 38 
900 115 292 166 6 12 107 204 218 220 
900 116 242 139 38 
900 117 64 177 282 93 
900 118 182 6 12 212 277 22 216 93 
900 119 148 292 220 38 12 
900 120 34 123 292 22 6 170 107 12 177 154 282 38 93 
900 123 
900 124 148 
900 125 135 277 24 282 252 93 
900 126 148 
900 127 12 107 292 38 
900 128 34 107 292 38 12 139 204 182 123 220 
900 129 148 
900 130 34 38 223 
900 132 148 71 
900 133 107 292 38 
900 134 24 177 148 93 277 
900 135 216 24 185 
900 136 70 135 138 177 277 24 282 216 93 
900 138 
900 139 216 24 
900 140 148 
900 141 78 
900 142 148 282 292 173 185 
900 143 107 139 292 38 
900 144 64 282 93 
900 145 34 139 148 
900 146 64 177 282 93 
900 147 34 107 292 38 139 12 24 123 
900 148 24 
900 149 292 5 271 244 185 220 223 
900 150 34 38 223 
900 151 148 
900 153 277 93 47 
900 154 6 
900 155 64 242 292 
900 156 148 
900 157 64 292 38 6 271 177 212 277 154 282 220 93 
900 158 5 6 139 148 22 244 
900 159 64 5 138 139 244 212 
900 160 64 242 71 148 223 
900 162 148 
900 163 244 282 252 185 135 
900 164 78 
900 165 292 38 6 107 212 154 282 220 93 
900 166 
900 167 
900 168 78 
900 169 43 148 
900 170 
900 171 148 139 292 
900 172 216 177 292 135 
900 173 
900 174 148 
900 175 154 139 6 
900 177 135 173 271 277 24 282 93 
900 178 107 292 38 
900 179 185 282 182 
900 180 139 292 38 107 12 22 123 
900 181 135 138 173 277 24 282 93 
900 182 
900 183 282 12 38 
900 184 24 177 277 93 47 
900 185 
900 187 216 24 282 
900 189 56 282 292 
900 191 148 
900 192 148 
900 195 216 24 139 93 
900 196 107 34 43 292 22 6 204 170 139 12 93 177 123 212 182 282 38 220 154 
900 197 78 
900 198 34 139 292 38 6 138 107 12 177 212 22 282 93 
900 201 135 138 177 277 182 216 282 93 
900 202 70 6 167 138 212 277 182 56 244 93 
900 203 34 107 292 38 
900 204 
900 205 139 292 38 
900 206 78 
900 207 24 177 277 93 47 
900 208 24 177 277 93 47 
900 209 148 
900 210 78 
900 211 56 154 139 220 5 
900 212 
900 213 185 282 182 
900 214 138 34 93 
900 215 107 139 292 
900 216 282 
900 217 34 135 173 277 24 282 93 
900 218 
900 219 34 139 292 22 6 107 12 177 123 212 154 282 38 220 93 
900 220 47 
900 221 24 139 220 277 71 
900 222 148 
900 223 56 
900 224 135 138 47 177 277 24 282 93 
900 225 34 139 292 22 6 12 107 204 177 123 212 154 282 38 220 93 
900 226 148 292 
900 227 38 47 177 277 24 282 93 
900 228 148 
900 229 262 115 166 158 
900 230 135 12 173 277 24 282 252 93 
900 231 177 139 93 
900 232 34 139 292 22 38 12 107 204 154 6 177 212 182 148 282 123 220 93 
900 233 148 
900 234 148 218 292 
900 235 34 135 173 277 24 282 93 
900 236 34 282 173 182 93 
900 237 282 138 34 93 182 
900 238 185 34 277 38 271 
900 239 292 6 204 107 12 218 220 
900 240 78 
900 241 148 
900 242 
900 243 148 
900 244 
900 245 34 107 292 38 
900 246 148 
900 247 138 139 38 
900 248 78 
900 249 107 292 93 
900 250 212 154 139 244 71 
900 251 148 
900 252 
900 253 138 139 220 
900 254 167 139 173 93 244 277 182 282 154 
900 255 216 24 277 47 
900 256 148 
900 257 135 47 177 277 216 282 252 93 
900 258 34 167 139 182 282 93 
900 259 34 38 46 271 212 277 185 223 
900 260 107 139 292 38 
900 262 292 5 6 72 12 107 204 212 218 154 158 166 
900 263 148 
900 264 78 
900 265 78 
900 266 154 12 182 
900 267 78 
900 268 64 6 139 271 212 93 
900 269 148 
900 270 242 70 
900 271 185 
900 272 148 
900 273 148 
900 274 38 47 177 277 282 93 
900 275 56 185 78 71 
900 276 135 173 177 115 277 24 282 216 93 
900 277 
900 278 139 292 38 107 24 93 
900 279 107 139 292 
900 280 148 
900 281 72 139 166 
900 282 139 93 
900 283 148 
900 286 34 139 292 22 6 107 12 177 212 154 282 38 220 93 
900 287 78 
900 288 220 182 223 
900 289 148 
900 291 177 252 93 277 
900 292 
900 293 185 34 38 223 
900 294 34 292 38 138 177 154 220 
900 295 148 
900 296 34 135 138 182 282 93 
900 297 24 34 212 93 277 
900 298 244 139 12 
900 299 24 177 43 173 
1800 0 154 212 6 
1800 1 148 292 212 
1800 2 148 
1800 3 107 292 38 
1800 4 212 154 139 244 71 
1800 5 
1800 6 154 
1800 7 56 154 139 220 5 
1800 8 43 148 71 
1800 9 24 216 38 
1800 10 34 107 292 38 12 139 204 182 123 220 
1800 11 148 
1800 12 216 24 277 93 47 
1800 13 216 24 93 277 
1800 14 148 
1800 15 148 
1800 16 292 5 6 72 12 107 204 212 218 154 
1800 17 24 107 292 
1800 18 292 38 6 107 212 154 220 93 
1800 19 34 38 204 138 12 185 
1800 20 34 107 292 38 139 12 24 123 
1800 21 64 242 71 148 223 
1800 22 
1800 23 148 
1800 24 252 93 277 
1800 26 167 138 173 182 185 93 
1800 27 64 292 5 6 177 277 220 93 
1800 28 34 38 46 212 277 185 223 
1800 29 107 139 292 38 
1800 30 148 
1800 31 70 135 138 47 177 277 216 93 
1800 32 148 
1800 33 148 
1800 34 177 
1800 35 34 135 173 277 24 93 
1800 36 177 277 93 47 
1800 37 148 93 277 
1800 38 277 
1800 39 148 182 6 
1800 40 34 139 292 38 6 107 12 212 154 123 220 93 
1800 41 64 242 139 244 46 
1800 42 123 34 139 292 6 70 12 170 43 204 22 177 242 107 212 182 56 154 38 220 218 
1800 43 
1800 44 148 
1800 46 
1800 47 
1800 48 148 
1800 49 34 292 38 
1800 50 107 292 93 
1800 51 148 71 
1800 52 216 24 43 277 47 
1800 53 148 78 
1800 55 70 6 167 138 212 277 182 56 244 93 
1800 56 
1800 57 135 47 177 277 216 252 93 
1800 58 154 292 93 38 
1800 59 34 135 173 177 277 24 216 93 
1800 60 148 
1800 61 148 
1800 62 115 262 
1800 63 139 292 38 6 107 12 177 22 220 
1800 64 93 
1800 65 34 38 223 
1800 66 64 6 71 139 212 22 244 154 252 93 223 
1800 67 154 220 5 
1800 69 139 93 71 
1800 70 277 
1800 71 
1800 72 
1800 74 64 242 292 
1800 75 115 262 
1800 76 148 158 38 
1800 78 
1800 79 148 
1800 80 24 177 277 93 47 
1800 81 148 
1800 82 292 38 6 12 212 148 220 93 
1800 84 24 277 47 
1800 85 154 292 93 38 
1800 86 148 292 71 
1800 87 185 34 139 182 135 
1800 88 135 177 277 216 252 93 
1800 89 24 177 216 93 277 
1800 90 38 71 139 277 24 220 
1800 92 78 
1800 93 277 173 135 
1800 94 148 
1800 95 185 34 38 223 
1800 96 216 24 277 
1800 98 177 135 12 173 216 277 24 252 93 
1800 99 43 148 71 
1800 100 244 252 185 182 135 
1800 101 34 139 292 38 6 138 107 12 177 212 22 93 
1800 102 148 78 
1800 105 148 
1800 106 277 93 47 
1800 107 277 
1800 108 216 24 252 277 
1800 109 34 38 204 138 12 185 
1800 111 72 5 38 
1800 112 34 292 38 6 107 12 177 212 22 148 154 123 93 
1800 113 138 292 277 
1800 114 139 292 38 
1800 115 292 166 6 12 107 204 218 220 
1800 116 242 139 38 
1800 117 64 177 93 
1800 118 182 6 12 212 277 22 216 93 
1800 119 148 292 220 38 12 
1800 120 34 292 38 6 170 107 12 177 22 154 123 93 
1800 123 
1800 124 148 
1800 125 24 277 252 93 135 
1800 126 148 
1800 127 12 107 292 38 
1800 128 34 107 292 38 12 139 204 182 123 220 
1800 129 148 
1800 130 34 38 223 
1800 132 148 71 
1800 133 107 292 38 
1800 134 24 177 148 93 277 
1800 135 216 24 185 
1800 136 70 135 138 177 277 24 216 93 
1800 138 
1800 139 216 24 
1800 140 148 
1800 141 78 
1800 142 148 292 173 185 
1800 143 107 139 292 38 
1800 144 64 93 
1800 145 34 139 148 
1800 146 64 177 93 
1800 147 34 107 292 38 139 12 24 123 
1800 148 24 
1800 149 292 5 244 185 220 223 
1800 150 34 38 223 
1800 151 148 
1800 153 277 93 47 
1800 154 6 
1800 155 64 242 292 
1800 156 148 
1800 157 64 292 38 6 177 212 277 154 220 93 
1800 158 5 6 139 148 22 244 
1800 159 64 5 138 139 244 212 
1800 160 64 242 71 148 223 
1800 162 148 
1800 163 244 252 185 135 
1800 164 78 
1800 165 292 38 6 107 212 154 220 93 
1800 166 
1800 167 
1800 168 78 
1800 169 43 148 
1800 170 
1800 171 148 139 292 
1800 172 216 177 292 135 
1800 173 
1800 174 148 
1800 175 154 139 6 
1800 177 24 135 277 173 93 
1800 178 107 292 38 
1800 179 185 182 
1800 180 139 292 38 107 12 22 123 
1800 181 135 138 173 277 24 93 
1800 182 
1800 183 12 38 
1800 184 24 177 277 93 47 
1800 185 
1800 187 216 24 
1800 189 56 292 
1800 191 148 
1800 192 148 
1800 195 216 24 139 93 
1800 196 34 43 292 38 6 12 170 139 204 22 177 107 212 182 154 123 220 93 
1800 197 78 
1800 198 34 139 292 38 6 138 107 12 177 212 22 93 
1800 201 135 138 177 277 182 216 93 
1800 202 70 6 167 138 212 277 182 56 244 93 
1800 203 34 107 292 38 
1800 204 
1800 205 139 292 38 
1800 207 24 177 277 93 47 
1800 208 24 177 277 93 47 
1800 209 148 
1800 210 78 
1800 211 56 154 139 220 5 
1800 212 
1800 213 185 182 
1800 214 138 34 93 
1800 215 107 139 292 
1800 216 
1800 217 34 135 173 277 24 93 
1800 218 
1800 219 34 107 292 38 6 139 12 177 212 22 154 123 220 93 
1800 220 47 
1800 221 24 139 220 277 71 
1800 222 148 
1800 223 56 
1800 224 135 138 47 177 277 24 93 
1800 225 34 139 292 38 6 12 107 204 177 212 22 154 123 220 93 
1800 226 148 292 
1800 228 148 
1800 229 262 115 166 158 
1800 230 135 12 173 277 24 252 93 
1800 232 34 139 292 22 6 12 107 204 177 123 212 182 148 154 38 220 93 
1800 233 148 
1800 234 148 218 292 
1800 235 34 135 173 277 24 93 
1800 236 34 173 182 93 
1800 237 138 34 93 182 
1800 238 185 34 277 38 
1800 239 292 6 204 107 12 218 220 
1800 240 78 
1800 241 148 
1800 242 
1800 243 148 
1800 244 
1800 245 34 107 292 38 
1800 246 148 
1800 247 138 139 38 
1800 248 78 
1800 249 107 292 93 
1800 250 212 154 139 244 71 
1800 252 
1800 253 138 139 220 
1800 255 216 24 277 47 
1800 256 148 
1800 257 135 47 177 277 216 252 93 
1800 258 34 139 93 182 167 
1800 259 34 38 46 212 277 185 223 
1800 260 107 139 292 38 
1800 262 292 5 6 72 12 107 204 212 218 154 158 166 
1800 263 148 
1800 264 78 
1800 265 78 
1800 267 78 
1800 268 64 139 212 93 6 
1800 269 148 
1800 270 242 70 
1800 272 148 
1800 273 148 
1800 274 177 277 93 38 47 
1800 276 135 173 177 115 277 24 216 93 
1800 277 
1800 278 139 292 38 107 24 93 
1800 279 107 139 292 
1800 280 148 
1800 281 72 139 166 
1800 283 148 
1800 286 34 107 292 38 6 139 12 177 212 22 154 220 93 
1800 287 78 
1800 288 220 182 223 
1800 289 148 
1800 291 177 252 93 277 
1800 292 
1800 293 185 34 38 223 
1800 294 34 292 38 138 177 154 220 
1800 295 148 
1800 296 138 34 93 182 135 
1800 297 24 34 212 93 277 
1800 298 244 139 12 
1800 299 24 177 43 173 
2700 0 154 212 6 
2700 1 148 292 212 
2700 2 148 
2700 3 107 292 38 
2700 4 212 154 139 244 71 
2700 5 
2700 6 154 
2700 7 56 154 139 220 5 
2700 8 43 148 71 
2700 9 24 216 38 
2700 10 34 107 292 38 12 139 204 182 123 220 
2700 11 148 
2700 12 216 24 277 93 47 
2700 13 216 24 93 277 
2700 14 148 
2700 15 148 
2700 16 292 5 6 12 107 204 212 218 154 
2700 17 24 107 292 
2700 18 292 38 6 107 212 154 220 93 
2700 19 34 38 204 138 12 185 
2700 20 34 107 292 38 139 12 24 123 
2700 21 64 242 148 71 
2700 22 
2700 23 148 
2700 24 252 93 277 
2700 26 167 138 173 182 185 93 
2700 27 64 292 5 6 177 277 220 93 
2700 28 34 38 46 212 277 185 
2700 29 107 139 292 38 
2700 30 148 
2700 31 70 138 47 177 277 216 93 
2700 33 148 
2700 34 177 
2700 35 24 34 277 93 173 
2700 36 177 277 93 47 
2700 37 148 93 277 
2700 38 277 
2700 39 148 182 6 
2700 40 34 139 292 38 6 107 12 212 154 123 220 93 
2700 41 64 242 139 244 46 
2700 42 123 34 139 292 6 70 12 170 43 204 22 177 242 107 212 182 56 154 38 220 218 
2700 43 
2700 46 
2700 47 
2700 48 148 
2700 49 34 292 38 
2700 50 107 292 93 
2700 51 148 71 
2700 52 216 24 43 277 47 
2700 53 148 78 
2700 55 70 6 167 138 212 277 182 56 244 93 
2700 56 
2700 57 47 177 277 216 252 93 
2700 58 154 292 93 38 
2700 59 34 173 177 277 24 216 93 
2700 60 148 
2700 62 115 262 
2700 63 139 292 38 6 107 12 177 22 220 
2700 64 93 
2700 65 34 38 
2700 66 64 6 71 139 212 22 244 154 252 93 
2700 67 154 220 5 
2700 69 139 93 71 
2700 70 277 
2700 71 
2700 74 64 242 292 
2700 75 115 262 
2700 76 148 158 38 
2700 78 
2700 79 148 
2700 80 24 177 277 93 47 
2700 81 148 
2700 82 292 38 6 12 212 148 220 93 
2700 84 24 277 47 
2700 85 154 292 93 38 
2700 86 148 292 71 
2700 87 185 34 139 182 
2700 88 216 177 252 93 277 
2700 89 24 177 216 93 277 
2700 90 38 71 139 277 24 220 
2700 92 78 
2700 93 173 277 
2700 94 148 
2700 95 185 34 38 
2700 98 177 12 173 216 277 24 252 93 
2700 99 43 148 71 
2700 100 244 252 182 185 
2700 101 34 139 292 38 6 138 107 12 177 212 22 93 
2700 102 148 78 
2700 105 148 
2700 106 277 93 47 
2700 107 277 
2700 108 216 24 252 277 
2700 109 34 38 204 138 12 185 
2700 111 5 38 
2700 112 34 292 38 6 107 12 177 212 22 148 154 123 93 
2700 113 138 292 277 
2700 114 139 292 38 
2700 115 292 166 6 12 107 204 218 220 
2700 116 242 139 38 
2700 117 64 177 93 
2700 118 182 6 12 212 277 22 216 93 
2700 119 148 292 220 38 12 
2700 120 34 292 38 6 170 107 12 177 22 154 123 93 
2700 123 
2700 124 148 
2700 125 24 252 93 277 
2700 126 148 
2700 127 12 107 292 38 
2700 128 34 107 292 38 12 139 204 182 123 220 
2700 129 148 
2700 130 34 38 
2700 132 148 71 
2700 133 107 292 38 
2700 134 24 177 148 93 277 
2700 136 70 138 177 277 24 216 93 
2700 138 
2700 139 216 24 
2700 140 148 
2700 141 78 
2700 142 148 292 173 185 
2700 143 107 139 292 38 
2700 144 64 93 
2700 145 34 139 148 
2700 146 64 177 93 
2700 147 34 107 292 38 139 12 24 123 
2700 148 24 
2700 149 244 5 292 220 185 
2700 150 34 38 
2700 151 148 
2700 153 277 93 47 
2700 154 6 
2700 155 64 242 292 
2700 156 148 
2700 157 64 292 38 6 177 212 277 154 220 93 
2700 158 5 6 139 148 22 244 
2700 159 64 5 138 139 244 212 
2700 162 148 
2700 163 244 252 185 
2700 164 78 
2700 165 292 38 6 107 212 154 220 93 
2700 166 
2700 167 
2700 168 78 
2700 169 43 148 
2700 170 
2700 171 148 139 292 
2700 172 216 177 292 
2700 173 
2700 174 148 
2700 175 154 139 6 
2700 177 24 277 93 173 
2700 178 107 292 38 
2700 179 185 182 
2700 180 139 292 38 107 12 22 123 
2700 181 24 138 277 93 173 
2700 182 
2700 183 12 38 
2700 184 24 177 277 93 47 
2700 185 
2700 187 216 24 
2700 189 56 292 
2700 191 148 
2700 195 216 24 139 93 
2700 196 34 43 292 38 6 12 170 139 204 22 177 107 212 182 154 123 220 93 
2700 197 78 
2700 198 34 139 292 38 6 138 107 12 177 212 22 93 
2700 201 138 177 277 182 216 93 
2700 202 70 6 167 138 212 277 182 56 244 93 
2700 203 34 107 292 38 
2700 204 
2700 205 139 292 38 
2700 207 24 177 277 93 47 
2700 208 24 177 277 93 47 
2700 209 148 
2700 210 78 
2700 211 56 154 139 220 5 
2700 212 
2700 213 185 182 
2700 214 138 34 93 
2700 215 107 139 292 
2700 216 
2700 217 24 34 277 93 173 
2700 218 
2700 219 34 107 292 38 6 139 12 177 212 22 154 123 220 93 
2700 220 47 
2700 221 24 139 220 277 71 
2700 222 148 
2700 224 138 47 177 277 24 93 
2700 225 34 139 292 38 6 12 107 204 177 212 22 154 123 220 93 
2700 226 148 292 
2700 228 148 
2700 229 262 115 166 158 
2700 230 12 173 277 24 252 93 
2700 232 34 139 292 22 6 12 107 204 177 123 212 182 148 154 38 220 93 
2700 233 148 
2700 234 148 218 292 
2700 235 24 34 277 93 173 
2700 236 34 173 182 93 
2700 237 138 34 93 182 
2700 238 185 34 277 38 
2700 239 292 6 204 107 12 218 220 
2700 240 78 
2700 241 148 
2700 242 
2700 243 148 
2700 244 
2700 245 34 107 292 38 
2700 246 148 
2700 247 138 139 38 
2700 249 107 292 93 
2700 250 212 154 139 244 71 
2700 252 
2700 253 138 139 220 
2700 255 216 24 277 47 
2700 256 148 
2700 258 34 139 93 182 167 
2700 259 34 38 46 212 277 185 
2700 260 107 139 292 38 
2700 262 292 5 6 12 107 204 212 218 154 158 166 
2700 263 148 
2700 264 78 
2700 265 78 
2700 267 78 
2700 268 64 139 212 93 6 
2700 269 148 
2700 270 242 70 
2700 272 148 
2700 273 148 
2700 274 177 277 93 38 47 
2700 277 
2700 278 139 292 38 107 24 93 
2700 279 107 139 292 
2700 280 148 
2700 281 139 166 
2700 283 148 
2700 286 34 107 292 38 6 139 12 177 212 22 154 220 93 
2700 287 78 
2700 288 220 182 
2700 289 148 
2700 291 177 252 93 277 
2700 292 
2700 293 185 34 38 
2700 294 34 292 38 138 177 154 220 
2700 296 138 34 93 182 
2700 297 24 34 212 93 277 
2700 298 244 139 12 
2700 299 24 177 43 173 
3600 0 154 212 6 
3600 1 148 292 212 
3600 2 148 
3600 3 107 292 38 
3600 4 212 154 139 244 71 
3600 5 
3600 6 154 
3600 7 56 154 139 220 5 
3600 8 43 148 71 
3600 9 24 216 38 
3600 10 34 107 292 38 12 139 204 182 123 220 
3600 11 148 
3600 12 216 24 277 93 47 
3600 13 216 24 93 277 
3600 14 148 
3600 15 148 
3600 16 292 5 6 12 107 204 212 218 154 
3600 17 24 107 292 
3600 18 292 38 6 107 212 154 220 93 
3600 19 34 38 204 138 12 185 
3600 20 34 107 292 38 139 12 24 123 
3600 21 64 242 148 71 
3600 22 
3600 23 148 
3600 24 252 93 277 
3600 26 167 138 173 182 185 93 
3600 27 64 292 5 6 177 277 220 93 
3600 28 34 38 46 212 277 185 
3600 29 107 139 292 38 
3600 30 148 
3600 31 70 138 47 177 277 216 93 
3600 33 148 
3600 34 177 
3600 37 148 93 277 
3600 38 277 
3600 39 148 182 6 
3600 40 34 139 292 38 6 107 12 212 154 123 220 93 
3600 41 64 242 139 244 46 
3600 42 123 34 139 292 6 70 12 170 43 204 22 177 242 107 212 182 56 154 38 220 218 
3600 43 
3600 46 
3600 47 
3600 48 148 
3600 49 34 292 38 
3600 50 107 292 93 
3600 51 148 71 
3600 52 216 24 43 277 47 
3600 53 148 78 
3600 55 70 6 167 138 212 277 182 56 244 93 
3600 56 
3600 57 47 177 277 216 252 93 
3600 58 154 292 93 38 
3600 59 34 173 177 277 24 216 93 
3600 60 148 
3600 62 115 262 
3600 63 139 292 38 6 107 12 177 22 220 
3600 64 93 
3600 65 34 38 
3600 66 64 6 71 139 212 22 244 154 252 93 
3600 67 154 220 5 
3600 69 139 93 71 
3600 70 277 
3600 71 
3600 74 64 242 292 
3600 75 115 262 
3600 78 
3600 79 148 
3600 81 148 
3600 82 292 38 6 12 212 148 220 93 
3600 84 24 277 47 
3600 85 154 292 93 38 
3600 86 148 292 71 
3600 87 185 34 139 182 
3600 88 216 177 252 93 277 
3600 89 24 177 216 93 277 
3600 90 38 71 139 277 24 220 
3600 92 78 
3600 93 173 277 
3600 94 148 
3600 95 185 34 38 
3600 98 177 12 173 216 277 24 252 93 
3600 99 43 148 71 
3600 100 244 252 182 185 
3600 101 34 139 292 38 6 138 107 12 177 212 22 93 
3600 105 148 
3600 106 277 93 47 
3600 107 277 
3600 108 216 24 252 277 
3600 109 34 38 204 138 12 185 
3600 111 5 38 
3600 112 34 292 38 6 107 12 177 212 22 148 154 123 93 
3600 113 138 292 277 
3600 114 139 292 38 
3600 115 292 166 6 12 107 204 218 220 
3600 116 242 139 38 
3600 118 182 6 12 212 277 22 216 93 
3600 119 148 292 220 38 12 
3600 120 34 292 38 6 170 107 12 177 22 154 123 93 
3600 123 
3600 124 148 
3600 125 24 252 93 277 
3600 126 148 
3600 127 12 107 292 38 
3600 128 34 107 292 38 12 139 204 182 123 220 
3600 129 148 
3600 130 34 38 
3600 132 148 71 
3600 133 107 292 38 
3600 136 70 138 177 277 24 216 93 
3600 138 
3600 139 216 24 
3600 140 148 
3600 141 78 
3600 142 148 292 173 185 
3600 143 107 139 292 38 
3600 144 64 93 
3600 145 34 139 148 
3600 146 64 177 93 
3600 147 34 107 292 38 139 12 24 123 
3600 148 24 
3600 149 244 5 292 220 185 
3600 150 34 38 
3600 151 148 
3600 153 277 93 47 
3600 154 6 
3600 155 64 242 292 
3600 156 148 
3600 157 64 292 38 6 177 212 277 154 220 93 
3600 158 5 6 139 148 22 244 
3600 159 64 5 138 139 244 212 
3600 162 148 
3600 163 244 252 185 
3600 164 78 
3600 165 292 38 6 107 212 154 220 93 
3600 166 
3600 167 
3600 168 78 
3600 170 
3600 171 148 139 292 
3600 172 216 177 292 
3600 173 
3600 174 148 
3600 175 154 139 6 
3600 177 24 277 93 173 
3600 178 107 292 38 
3600 179 185 182 
3600 180 139 292 38 107 12 22 123 
3600 181 24 138 277 93 173 
3600 182 
3600 183 12 38 
3600 184 24 177 277 93 47 
3600 185 
3600 187 216 24 
3600 189 56 292 
3600 191 148 
3600 195 216 24 139 93 
3600 197 78 
3600 198 34 139 292 38 6 138 107 12 177 212 22 93 
3600 201 138 177 277 182 216 93 
3600 202 70 6 167 138 212 277 182 56 244 93 
3600 203 34 107 292 38 
3600 204 
3600 205 139 292 38 
3600 207 24 177 277 93 47 
3600 208 24 177 277 93 47 
3600 209 148 
3600 211 56 154 139 220 5 
3600 212 
3600 213 185 182 
3600 214 138 34 93 
3600 215 107 139 292 
3600 216 
3600 217 24 34 277 93 173 
3600 218 
3600 219 34 107 292 38 6 139 12 177 212 22 154 123 220 93 
3600 220 47 
3600 221 24 139 220 277 71 
3600 222 148 
3600 224 138 47 177 277 24 93 
3600 225 34 139 292 38 6 12 107 204 177 212 22 154 123 220 93 
3600 226 148 292 
3600 228 148 
3600 229 262 115 166 158 
3600 230 12 173 277 24 252 93 
3600 232 34 139 292 22 6 12 107 204 177 123 212 182 148 154 38 220 93 
3600 233 148 
3600 234 148 218 292 
3600 235 24 34 277 93 173 
3600 236 34 173 182 93 
3600 237 138 34 93 182 
3600 238 185 34 277 38 
3600 239 292 6 204 107 12 218 220 
3600 240 78 
3600 242 
3600 243 148 
3600 244 
3600 245 34 107 292 38 
3600 246 148 
3600 247 138 139 38 
3600 249 107 292 93 
3600 250 212 154 139 244 71 
3600 252 
3600 253 138 139 220 
3600 255 216 24 277 47 
3600 256 148 
3600 258 34 139 93 182 167 
3600 259 34 38 46 212 277 185 
3600 260 107 139 292 38 
3600 262 292 5 6 12 107 204 212 218 154 158 166 
3600 263 148 
3600 264 78 
3600 265 78 
3600 267 78 
3600 268 64 139 212 93 6 
3600 269 148 
3600 272 148 
3600 273 148 
3600 274 177 277 93 38 47 
3600 277 
3600 278 139 292 38 107 24 93 
3600 279 107 139 292 
3600 280 148 
3600 281 139 166 
3600 283 148 
3600 286 34 107 292 38 6 139 12 177 212 22 154 220 93 
3600 287 78 
3600 288 220 182 
3600 289 148 
3600 291 177 252 93 277 
3600 292 
3600 293 185 34 38 
3600 294 34 292 38 138 177 154 220 
3600 296 138 34 93 182 
3600 298 244 139 12 
3600 299 24 177 43 173 
4500 0 154 212 6 
4500 1 148 292 212 
4500 2 148 
4500 3 107 292 38 
4500 4 212 154 139 244 71 
4500 5 
4500 6 154 
4500 7 56 154 139 220 5 
4500 8 43 148 71 
4500 9 24 216 38 
4500 10 34 107 292 38 12 139 204 182 123 220 
4500 11 148 
4500 12 216 24 277 93 47 
4500 13 216 24 93 277 
4500 14 148 
4500 15 148 
4500 16 292 5 6 12 107 204 212 218 154 
4500 17 24 107 292 
4500 18 292 38 6 107 212 154 220 93 
4500 19 34 38 204 138 12 185 
4500 20 34 107 292 38 139 12 24 123 
4500 21 64 242 148 71 
4500 22 
4500 23 148 
4500 24 252 93 277 
4500 26 167 138 173 182 185 93 
4500 27 64 292 5 6 177 277 220 93 
4500 29 107 139 292 38 
4500 30 148 
4500 31 70 138 47 177 277 216 93 
4500 34 177 
4500 37 148 93 277 
4500 38 277 
4500 39 148 182 6 
4500 40 34 139 292 38 6 107 12 212 154 123 220 93 
4500 41 64 242 139 244 46 
4500 42 123 34 139 292 6 70 12 170 43 204 22 177 242 107 212 182 56 154 38 220 218 
4500 43 
4500 46 
4500 47 
4500 48 148 
4500 49 34 292 38 
4500 50 107 292 93 
4500 51 148 71 
4500 52 216 24 43 277 47 
4500 53 148 78 
4500 55 70 6 167 138 212 277 182 56 244 93 
4500 56 
4500 58 154 292 93 38 
4500 59 34 173 177 277 24 216 93 
4500 60 148 
4500 62 115 
4500 63 139 292 38 6 107 12 177 22 220 
4500 64 93 
4500 65 34 38 
4500 66 64 6 71 139 212 22 244 154 252 93 
4500 67 154 220 5 
4500 69 139 93 71 
4500 70 277 
4500 71 
4500 74 64 242 292 
4500 75 115 
4500 78 
4500 81 148 
4500 82 292 38 6 12 212 148 220 93 
4500 84 24 277 47 
4500 85 154 292 93 38 
4500 87 185 34 139 182 
4500 88 216 177 252 93 277 
4500 89 24 177 216 93 277 
4500 90 38 71 139 277 24 220 
4500 93 173 277 
4500 94 148 
4500 95 185 34 38 
4500 99 43 148 71 
4500 100 244 252 182 185 
4500 101 34 139 292 38 6 138 107 12 177 212 22 93 
4500 105 148 
4500 106 277 93 47 
4500 107 277 
4500 108 216 24 252 277 
4500 109 34 38 204 138 12 185 
4500 111 5 38 
4500 112 34 292 38 6 107 12 177 212 22 148 154 123 93 
4500 113 138 292 277 
4500 114 139 292 38 
4500 115 292 166 6 12 107 204 218 220 
4500 116 242 139 38 
4500 118 182 6 12 212 277 22 216 93 
4500 119 148 292 220 38 12 
4500 123 
4500 124 148 
4500 125 24 252 93 277 
4500 126 148 
4500 127 12 107 292 38 
4500 128 34 107 292 38 12 139 204 182 123 220 
4500 129 148 
4500 130 34 38 
4500 132 148 71 
4500 133 107 292 38 
4500 136 70 138 177 277 24 216 93 
4500 138 
4500 139 216 24 
4500 140 148 
4500 141 78 
4500 142 148 292 173 185 
4500 143 107 139 292 38 
4500 145 34 139 148 
4500 146 64 177 93 
4500 147 34 107 292 38 139 12 24 123 
4500 148 24 
4500 149 244 5 292 220 185 
4500 150 34 38 
4500 151 148 
4500 153 277 93 47 
4500 154 6 
4500 156 148 
4500 157 64 292 38 6 177 212 277 154 220 93 
4500 158 5 6 139 148 22 244 
4500 159 64 5 138 139 244 212 
4500 162 148 
4500 163 244 252 185 
4500 164 78 
4500 165 292 38 6 107 212 154 220 93 
4500 166 
4500 167 
4500 168 78 
4500 170 
4500 171 148 139 292 
4500 172 216 177 292 
4500 173 
4500 174 148 
4500 175 154 139 6 
4500 177 24 277 93 173 
4500 178 107 292 38 
4500 179 185 182 
4500 180 139 292 38 107 12 22 123 
4500 181 24 138 277 93 173 
4500 182 
4500 183 12 38 
4500 184 24 177 277 93 47 
4500 185 
4500 187 216 24 
4500 189 56 292 
4500 191 148 
4500 195 216 24 139 93 
4500 197 78 
4500 201 138 177 277 182 216 93 
4500 202 70 6 167 138 212 277 182 56 244 93 
4500 203 34 107 292 38 
4500 204 
4500 205 139 292 38 
4500 207 24 177 277 93 47 
4500 208 24 177 277 93 47 
4500 209 148 
4500 211 56 154 139 220 5 
4500 212 
4500 213 185 182 
4500 214 138 34 93 
4500 215 107 139 292 
4500 216 
4500 217 24 34 277 93 173 
4500 218 
4500 219 34 107 292 38 6 139 12 177 212 22 154 123 220 93 
4500 220 47 
4500 221 24 139 220 277 71 
4500 222 148 
4500 224 138 47 177 277 24 93 
4500 225 34 139 292 38 6 12 107 204 177 212 22 154 123 220 93 
4500 226 148 292 
4500 228 148 
4500 229 115 166 158 
4500 230 12 173 277 24 252 93 
4500 232 34 139 292 22 6 12 107 204 177 123 212 182 148 154 38 220 93 
4500 233 148 
4500 234 148 218 292 
4500 236 34 173 182 93 
4500 237 138 34 93 182 
4500 238 185 34 277 38 
4500 239 292 6 204 107 12 218 220 
4500 240 78 
4500 242 
4500 243 148 
4500 244 
4500 245 34 107 292 38 
4500 246 148 
4500 247 138 139 38 
4500 249 107 292 93 
4500 250 212 154 139 244 71 
4500 252 
4500 253 138 139 220 
4500 255 216 24 277 47 
4500 256 148 
4500 258 34 139 93 182 167 
4500 259 34 38 46 212 277 185 
4500 260 107 139 292 38 
4500 263 148 
4500 264 78 
4500 265 78 
4500 267 78 
4500 268 64 139 212 93 6 
4500 269 148 
4500 272 148 
4500 273 148 
4500 274 177 277 93 38 47 
4500 277 
4500 278 139 292 38 107 24 93 
4500 279 107 139 292 
4500 280 148 
4500 281 139 166 
4500 283 148 
4500 286 34 107 292 38 6 139 12 177 212 22 154 220 93 
4500 287 78 
4500 288 220 182 
4500 289 148 
4500 291 177 252 93 277 
4500 292 
4500 293 185 34 38 
4500 294 34 292 38 138 177 154 220 
4500 296 138 34 93 182 
4500 298 244 139 12 
4500 299 24 177 43 173 
5400 0 154 212 6 
5400 1 148 292 212 
5400 2 148 
5400 3 107 292 38 
5400 4 154 139 212 71 
5400 5 
5400 6 154 
5400 7 56 154 139 220 5 
5400 8 43 148 71 
5400 9 24 216 38 
5400 10 34 107 292 38 12 139 204 182 123 220 
5400 11 148 
5400 12 216 24 277 93 47 
5400 13 216 24 93 277 
5400 14 148 
5400 15 148 
5400 16 292 5 6 12 107 204 212 218 154 
5400 17 24 107 292 
5400 18 292 38 6 107 212 154 220 93 
5400 19 34 38 204 138 12 185 
5400 20 34 107 292 38 139 12 24 123 
5400 21 242 148 71 
5400 22 
5400 23 148 
5400 24 252 93 277 
5400 26 167 138 173 182 185 93 
5400 27 292 5 6 177 277 220 93 
5400 29 107 139 292 38 
5400 30 148 
5400 31 70 138 47 177 277 216 93 
5400 34 177 
5400 37 148 93 277 
5400 38 277 
5400 39 148 182 6 
5400 40 34 139 292 38 6 107 12 212 154 123 220 93 
5400 41 242 139 46 
5400 42 123 34 139 292 6 70 12 170 43 204 22 177 242 107 212 182 56 154 38 220 218 
5400 43 
5400 46 
5400 47 
5400 48 148 
5400 49 34 292 38 
5400 50 107 292 93 
5400 51 148 71 
5400 52 216 24 43 277 47 
5400 53 148 
5400 55 70 6 167 138 212 277 182 56 93 
5400 56 
5400 58 154 292 93 38 
5400 59 34 173 177 277 24 216 93 
5400 60 148 
5400 63 139 292 38 6 107 12 177 22 220 
5400 65 34 38 
5400 66 6 71 139 212 22 154 252 93 
5400 67 154 220 5 
5400 69 139 93 71 
5400 70 277 
5400 71 
5400 74 242 292 
5400 75 115 
5400 81 148 
5400 82 292 38 6 12 212 148 220 93 
5400 84 24 277 47 
5400 87 185 34 139 182 
5400 88 216 177 252 93 277 
5400 89 24 177 216 93 277 
5400 90 38 71 139 277 24 220 
5400 93 173 277 
5400 95 185 34 38 
5400 99 43 148 71 
5400 100 185 252 182 
5400 101 34 139 292 38 6 138 107 12 177 212 22 93 
5400 105 148 
5400 106 277 93 47 
5400 107 277 
5400 108 216 24 252 277 
5400 109 34 38 204 138 12 185 
5400 111 5 38 
5400 112 34 292 38 6 107 12 177 212 22 148 154 123 93 
5400 113 138 292 277 
5400 114 139 292 38 
5400 115 292 166 6 12 107 204 218 220 
5400 116 242 139 38 
5400 118 182 6 12 212 277 22 216 93 
5400 119 148 292 220 38 12 
5400 123 
5400 124 148 
5400 125 24 252 93 277 
5400 126 148 
5400 127 12 107 292 38 
5400 128 34 107 292 38 12 139 204 182 123 220 
5400 129 148 
5400 130 34 38 
5400 132 148 71 
5400 133 107 292 38 
5400 138 
5400 139 216 24 
5400 140 148 
5400 141 
5400 142 148 292 173 185 
5400 145 34 139 148 
5400 146 177 93 
5400 147 34 107 292 38 139 12 24 123 
5400 148 24 
5400 149 220 292 5 185 
5400 150 34 38 
5400 151 148 
5400 153 277 93 47 
5400 154 6 
5400 156 148 
5400 157 292 38 6 177 212 277 154 220 93 
5400 158 139 148 22 6 5 
5400 159 138 139 212 5 
5400 162 148 
5400 163 185 252 
5400 164 
5400 165 292 38 6 107 212 154 220 93 
5400 166 
5400 167 
5400 168 
5400 170 
5400 171 148 139 292 
5400 172 216 177 292 
5400 173 
5400 174 148 
5400 175 154 139 6 
5400 177 24 277 93 173 
5400 178 107 292 38 
5400 179 185 182 
5400 180 139 292 38 107 12 22 123 
5400 181 24 138 277 93 173 
5400 182 
5400 184 24 177 277 93 47 
5400 185 
5400 187 216 24 
5400 189 56 292 
5400 191 148 
5400 195 216 24 139 93 
5400 197 
5400 201 138 177 277 182 216 93 
5400 202 70 6 167 138 212 277 182 56 93 
5400 203 34 107 292 38 
5400 204 
5400 205 139 292 38 
5400 208 24 177 277 93 47 
5400 209 148 
5400 211 56 154 139 220 5 
5400 212 
5400 213 185 182 
5400 214 138 34 93 
5400 215 107 139 292 
5400 216 
5400 217 24 34 277 93 173 
5400 218 
5400 219 34 107 292 38 6 139 12 177 212 22 154 123 220 93 
5400 220 47 
5400 221 24 139 220 277 71 
5400 222 148 
5400 224 138 47 177 277 24 93 
5400 226 148 292 
5400 228 148 
5400 229 115 166 158 
5400 230 12 173 277 24 252 93 
5400 232 34 139 292 22 6 12 107 204 177 123 212 182 148 154 38 220 93 
5400 233 148 
5400 234 148 218 292 
5400 236 34 173 182 93 
5400 237 138 34 93 182 
5400 238 185 34 277 38 
5400 239 292 6 204 107 12 218 220 
5400 240 
5400 242 
5400 243 148 
5400 245 34 107 292 38 
5400 246 148 
5400 247 138 139 38 
5400 249 107 292 93 
5400 250 154 139 212 71 
5400 252 
5400 253 138 139 220 
5400 255 216 24 277 47 
5400 256 148 
5400 258 34 139 93 182 167 
5400 259 34 38 46 212 277 185 
5400 260 107 139 292 38 
5400 263 148 
5400 264 
5400 265 
5400 267 
5400 268 139 212 93 6 
5400 269 148 
5400 272 148 
5400 273 148 
5400 274 177 277 93 38 47 
5400 277 
5400 278 139 292 38 107 24 93 
5400 279 107 139 292 
5400 280 148 
5400 281 139 166 
5400 283 148 
5400 286 34 107 292 38 6 139 12 177 212 22 154 220 93 
5400 287 
5400 288 220 182 
5400 291 177 252 93 277 
5400 292 
5400 294 34 292 38 138 177 154 220 
5400 296 138 34 93 182 
5400 298 139 12 
5400 299 24 177 43 173 
6300 0 154 6 
6300 1 148 292 
6300 2 148 
6300 3 107 292 38 
6300 4 154 139 71 
6300 5 
6300 6 154 
6300 7 56 154 139 220 5 
6300 8 43 148 71 
6300 9 24 216 38 
6300 10 34 107 292 38 12 139 204 182 123 220 
6300 11 148 
6300 12 216 24 93 277 
6300 13 216 24 93 277 
6300 14 148 
6300 15 148 
6300 16 292 5 6 12 107 204 218 154 
6300 17 24 107 292 
6300 18 292 38 6 107 154 220 93 
6300 19 34 38 204 138 12 185 
6300 20 34 107 292 38 139 12 24 123 
6300 21 242 148 71 
6300 22 
6300 24 252 93 277 
6300 27 292 5 6 177 277 220 93 
6300 29 107 139 292 38 
6300 30 148 
6300 34 177 
6300 37 148 93 277 
6300 38 277 
6300 39 148 182 6 
6300 40 34 139 292 38 6 107 12 154 123 220 93 
6300 41 242 139 46 
6300 42 123 34 139 292 70 6 12 170 43 204 22 177 242 107 182 56 154 38 220 218 
6300 43 
6300 46 
6300 48 148 
6300 49 34 292 38 
6300 50 107 292 93 
6300 51 148 71 
6300 52 216 24 43 277 
6300 53 148 
6300 55 70 6 167 138 277 182 56 93 
6300 56 
6300 58 154 292 93 38 
6300 59 34 173 177 277 24 216 93 
6300 60 148 
6300 63 139 292 38 6 107 12 177 22 220 
6300 65 34 38 
6300 66 6 71 139 22 154 252 93 
6300 67 154 220 5 
6300 69 139 93 71 
6300 70 277 
6300 71 
6300 74 242 292 
6300 75 115 
6300 81 148 
6300 82 292 6 38 12 148 220 93 
6300 84 24 277 
6300 87 185 34 139 182 
6300 88 216 177 252 93 277 
6300 89 24 177 216 93 277 
6300 90 38 71 139 277 24 220 
6300 93 173 277 
6300 99 43 148 71 
6300 100 185 252 182 
6300 101 34 139 292 38 6 138 107 12 177 22 93 
6300 105 148 
6300 106 93 277 
6300 107 277 
6300 108 216 24 252 277 
6300 109 34 38 204 138 12 185 
6300 111 5 38 
6300 112 34 292 38 6 107 12 177 148 22 154 123 93 
6300 113 138 292 277 
6300 114 139 292 38 
6300 115 292 166 6 12 107 204 218 220 
6300 116 242 139 38 
6300 118 182 6 12 277 22 216 93 
6300 119 148 292 220 38 12 
6300 123 
6300 124 148 
6300 126 148 
6300 127 12 107 292 38 
6300 128 34 107 292 38 12 139 204 182 123 220 
6300 129 148 
6300 130 34 38 
6300 132 148 71 
6300 133 107 292 38 
6300 138 
6300 139 216 24 
6300 140 148 
6300 141 
6300 142 148 292 173 185 
6300 145 34 139 148 
6300 146 177 93 
6300 147 34 107 292 38 139 12 24 123 
6300 148 24 
6300 149 220 292 5 185 
6300 150 34 38 
6300 151 148 
6300 153 93 277 
6300 154 6 
6300 156 148 
6300 157 292 38 6 177 277 154 220 93 
6300 158 139 148 22 6 5 
6300 159 138 139 5 
6300 162 148 
6300 163 185 252 
6300 164 
6300 165 292 38 6 107 154 220 93 
6300 166 
6300 167 
6300 168 
6300 170 
6300 171 148 139 292 
6300 172 216 177 292 
6300 173 
6300 174 148 
6300 175 154 139 6 
6300 177 24 277 93 173 
6300 178 107 292 38 
6300 179 185 182 
6300 180 139 292 38 107 12 22 123 
6300 181 24 138 277 93 173 
6300 182 
6300 184 24 177 93 277 
6300 185 
6300 187 216 24 
6300 189 56 292 
6300 191 148 
6300 195 216 24 139 93 
6300 201 138 177 277 182 216 93 
6300 203 34 107 292 38 
6300 204 
6300 205 139 292 38 
6300 208 24 177 93 277 
6300 209 148 
6300 211 56 154 139 220 5 
6300 213 185 182 
6300 214 138 34 93 
6300 215 107 139 292 
6300 216 
6300 217 24 34 277 93 173 
6300 218 
6300 219 34 139 292 38 6 107 12 177 22 154 123 220 93 
6300 220 
6300 221 24 139 220 277 71 
6300 222 148 
6300 224 24 177 138 93 277 
6300 226 148 292 
6300 228 148 
6300 229 115 166 158 
6300 230 12 173 277 24 252 93 
6300 232 34 139 292 22 6 12 107 204 177 123 148 182 154 38 220 93 
6300 233 148 
6300 234 148 218 292 
6300 236 34 173 182 93 
6300 238 185 34 277 38 
6300 239 292 6 204 107 12 218 220 
6300 240 
6300 242 
6300 245 34 107 292 38 
6300 246 148 
6300 247 138 139 38 
6300 249 107 292 93 
6300 250 154 139 71 
6300 252 
6300 253 138 139 220 
6300 255 216 24 277 
6300 256 148 
6300 258 34 139 93 182 167 
6300 259 185 34 46 277 38 
6300 264 
6300 265 
6300 267 
6300 268 139 93 6 
6300 269 148 
6300 272 148 
6300 273 148 
6300 274 177 93 38 277 
6300 277 
6300 278 139 292 38 107 24 93 
6300 279 107 139 292 
6300 280 148 
6300 281 139 166 
6300 283 148 
6300 286 34 139 292 38 6 107 12 177 22 154 220 93 
6300 287 
6300 288 220 182 
6300 291 177 252 93 277 
6300 292 
6300 294 34 292 38 138 177 154 220 
6300 296 138 34 93 182 
6300 298 139 12 
6300 299 24 177 43 173 
