0 0 88 66 35 
0 1 32 280 194 117 
0 2 169 210 
0 3 34 99 164 167 207 252 
0 4 212 173 238 
0 5 175 239 215 
0 6 64 1 141 242 116 181 31 
0 7 289 163 197 241 274 213 27 
0 8 224 292 293 274 110 50 151 
0 9 40 170 59 214 
0 10 264 201 275 148 
0 11 97 36 198 264 266 111 150 121 
0 12 160 54 
0 13 271 141 278 175 
0 14 17 136 41 263 200 31 30 287 
0 15 48 196 44 134 
0 16 91 139 60 270 190 
0 17 171 270 38 63 
0 18 260 203 206 21 122 60 154 
0 19 265 12 173 214 60 62 
0 20 0 299 100 
0 21 81 117 145 
0 22 280 63 244 93 287 
0 23 296 297 262 
0 24 72 280 298 
0 26 1 111 
0 27 6 236 12 211 245 183 191 
0 28 258 164 
0 29 171 293 166 107 212 182 93 190 
0 30 99 43 174 28 157 94 
0 31 162 148 90 94 47 
0 32 60 
0 33 
0 34 229 70 
0 35 169 194 187 86 78 
0 36 
0 37 273 121 102 247 
0 38 121 139 20 39 31 
0 39 92 173 101 
0 40 168 234 125 286 127 
0 41 224 194 229 203 109 120 221 255 
0 42 202 123 13 229 
0 43 0 257 35 102 13 272 
0 44 225 298 260 143 
0 46 64 298 34 229 207 
0 47 66 183 
0 48 272 132 277 151 
0 49 231 202 174 270 20 149 155 
0 50 257 251 292 142 215 
0 51 
0 52 256 28 207 
0 53 138 187 276 
0 54 169 140 118 257 
0 55 
0 56 160 40 235 238 17 84 
0 57 267 274 159 165 87 
0 58 278 
0 59 149 287 
0 60 280 114 27 70 
0 61 11 263 
0 62 66 61 
0 63 226 276 277 
0 64 248 297 3 279 
0 65 115 97 147 173 
0 66 112 81 99 208 223 
0 67 165 287 
0 69 34 295 167 191 
0 70 290 219 116 22 
0 71 224 18 259 116 
0 72 269 142 109 240 93 126 
0 74 1 226 267 78 143 80 287 
0 75 298 205 
0 76 112 281 119 
0 77 228 262 232 169 239 114 254 
0 78 153 242 5 182 41 
0 79 168 113 243 181 278 62 127 
0 80 98 271 20 31 
0 81 136 275 76 
0 82 220 239 244 293 223 
0 84 171 46 208 20 125 94 
0 85 72 203 117 143 
0 86 220 252 262 
0 87 283 24 139 93 38 
0 88 258 36 
0 89 32 34 263 213 246 120 124 
0 90 272 212 77 135 
0 91 292 262 237 240 81 117 
0 92 224 91 46 166 
0 93 65 4 263 49 276 62 
0 94 119 12 13 54 101 
0 95 192 195 136 87 156 94 
0 96 27 226 235 172 219 
0 97 120 57 266 245 207 
0 98 46 
0 99 203 174 
0 100 72 152 38 207 
0 101 224 273 293 
0 102 35 5 169 236 111 143 29 
0 103 209 23 125 191 
0 105 152 220 127 
0 106 256 291 155 121 
0 107 41 146 218 47 
0 108 231 296 42 267 17 87 
0 109 19 103 203 115 124 30 
0 110 145 253 134 79 
0 111 240 74 179 
0 112 273 262 
0 113 26 20 46 
0 114 51 22 54 47 
0 115 177 173 293 
0 116 32 162 76 250 22 
0 117 64 65 234 43 236 110 280 
0 118 150 23 
0 119 48 200 265 289 63 
0 120 106 236 221 125 
0 121 136 266 44 31 
0 122 148 283 44 157 
0 123 65 168 74 205 232 86 55 287 
0 124 33 35 198 273 19 118 30 
0 125 27 102 235 163 148 214 283 127 
0 126 288 35 
0 127 0 66 69 167 136 51 215 184 27 37 222 223 
0 128 250 58 290 
0 129 209 179 5 278 41 
0 130 185 298 13 231 
0 132 4 222 247 
0 133 208 210 234 78 
0 134 19 235 12 
0 135 136 0 12 79 
0 136 114 58 125 101 
0 138 88 298 219 
0 139 263 136 233 111 210 212 281 90 93 222 
0 140 3 172 47 275 53 55 
0 141 224 161 147 229 191 
0 142 225 294 200 203 118 282 
0 143 144 37 269 63 
0 144 96 288 228 165 13 17 114 282 62 
0 145 213 181 22 175 
0 146 256 1 258 75 169 
0 147 290 130 77 142 51 86 
0 148 170 155 
0 149 48 200 99 172 125 
0 150 289 138 211 269 86 
0 151 216 268 140 102 
0 152 64 195 212 37 
0 153 217 110 109 102 77 
0 154 36 206 16 209 20 278 223 
0 155 273 281 
0 156 50 267 13 
0 157 102 
0 158 249 202 124 143 
0 159 193 226 62 86 70 
0 160 95 
0 161 113 299 286 94 
0 162 186 35 
0 163 161 66 201 146 276 150 218 
0 164 72 102 
0 165 195 94 
0 166 202 283 118 231 
0 167 153 
0 168 32 226 269 278 249 187 
0 169 126 
0 170 0 102 10 114 119 217 
0 171 17 242 258 118 
0 172 72 76 
0 173 256 26 119 101 109 
0 174 152 66 268 274 85 
0 175 112 299 294 95 
0 177 130 4 194 109 145 114 121 122 189 191 
0 178 296 163 84 246 
0 179 209 11 158 174 205 
0 180 37 214 
0 181 278 31 
0 182 101 70 143 241 244 122 92 
0 183 297 299 164 38 12 
0 184 33 90 255 
0 185 248 186 77 135 
0 186 52 13 62 
0 187 58 75 108 21 173 
0 189 148 29 135 
0 190 160 
0 191 194 193 178 69 79 
0 192 197 60 286 118 111 
0 193 43 227 265 
0 194 203 111 275 118 207 62 
0 195 265 106 175 24 91 222 
0 196 136 
0 197 121 268 221 
0 198 156 
0 199 122 165 118 
0 200 257 41 268 143 49 53 
0 201 161 
0 202 187 164 222 78 
0 203 153 154 219 86 273 
0 204 0 81 266 
0 205 2 123 152 56 249 251 
0 206 128 90 4 
0 207 128 144 151 283 29 287 
0 208 99 151 54 87 
0 209 242 258 164 18 
0 210 260 
0 211 135 235 247 
0 212 184 290 283 228 
0 213 20 
0 214 16 249 132 299 36 
0 215 164 
0 216 196 263 295 245 246 248 94 
0 217 268 251 239 127 
0 218 145 38 223 
0 219 163 139 253 
0 220 59 164 213 190 
0 221 290 139 
0 222 293 168 237 79 216 95 
0 223 156 252 
0 224 280 204 29 103 
0 225 96 220 238 15 
0 226 3 203 
0 227 136 
0 228 40 225 195 22 
0 229 225 290 4 143 244 215 
0 230 181 197 294 255 
0 231 219 
0 232 251 117 62 
0 233 224 250 133 
0 234 165 9 209 115 279 59 
0 235 144 241 242 0 
0 236 64 129 125 225 
0 237 112 233 123 267 
0 238 219 262 136 80 56 283 
0 239 40 136 148 213 294 
0 240 0 288 226 123 243 115 27 
0 241 240 294 111 
0 242 146 239 241 178 29 190 287 
0 243 170 
0 244 224 265 132 159 
0 245 163 287 69 77 135 
0 246 120 18 197 206 135 
0 247 275 164 253 
0 248 80 67 230 169 208 276 86 183 
0 249 290 47 278 87 
0 250 136 106 75 
0 251 240 274 180 
0 252 248 258 214 206 
0 253 107 133 299 271 222 20 53 279 126 
0 254 3 48 17 18 215 219 221 
0 255 218 35 278 
0 256 241 148 60 277 230 
0 257 162 245 
0 258 213 
0 259 290 229 6 34 115 87 26 
0 260 40 98 110 
0 262 89 258 197 166 
0 263 97 250 193 
0 264 225 187 109 55 
0 265 129 263 136 105 76 174 184 
0 266 172 108 19 277 26 156 191 
0 267 273 186 101 
0 268 162 
0 269 13 
0 270 280 146 115 116 
0 271 105 258 102 94 
0 272 24 105 154 
0 273 192 7 41 212 88 155 158 
0 274 134 232 267 85 151 221 254 
0 275 138 50 135 
0 276 105 238 87 
0 277 185 47 
0 278 252 110 6 143 
0 279 296 65 178 75 215 
0 280 37 263 36 93 15 
0 281 242 102 
0 282 56 
0 283 26 149 
0 286 35 277 207 
0 287 128 110 210 88 185 90 
0 288 194 171 237 182 39 
0 289 32 39 232 75 108 244 
0 290 146 236 151 
0 291 11 238 151 
0 292 216 267 92 54 55 
0 293 136 251 180 190 
0 294 32 274 
0 295 209 81 
0 296 195 
0 297 0 
0 298 225 42 13 19 154 127 
0 299 88 273 34 241 
900 0 88 66 35 
900 1 32 280 117 
900 2 169 210 
900 3 34 99 164 167 207 252 
900 4 212 173 238 
900 5 175 239 215 
900 6 64 1 141 242 116 181 31 
900 7 289 163 197 241 274 213 27 
900 8 224 292 293 274 110 50 151 
900 9 40 170 59 214 
900 10 264 201 275 148 
900 11 36 198 264 266 111 150 
900 12 160 54 
900 13 271 141 278 175 
900 14 263 136 41 17 31 30 287 
900 15 48 196 44 134 
900 16 91 139 60 270 
900 17 171 270 38 63 
900 18 260 203 206 21 154 60 
900 19 265 12 173 214 60 62 
900 20 0 299 100 
900 21 81 117 145 
900 22 280 63 244 93 287 
900 23 296 297 262 
900 24 72 280 298 
900 26 1 111 
900 27 6 236 12 211 245 183 191 
900 28 258 164 
900 29 171 293 166 107 212 182 93 
900 30 99 43 174 28 157 94 
900 31 162 148 90 94 47 
900 32 60 
900 33 
900 34 229 70 
900 35 169 187 86 78 
900 36 
900 37 273 102 247 
900 38 39 139 20 31 
900 39 92 173 101 
900 40 168 234 125 286 127 
900 41 224 229 203 109 120 221 255 
900 42 202 123 13 229 
900 43 0 257 35 102 13 272 
900 44 225 298 260 143 
900 46 64 298 34 229 207 
900 47 66 183 
900 48 272 132 277 151 
900 49 231 202 174 270 20 149 155 
900 50 257 251 292 142 215 
900 51 
900 52 256 28 207 
900 53 138 187 276 
900 54 169 140 118 257 
900 55 
900 56 160 40 235 238 17 84 
900 57 267 274 159 165 87 
900 58 278 
900 59 149 287 
900 60 280 114 27 70 
900 61 11 263 
900 62 66 61 
900 63 226 276 277 
900 64 248 297 3 279 
900 65 115 147 173 
900 66 112 81 99 208 223 
900 67 165 287 
900 69 34 295 167 191 
900 70 219 116 22 
900 71 224 18 259 116 
900 72 269 142 109 240 93 126 
900 74 1 226 267 78 143 80 287 
900 75 298 205 
900 76 112 281 119 
900 78 153 242 5 182 41 
900 79 168 113 243 181 278 62 127 
900 80 98 271 20 31 
900 81 136 275 76 
900 82 220 239 244 293 223 
900 84 171 46 208 20 125 94 
900 85 72 203 117 143 
900 86 220 252 262 
900 87 283 24 139 93 38 
900 88 258 36 
900 89 32 34 263 213 246 120 124 
900 90 272 212 135 
900 91 292 262 237 240 81 117 
900 92 224 91 46 166 
900 93 65 4 263 49 276 62 
900 94 119 12 13 54 101 
900 95 192 195 136 87 156 94 
900 96 27 226 235 172 219 
900 98 46 
900 99 203 174 
900 100 72 38 207 
900 101 224 273 293 
900 102 35 5 169 236 111 143 29 
900 103 209 23 125 191 
900 105 220 127 
900 106 256 291 155 
900 107 41 146 218 47 
900 108 231 296 42 267 17 87 
900 109 19 103 203 115 124 30 
900 110 145 253 134 79 
900 111 240 74 179 
900 112 273 262 
900 113 26 20 46 
900 114 51 22 54 47 
900 115 177 173 293 
900 116 32 162 76 250 22 
900 117 64 65 234 43 236 110 280 
900 118 150 23 
900 119 48 289 265 63 
900 120 106 236 221 125 
900 123 65 168 74 205 232 86 55 287 
900 124 33 35 198 273 19 118 30 
900 125 27 102 235 163 148 214 283 127 
900 126 288 35 
900 127 0 66 69 167 136 51 215 184 27 37 222 223 
900 128 250 58 
900 129 209 179 5 278 41 
900 130 185 298 13 231 
900 132 4 222 247 
900 133 208 210 234 78 
900 134 19 235 12 
900 135 136 0 12 79 
900 136 114 58 125 101 
900 138 88 298 219 
900 139 263 136 233 111 210 212 281 90 93 222 
900 140 3 172 47 275 53 55 
900 141 224 147 229 191 
900 142 225 282 203 118 294 
900 143 144 37 269 63 
900 144 96 288 228 165 13 17 114 282 62 
900 145 213 181 22 175 
900 146 256 1 258 75 169 
900 147 130 51 142 86 
900 148 170 155 
900 149 48 99 172 125 
900 150 289 138 211 269 86 
900 151 216 268 140 102 
900 153 217 110 109 102 
900 154 36 206 16 209 20 278 223 
900 155 273 281 
900 156 50 267 13 
900 157 102 
900 158 249 202 124 143 
900 159 226 62 86 70 
900 160 95 
900 162 35 
900 163 66 201 146 276 150 218 
900 164 72 102 
900 165 195 94 
900 166 202 283 118 231 
900 167 153 
900 168 32 226 269 278 249 187 
900 169 126 
900 170 0 102 10 114 119 217 
900 171 17 242 258 118 
900 172 72 76 
900 173 256 26 119 101 109 
900 174 66 268 274 85 
900 175 112 299 294 95 
900 177 130 4 109 145 114 189 191 
900 178 296 163 84 246 
900 179 209 11 158 174 205 
900 180 37 214 
900 181 278 31 
900 182 101 70 143 241 244 92 
900 183 297 299 164 38 12 
900 184 33 90 255 
900 185 248 135 
900 187 58 75 108 21 173 
900 189 148 29 135 
900 191 178 69 79 
900 192 197 60 286 118 111 
900 195 265 106 175 24 91 222 
900 196 136 
900 197 268 221 
900 198 156 
900 201 
900 202 187 164 222 78 
900 203 153 154 219 86 273 
900 204 0 81 266 
900 205 123 249 2 251 56 
900 206 128 90 4 
900 207 128 144 151 283 29 287 
900 208 99 151 54 87 
900 209 242 258 164 18 
900 210 260 
900 211 135 235 247 
900 212 184 283 228 
900 213 20 
900 214 16 249 132 299 36 
900 215 164 
900 216 196 263 295 245 246 248 94 
900 217 268 251 239 127 
900 218 145 38 223 
900 219 163 139 253 
900 220 59 164 213 
900 221 139 
900 222 293 168 237 79 216 95 
900 223 156 252 
900 224 280 204 29 103 
900 225 96 220 238 15 
900 226 3 203 
900 227 136 
900 228 40 225 195 22 
900 229 225 4 143 244 215 
900 230 181 197 294 255 
900 231 219 
900 232 251 117 62 
900 233 224 250 133 
900 234 165 9 209 115 279 59 
900 235 144 241 242 0 
900 236 64 129 125 225 
900 237 112 233 123 267 
900 238 219 262 136 80 56 283 
900 239 40 136 148 213 294 
900 240 0 288 226 123 243 115 27 
900 241 240 294 111 
900 242 146 239 241 178 29 287 
900 243 170 
900 244 224 265 132 159 
900 245 163 287 69 135 
900 246 120 18 197 206 135 
900 247 275 164 253 
900 248 80 67 230 169 208 276 86 183 
900 249 47 278 87 
900 250 136 106 75 
900 251 240 274 180 
900 252 248 258 214 206 
900 253 107 133 299 271 222 20 53 279 126 
900 254 3 48 17 18 215 219 221 
900 255 218 35 278 
900 256 241 148 60 277 230 
900 257 162 245 
900 258 213 
900 259 34 229 6 115 87 26 
900 260 40 98 110 
900 262 89 258 197 166 
900 263 250 
900 264 225 187 109 55 
900 265 129 263 136 105 76 174 184 
900 266 172 108 19 277 26 156 191 
900 267 273 101 
900 268 162 
900 269 13 
900 270 280 146 115 116 
900 271 105 258 102 94 
900 272 24 105 154 
900 273 192 7 41 212 88 155 158 
900 274 134 232 267 85 151 221 254 
900 275 138 50 135 
900 276 105 238 87 
900 277 185 47 
900 278 252 110 6 143 
900 279 296 65 178 75 215 
900 280 37 263 36 93 15 
900 281 242 102 
900 282 56 
900 283 26 149 
900 286 35 277 207 
900 287 128 110 210 88 185 90 
900 288 171 237 182 39 
900 289 32 39 232 75 108 244 
900 291 11 238 151 
900 292 216 267 92 54 55 
900 293 136 251 180 
900 294 32 274 
900 295 209 81 
900 296 195 
900 297 0 
900 298 225 42 13 19 154 127 
900 299 88 273 34 241 
1800 0 88 66 35 
1800 1 32 280 117 
1800 2 169 210 
1800 3 34 99 164 167 207 252 
1800 4 212 173 238 
1800 5 175 239 215 
1800 6 64 1 141 242 116 181 31 
1800 7 289 163 197 241 274 213 27 
1800 8 224 292 293 274 50 151 
1800 9 40 170 59 214 
1800 10 264 201 148 
1800 11 264 36 198 150 111 
1800 12 160 
1800 13 141 278 175 
1800 14 263 136 41 17 31 30 287 
1800 15 48 196 44 134 
1800 16 139 60 270 
1800 17 171 270 38 63 
1800 18 260 154 203 60 21 
1800 19 265 12 173 214 60 62 
1800 20 0 299 100 
1800 21 81 117 145 
1800 22 280 63 244 93 287 
1800 23 296 297 262 
1800 24 72 280 298 
1800 26 1 111 
1800 27 6 236 12 211 245 183 191 
1800 28 258 164 
1800 29 171 293 166 107 212 182 93 
1800 30 99 43 174 28 157 94 
1800 31 162 148 90 94 47 
1800 32 60 
1800 33 
1800 34 229 70 
1800 35 169 187 86 78 
1800 36 
1800 37 273 102 247 
1800 38 39 139 20 31 
1800 39 92 173 101 
1800 40 168 234 125 286 127 
1800 41 224 229 203 109 120 221 255 
1800 42 202 123 13 229 
1800 43 0 257 35 102 13 272 
1800 44 225 298 260 143 
1800 46 64 298 34 229 207 
1800 47 66 183 
1800 48 272 132 277 151 
1800 49 202 270 174 20 149 155 
1800 50 257 292 142 215 
1800 51 
1800 52 256 28 207 
1800 53 138 187 276 
1800 55 
1800 56 160 40 235 238 17 84 
1800 57 267 274 159 165 87 
1800 58 278 
1800 59 149 287 
1800 60 280 114 27 70 
1800 61 11 263 
1800 62 66 61 
1800 63 226 276 277 
1800 64 248 297 3 279 
1800 65 115 147 173 
1800 66 112 81 99 208 223 
1800 67 165 287 
1800 69 34 295 167 191 
1800 70 219 116 22 
1800 71 224 18 259 116 
1800 72 269 142 109 240 93 126 
1800 74 1 226 267 78 143 80 287 
1800 75 298 205 
1800 76 112 281 119 
1800 78 153 242 5 182 41 
1800 79 168 113 243 181 278 62 127 
1800 80 98 20 31 
1800 81 136 76 
1800 82 220 239 244 293 223 
1800 84 171 46 208 20 125 94 
1800 85 72 203 117 143 
1800 86 220 252 262 
1800 87 283 24 139 93 38 
1800 88 258 36 
1800 89 32 34 263 213 246 120 124 
1800 90 272 212 135 
1800 92 224 46 166 
1800 93 65 4 263 49 276 62 
1800 94 119 12 13 101 
1800 95 192 195 136 87 156 94 
1800 96 27 226 235 172 219 
1800 98 46 
1800 99 203 174 
1800 100 72 38 207 
1800 101 224 273 293 
1800 102 35 5 169 236 111 143 29 
1800 105 220 127 
1800 106 256 291 155 
1800 107 41 146 218 47 
1800 108 296 17 42 267 87 
1800 109 115 19 203 124 30 
1800 111 240 74 179 
1800 112 273 262 
1800 113 26 20 46 
1800 114 51 22 47 
1800 115 177 173 293 
1800 116 32 162 76 250 22 
1800 117 64 65 234 43 236 280 
1800 118 150 23 
1800 119 48 289 265 63 
1800 120 106 236 221 125 
1800 123 65 168 74 205 232 86 55 287 
1800 124 33 35 198 273 19 118 30 
1800 125 27 102 235 163 148 214 283 127 
1800 126 288 35 
1800 127 0 66 69 167 136 51 215 184 27 37 222 223 
1800 128 250 58 
1800 129 209 179 5 278 41 
1800 130 185 298 13 
1800 132 4 222 247 
1800 133 208 210 234 78 
1800 134 19 235 12 
1800 135 136 0 12 79 
1800 136 114 58 125 101 
1800 138 88 298 219 
1800 139 263 136 233 111 210 212 281 90 93 222 
1800 140 3 47 172 53 55 
1800 141 224 147 229 191 
1800 142 225 203 118 294 
1800 143 144 37 269 63 
1800 144 96 288 228 165 13 17 114 62 
1800 145 213 181 22 175 
1800 146 256 1 258 75 169 
1800 147 130 51 142 86 
1800 148 170 155 
1800 149 48 99 172 125 
1800 150 289 138 211 269 86 
1800 151 216 268 140 102 
1800 153 217 109 102 
1800 154 36 16 209 20 278 223 
1800 155 273 281 
1800 156 50 267 13 
1800 157 102 
1800 158 249 202 124 143 
1800 159 226 62 86 70 
1800 160 95 
1800 162 35 
1800 163 66 201 146 276 150 218 
1800 164 72 102 
1800 165 195 94 
1800 166 202 283 118 
1800 167 153 
1800 168 32 226 269 278 249 187 
1800 169 126 
1800 170 0 102 10 114 119 217 
1800 171 17 242 258 118 
1800 172 72 76 
1800 173 256 26 119 101 109 
1800 174 66 268 274 85 
1800 175 112 299 294 95 
1800 177 130 4 109 145 114 189 191 
1800 178 296 163 84 246 
1800 179 209 11 158 174 205 
1800 180 37 214 
1800 181 278 31 
1800 182 101 70 143 241 244 92 
1800 183 297 299 164 38 12 
1800 184 33 90 255 
1800 185 248 135 
1800 187 58 75 108 21 173 
1800 189 148 29 135 
1800 191 178 69 79 
1800 192 197 60 286 118 111 
1800 195 24 265 106 222 175 
1800 196 136 
1800 197 268 221 
1800 198 156 
1800 201 
1800 202 187 164 222 78 
1800 203 153 154 219 86 273 
1800 204 0 81 
1800 205 56 249 2 123 
1800 207 128 144 151 283 29 287 
1800 208 99 151 87 
1800 209 242 258 164 18 
1800 210 260 
1800 211 135 235 247 
1800 212 184 283 228 
1800 213 20 
1800 214 16 249 132 299 36 
1800 215 164 
1800 216 196 263 295 245 246 248 94 
1800 217 239 268 127 
1800 218 145 38 223 
1800 219 163 139 253 
1800 220 59 164 213 
1800 221 139 
1800 222 293 168 237 79 216 95 
1800 223 156 252 
1800 224 280 204 29 
1800 225 96 220 238 15 
1800 226 3 203 
1800 228 40 225 195 22 
1800 229 225 4 143 244 215 
1800 230 181 197 294 255 
1800 232 117 62 
1800 233 224 250 133 
1800 234 165 9 209 115 279 59 
1800 235 144 241 242 0 
1800 236 64 129 125 225 
1800 237 112 233 123 267 
1800 238 219 262 136 80 56 283 
1800 239 40 136 148 213 294 
1800 240 0 288 226 123 243 115 27 
1800 241 240 294 111 
1800 242 146 239 241 178 29 287 
1800 243 170 
1800 244 224 265 132 159 
1800 245 163 287 69 135 
1800 246 120 18 197 135 
1800 247 164 253 
1800 248 80 67 230 169 208 276 86 183 
1800 249 47 278 87 
1800 250 136 106 75 
1800 252 248 258 214 
1800 253 107 133 299 222 20 53 279 126 
1800 255 218 35 278 
1800 256 241 148 60 277 230 
1800 257 162 245 
1800 258 213 
1800 259 34 229 6 115 87 26 
1800 260 40 98 
1800 262 89 258 197 166 
1800 263 250 
1800 264 225 187 109 55 
1800 265 129 263 136 105 76 174 184 
1800 267 273 101 
1800 268 162 
1800 269 13 
1800 270 280 146 115 116 
1800 272 24 105 154 
1800 273 192 7 41 212 88 155 158 
1800 274 134 232 267 85 151 221 
1800 276 105 238 87 
1800 277 185 47 
1800 278 252 6 143 
1800 279 296 65 178 75 215 
1800 280 37 263 36 93 15 
1800 281 242 102 
1800 283 26 149 
1800 286 35 277 207 
1800 287 88 128 210 90 185 
1800 288 171 237 182 39 
1800 289 32 39 232 75 108 244 
1800 291 11 238 151 
1800 292 216 267 92 55 
1800 293 136 180 
1800 294 32 274 
1800 295 209 81 
1800 296 195 
1800 297 0 
1800 298 225 42 13 19 154 127 
1800 299 88 273 34 241 
2700 0 88 66 35 
2700 1 280 117 
2700 2 169 210 
2700 3 34 99 164 167 207 252 
2700 4 212 173 238 
2700 5 175 239 215 
2700 6 64 1 141 242 116 181 31 
2700 7 289 163 197 241 274 213 27 
2700 8 224 292 293 274 50 151 
2700 9 40 170 59 214 
2700 10 264 201 148 
2700 11 264 36 198 150 111 
2700 12 
2700 13 141 278 175 
2700 14 263 136 41 17 31 30 287 
2700 15 48 196 134 
2700 16 139 60 270 
2700 17 171 270 38 63 
2700 18 260 154 203 60 21 
2700 19 265 12 173 214 60 62 
2700 20 0 299 100 
2700 21 81 117 145 
2700 22 280 63 244 93 287 
2700 23 296 297 262 
2700 24 280 298 
2700 26 1 111 
2700 27 6 236 12 211 245 183 191 
2700 28 258 164 
2700 29 171 293 166 107 212 182 93 
2700 30 99 43 174 28 157 94 
2700 31 162 148 90 94 47 
2700 33 
2700 34 229 70 
2700 35 169 187 86 78 
2700 36 
2700 37 273 102 247 
2700 38 39 139 20 31 
2700 39 92 173 101 
2700 40 168 234 125 286 127 
2700 41 224 229 203 109 120 221 255 
2700 42 202 123 13 229 
2700 43 272 0 35 13 102 
2700 46 64 298 34 229 207 
2700 47 66 183 
2700 48 272 132 277 151 
2700 49 202 270 174 20 149 155 
2700 50 292 142 215 
2700 51 
2700 52 256 28 207 
2700 53 138 187 
2700 55 
2700 56 40 17 235 84 238 
2700 57 267 274 159 165 87 
2700 58 278 
2700 59 149 287 
2700 60 280 114 27 70 
2700 62 66 
2700 63 226 277 
2700 64 297 3 279 
2700 65 115 147 173 
2700 66 112 81 99 208 
2700 67 165 287 
2700 69 34 167 191 
2700 70 219 116 22 
2700 71 224 18 259 116 
2700 74 1 226 267 78 143 80 287 
2700 75 298 205 
2700 76 112 281 119 
2700 78 153 242 5 182 41 
2700 79 168 113 243 181 278 62 127 
2700 80 98 20 31 
2700 81 136 76 
2700 82 220 244 293 239 
2700 84 171 46 208 20 125 94 
2700 85 203 117 143 
2700 86 220 252 262 
2700 87 283 24 139 93 38 
2700 88 258 36 
2700 89 34 263 213 246 120 124 
2700 90 272 212 
2700 92 224 46 166 
2700 93 49 4 62 65 263 
2700 94 119 12 13 101 
2700 95 136 195 156 94 87 
2700 98 46 
2700 99 203 174 
2700 100 38 207 
2700 101 224 273 293 
2700 102 35 5 169 236 111 143 29 
2700 105 220 127 
2700 106 256 291 155 
2700 107 41 146 218 47 
2700 108 296 17 42 267 87 
2700 109 115 19 203 124 30 
2700 111 240 74 179 
2700 112 273 262 
2700 113 26 20 46 
2700 114 51 22 47 
2700 115 177 173 293 
2700 116 162 76 250 22 
2700 117 64 65 234 43 236 280 
2700 118 150 23 
2700 119 48 289 265 63 
2700 120 106 236 221 125 
2700 123 65 168 74 205 232 86 55 287 
2700 124 33 35 198 273 19 118 30 
2700 125 27 102 235 163 148 214 283 127 
2700 126 288 35 
2700 127 0 66 69 167 136 51 215 184 27 222 37 
2700 128 250 58 
2700 129 209 179 5 278 41 
2700 130 185 298 13 
2700 132 4 222 247 
2700 133 208 210 234 78 
2700 134 19 235 12 
2700 136 114 58 125 101 
2700 138 88 298 219 
2700 139 263 136 233 111 210 212 281 90 93 222 
2700 140 3 47 172 53 55 
2700 141 224 147 229 191 
2700 142 225 203 118 294 
2700 143 144 37 269 63 
2700 144 288 228 165 13 17 114 62 
2700 145 213 181 22 175 
2700 146 256 1 258 75 169 
2700 147 130 51 142 86 
2700 148 170 155 
2700 149 48 99 172 125 
2700 150 289 138 211 269 86 
2700 151 216 268 140 102 
2700 153 217 109 102 
2700 154 16 209 20 278 36 
2700 155 273 281 
2700 156 50 267 13 
2700 157 102 
2700 158 249 202 124 143 
2700 159 226 62 86 70 
2700 162 35 
2700 163 201 146 66 218 150 
2700 164 102 
2700 165 195 94 
2700 166 202 283 118 
2700 167 153 
2700 168 249 226 187 269 278 
2700 169 126 
2700 170 0 102 10 114 119 217 
2700 171 17 242 258 118 
2700 172 76 
2700 173 256 26 119 101 109 
2700 174 66 268 274 85 
2700 175 112 299 294 95 
2700 177 130 4 109 145 114 189 191 
2700 178 296 163 84 246 
2700 179 209 11 158 174 205 
2700 180 37 214 
2700 181 278 31 
2700 182 101 70 143 241 244 92 
2700 183 297 299 164 38 12 
2700 184 33 90 255 
2700 185 
2700 187 58 75 108 21 173 
2700 189 148 29 
2700 191 178 69 79 
2700 195 24 265 106 222 175 
2700 196 136 
2700 197 268 221 
2700 198 156 
2700 201 
2700 202 187 164 222 78 
2700 203 153 154 219 86 273 
2700 204 0 81 
2700 205 56 249 2 123 
2700 207 128 144 151 283 29 287 
2700 208 99 151 87 
2700 209 242 258 164 18 
2700 210 260 
2700 211 235 247 
2700 212 184 283 228 
2700 213 20 
2700 214 16 249 132 299 36 
2700 215 164 
2700 216 246 196 245 94 263 
2700 217 239 268 127 
2700 218 145 38 
2700 219 163 139 253 
2700 220 59 164 213 
2700 221 139 
2700 222 293 168 237 79 216 95 
2700 224 280 204 29 
2700 225 220 238 15 
2700 226 3 203 
2700 228 40 225 195 22 
2700 229 225 4 143 244 215 
2700 230 181 197 294 255 
2700 232 117 62 
2700 233 224 250 133 
2700 234 165 9 209 115 279 59 
2700 235 144 241 242 0 
2700 236 64 129 125 225 
2700 237 112 233 123 267 
2700 238 219 262 136 80 56 283 
2700 239 40 136 148 213 294 
2700 240 0 288 226 123 243 115 27 
2700 241 240 294 111 
2700 242 146 239 241 178 29 287 
2700 243 170 
2700 244 224 265 132 159 
2700 245 163 69 287 
2700 246 120 18 197 
2700 247 164 253 
2700 249 47 278 87 
2700 250 136 106 75 
2700 252 258 214 
2700 253 107 133 299 222 20 53 279 126 
2700 255 218 35 278 
2700 256 241 148 60 277 230 
2700 258 213 
2700 259 34 229 6 115 87 26 
2700 260 40 98 
2700 262 89 258 197 166 
2700 263 250 
2700 264 225 187 109 55 
2700 265 129 263 136 105 76 174 184 
2700 267 273 101 
2700 268 162 
2700 269 13 
2700 270 280 146 115 116 
2700 272 24 105 154 
2700 273 7 41 212 88 155 158 
2700 274 134 232 267 85 151 221 
2700 277 185 47 
2700 278 252 6 143 
2700 279 296 65 178 75 215 
2700 280 37 263 36 93 15 
2700 281 242 102 
2700 283 26 149 
2700 286 35 277 207 
2700 287 88 128 210 90 185 
2700 288 171 237 182 39 
2700 289 232 108 75 244 39 
2700 291 11 238 151 
2700 292 216 267 92 55 
2700 293 136 180 
2700 294 274 
2700 296 195 
2700 297 0 
2700 298 225 42 13 19 154 127 
2700 299 88 273 34 241 
3600 0 88 66 
3600 1 280 
3600 2 
3600 3 34 99 164 167 207 252 
3600 4 212 173 238 
3600 5 175 239 215 
3600 6 64 1 141 242 116 181 31 
3600 7 289 163 197 274 213 27 
3600 8 224 292 293 274 50 151 
3600 9 40 170 59 214 
3600 10 264 201 148 
3600 11 264 198 150 111 
3600 12 
3600 13 141 278 175 
3600 14 263 136 41 17 31 30 287 
3600 15 48 
3600 16 139 60 
3600 17 171 38 63 
3600 18 260 154 203 60 21 
3600 19 265 12 173 214 60 62 
3600 20 0 299 100 
3600 21 145 81 
3600 22 280 63 244 93 287 
3600 23 296 262 
3600 24 280 298 
3600 26 1 111 
3600 27 6 236 12 211 245 183 191 
3600 28 258 164 
3600 29 171 293 166 107 212 182 93 
3600 30 99 43 174 28 157 94 
3600 31 162 148 90 94 47 
3600 33 
3600 34 229 70 
3600 37 273 247 
3600 38 39 139 20 31 
3600 39 92 173 101 
3600 40 168 234 125 286 127 
3600 41 224 229 203 109 120 221 255 
3600 42 202 123 13 229 
3600 43 272 0 13 
3600 46 64 298 34 229 207 
3600 47 66 183 
3600 48 272 132 277 151 
3600 49 202 155 20 149 174 
3600 50 292 142 215 
3600 51 
3600 52 256 28 207 
3600 53 138 187 
3600 55 
3600 56 40 17 235 84 238 
3600 57 267 274 159 165 87 
3600 58 278 
3600 59 149 287 
3600 60 280 114 27 70 
3600 62 66 
3600 63 226 277 
3600 64 3 279 
3600 65 115 147 173 
3600 66 112 81 99 208 
3600 67 165 287 
3600 69 34 167 191 
3600 70 219 116 22 
3600 71 224 18 259 116 
3600 74 1 226 267 78 143 287 
3600 75 298 205 
3600 78 153 242 5 182 41 
3600 79 168 113 243 181 278 62 127 
3600 81 136 
3600 82 220 244 293 239 
3600 84 171 46 208 20 125 94 
3600 85 203 143 
3600 86 220 252 262 
3600 87 283 24 139 93 38 
3600 88 258 
3600 89 34 263 213 246 120 124 
3600 90 272 212 
3600 92 224 46 166 
3600 93 49 4 62 65 263 
3600 94 119 12 13 101 
3600 95 136 195 156 94 87 
3600 98 46 
3600 99 203 174 
3600 100 38 207 
3600 101 224 273 293 
3600 105 220 127 
3600 106 256 291 155 
3600 107 41 146 218 47 
3600 108 296 17 42 267 87 
3600 109 115 19 203 124 30 
3600 111 240 74 179 
3600 112 273 262 
3600 113 26 20 46 
3600 114 51 22 47 
3600 115 177 173 293 
3600 116 162 250 22 
3600 118 150 23 
3600 119 48 289 265 63 
3600 120 106 236 221 125 
3600 123 65 168 74 205 232 86 55 287 
3600 124 33 198 273 19 118 30 
3600 125 27 235 163 148 214 283 127 
3600 126 288 
3600 127 0 66 69 167 136 51 215 184 27 222 37 
3600 128 250 58 
3600 129 209 179 5 278 41 
3600 130 185 298 13 
3600 132 4 222 247 
3600 133 208 234 78 
3600 136 114 58 125 101 
3600 138 88 298 219 
3600 139 263 136 233 111 212 281 90 93 222 
3600 140 3 47 172 53 55 
3600 141 224 147 229 191 
3600 142 225 203 118 294 
3600 143 144 37 269 63 
3600 144 288 228 165 13 17 114 62 
3600 145 213 181 22 175 
3600 146 256 1 258 75 
3600 147 130 51 142 86 
3600 148 170 155 
3600 149 48 99 172 125 
3600 150 289 138 211 269 86 
3600 151 216 268 140 
3600 153 217 109 
3600 154 16 209 20 278 
3600 155 273 281 
3600 156 50 267 13 
3600 157 
3600 158 249 202 124 143 
3600 159 226 62 86 70 
3600 162 
3600 163 201 146 66 218 150 
3600 164 
3600 165 195 94 
3600 166 202 283 118 
3600 167 153 
3600 168 249 226 187 269 278 
3600 170 0 217 10 114 119 
3600 171 17 242 258 118 
3600 172 
3600 173 256 26 119 101 109 
3600 174 66 268 274 85 
3600 175 112 299 294 95 
3600 177 130 4 109 145 114 189 191 
3600 178 296 163 84 246 
3600 179 209 11 158 174 205 
3600 180 37 214 
3600 181 278 31 
3600 182 244 92 101 70 143 
3600 183 12 299 164 38 
3600 184 33 90 255 
3600 185 
3600 187 58 75 108 21 173 
3600 189 148 29 
3600 191 178 69 79 
3600 195 24 265 106 222 175 
3600 197 268 221 
3600 198 156 
3600 201 
3600 202 187 164 222 78 
3600 203 153 154 219 86 273 
3600 204 0 81 
3600 205 56 249 2 123 
3600 207 128 144 151 283 29 287 
3600 208 99 151 87 
3600 209 242 258 164 18 
3600 211 235 247 
3600 212 184 283 228 
3600 213 20 
3600 214 16 249 299 132 
3600 215 164 
3600 216 246 245 94 263 
3600 217 239 268 127 
3600 218 145 38 
3600 219 163 139 253 
3600 220 59 164 213 
3600 221 139 
3600 222 293 168 237 79 216 95 
3600 224 280 204 29 
3600 225 220 238 15 
3600 226 3 203 
3600 228 40 225 195 22 
3600 229 225 4 143 244 215 
3600 230 181 197 294 255 
3600 232 62 
3600 233 224 250 133 
3600 234 165 9 209 115 279 59 
3600 235 144 0 242 
3600 236 64 129 125 225 
3600 237 112 233 123 267 
3600 238 136 56 219 262 283 
3600 239 40 136 148 213 294 
3600 240 0 288 226 123 243 115 27 
3600 242 178 239 29 146 287 
3600 243 170 
3600 244 224 265 132 159 
3600 245 163 69 287 
3600 246 120 18 197 
3600 247 164 253 
3600 249 47 278 87 
3600 250 136 106 75 
3600 252 258 214 
3600 253 107 133 299 222 20 53 279 126 
3600 255 218 278 
3600 256 148 60 277 230 
3600 258 213 
3600 259 34 229 6 115 87 26 
3600 260 40 98 
3600 262 89 258 197 166 
3600 263 250 
3600 264 225 187 109 55 
3600 265 129 263 136 105 174 184 
3600 267 273 101 
3600 268 162 
3600 269 13 
3600 272 24 105 154 
3600 273 7 41 212 88 155 158 
3600 274 232 267 221 85 151 
3600 277 185 47 
3600 278 252 6 143 
3600 279 296 65 178 75 215 
3600 280 37 263 93 15 
3600 281 242 
3600 283 26 149 
3600 286 277 207 
3600 287 88 128 90 185 
3600 288 171 237 182 39 
3600 289 232 108 75 244 39 
3600 291 11 238 151 
3600 292 216 267 92 55 
3600 293 136 180 
3600 294 274 
3600 296 195 
3600 298 225 42 13 19 154 127 
3600 299 88 273 34 
4500 0 88 66 
4500 1 280 
4500 2 
4500 3 34 99 164 167 207 252 
4500 4 212 173 238 
4500 5 175 239 215 
4500 6 64 1 141 242 116 181 31 
4500 7 289 163 197 274 213 27 
4500 8 224 292 293 274 50 151 
4500 9 40 170 59 214 
4500 10 264 201 148 
4500 11 264 150 111 
4500 12 
4500 13 141 278 175 
4500 14 263 136 41 17 31 30 287 
4500 15 48 
4500 16 139 60 
4500 17 171 38 63 
4500 18 260 154 203 60 21 
4500 19 265 12 173 214 60 62 
4500 20 0 299 100 
4500 21 145 81 
4500 22 280 63 244 93 287 
4500 23 296 
4500 24 280 298 
4500 26 1 111 
4500 27 6 236 12 211 245 183 191 
4500 29 171 293 166 107 212 182 93 
4500 30 43 99 94 174 157 
4500 31 162 148 90 94 47 
4500 34 229 70 
4500 37 273 247 
4500 38 39 139 20 31 
4500 39 173 101 
4500 40 168 234 125 286 127 
4500 41 224 229 203 109 221 255 
4500 42 202 123 13 229 
4500 43 272 0 13 
4500 46 64 298 34 229 207 
4500 47 66 183 
4500 48 272 132 277 151 
4500 49 202 20 149 174 
4500 50 292 142 215 
4500 51 
4500 52 256 207 
4500 53 138 187 
4500 55 
4500 56 40 17 84 238 
4500 58 278 
4500 59 149 287 
4500 60 280 114 27 70 
4500 62 66 
4500 63 226 277 
4500 64 3 279 
4500 65 115 147 173 
4500 66 112 81 99 208 
4500 67 165 287 
4500 69 34 167 191 
4500 70 219 116 22 
4500 71 224 18 259 116 
4500 74 1 226 267 78 143 287 
4500 75 298 205 
4500 78 153 242 5 182 41 
4500 81 136 
4500 82 220 244 293 239 
4500 84 171 46 208 20 125 94 
4500 85 203 143 
4500 87 283 24 139 93 38 
4500 88 258 
4500 89 34 124 213 246 263 
4500 90 272 212 
4500 93 49 4 62 65 263 
4500 94 119 12 13 101 
4500 95 136 195 156 94 87 
4500 99 203 174 
4500 100 38 207 
4500 101 224 273 293 
4500 105 220 127 
4500 106 256 291 
4500 107 41 146 218 47 
4500 108 296 17 42 267 87 
4500 109 115 19 203 124 30 
4500 111 240 74 179 
4500 112 273 
4500 113 26 20 46 
4500 114 51 22 47 
4500 115 177 173 293 
4500 116 162 250 22 
4500 118 150 23 
4500 119 48 289 265 63 
4500 123 65 168 74 205 232 55 287 
4500 124 273 19 118 30 
4500 125 27 163 148 214 283 127 
4500 126 288 
4500 127 0 66 69 167 136 51 215 184 27 222 37 
4500 128 250 58 
4500 129 209 179 5 278 41 
4500 130 185 298 13 
4500 132 4 222 247 
4500 133 208 234 78 
4500 136 114 58 125 101 
4500 138 88 298 219 
4500 139 263 136 233 111 212 281 90 93 222 
4500 140 3 47 172 53 55 
4500 141 224 147 229 191 
4500 142 225 203 118 294 
4500 143 37 269 63 
4500 145 213 181 22 175 
4500 146 256 1 258 75 
4500 147 130 51 142 
4500 148 170 
4500 149 48 99 172 125 
4500 150 289 138 211 269 
4500 151 216 268 140 
4500 153 217 109 
4500 154 16 209 20 278 
4500 156 50 267 13 
4500 157 
4500 158 249 202 124 143 
4500 159 226 62 70 
4500 162 
4500 163 201 146 66 218 150 
4500 164 
4500 165 195 94 
4500 166 202 283 118 
4500 167 153 
4500 168 249 226 187 269 278 
4500 170 0 217 10 114 119 
4500 171 17 242 258 118 
4500 172 
4500 173 256 26 119 101 109 
4500 174 66 268 274 85 
4500 175 112 299 294 95 
4500 177 130 4 109 145 114 189 191 
4500 178 296 163 84 246 
4500 179 209 11 158 174 205 
4500 180 37 214 
4500 181 278 31 
4500 182 244 101 70 143 
4500 183 12 299 164 38 
4500 184 90 255 
4500 185 
4500 187 58 75 108 21 173 
4500 189 148 29 
4500 191 178 69 
4500 195 24 265 106 222 175 
4500 197 268 221 
4500 201 
4500 202 187 164 222 78 
4500 203 153 154 219 273 
4500 204 0 81 
4500 205 56 249 2 123 
4500 207 287 128 283 29 151 
4500 208 99 151 87 
4500 209 242 258 164 18 
4500 211 247 
4500 212 184 283 228 
4500 213 20 
4500 214 16 249 299 132 
4500 215 164 
4500 216 246 245 94 263 
4500 217 239 268 127 
4500 218 145 38 
4500 219 163 139 253 
4500 220 59 164 213 
4500 221 139 
4500 222 168 216 293 237 95 
4500 224 280 204 29 
4500 225 220 238 15 
4500 226 3 203 
4500 228 40 225 195 22 
4500 229 225 4 143 244 215 
4500 230 181 197 294 255 
4500 232 62 
4500 233 224 250 133 
4500 234 165 9 209 115 279 59 
4500 236 64 129 125 225 
4500 237 112 233 123 267 
4500 238 136 56 219 283 
4500 239 40 136 148 213 294 
4500 240 0 288 226 123 243 115 27 
4500 242 178 239 29 146 287 
4500 243 170 
4500 244 224 265 132 159 
4500 245 163 69 287 
4500 246 18 197 
4500 247 164 253 
4500 249 47 278 87 
4500 250 136 106 75 
4500 252 258 214 
4500 253 107 133 299 222 20 53 279 126 
4500 255 218 278 
4500 256 148 60 277 230 
4500 258 213 
4500 259 34 229 6 115 87 26 
4500 260 40 
4500 263 250 
4500 264 225 187 109 55 
4500 265 129 263 136 105 174 184 
4500 267 273 101 
4500 268 162 
4500 269 13 
4500 272 24 105 154 
4500 273 88 41 212 158 7 
4500 274 232 267 221 85 151 
4500 277 185 47 
4500 278 252 6 143 
4500 279 296 65 178 75 215 
4500 280 37 263 93 15 
4500 281 242 
4500 283 26 149 
4500 286 277 207 
4500 287 88 128 90 185 
4500 288 171 237 182 39 
4500 289 232 108 75 244 39 
4500 291 11 238 151 
4500 292 216 267 55 
4500 293 136 180 
4500 294 274 
4500 296 195 
4500 298 225 42 13 19 154 127 
4500 299 88 273 34 
5400 0 88 66 
5400 1 280 
5400 2 
5400 3 164 34 99 252 167 
5400 4 212 173 238 
5400 5 175 239 215 
5400 6 1 141 242 116 181 31 
5400 7 213 274 27 163 197 
5400 8 224 50 292 274 151 
5400 9 40 170 59 214 
5400 10 264 201 148 
5400 11 264 150 111 
5400 12 
5400 13 141 278 175 
5400 14 263 41 17 287 30 31 
5400 15 48 
5400 16 139 60 
5400 17 171 38 63 
5400 18 260 154 203 60 21 
5400 19 265 12 173 214 60 
5400 20 0 299 100 
5400 21 145 81 
5400 22 280 63 93 287 
5400 23 296 
5400 24 280 298 
5400 26 1 111 
5400 27 6 236 12 211 245 191 
5400 29 171 166 107 212 182 93 
5400 30 43 99 157 174 
5400 31 162 148 90 47 
5400 34 229 70 
5400 37 273 247 
5400 38 39 139 20 31 
5400 39 173 101 
5400 40 168 234 125 286 127 
5400 41 224 229 203 109 221 255 
5400 42 202 123 13 229 
5400 43 272 0 13 
5400 46 298 34 229 
5400 47 66 
5400 48 272 132 277 151 
5400 49 202 20 149 174 
5400 50 292 142 215 
5400 51 
5400 52 256 
5400 53 138 187 
5400 55 
5400 56 40 17 84 238 
5400 58 278 
5400 59 149 287 
5400 60 280 114 27 70 
5400 63 226 277 
5400 65 115 147 173 
5400 66 112 81 99 208 
5400 67 165 287 
5400 69 34 167 191 
5400 70 219 116 22 
5400 71 224 18 259 116 
5400 74 1 226 267 287 
5400 75 298 205 
5400 81 
5400 82 220 239 
5400 84 208 171 20 125 46 
5400 87 283 24 139 93 38 
5400 88 258 
5400 89 34 124 213 246 263 
5400 90 272 212 
5400 93 49 4 65 263 
5400 95 195 156 87 
5400 99 203 174 
5400 100 38 
5400 101 224 273 
5400 105 220 127 
5400 106 256 291 
5400 107 41 146 218 47 
5400 108 296 17 42 267 87 
5400 109 115 19 203 124 30 
5400 111 240 74 179 
5400 112 273 
5400 113 26 20 46 
5400 114 51 22 47 
5400 115 177 173 
5400 116 162 250 22 
5400 118 150 23 
5400 119 48 265 63 
5400 123 65 168 74 205 232 55 287 
5400 124 273 19 118 30 
5400 125 27 163 148 214 283 127 
5400 126 288 
5400 127 0 66 37 167 51 215 184 27 222 69 
5400 128 250 58 
5400 129 209 179 5 278 41 
5400 130 185 298 13 
5400 132 4 222 247 
5400 133 208 234 
5400 138 88 298 219 
5400 139 263 233 111 212 281 90 93 222 
5400 140 3 47 172 53 55 
5400 141 224 147 229 191 
5400 142 203 118 294 
5400 145 213 181 22 175 
5400 146 256 1 258 75 
5400 147 130 51 142 
5400 148 170 
5400 149 48 99 172 125 
5400 150 138 211 269 
5400 151 216 268 140 
5400 153 217 109 
5400 154 16 209 20 278 
5400 156 50 267 13 
5400 157 
5400 158 249 202 124 
5400 159 226 70 
5400 162 
5400 163 201 146 66 218 150 
5400 164 
5400 165 195 
5400 166 202 283 118 
5400 167 153 
5400 168 249 226 187 269 278 
5400 170 0 217 10 114 119 
5400 171 17 242 258 118 
5400 172 
5400 173 256 26 119 101 109 
5400 174 66 268 274 
5400 175 112 299 294 95 
5400 177 130 4 109 145 114 189 191 
5400 178 296 163 84 246 
5400 179 209 11 158 174 205 
5400 180 37 214 
5400 181 278 31 
5400 182 101 70 
5400 184 90 255 
5400 185 
5400 187 58 75 108 21 173 
5400 189 148 29 
5400 191 178 69 
5400 195 24 265 106 222 175 
5400 197 268 221 
5400 201 
5400 202 187 164 222 
5400 203 153 154 219 273 
5400 204 0 81 
5400 205 56 249 2 123 
5400 208 99 151 87 
5400 209 242 258 164 18 
5400 211 247 
5400 212 184 283 228 
5400 213 20 
5400 214 16 249 299 132 
5400 215 164 
5400 216 245 246 263 
5400 217 239 268 127 
5400 218 145 38 
5400 219 163 139 253 
5400 220 59 164 213 
5400 221 139 
5400 222 168 216 237 95 
5400 224 280 204 29 
5400 226 3 203 
5400 228 40 195 22 
5400 229 4 215 
5400 230 181 197 294 255 
5400 232 
5400 233 224 250 133 
5400 234 165 9 209 115 279 59 
5400 236 129 125 
5400 237 112 233 123 267 
5400 238 56 283 219 
5400 239 40 148 213 294 
5400 240 0 288 226 123 243 115 27 
5400 242 178 239 29 146 287 
5400 243 170 
5400 245 163 69 287 
5400 246 18 197 
5400 247 164 253 
5400 249 47 278 87 
5400 250 106 75 
5400 252 258 214 
5400 253 107 133 299 222 20 53 279 126 
5400 255 218 278 
5400 256 148 60 277 230 
5400 258 213 
5400 259 34 229 6 115 87 26 
5400 260 40 
5400 263 250 
5400 264 187 109 55 
5400 265 129 105 184 174 263 
5400 267 273 101 
5400 268 162 
5400 269 13 
5400 272 24 105 154 
5400 273 88 41 212 158 7 
5400 274 232 267 221 151 
5400 277 185 47 
5400 278 252 6 
5400 279 296 65 178 75 215 
5400 280 37 263 93 15 
5400 281 242 
5400 283 26 149 
5400 286 277 
5400 287 88 128 90 185 
5400 288 171 237 182 39 
5400 291 11 238 151 
5400 292 216 267 55 
5400 294 274 
5400 296 195 
5400 298 42 154 19 13 127 
5400 299 88 273 34 
6300 0 88 66 
6300 1 280 
6300 2 
6300 3 164 34 99 252 167 
6300 4 173 238 
6300 5 175 239 215 
6300 6 1 242 116 141 181 
6300 7 274 27 163 213 
6300 8 224 50 292 274 151 
6300 9 40 170 59 214 
6300 10 264 201 148 
6300 11 264 150 111 
6300 12 
6300 13 141 278 175 
6300 14 17 41 30 287 
6300 15 48 
6300 16 139 60 
6300 17 171 38 63 
6300 18 154 203 60 21 
6300 19 265 12 173 214 60 
6300 20 0 299 100 
6300 21 145 81 
6300 22 280 63 93 287 
6300 24 280 298 
6300 27 6 236 12 211 245 191 
6300 29 107 171 93 166 182 
6300 30 43 99 157 174 
6300 34 229 70 
6300 37 273 247 
6300 38 139 20 39 
6300 39 173 101 
6300 40 168 234 286 127 
6300 41 224 229 203 109 221 255 
6300 42 123 13 229 
6300 43 272 0 13 
6300 46 298 34 229 
6300 48 272 132 277 151 
6300 49 20 149 174 
6300 50 292 142 215 
6300 51 
6300 52 256 
6300 53 138 187 
6300 55 
6300 56 40 17 84 238 
6300 58 278 
6300 59 149 287 
6300 60 280 114 27 70 
6300 63 226 277 
6300 65 115 147 173 
6300 66 112 81 99 208 
6300 67 165 287 
6300 69 34 167 191 
6300 70 219 116 22 
6300 71 224 18 259 116 
6300 74 1 226 267 287 
6300 75 298 205 
6300 81 
6300 82 220 239 
6300 84 208 171 20 46 
6300 87 283 24 139 93 38 
6300 88 258 
6300 89 34 124 213 246 
6300 90 272 
6300 93 49 4 65 
6300 99 203 174 
6300 100 38 
6300 101 224 273 
6300 105 220 127 
6300 106 256 291 
6300 107 41 146 218 
6300 108 296 17 42 267 87 
6300 109 115 19 203 124 30 
6300 111 240 74 179 
6300 112 273 
6300 113 20 46 
6300 114 51 22 
6300 115 177 173 
6300 116 162 250 22 
6300 118 150 
6300 119 48 265 63 
6300 123 65 168 74 205 232 55 287 
6300 124 273 19 118 30 
6300 126 288 
6300 127 0 66 37 167 51 215 184 27 222 69 
6300 128 250 58 
6300 129 209 179 5 278 41 
6300 130 185 298 13 
6300 132 4 222 247 
6300 133 208 234 
6300 138 88 298 219 
6300 139 233 111 281 90 93 222 
6300 140 3 172 53 55 
6300 141 224 147 229 191 
6300 142 203 118 294 
6300 145 213 181 22 175 
6300 146 256 1 258 75 
6300 147 130 51 142 
6300 148 170 
6300 149 48 99 172 
6300 150 138 211 269 
6300 151 216 268 140 
6300 153 217 109 
6300 154 16 209 20 278 
6300 156 50 267 13 
6300 157 
6300 158 249 124 
6300 159 226 70 
6300 162 
6300 163 201 146 66 218 150 
6300 164 
6300 165 195 
6300 166 283 118 
6300 167 153 
6300 168 249 226 187 269 278 
6300 170 0 217 10 114 119 
6300 171 17 242 258 118 
6300 172 
6300 173 256 119 101 109 
6300 174 66 268 274 
6300 175 112 299 294 
6300 177 130 4 109 145 114 189 191 
6300 178 296 163 84 246 
6300 179 209 11 158 174 205 
6300 180 37 214 
6300 181 278 
6300 182 101 70 
6300 184 90 255 
6300 185 
6300 187 58 75 108 21 173 
6300 189 148 29 
6300 191 178 69 
6300 195 24 265 106 222 175 
6300 201 
6300 203 153 154 219 273 
6300 204 0 81 
6300 205 56 249 2 123 
6300 208 99 151 87 
6300 209 242 258 164 18 
6300 211 247 
6300 213 20 
6300 214 16 249 299 132 
6300 215 164 
6300 216 245 246 
6300 217 239 268 127 
6300 218 145 38 
6300 219 163 139 253 
6300 220 59 164 213 
6300 221 139 
6300 222 168 216 
6300 224 280 204 29 
6300 226 3 203 
6300 228 40 195 22 
6300 229 4 215 
6300 230 181 294 255 
6300 232 
6300 233 224 250 133 
6300 234 165 9 209 115 279 59 
6300 236 129 
6300 238 56 283 219 
6300 239 40 148 213 294 
6300 240 0 288 226 123 115 27 
6300 242 178 239 29 146 287 
6300 245 163 69 287 
6300 246 18 
6300 247 164 253 
6300 249 278 87 
6300 250 106 75 
6300 252 258 214 
6300 253 107 133 299 222 20 53 279 126 
6300 255 218 278 
6300 256 148 60 277 230 
6300 258 213 
6300 259 34 115 229 6 87 
6300 264 187 109 55 
6300 265 184 105 174 129 
6300 267 273 101 
6300 268 162 
6300 269 13 
6300 272 24 105 154 
6300 273 88 41 158 7 
6300 274 232 267 221 151 
6300 277 185 
6300 278 252 6 
6300 279 296 65 178 75 215 
6300 280 37 93 15 
6300 281 242 
6300 283 149 
6300 286 277 
6300 287 88 128 90 185 
6300 288 171 182 39 
6300 291 11 238 151 
6300 292 216 267 55 
6300 294 274 
6300 296 195 
6300 298 42 154 19 13 127 
6300 299 88 273 34 
