0 0 
0 1 4 14 
0 2 8 0 5 6 
0 3 
0 4 
0 5 
0 6 
0 7 
0 8 11 5 
0 9 
0 10 
0 11 8 2 5 
0 12 
0 13 
0 14 
0 15 2 12 
0 16 0 126 
0 17 
0 18 0 49 
0 19 
0 20 
0 21 
0 22 0 11 
0 23 1 66 8 11 19 214 
0 24 2 3 4 7 
0 25 2 5 6 
0 26 217 2 21 15 
0 27 5 6 
0 28 3 21 15 
0 29 9 4 13 1 
0 30 1 5 8 11 237 16 19 214 121 27 
0 31 0 7 
0 32 1 2 3 4 7 10 14 19 
0 33 0 2 
0 34 0 7 
0 35 1 2 3 14 7 
0 36 1 2 3 4 7 10 
0 37 1 3 4 6 7 10 13 
0 38 0 3 
0 39 10 3 6 
0 40 0 4 
0 41 2 10 7 
0 42 0 12 
0 43 3 5 6 
0 44 16 217 6 126 7 
0 45 0 27 
0 46 2 5 6 
0 47 0 3 
0 49 3 14 
0 50 40 4 
0 51 0 1 
0 52 9 2 12 5 17 
0 53 7 21 5 6 15 
0 54 8 5 6 
0 55 0 179 
0 56 1 2 3 4 7 10 14 19 
0 57 1 4 7 10 179 217 
0 58 0 7 
0 60 0 11 
0 61 0 3 
0 62 0 5 
0 63 0 10 
0 64 1 4 13 
0 65 16 0 
0 66 
0 67 0 1 
0 68 0 15 
0 69 0 1 2 3 4 
0 70 0 19 
0 71 0 5 
0 72 0 4 
0 73 8 11 5 6 
0 74 8 66 3 20 13 
0 75 0 9 
0 76 8 0 
0 77 0 1 
0 78 161 157 49 
0 79 1 3 4 7 
0 80 40 2 
0 81 9 4 13 1 
0 82 0 9 
0 83 40 14 
0 84 2 3 5 7 9 10 11 12 237 16 17 21 27 
0 85 16 40 126 
0 86 16 18 
0 87 1 2 3 4 7 10 13 
0 88 0 3 5 
0 89 2 3 5 9 11 17 
0 90 8 11 109 49 20 157 
0 91 14 15 
0 92 8 5 6 
0 93 2 3 5 9 11 17 
0 94 8 0 
0 95 7 21 5 6 15 
0 96 1 4 109 7 
0 97 0 9 
0 98 0 13 
0 99 2 163 9 12 14 16 17 
0 100 0 11 
0 101 16 126 
0 102 1 10 3 4 
0 103 0 5 6 
0 104 1 11 13 217 
0 105 1 2 3 4 7 8 13 
0 106 2 5 7 9 11 12 14 17 19 27 
0 108 0 18 
0 109 
0 110 0 6 7 
0 111 18 14 
0 112 0 2 
0 113 0 9 
0 114 1 2 4 7 8 10 
0 115 0 2 
0 116 1 4 13 
0 117 1 4 7 10 179 217 
0 118 0 18 
0 119 9 5 15 
0 120 16 9 7 
0 121 
0 122 109 6 7 
0 123 0 10 
0 125 0 13 
0 126 0 2 
0 127 1 2 3 4 7 9 10 12 14 17 19 
0 128 40 12 13 15 
0 129 0 19 
0 130 179 6 
0 131 3 5 
0 132 2 3 5 6 
0 133 9 2 1 
0 134 18 12 
0 135 19 1 2 163 4 7 8 9 10 11 12 13 14 15 17 3 217 
0 136 8 2 5 6 
0 137 0 13 
0 138 0 3 9 237 13 18 179 
0 139 8 0 
0 140 0 9 
0 141 0 11 
0 142 10 3 21 6 
0 143 3 5 6 
0 144 1 10 4 
0 145 0 40 
0 146 16 217 6 7 
0 147 1 4 13 
0 148 2 3 5 6 
0 149 66 5 6 
0 151 0 7 
0 152 0 9 
0 153 0 20 
0 154 0 3 
0 155 8 5 6 
0 156 0 27 
0 157 1 2 3 4 7 10 11 14 17 19 20 
0 158 0 40 18 12 
0 159 12 4 1 
0 160 0 12 
0 161 8 11 109 49 20 157 
0 162 9 4 13 1 
0 163 0 5 
0 164 1 2 7 
0 165 0 2 
0 166 0 7 
0 167 0 21 15 
0 168 0 6 
0 169 8 0 
0 170 0 6 
0 171 1 4 8 15 16 20 
0 172 1 4 8 15 16 20 
0 173 1 2 3 4 10 
0 174 0 9 
0 175 2 3 5 9 11 17 27 
0 176 1 179 13 
0 177 0 10 
0 178 8 2 12 13 7 
0 179 0 18 
0 180 40 9 12 
0 181 1 2 3 4 5 7 10 14 
0 182 0 14 
0 183 16 0 
0 184 0 17 
0 185 16 126 
0 186 9 12 
0 188 8 5 6 
0 189 40 10 3 
0 190 14 15 
0 192 16 126 
0 193 3 5 6 
0 194 0 13 
0 195 8 11 20 109 
0 196 0 21 5 15 
0 197 8 5 6 
0 198 1 2 4 7 8 10 
0 199 217 2 163 12 
0 200 2 3 5 6 8 27 
0 201 49 1 4 109 7 
0 202 1 2 3 4 7 10 
0 203 1 10 3 4 
0 204 0 2 3 5 66 15 16 
0 205 0 1 
0 206 0 5 6 8 11 27 
0 207 0 66 
0 208 9 2 1 
0 209 0 3 
0 210 0 13 
0 211 8 1 4 13 
0 212 8 217 3 13 11 
0 213 0 5 
0 214 
0 215 1 2 10 14 
0 216 1 2 3 6 10 11 
0 217 
0 218 0 4 
0 219 1 2 6 
0 220 16 9 7 
0 221 18 12 
0 222 0 9 
0 224 2 10 7 
0 225 0 5 
0 226 0 6 7 
0 227 8 66 5 6 
0 228 0 5 
0 229 2 18 
0 231 1 10 3 4 14 
0 233 0 10 
0 234 0 4 
0 235 17 2 11 5 
0 236 0 12 
0 237 
0 238 2 7 15 
0 239 8 1 11 214 
0 240 0 4 
0 241 16 2 3 20 
0 242 0 9 18 
0 243 2 10 7 
0 244 3 5 6 
0 246 9 7 109 21 
0 247 1 8 11 14 19 214 
0 249 8 5 6 
0 250 1 4 14 6 7 
0 251 0 18 
0 252 1 10 3 4 
0 253 1 2 3 4 10 17 
0 254 1 4 6 
0 255 0 12 
0 256 12 3 4 1 
0 257 11 2 3 5 
0 258 8 121 19 214 11 
0 259 1 2 6 
0 260 12 6 
0 261 2 3 4 7 
0 262 0 3 5 6 7 
0 264 9 18 
0 265 0 217 
0 266 18 20 
0 267 2 3 5 7 9 10 11 12 237 16 17 21 27 
0 268 12 4 
0 269 9 5 15 
0 270 0 17 
0 271 1 8 11 14 19 214 121 
0 272 9 12 
0 273 0 19 
0 274 0 15 
0 275 8 9 1 13 5 
0 276 8 27 6 
0 277 8 1 11 4 
0 278 18 6 
0 279 9 3 20 4 1 
0 280 8 27 5 6 
0 281 1 2 3 4 10 17 
0 282 1 10 4 
0 283 19 17 163 12 
0 284 8 1 19 214 11 
0 285 2 3 5 6 15 21 
0 286 0 6 
0 287 16 0 126 
0 288 1 2 3 4 9 10 13 17 20 21 217 
0 289 1 5 8 11 237 16 19 121 27 
0 290 0 126 
0 291 3 12 
0 292 0 66 12 
0 293 18 4 
0 294 1 3 4 
0 295 18 5 
0 296 0 1 4 
0 298 1 3 4 14 
0 299 9 20 15 
900 0 
900 1 4 14 
900 2 8 0 5 6 
900 3 
900 4 
900 5 
900 6 
900 7 
900 8 11 5 
900 9 
900 10 
900 11 8 2 5 
900 12 
900 13 
900 14 
900 15 2 12 
900 16 0 126 
900 17 
900 18 0 49 
900 19 
900 20 
900 21 
900 23 1 66 8 11 19 214 
900 24 2 3 4 7 
900 25 2 5 6 
900 26 217 2 21 15 
900 27 5 6 
900 28 3 21 15 
900 29 9 4 13 1 
900 30 1 5 8 11 237 16 19 214 121 27 
900 31 0 7 
900 32 1 2 3 4 7 10 14 19 
900 33 0 2 
900 34 0 7 
900 35 1 2 3 14 7 
900 36 1 2 3 4 7 10 
900 37 1 3 4 6 7 10 13 
900 38 0 3 
900 39 10 3 6 
900 40 0 4 
900 41 2 10 7 
900 42 0 12 
900 43 3 5 6 
900 44 16 217 6 126 7 
900 45 0 27 
900 47 0 3 
900 49 3 14 
900 50 40 4 
900 51 0 1 
900 52 9 2 12 5 17 
900 53 7 21 5 6 15 
900 54 8 5 6 
900 55 0 179 
900 56 1 2 3 4 7 10 14 19 
900 57 1 4 7 10 179 217 
900 58 0 7 
900 60 0 11 
900 61 0 3 
900 62 0 5 
900 63 0 10 
900 64 1 4 13 
900 65 16 0 
900 66 
900 67 0 1 
900 68 0 15 
900 69 0 1 2 3 4 
900 70 0 19 
900 71 0 5 
900 72 0 4 
900 73 8 11 5 6 
900 74 8 66 3 20 13 
900 75 0 9 
900 76 8 0 
900 77 0 1 
900 78 161 157 49 
900 79 1 3 4 7 
900 80 40 2 
900 81 9 4 13 1 
900 82 0 9 
900 83 40 14 
900 84 2 3 5 7 9 10 11 12 237 16 17 21 27 
900 85 16 40 126 
900 86 16 18 
900 87 1 2 3 4 7 10 13 
900 88 0 3 5 
900 89 2 3 5 9 11 17 
900 90 8 11 109 49 20 157 
900 91 14 15 
900 93 2 3 5 9 11 17 
900 94 8 0 
900 95 7 21 5 6 15 
900 96 1 4 109 7 
900 97 0 9 
900 98 0 13 
900 99 2 163 9 12 14 16 17 
900 100 0 11 
900 101 16 126 
900 102 1 10 3 4 
900 103 0 5 6 
900 104 1 11 13 217 
900 105 1 2 3 4 7 8 13 
900 106 2 5 7 9 11 12 14 17 19 27 
900 108 0 18 
900 109 
900 110 0 6 7 
900 111 18 14 
900 112 0 2 
900 113 0 9 
900 114 1 2 4 7 8 10 
900 115 0 2 
900 117 1 4 7 10 179 217 
900 119 9 5 15 
900 120 16 9 7 
900 121 
900 122 109 6 7 
900 123 0 10 
900 125 0 13 
900 126 0 2 
900 127 1 2 3 4 7 9 10 12 14 17 19 
900 128 40 12 13 15 
900 129 0 19 
900 130 179 6 
900 131 3 5 
900 132 2 3 5 6 
900 133 9 2 1 
900 134 18 12 
900 135 19 1 2 163 4 7 8 9 10 11 12 13 14 15 17 3 217 
900 136 8 2 5 6 
900 137 0 13 
900 138 0 3 9 237 13 18 179 
900 140 0 9 
900 141 0 11 
900 142 10 3 21 6 
900 143 3 5 6 
900 144 1 10 4 
900 145 0 40 
900 146 16 217 6 7 
900 147 1 4 13 
900 148 2 3 5 6 
900 149 66 5 6 
900 151 0 7 
900 152 0 9 
900 153 0 20 
900 154 0 3 
900 155 8 5 6 
900 156 0 27 
900 157 1 2 3 4 7 10 11 14 17 19 20 
900 158 0 40 18 12 
900 159 12 4 1 
900 160 0 12 
900 161 8 11 109 49 20 157 
900 162 9 4 13 1 
900 163 0 5 
900 164 1 2 7 
900 165 0 2 
900 166 0 7 
900 168 0 6 
900 169 8 0 
900 170 0 6 
900 171 1 4 8 15 16 20 
900 172 1 4 8 15 16 20 
900 173 1 2 3 4 10 
900 174 0 9 
900 175 2 3 5 9 11 17 27 
900 176 1 179 13 
900 178 8 2 12 13 7 
900 179 0 18 
900 180 40 9 12 
900 181 1 2 3 4 5 7 10 14 
900 182 0 14 
900 183 16 0 
900 184 0 17 
900 185 16 126 
900 186 9 12 
900 188 8 5 6 
900 189 40 10 3 
900 190 14 15 
900 192 16 126 
900 193 3 5 6 
900 195 8 11 20 109 
900 197 8 5 6 
900 198 1 2 4 7 8 10 
900 199 217 2 163 12 
900 200 2 3 5 6 8 27 
900 201 49 1 4 109 7 
900 202 1 2 3 4 7 10 
900 203 1 10 3 4 
900 204 0 2 3 5 66 15 16 
900 205 0 1 
900 206 0 5 6 8 11 27 
900 207 0 66 
900 208 9 2 1 
900 209 0 3 
900 210 0 13 
900 211 8 1 4 13 
900 212 8 217 3 13 11 
900 213 0 5 
900 214 
900 215 1 2 10 14 
900 216 1 2 3 6 10 11 
900 217 
900 219 1 2 6 
900 220 16 9 7 
900 221 18 12 
900 222 0 9 
900 224 2 10 7 
900 225 0 5 
900 226 0 6 7 
900 227 8 66 5 6 
900 228 0 5 
900 229 2 18 
900 231 1 10 3 4 14 
900 233 0 10 
900 235 17 2 11 5 
900 236 0 12 
900 237 
900 238 2 7 15 
900 239 8 1 11 214 
900 240 0 4 
900 241 16 2 3 20 
900 242 0 9 18 
900 243 2 10 7 
900 244 3 5 6 
900 246 9 7 109 21 
900 247 1 8 11 14 19 214 
900 249 8 5 6 
900 250 1 4 14 6 7 
900 251 0 18 
900 252 1 10 3 4 
900 253 1 2 3 4 10 17 
900 254 1 4 6 
900 255 0 12 
900 256 12 3 4 1 
900 257 11 2 3 5 
900 258 8 121 19 214 11 
900 259 1 2 6 
900 260 12 6 
900 261 2 3 4 7 
900 262 0 3 5 6 7 
900 264 9 18 
900 265 0 217 
900 266 18 20 
900 267 2 3 5 7 9 10 11 12 237 16 17 21 27 
900 268 12 4 
900 269 9 5 15 
900 270 0 17 
900 271 1 8 11 14 19 214 121 
900 272 9 12 
900 273 0 19 
900 274 0 15 
900 275 8 9 1 13 5 
900 277 8 1 11 4 
900 278 18 6 
900 280 8 27 5 6 
900 281 1 2 3 4 10 17 
900 282 1 10 4 
900 283 19 17 163 12 
900 284 8 1 19 214 11 
900 285 2 3 5 6 15 21 
900 286 0 6 
900 287 16 0 126 
900 288 1 2 3 4 9 10 13 17 20 21 217 
900 289 1 5 8 11 237 16 19 121 27 
900 290 0 126 
900 291 3 12 
900 292 0 66 12 
900 293 18 4 
900 294 1 3 4 
900 295 18 5 
900 296 0 1 4 
900 298 1 3 4 14 
900 299 9 20 15 
1800 0 
1800 1 4 14 
1800 2 8 0 5 6 
1800 3 
1800 4 
1800 5 
1800 6 
1800 7 
1800 8 11 5 
1800 9 
1800 10 
1800 11 8 2 5 
1800 12 
1800 13 
1800 14 
1800 15 2 12 
1800 16 0 126 
1800 17 
1800 18 0 49 
1800 19 
1800 20 
1800 21 
1800 23 1 66 8 11 19 214 
1800 24 2 3 4 7 
1800 26 217 2 21 15 
1800 27 5 6 
1800 28 3 21 15 
1800 29 9 4 13 1 
1800 30 1 5 8 11 237 16 19 214 121 27 
1800 31 0 7 
1800 32 1 2 3 4 7 10 14 19 
1800 33 0 2 
1800 34 0 7 
1800 35 1 2 3 14 7 
1800 36 1 2 3 4 7 10 
1800 37 1 3 4 6 7 10 13 
1800 38 0 3 
1800 39 10 3 6 
1800 40 0 4 
1800 41 2 10 7 
1800 42 0 12 
1800 43 3 5 6 
1800 44 16 217 6 126 7 
1800 45 0 27 
1800 47 0 3 
1800 49 3 14 
1800 50 40 4 
1800 51 0 1 
1800 52 9 2 12 5 17 
1800 53 7 21 5 6 15 
1800 54 8 5 6 
1800 55 0 179 
1800 56 1 2 3 4 7 10 14 19 
1800 58 0 7 
1800 60 0 11 
1800 61 0 3 
1800 62 0 5 
1800 63 0 10 
1800 64 1 4 13 
1800 65 16 0 
1800 66 
1800 67 0 1 
1800 68 0 15 
1800 69 0 1 2 3 4 
1800 70 0 19 
1800 71 0 5 
1800 72 0 4 
1800 73 8 11 5 6 
1800 74 8 66 3 20 13 
1800 76 8 0 
1800 77 0 1 
1800 78 161 157 49 
1800 79 1 3 4 7 
1800 80 40 2 
1800 81 9 4 13 1 
1800 82 0 9 
1800 83 40 14 
1800 84 2 3 5 7 9 10 11 12 237 16 17 21 27 
1800 85 16 40 126 
1800 86 16 18 
1800 87 1 2 3 4 7 10 13 
1800 88 0 3 5 
1800 89 2 3 5 9 11 17 
1800 90 8 11 109 49 20 157 
1800 91 14 15 
1800 93 2 3 5 9 11 17 
1800 94 8 0 
1800 95 7 21 5 6 15 
1800 97 0 9 
1800 98 0 13 
1800 99 2 163 9 12 14 16 17 
1800 100 0 11 
1800 101 16 126 
1800 102 1 10 3 4 
1800 103 0 5 6 
1800 104 1 11 13 217 
1800 105 1 2 3 4 7 8 13 
1800 106 2 5 7 9 11 12 14 17 19 27 
1800 108 0 18 
1800 109 
1800 110 0 6 7 
1800 111 18 14 
1800 112 0 2 
1800 113 0 9 
1800 114 1 2 4 7 8 10 
1800 115 0 2 
1800 117 1 4 7 10 179 217 
1800 119 9 5 15 
1800 120 16 9 7 
1800 121 
1800 122 109 6 7 
1800 123 0 10 
1800 126 0 2 
1800 127 1 2 3 4 7 9 10 12 14 17 19 
1800 129 0 19 
1800 130 179 6 
1800 131 3 5 
1800 132 2 3 5 6 
1800 133 9 2 1 
1800 134 18 12 
1800 135 19 1 2 163 4 7 8 9 10 11 12 13 14 15 17 3 217 
1800 136 8 2 5 6 
1800 137 0 13 
1800 138 0 3 9 237 13 18 179 
1800 140 0 9 
1800 141 0 11 
1800 142 10 3 21 6 
1800 143 3 5 6 
1800 144 1 10 4 
1800 145 0 40 
1800 146 16 217 6 7 
1800 147 1 4 13 
1800 148 2 3 5 6 
1800 149 66 5 6 
1800 151 0 7 
1800 152 0 9 
1800 153 0 20 
1800 154 0 3 
1800 155 8 5 6 
1800 156 0 27 
1800 157 1 2 3 4 7 10 11 14 17 19 20 
1800 158 0 40 18 12 
1800 159 12 4 1 
1800 160 0 12 
1800 161 8 11 109 49 20 157 
1800 162 9 4 13 1 
1800 163 0 5 
1800 164 1 2 7 
1800 165 0 2 
1800 166 0 7 
1800 168 0 6 
1800 169 8 0 
1800 170 0 6 
1800 171 1 4 8 15 16 20 
1800 172 1 4 8 15 16 20 
1800 173 1 2 3 4 10 
1800 174 0 9 
1800 175 2 3 5 9 11 17 27 
1800 176 1 179 13 
1800 179 0 18 
1800 182 0 14 
1800 183 16 0 
1800 184 0 17 
1800 186 9 12 
1800 188 8 5 6 
1800 189 40 10 3 
1800 190 14 15 
1800 192 16 126 
1800 193 3 5 6 
1800 195 8 11 20 109 
1800 197 8 5 6 
1800 198 1 2 4 7 8 10 
1800 199 217 2 163 12 
1800 200 2 3 5 6 8 27 
1800 201 49 1 4 109 7 
1800 202 1 2 3 4 7 10 
1800 203 1 10 3 4 
1800 204 0 2 3 5 66 15 16 
1800 205 0 1 
1800 206 0 5 6 8 11 27 
1800 207 0 66 
1800 208 9 2 1 
1800 209 0 3 
1800 210 0 13 
1800 211 8 1 4 13 
1800 212 8 217 3 13 11 
1800 213 0 5 
1800 214 
1800 215 1 2 10 14 
1800 216 1 2 3 6 10 11 
1800 217 
1800 219 1 2 6 
1800 220 16 9 7 
1800 221 18 12 
1800 222 0 9 
1800 224 2 10 7 
1800 225 0 5 
1800 226 0 6 7 
1800 228 0 5 
1800 231 1 10 3 4 14 
1800 233 0 10 
1800 235 17 2 11 5 
1800 236 0 12 
1800 237 
1800 238 2 7 15 
1800 239 8 1 11 214 
1800 240 0 4 
1800 241 16 2 3 20 
1800 242 0 9 18 
1800 243 2 10 7 
1800 244 3 5 6 
1800 246 9 7 109 21 
1800 247 1 8 11 14 19 214 
1800 249 8 5 6 
1800 250 1 4 14 6 7 
1800 251 0 18 
1800 253 1 2 3 4 10 17 
1800 254 1 4 6 
1800 255 0 12 
1800 256 12 3 4 1 
1800 257 11 2 3 5 
1800 258 8 121 19 214 11 
1800 259 1 2 6 
1800 260 12 6 
1800 261 2 3 4 7 
1800 262 0 3 5 6 7 
1800 264 9 18 
1800 265 0 217 
1800 266 18 20 
1800 267 2 3 5 7 9 10 11 12 237 16 17 21 27 
1800 268 12 4 
1800 269 9 5 15 
1800 270 0 17 
1800 271 1 8 11 14 19 214 121 
1800 272 9 12 
1800 273 0 19 
1800 274 0 15 
1800 275 8 9 1 13 5 
1800 277 8 1 11 4 
1800 278 18 6 
1800 280 8 27 5 6 
1800 281 1 2 3 4 10 17 
1800 282 1 10 4 
1800 284 8 1 19 214 11 
1800 285 2 3 5 6 15 21 
1800 286 0 6 
1800 287 16 0 126 
1800 288 1 2 3 4 9 10 13 17 20 21 217 
1800 289 1 5 8 11 237 16 19 121 27 
1800 290 0 126 
1800 291 3 12 
1800 292 0 66 12 
1800 293 18 4 
1800 294 1 3 4 
1800 295 18 5 
1800 296 0 1 4 
1800 298 1 3 4 14 
1800 299 9 20 15 
2700 0 
2700 1 4 14 
2700 2 8 0 5 6 
2700 3 
2700 4 
2700 5 
2700 6 
2700 7 
2700 8 11 5 
2700 9 
2700 10 
2700 11 8 2 5 
2700 12 
2700 13 
2700 14 
2700 15 2 12 
2700 16 0 126 
2700 17 
2700 18 0 49 
2700 19 
2700 20 
2700 21 
2700 23 1 66 8 11 19 214 
2700 24 2 3 4 7 
2700 26 217 2 21 15 
2700 27 5 6 
2700 29 9 4 13 1 
2700 30 1 5 8 11 237 16 19 214 121 27 
2700 31 0 7 
2700 32 1 2 3 4 7 10 14 19 
2700 33 0 2 
2700 35 1 2 3 14 7 
2700 36 1 2 3 4 7 10 
2700 37 1 3 4 6 7 10 13 
2700 38 0 3 
2700 39 10 3 6 
2700 40 0 4 
2700 41 2 10 7 
2700 42 0 12 
2700 43 3 5 6 
2700 44 16 217 6 126 7 
2700 45 0 27 
2700 47 0 3 
2700 49 3 14 
2700 51 0 1 
2700 52 9 2 12 5 17 
2700 53 7 21 5 6 15 
2700 54 8 5 6 
2700 56 1 2 3 4 7 10 14 19 
2700 58 0 7 
2700 60 0 11 
2700 61 0 3 
2700 62 0 5 
2700 63 0 10 
2700 64 1 4 13 
2700 65 16 0 
2700 66 
2700 67 0 1 
2700 68 0 15 
2700 69 0 1 2 3 4 
2700 70 0 19 
2700 72 0 4 
2700 74 8 66 3 20 13 
2700 76 8 0 
2700 77 0 1 
2700 78 161 157 49 
2700 79 1 3 4 7 
2700 80 40 2 
2700 81 9 4 13 1 
2700 82 0 9 
2700 83 40 14 
2700 85 16 40 126 
2700 86 16 18 
2700 87 1 2 3 4 7 10 13 
2700 88 0 3 5 
2700 89 2 3 5 9 11 17 
2700 90 8 11 109 49 20 157 
2700 91 14 15 
2700 93 2 3 5 9 11 17 
2700 95 7 21 5 6 15 
2700 97 0 9 
2700 98 0 13 
2700 99 2 163 9 12 14 16 17 
2700 100 0 11 
2700 101 16 126 
2700 102 1 10 3 4 
2700 103 0 5 6 
2700 104 1 11 13 217 
2700 106 2 5 7 9 11 12 14 17 19 27 
2700 108 0 18 
2700 109 
2700 110 0 6 7 
2700 111 18 14 
2700 112 0 2 
2700 113 0 9 
2700 114 1 2 4 7 8 10 
2700 115 0 2 
2700 117 1 4 7 10 179 217 
2700 119 9 5 15 
2700 120 16 9 7 
2700 121 
2700 122 109 6 7 
2700 123 0 10 
2700 126 0 2 
2700 127 1 2 3 4 7 9 10 12 14 17 19 
2700 129 0 19 
2700 130 179 6 
2700 131 3 5 
2700 132 2 3 5 6 
2700 133 9 2 1 
2700 134 18 12 
2700 135 19 1 2 163 4 7 8 9 10 11 12 13 14 15 17 3 217 
2700 136 8 2 5 6 
2700 137 0 13 
2700 138 0 3 9 237 13 18 179 
2700 140 0 9 
2700 141 0 11 
2700 142 10 3 21 6 
2700 143 3 5 6 
2700 144 1 10 4 
2700 145 0 40 
2700 146 16 217 6 7 
2700 147 1 4 13 
2700 148 2 3 5 6 
2700 149 66 5 6 
2700 151 0 7 
2700 152 0 9 
2700 153 0 20 
2700 154 0 3 
2700 155 8 5 6 
2700 156 0 27 
2700 157 1 2 3 4 7 10 11 14 17 19 20 
2700 158 0 40 18 12 
2700 159 12 4 1 
2700 160 0 12 
2700 161 8 11 109 49 20 157 
2700 162 9 4 13 1 
2700 163 0 5 
2700 165 0 2 
2700 168 0 6 
2700 169 8 0 
2700 170 0 6 
2700 171 1 4 8 15 16 20 
2700 172 1 4 8 15 16 20 
2700 173 1 2 3 4 10 
2700 174 0 9 
2700 175 2 3 5 9 11 17 27 
2700 176 1 179 13 
2700 179 0 18 
2700 182 0 14 
2700 183 16 0 
2700 184 0 17 
2700 186 9 12 
2700 188 8 5 6 
2700 189 40 10 3 
2700 190 14 15 
2700 192 16 126 
2700 193 3 5 6 
2700 195 8 11 20 109 
2700 197 8 5 6 
2700 198 1 2 4 7 8 10 
2700 199 217 2 163 12 
2700 200 2 3 5 6 8 27 
2700 201 49 1 4 109 7 
2700 202 1 2 3 4 7 10 
2700 203 1 10 3 4 
2700 204 0 2 3 5 66 15 16 
2700 205 0 1 
2700 206 0 5 6 8 11 27 
2700 207 0 66 
2700 208 9 2 1 
2700 209 0 3 
2700 210 0 13 
2700 211 8 1 4 13 
2700 212 8 217 3 13 11 
2700 213 0 5 
2700 214 
2700 215 1 2 10 14 
2700 216 1 2 3 6 10 11 
2700 217 
2700 219 1 2 6 
2700 220 16 9 7 
2700 221 18 12 
2700 222 0 9 
2700 224 2 10 7 
2700 225 0 5 
2700 226 0 6 7 
2700 228 0 5 
2700 231 1 10 3 4 14 
2700 233 0 10 
2700 235 17 2 11 5 
2700 236 0 12 
2700 237 
2700 238 2 7 15 
2700 239 8 1 11 214 
2700 240 0 4 
2700 241 16 2 3 20 
2700 242 0 9 18 
2700 243 2 10 7 
2700 244 3 5 6 
2700 246 9 7 109 21 
2700 247 1 8 11 14 19 214 
2700 249 8 5 6 
2700 250 1 4 14 6 7 
2700 251 0 18 
2700 253 1 2 3 4 10 17 
2700 254 1 4 6 
2700 255 0 12 
2700 257 11 2 3 5 
2700 258 8 121 19 214 11 
2700 259 1 2 6 
2700 260 12 6 
2700 262 0 3 5 6 7 
2700 264 9 18 
2700 265 0 217 
2700 266 18 20 
2700 267 2 3 5 7 9 10 11 12 237 16 17 21 27 
2700 268 12 4 
2700 269 9 5 15 
2700 270 0 17 
2700 271 1 8 11 14 19 214 121 
2700 272 9 12 
2700 273 0 19 
2700 274 0 15 
2700 275 8 9 1 13 5 
2700 277 8 1 11 4 
2700 278 18 6 
2700 280 8 27 5 6 
2700 281 1 2 3 4 10 17 
2700 282 1 10 4 
2700 284 8 1 19 214 11 
2700 285 2 3 5 6 15 21 
2700 286 0 6 
2700 288 1 2 3 4 9 10 13 17 20 21 217 
2700 289 1 5 8 11 237 16 19 121 27 
2700 290 0 126 
2700 291 3 12 
2700 292 0 66 12 
2700 293 18 4 
2700 294 1 3 4 
2700 295 18 5 
2700 296 0 1 4 
2700 298 1 3 4 14 
2700 299 9 20 15 
3600 0 
3600 1 4 14 
3600 2 8 0 5 6 
3600 3 
3600 4 
3600 5 
3600 6 
3600 7 
3600 8 11 5 
3600 9 
3600 10 
3600 11 8 2 5 
3600 12 
3600 13 
3600 14 
3600 15 2 12 
3600 16 0 
3600 17 
3600 18 0 49 
3600 19 
3600 20 
3600 21 
3600 23 1 66 8 11 19 214 
3600 24 2 3 4 7 
3600 26 2 21 15 
3600 27 5 6 
3600 29 9 4 13 1 
3600 30 1 5 8 11 237 16 19 214 121 27 
3600 31 0 7 
3600 32 1 2 3 4 7 10 14 19 
3600 33 0 2 
3600 35 1 2 3 14 7 
3600 37 1 3 4 6 7 10 13 
3600 38 0 3 
3600 39 10 3 6 
3600 40 0 4 
3600 41 2 10 7 
3600 42 0 12 
3600 44 16 6 7 
3600 47 0 3 
3600 49 3 14 
3600 51 0 1 
3600 53 7 21 5 6 15 
3600 54 8 5 6 
3600 58 0 7 
3600 60 0 11 
3600 61 0 3 
3600 62 0 5 
3600 63 0 10 
3600 64 1 4 13 
3600 65 16 0 
3600 66 
3600 67 0 1 
3600 68 0 15 
3600 69 0 1 2 3 4 
3600 70 0 19 
3600 72 0 4 
3600 74 8 66 3 20 13 
3600 76 8 0 
3600 77 0 1 
3600 78 161 157 49 
3600 79 1 3 4 7 
3600 80 40 2 
3600 81 9 4 13 1 
3600 82 0 9 
3600 83 40 14 
3600 85 16 40 
3600 86 16 18 
3600 87 1 2 3 4 7 10 13 
3600 88 0 3 5 
3600 89 2 3 5 9 11 17 
3600 90 8 11 109 49 20 157 
3600 91 14 15 
3600 93 2 3 5 9 11 17 
3600 95 7 21 5 6 15 
3600 97 0 9 
3600 98 0 13 
3600 99 2 163 9 12 14 16 17 
3600 100 0 11 
3600 101 16 
3600 102 1 10 3 4 
3600 103 0 5 6 
3600 104 1 11 13 
3600 106 2 5 7 9 11 12 14 17 19 27 
3600 108 0 18 
3600 109 
3600 110 0 6 7 
3600 111 18 14 
3600 112 0 2 
3600 113 0 9 
3600 114 1 2 4 7 8 10 
3600 115 0 2 
3600 117 1 10 4 7 
3600 119 9 5 15 
3600 120 16 9 7 
3600 121 
3600 122 109 6 7 
3600 123 0 10 
3600 127 1 2 3 4 7 9 10 12 14 17 19 
3600 129 0 19 
3600 130 6 
3600 131 3 5 
3600 132 2 3 5 6 
3600 133 9 2 1 
3600 134 18 12 
3600 136 8 2 5 6 
3600 137 0 13 
3600 138 0 3 9 237 13 18 
3600 140 0 9 
3600 141 0 11 
3600 143 3 5 6 
3600 144 1 10 4 
3600 145 0 40 
3600 146 16 6 7 
3600 147 1 4 13 
3600 148 2 3 5 6 
3600 149 66 5 6 
3600 151 0 7 
3600 152 0 9 
3600 153 0 20 
3600 154 0 3 
3600 155 8 5 6 
3600 156 0 27 
3600 157 1 2 3 4 7 10 11 14 17 19 20 
3600 158 0 40 18 12 
3600 159 12 4 1 
3600 160 0 12 
3600 161 8 11 109 49 20 157 
3600 162 9 4 13 1 
3600 163 0 5 
3600 165 0 2 
3600 168 0 6 
3600 169 8 0 
3600 170 0 6 
3600 172 1 4 8 15 16 20 
3600 173 1 2 3 4 10 
3600 174 0 9 
3600 175 2 3 5 9 11 17 27 
3600 176 1 13 
3600 182 0 14 
3600 183 16 0 
3600 184 0 17 
3600 186 9 12 
3600 188 8 5 6 
3600 189 40 10 3 
3600 190 14 15 
3600 192 16 
3600 193 3 5 6 
3600 195 8 11 20 109 
3600 197 8 5 6 
3600 198 1 2 4 7 8 10 
3600 199 2 163 12 
3600 200 2 3 5 6 8 27 
3600 201 49 1 4 109 7 
3600 202 1 2 3 4 7 10 
3600 203 1 10 3 4 
3600 204 0 2 3 5 66 15 16 
3600 205 0 1 
3600 206 0 5 6 8 11 27 
3600 207 0 66 
3600 208 9 2 1 
3600 209 0 3 
3600 210 0 13 
3600 211 8 1 4 13 
3600 212 8 11 3 13 
3600 213 0 5 
3600 214 
3600 215 1 2 10 14 
3600 216 1 2 3 6 10 11 
3600 219 1 2 6 
3600 220 16 9 7 
3600 221 18 12 
3600 222 0 9 
3600 224 2 10 7 
3600 225 0 5 
3600 226 0 6 7 
3600 228 0 5 
3600 233 0 10 
3600 235 17 2 11 5 
3600 236 0 12 
3600 237 
3600 238 2 7 15 
3600 239 8 1 11 214 
3600 240 0 4 
3600 241 16 2 3 20 
3600 242 0 9 18 
3600 243 2 10 7 
3600 244 3 5 6 
3600 246 9 7 109 21 
3600 247 1 8 11 14 19 214 
3600 249 8 5 6 
3600 250 1 4 14 6 7 
3600 251 0 18 
3600 253 1 2 3 4 10 17 
3600 254 1 4 6 
3600 255 0 12 
3600 257 11 2 3 5 
3600 258 8 121 19 214 11 
3600 260 12 6 
3600 262 0 3 5 6 7 
3600 264 9 18 
3600 265 0 
3600 266 18 20 
3600 267 2 3 5 7 9 10 11 12 237 16 17 21 27 
3600 268 12 4 
3600 269 9 5 15 
3600 270 0 17 
3600 271 1 8 11 14 19 214 121 
3600 272 9 12 
3600 273 0 19 
3600 274 0 15 
3600 275 8 9 1 13 5 
3600 277 8 1 11 4 
3600 278 18 6 
3600 280 8 27 5 6 
3600 282 1 10 4 
3600 284 8 1 19 214 11 
3600 285 2 3 5 6 15 21 
3600 286 0 6 
3600 288 1 2 3 4 9 10 13 17 20 21 
3600 289 1 5 8 11 237 16 19 121 27 
3600 290 0 
3600 291 3 12 
3600 292 0 66 12 
3600 293 18 4 
3600 294 1 3 4 
3600 295 18 5 
3600 296 0 1 4 
3600 298 1 3 4 14 
3600 299 9 20 15 
4500 0 
4500 1 4 14 
4500 2 8 0 5 6 
4500 3 
4500 4 
4500 5 
4500 6 
4500 7 
4500 8 11 5 
4500 9 
4500 10 
4500 11 8 2 5 
4500 12 
4500 13 
4500 14 
4500 15 2 12 
4500 16 0 
4500 17 
4500 18 0 49 
4500 19 
4500 20 
4500 21 
4500 23 1 66 8 11 19 214 
4500 24 2 3 4 7 
4500 26 2 21 15 
4500 27 5 6 
4500 29 9 4 13 1 
4500 30 1 5 8 11 237 16 19 214 121 27 
4500 31 0 7 
4500 32 1 2 3 4 7 10 14 19 
4500 33 0 2 
4500 35 1 2 3 14 7 
4500 37 1 3 4 6 7 10 13 
4500 38 0 3 
4500 39 10 3 6 
4500 40 0 4 
4500 41 2 10 7 
4500 44 16 6 7 
4500 47 0 3 
4500 49 3 14 
4500 51 0 1 
4500 53 7 21 5 6 15 
4500 54 8 5 6 
4500 58 0 7 
4500 60 0 11 
4500 61 0 3 
4500 62 0 5 
4500 63 0 10 
4500 64 1 4 13 
4500 65 16 0 
4500 66 
4500 67 0 1 
4500 68 0 15 
4500 69 0 1 2 3 4 
4500 70 0 19 
4500 72 0 4 
4500 74 8 66 3 20 13 
4500 76 8 0 
4500 77 0 1 
4500 78 161 157 49 
4500 79 1 3 4 7 
4500 80 40 2 
4500 81 9 4 13 1 
4500 82 0 9 
4500 83 40 14 
4500 86 16 18 
4500 87 1 2 3 4 7 10 13 
4500 88 0 3 5 
4500 89 2 3 5 9 11 17 
4500 90 8 11 109 49 20 157 
4500 91 14 15 
4500 93 2 3 5 9 11 17 
4500 95 7 21 5 6 15 
4500 97 0 9 
4500 98 0 13 
4500 99 2 163 9 12 14 16 17 
4500 100 0 11 
4500 101 16 
4500 102 1 10 3 4 
4500 103 0 5 6 
4500 104 1 11 13 
4500 106 2 5 7 9 11 12 14 17 19 27 
4500 108 0 18 
4500 109 
4500 110 0 6 7 
4500 111 18 14 
4500 112 0 2 
4500 113 0 9 
4500 114 1 2 4 7 8 10 
4500 115 0 2 
4500 117 1 10 4 7 
4500 119 9 5 15 
4500 120 16 9 7 
4500 121 
4500 122 109 6 7 
4500 123 0 10 
4500 127 1 2 3 4 7 9 10 12 14 17 19 
4500 129 0 19 
4500 130 6 
4500 131 3 5 
4500 132 2 3 5 6 
4500 133 9 2 1 
4500 134 18 12 
4500 136 8 2 5 6 
4500 137 0 13 
4500 138 0 3 9 237 13 18 
4500 140 0 9 
4500 141 0 11 
4500 144 1 10 4 
4500 145 0 40 
4500 146 16 6 7 
4500 147 1 4 13 
4500 148 2 3 5 6 
4500 149 66 5 6 
4500 151 0 7 
4500 153 0 20 
4500 154 0 3 
4500 155 8 5 6 
4500 156 0 27 
4500 157 1 2 3 4 7 10 11 14 17 19 20 
4500 158 0 40 18 12 
4500 159 12 4 1 
4500 160 0 12 
4500 161 8 11 109 49 20 157 
4500 162 9 4 13 1 
4500 163 0 5 
4500 165 0 2 
4500 168 0 6 
4500 170 0 6 
4500 172 1 4 8 15 16 20 
4500 173 1 2 3 4 10 
4500 174 0 9 
4500 175 2 3 5 9 11 17 27 
4500 176 1 13 
4500 183 16 0 
4500 186 9 12 
4500 188 8 5 6 
4500 189 40 10 3 
4500 190 14 15 
4500 192 16 
4500 193 3 5 6 
4500 195 8 11 20 109 
4500 198 1 2 4 7 8 10 
4500 200 2 3 5 6 8 27 
4500 201 49 1 4 109 7 
4500 202 1 2 3 4 7 10 
4500 203 1 10 3 4 
4500 204 0 2 3 5 66 15 16 
4500 205 0 1 
4500 206 0 5 6 8 11 27 
4500 207 0 66 
4500 208 9 2 1 
4500 209 0 3 
4500 210 0 13 
4500 211 8 1 4 13 
4500 212 8 11 3 13 
4500 213 0 5 
4500 214 
4500 215 1 2 10 14 
4500 216 1 2 3 6 10 11 
4500 219 1 2 6 
4500 220 16 9 7 
4500 221 18 12 
4500 222 0 9 
4500 224 2 10 7 
4500 225 0 5 
4500 226 0 6 7 
4500 228 0 5 
4500 233 0 10 
4500 235 17 2 11 5 
4500 236 0 12 
4500 237 
4500 238 2 7 15 
4500 239 8 1 11 214 
4500 240 0 4 
4500 241 16 2 3 20 
4500 242 0 9 18 
4500 243 2 10 7 
4500 244 3 5 6 
4500 246 9 7 109 21 
4500 247 1 8 11 14 19 214 
4500 249 8 5 6 
4500 250 1 4 14 6 7 
4500 251 0 18 
4500 253 1 2 3 4 10 17 
4500 254 1 4 6 
4500 257 11 2 3 5 
4500 258 8 121 19 214 11 
4500 260 12 6 
4500 262 0 3 5 6 7 
4500 264 9 18 
4500 265 0 
4500 267 2 3 5 7 9 10 11 12 237 16 17 21 27 
4500 268 12 4 
4500 269 9 5 15 
4500 270 0 17 
4500 271 1 8 11 14 19 214 121 
4500 272 9 12 
4500 273 0 19 
4500 274 0 15 
4500 275 8 9 1 13 5 
4500 277 8 1 11 4 
4500 278 18 6 
4500 280 8 27 5 6 
4500 282 1 10 4 
4500 284 8 1 19 214 11 
4500 285 2 3 5 6 15 21 
4500 286 0 6 
4500 289 1 5 8 11 237 16 19 121 27 
4500 290 0 
4500 291 3 12 
4500 292 0 66 12 
4500 294 1 3 4 
4500 296 0 1 4 
4500 298 1 3 4 14 
4500 299 9 20 15 
5400 0 
5400 1 4 14 
5400 2 8 0 5 6 
5400 3 
5400 4 
5400 5 
5400 6 
5400 7 
5400 8 11 5 
5400 9 
5400 10 
5400 11 8 2 5 
5400 12 
5400 13 
5400 14 
5400 15 2 12 
5400 16 0 
5400 17 
5400 18 0 49 
5400 19 
5400 20 
5400 21 
5400 23 1 66 8 11 19 214 
5400 26 2 21 15 
5400 27 5 6 
5400 29 9 4 13 1 
5400 30 1 5 8 11 237 16 19 214 27 
5400 31 0 7 
5400 32 1 2 3 4 7 10 14 19 
5400 33 0 2 
5400 35 1 2 3 14 7 
5400 37 1 3 4 6 7 10 13 
5400 39 10 3 6 
5400 40 0 4 
5400 41 2 10 7 
5400 47 0 3 
5400 49 3 14 
5400 51 0 1 
5400 53 7 21 5 6 15 
5400 54 8 5 6 
5400 58 0 7 
5400 60 0 11 
5400 61 0 3 
5400 62 0 5 
5400 64 1 4 13 
5400 65 16 0 
5400 66 
5400 67 0 1 
5400 68 0 15 
5400 69 0 1 2 3 4 
5400 70 0 19 
5400 72 0 4 
5400 74 8 66 3 20 13 
5400 77 0 1 
5400 78 49 157 
5400 79 1 3 4 7 
5400 80 40 2 
5400 81 9 4 13 1 
5400 82 0 9 
5400 83 40 14 
5400 86 16 18 
5400 87 1 2 3 4 7 10 13 
5400 88 0 3 5 
5400 89 2 3 5 9 11 17 
5400 90 8 49 11 20 157 
5400 91 14 15 
5400 93 2 3 5 9 11 17 
5400 95 7 21 5 6 15 
5400 98 0 13 
5400 99 2 163 9 12 14 16 17 
5400 100 0 11 
5400 101 16 
5400 102 1 10 3 4 
5400 103 0 5 6 
5400 104 1 11 13 
5400 106 2 5 7 9 11 12 14 17 19 27 
5400 108 0 18 
5400 110 0 6 7 
5400 111 18 14 
5400 112 0 2 
5400 113 0 9 
5400 114 1 2 4 7 8 10 
5400 115 0 2 
5400 117 1 10 4 7 
5400 119 9 5 15 
5400 120 16 9 7 
5400 122 6 7 
5400 123 0 10 
5400 127 1 2 3 4 7 9 10 12 14 17 19 
5400 129 0 19 
5400 130 6 
5400 131 3 5 
5400 132 2 3 5 6 
5400 133 9 2 1 
5400 134 18 12 
5400 136 8 2 5 6 
5400 137 0 13 
5400 138 0 3 9 237 13 18 
5400 140 0 9 
5400 141 0 11 
5400 144 1 10 4 
5400 145 0 40 
5400 146 16 6 7 
5400 147 1 4 13 
5400 148 2 3 5 6 
5400 149 66 5 6 
5400 151 0 7 
5400 153 0 20 
5400 154 0 3 
5400 155 8 5 6 
5400 156 0 27 
5400 157 1 2 3 4 7 10 11 14 17 19 20 
5400 158 0 40 18 12 
5400 159 12 4 1 
5400 160 0 12 
5400 162 9 4 13 1 
5400 163 0 5 
5400 165 0 2 
5400 168 0 6 
5400 170 0 6 
5400 172 1 4 8 15 16 20 
5400 173 1 2 3 4 10 
5400 175 2 3 5 9 11 17 27 
5400 176 1 13 
5400 183 16 0 
5400 186 9 12 
5400 188 8 5 6 
5400 189 40 10 3 
5400 190 14 15 
5400 192 16 
5400 193 3 5 6 
5400 195 8 11 20 
5400 198 1 2 4 7 8 10 
5400 200 2 3 5 6 8 27 
5400 201 49 4 1 7 
5400 203 1 10 3 4 
5400 204 0 2 3 5 66 15 16 
5400 205 0 1 
5400 206 0 5 6 8 11 27 
5400 207 0 66 
5400 208 9 2 1 
5400 209 0 3 
5400 210 0 13 
5400 211 8 1 4 13 
5400 212 8 11 3 13 
5400 213 0 5 
5400 214 
5400 215 1 2 10 14 
5400 216 1 2 3 6 10 11 
5400 219 1 2 6 
5400 220 16 9 7 
5400 221 18 12 
5400 222 0 9 
5400 224 2 10 7 
5400 225 0 5 
5400 226 0 6 7 
5400 228 0 5 
5400 233 0 10 
5400 236 0 12 
5400 237 
5400 238 2 7 15 
5400 239 8 1 11 214 
5400 240 0 4 
5400 242 0 9 18 
5400 243 2 10 7 
5400 244 3 5 6 
5400 246 9 21 7 
5400 247 1 8 11 14 19 214 
5400 249 8 5 6 
5400 250 1 4 14 6 7 
5400 251 0 18 
5400 253 1 2 3 4 10 17 
5400 254 1 4 6 
5400 257 11 2 3 5 
5400 258 8 11 19 214 
5400 262 0 3 5 6 7 
5400 264 9 18 
5400 265 0 
5400 267 2 3 5 7 9 10 11 12 237 16 17 21 27 
5400 268 12 4 
5400 269 9 5 15 
5400 270 0 17 
5400 271 1 8 11 14 19 214 
5400 272 9 12 
5400 273 0 19 
5400 274 0 15 
5400 275 8 9 1 13 5 
5400 277 8 1 11 4 
5400 278 18 6 
5400 280 8 27 5 6 
5400 282 1 10 4 
5400 284 8 1 19 214 11 
5400 285 2 3 5 6 15 21 
5400 286 0 6 
5400 289 1 5 8 11 237 16 19 27 
5400 290 0 
5400 291 3 12 
5400 292 0 66 12 
5400 294 1 3 4 
5400 296 0 1 4 
5400 298 1 3 4 14 
5400 299 9 20 15 
6300 0 
6300 1 4 14 
6300 2 8 0 5 6 
6300 3 
6300 4 
6300 5 
6300 6 
6300 7 
6300 8 11 5 
6300 9 
6300 10 
6300 11 8 2 5 
6300 12 
6300 13 
6300 14 
6300 15 2 12 
6300 16 0 
6300 17 
6300 18 0 49 
6300 19 
6300 20 
6300 21 
6300 23 1 66 8 11 19 214 
6300 26 2 21 15 
6300 27 5 6 
6300 29 9 4 13 1 
6300 30 1 5 8 11 237 16 19 214 27 
6300 32 1 2 3 4 7 10 14 19 
6300 33 0 2 
6300 35 1 2 3 14 7 
6300 37 1 3 4 6 7 10 13 
6300 40 0 4 
6300 41 2 10 7 
6300 47 0 3 
6300 49 3 14 
6300 51 0 1 
6300 54 8 5 6 
6300 58 0 7 
6300 60 0 11 
6300 61 0 3 
6300 62 0 5 
6300 64 1 4 13 
6300 65 16 0 
6300 66 
6300 67 0 1 
6300 68 0 15 
6300 69 0 1 2 3 4 
6300 70 0 19 
6300 72 0 4 
6300 74 8 66 3 20 13 
6300 77 0 1 
6300 78 49 
6300 79 1 3 4 7 
6300 80 40 2 
6300 81 9 4 13 1 
6300 83 40 14 
6300 86 16 18 
6300 87 1 2 3 4 7 10 13 
6300 88 0 3 5 
6300 89 2 3 5 9 11 17 
6300 90 8 49 11 20 
6300 91 14 15 
6300 93 2 3 5 9 11 17 
6300 95 7 21 5 6 15 
6300 98 0 13 
6300 99 2 9 12 14 16 17 
6300 100 0 11 
6300 101 16 
6300 102 1 10 3 4 
6300 103 0 5 6 
6300 104 1 11 13 
6300 106 2 5 7 9 11 12 14 17 19 27 
6300 108 0 18 
6300 110 0 6 7 
6300 111 18 14 
6300 112 0 2 
6300 113 0 9 
6300 114 1 2 4 7 8 10 
6300 115 0 2 
6300 117 1 10 4 7 
6300 119 9 5 15 
6300 120 16 9 7 
6300 123 0 10 
6300 127 1 2 3 4 7 9 10 12 14 17 19 
6300 129 0 19 
6300 130 6 
6300 131 3 5 
6300 132 2 3 5 6 
6300 133 9 2 1 
6300 134 18 12 
6300 136 8 2 5 6 
6300 137 0 13 
6300 138 0 3 9 237 13 18 
6300 140 0 9 
6300 141 0 11 
6300 144 1 10 4 
6300 145 0 40 
6300 146 16 6 7 
6300 147 1 4 13 
6300 148 2 3 5 6 
6300 149 66 5 6 
6300 151 0 7 
6300 153 0 20 
6300 154 0 3 
6300 155 8 5 6 
6300 156 0 27 
6300 159 12 4 1 
6300 160 0 12 
6300 162 9 4 13 1 
6300 165 0 2 
6300 168 0 6 
6300 170 0 6 
6300 172 1 4 8 15 16 20 
6300 173 1 2 3 4 10 
6300 175 2 3 5 9 11 17 27 
6300 176 1 13 
6300 183 16 0 
6300 186 9 12 
6300 188 8 5 6 
6300 189 40 10 3 
6300 190 14 15 
6300 192 16 
6300 193 3 5 6 
6300 195 8 11 20 
6300 198 1 2 4 7 8 10 
6300 200 2 3 5 6 8 27 
6300 201 49 4 1 7 
6300 203 1 10 3 4 
6300 204 0 2 3 5 66 15 16 
6300 206 0 5 6 8 11 27 
6300 207 0 66 
6300 209 0 3 
6300 210 0 13 
6300 211 8 1 4 13 
6300 212 8 11 3 13 
6300 213 0 5 
6300 214 
6300 215 1 2 10 14 
6300 216 1 2 3 6 10 11 
6300 219 1 2 6 
6300 220 16 9 7 
6300 221 18 12 
6300 224 2 10 7 
6300 225 0 5 
6300 226 0 6 7 
6300 228 0 5 
6300 233 0 10 
6300 236 0 12 
6300 237 
6300 238 2 7 15 
6300 240 0 4 
6300 242 0 9 18 
6300 243 2 10 7 
6300 244 3 5 6 
6300 246 9 21 7 
6300 247 1 8 11 14 19 214 
6300 249 8 5 6 
6300 250 1 4 14 6 7 
6300 251 0 18 
6300 253 1 2 3 4 10 17 
6300 254 1 4 6 
6300 257 11 2 3 5 
6300 258 8 11 19 214 
6300 262 0 3 5 6 7 
6300 264 9 18 
6300 265 0 
6300 268 12 4 
6300 269 9 5 15 
6300 270 0 17 
6300 271 1 8 11 14 19 214 
6300 272 9 12 
6300 273 0 19 
6300 274 0 15 
6300 275 8 9 1 13 5 
6300 277 8 1 11 4 
6300 278 18 6 
6300 280 8 27 5 6 
6300 282 1 10 4 
6300 284 8 1 19 214 11 
6300 285 2 3 5 6 15 21 
6300 286 0 6 
6300 289 1 5 8 11 237 16 19 27 
6300 290 0 
6300 291 3 12 
6300 292 0 66 12 
6300 294 1 3 4 
6300 296 0 1 4 
6300 299 9 20 15 
