0 0 106 139 272 21 156 202 254 
0 1 200 106 139 272 21 156 
0 2 282 227 139 13 247 
0 3 155 
0 4 250 227 122 
0 5 155 
0 6 155 
0 7 167 
0 8 226 106 12 45 
0 9 155 
0 10 167 
0 11 227 202 139 21 156 106 254 
0 12 
0 13 
0 14 106 156 122 
0 15 155 
0 16 202 139 12 282 247 
0 17 155 
0 18 272 122 156 45 
0 19 201 106 139 272 21 156 254 149 
0 20 155 
0 21 
0 22 167 
0 23 188 39 
0 24 202 139 21 
0 25 167 
0 26 188 
0 27 39 200 252 106 45 272 247 282 156 254 
0 28 272 106 254 
0 29 155 
0 30 139 12 272 21 22 254 
0 31 155 
0 32 252 199 
0 33 201 122 139 21 254 
0 34 155 
0 35 272 106 254 
0 36 155 
0 37 272 201 139 156 21 
0 38 201 226 247 
0 39 
0 40 202 155 156 22 167 
0 41 167 
0 42 155 
0 43 155 
0 44 155 
0 45 
0 46 226 155 45 
0 47 106 156 21 254 
0 49 155 
0 50 250 122 
0 51 167 
0 52 155 
0 53 272 106 139 156 21 
0 54 167 
0 55 155 39 
0 56 155 
0 57 155 
0 58 282 139 21 227 
0 60 39 
0 61 155 
0 62 272 201 106 139 
0 63 200 282 156 106 247 
0 64 139 156 21 254 
0 65 202 139 21 227 
0 66 200 202 139 12 45 111 272 21 247 156 106 
0 67 122 227 
0 68 201 156 
0 69 122 156 
0 70 227 265 139 13 205 149 247 282 252 
0 71 155 
0 72 227 139 205 149 247 282 252 
0 73 122 22 
0 74 106 156 122 
0 75 201 122 139 21 254 
0 76 122 155 254 
0 77 122 227 247 
0 78 252 254 
0 79 155 
0 80 265 226 
0 81 226 156 45 
0 82 202 227 156 250 111 
0 83 39 200 252 106 45 272 247 282 156 254 
0 84 155 
0 85 122 155 
0 86 122 155 156 254 
0 87 155 
0 88 122 155 254 
0 89 39 202 12 111 282 156 
0 90 106 139 272 21 156 254 
0 91 226 252 106 250 155 156 
0 92 201 106 139 272 21 156 254 149 
0 93 202 139 272 21 122 156 254 
0 94 155 39 
0 95 106 155 139 156 21 
0 96 226 188 202 39 
0 97 250 39 
0 98 139 156 21 39 
0 99 226 122 45 254 
0 100 106 227 122 
0 101 200 282 156 106 
0 102 122 155 156 254 
0 103 106 122 
0 104 106 139 272 21 156 254 
0 105 155 
0 106 122 227 155 
0 108 139 21 39 
0 109 
0 110 155 
0 111 
0 112 155 
0 113 106 156 21 254 
0 114 272 139 156 21 
0 115 155 
0 116 39 188 155 167 
0 117 252 199 
0 118 155 39 
0 119 201 226 247 
0 120 155 
0 121 272 122 156 
0 122 
0 123 122 109 254 
0 125 12 122 252 254 199 
0 126 155 
0 127 39 
0 128 201 139 156 21 
0 129 155 
0 130 12 106 36 39 
0 131 202 139 21 
0 132 122 227 247 
0 133 122 226 106 156 45 
0 134 227 139 13 149 247 282 
0 135 155 
0 136 272 139 21 
0 137 122 227 
0 138 155 
0 139 201 21 
0 140 155 
0 141 252 199 
0 142 155 
0 143 139 156 21 
0 144 155 
0 145 155 
0 146 106 139 272 282 156 122 
0 147 282 227 122 
0 148 139 68 109 254 21 
0 149 
0 151 155 
0 152 202 139 22 
0 153 227 201 139 13 149 247 282 265 
0 154 39 167 
0 155 
0 156 
0 157 155 
0 158 155 
0 159 106 139 122 
0 160 39 200 201 106 149 247 282 254 
0 161 155 
0 162 155 39 
0 163 188 
0 164 155 
0 165 155 
0 166 227 68 265 109 111 182 247 282 
0 167 155 68 
0 168 282 156 106 
0 169 139 12 272 21 22 254 
0 170 226 155 45 
0 171 155 
0 172 155 
0 173 155 
0 174 155 
0 175 155 
0 176 202 139 21 
0 177 155 
0 178 202 139 21 
0 179 227 201 106 139 272 21 250 156 122 254 
0 180 226 227 139 111 21 252 
0 181 250 155 39 
0 182 200 201 106 139 111 272 21 282 156 254 149 
0 183 155 
0 184 155 
0 185 155 
0 186 106 139 
0 188 155 
0 189 155 
0 190 265 156 
0 192 155 
0 193 250 155 
0 194 106 139 254 
0 195 227 202 12 247 282 156 
0 196 139 156 21 111 
0 197 155 
0 198 139 109 254 21 
0 199 155 
0 200 
0 201 
0 202 
0 203 167 
0 204 167 
0 205 
0 206 200 106 39 
0 207 272 139 156 21 
0 208 227 265 139 13 149 247 282 250 
0 209 122 139 21 
0 210 202 227 106 254 39 
0 211 122 156 
0 212 200 282 156 106 
0 213 155 252 199 
0 214 200 282 106 
0 215 226 111 
0 216 155 
0 217 122 227 
0 218 227 68 265 109 111 182 247 282 
0 219 227 202 139 21 156 106 254 
0 220 122 227 
0 221 155 167 
0 222 272 139 156 21 
0 224 227 106 139 272 21 247 254 
0 225 155 
0 226 106 
0 227 282 
0 228 155 199 
0 229 252 254 
0 231 226 106 12 45 
0 233 167 
0 234 265 226 
0 235 201 106 139 272 21 156 254 
0 236 155 
0 237 36 39 200 201 106 247 252 
0 238 155 156 
0 239 155 
0 240 155 
0 241 106 227 156 122 247 
0 242 155 
0 243 106 139 
0 244 155 
0 246 155 
0 247 122 
0 249 226 227 139 111 21 252 
0 250 
0 251 156 106 252 111 
0 252 155 199 
0 253 218 68 182 
0 254 
0 255 188 252 199 
0 256 167 
0 257 200 106 39 
0 258 200 106 139 272 21 156 
0 259 282 227 155 122 247 
0 260 155 
0 261 155 
0 262 155 
0 264 139 155 21 
0 265 
0 266 155 
0 267 200 36 149 39 
0 268 155 
0 269 122 227 
0 270 39 
0 271 167 
0 272 
0 273 226 227 36 39 200 201 106 139 12 272 21 247 282 156 202 254 149 
0 274 227 106 139 272 21 247 254 
0 275 272 106 254 
0 276 122 227 
0 277 122 156 
0 278 155 
0 279 155 
0 280 106 139 122 
0 281 226 106 254 
0 282 106 227 
0 283 155 
0 284 155 
0 285 201 106 139 156 254 
0 286 202 139 21 
0 287 200 36 149 39 
0 288 272 188 156 
0 289 39 200 201 106 139 272 21 156 254 149 
0 290 122 156 
0 291 167 
0 292 227 265 109 111 247 282 
0 293 149 282 227 13 205 
0 294 155 
0 295 12 122 252 254 
0 296 155 
0 298 202 139 21 
0 299 272 139 21 
900 0 202 272 21 156 106 254 
900 1 200 272 106 156 21 
900 2 282 227 13 247 
900 3 155 
900 4 250 227 122 
900 5 155 
900 6 155 
900 7 
900 8 226 106 12 45 
900 9 155 
900 10 
900 11 227 106 21 156 202 254 
900 12 
900 13 
900 14 106 156 122 
900 15 155 
900 16 202 12 282 247 
900 17 155 
900 18 272 122 156 45 
900 19 201 106 272 21 156 254 149 
900 20 155 
900 21 
900 23 188 39 
900 24 202 21 
900 25 
900 26 188 
900 27 39 200 252 106 45 272 247 282 156 254 
900 28 272 106 254 
900 29 155 
900 30 272 12 21 254 
900 31 155 
900 32 252 199 
900 33 201 122 21 254 
900 34 155 
900 35 272 106 254 
900 36 155 
900 37 272 201 156 21 
900 38 201 226 247 
900 39 
900 40 202 155 156 
900 41 
900 42 155 
900 43 155 
900 44 155 
900 45 
900 47 106 156 21 254 
900 49 155 
900 50 250 122 
900 51 
900 52 155 
900 53 272 106 156 21 
900 54 
900 55 155 39 
900 56 155 
900 57 155 
900 58 282 227 21 
900 60 39 
900 61 155 
900 62 272 201 106 
900 63 200 282 156 106 247 
900 64 156 21 254 
900 65 202 227 21 
900 66 200 202 12 45 111 272 21 247 156 106 
900 67 122 227 
900 68 201 156 
900 69 122 156 
900 70 227 265 13 205 149 247 282 252 
900 71 155 
900 72 227 205 149 247 282 252 
900 73 122 
900 74 106 156 122 
900 75 201 122 21 254 
900 76 122 155 254 
900 77 122 227 247 
900 78 252 254 
900 79 155 
900 80 265 226 
900 81 226 156 45 
900 82 202 227 156 250 111 
900 83 39 200 252 106 45 272 247 282 156 254 
900 84 155 
900 85 122 155 
900 86 122 155 156 254 
900 87 155 
900 88 122 155 254 
900 89 39 202 12 111 282 156 
900 90 272 106 156 21 254 
900 91 226 252 106 250 155 156 
900 93 202 272 21 122 156 254 
900 94 155 39 
900 95 106 155 156 21 
900 96 226 188 202 39 
900 97 250 39 
900 98 156 21 39 
900 99 226 122 45 254 
900 100 106 227 122 
900 101 200 282 156 106 
900 102 122 155 156 254 
900 103 106 122 
900 104 272 106 156 21 254 
900 105 155 
900 106 122 227 155 
900 108 21 39 
900 109 
900 110 155 
900 111 
900 112 155 
900 113 106 156 21 254 
900 114 272 156 21 
900 115 155 
900 117 252 199 
900 119 201 226 247 
900 120 155 
900 121 272 122 156 
900 122 
900 123 122 109 254 
900 125 12 122 252 254 199 
900 126 155 
900 127 39 
900 128 201 156 21 
900 129 155 
900 130 12 106 36 39 
900 131 202 21 
900 132 122 227 247 
900 133 122 226 106 156 45 
900 134 149 282 227 13 247 
900 135 155 
900 136 272 21 
900 137 122 227 
900 138 155 
900 140 155 
900 141 252 199 
900 142 155 
900 143 156 21 
900 144 155 
900 145 155 
900 146 272 282 122 156 106 
900 147 282 227 122 
900 148 68 109 254 21 
900 149 
900 151 155 
900 152 202 
900 153 227 265 13 201 149 247 282 
900 154 39 
900 155 
900 156 
900 157 155 
900 158 155 
900 159 106 122 
900 160 39 200 201 106 149 247 282 254 
900 161 155 
900 162 155 39 
900 163 188 
900 164 155 
900 165 155 
900 166 227 68 265 109 111 182 247 282 
900 168 282 156 106 
900 169 272 12 21 254 
900 170 226 155 45 
900 171 155 
900 172 155 
900 173 155 
900 174 155 
900 175 155 
900 176 202 21 
900 178 202 21 
900 179 227 201 106 272 21 250 156 122 254 
900 180 226 227 252 21 111 
900 181 250 155 39 
900 182 200 201 106 111 272 21 282 156 254 149 
900 183 155 
900 184 155 
900 185 155 
900 186 106 
900 188 155 
900 189 155 
900 190 265 156 
900 192 155 
900 193 250 155 
900 195 227 202 12 247 282 156 
900 197 155 
900 198 109 254 21 
900 199 155 
900 200 
900 201 
900 202 
900 203 
900 204 
900 205 
900 206 200 106 39 
900 207 272 156 21 
900 208 227 265 13 149 247 282 250 
900 209 122 21 
900 210 202 227 106 254 39 
900 211 122 156 
900 212 200 282 156 106 
900 213 155 252 199 
900 214 200 282 106 
900 215 226 111 
900 216 155 
900 217 122 227 
900 219 227 106 21 156 202 254 
900 220 122 227 
900 221 155 
900 222 272 156 21 
900 224 227 106 272 21 247 254 
900 225 155 
900 226 106 
900 227 282 
900 228 155 199 
900 229 252 254 
900 231 226 106 12 45 
900 233 
900 235 201 106 272 21 156 254 
900 236 155 
900 237 36 39 200 201 106 247 252 
900 238 155 156 
900 239 155 
900 240 155 
900 241 106 227 156 122 247 
900 242 155 
900 243 106 
900 244 155 
900 246 155 
900 247 122 
900 249 226 227 252 21 111 
900 250 
900 251 156 106 252 111 
900 252 155 199 
900 253 68 182 
900 254 
900 255 188 252 199 
900 256 
900 257 200 106 39 
900 258 200 272 106 156 21 
900 259 282 227 155 122 247 
900 260 155 
900 261 155 
900 262 155 
900 264 155 21 
900 265 
900 266 155 
900 267 200 36 149 39 
900 268 155 
900 269 122 227 
900 270 39 
900 271 
900 272 
900 273 226 227 36 39 200 201 106 12 272 21 247 282 156 202 254 149 
900 274 227 106 272 21 247 254 
900 275 272 106 254 
900 277 122 156 
900 278 155 
900 280 106 122 
900 281 226 106 254 
900 282 106 227 
900 283 155 
900 284 155 
900 285 201 106 156 254 
900 286 202 21 
900 287 200 36 149 39 
900 288 272 188 156 
900 289 39 200 201 106 272 21 156 254 149 
900 290 122 156 
900 291 
900 292 227 265 109 111 247 282 
900 293 149 282 227 13 205 
900 294 155 
900 295 12 122 252 254 
900 296 155 
900 298 202 21 
900 299 272 21 
1800 0 202 272 21 156 106 254 
1800 1 200 272 106 156 21 
1800 2 282 13 247 
1800 3 155 
1800 4 250 122 
1800 5 155 
1800 6 155 
1800 7 
1800 8 226 106 12 45 
1800 9 155 
1800 10 
1800 11 202 106 156 21 254 
1800 12 
1800 13 
1800 14 106 156 122 
1800 15 155 
1800 16 202 12 282 247 
1800 17 155 
1800 18 272 122 156 45 
1800 19 201 106 272 21 156 254 149 
1800 20 155 
1800 21 
1800 23 188 39 
1800 24 202 21 
1800 26 188 
1800 27 39 200 106 45 272 247 282 156 254 
1800 28 272 106 254 
1800 29 155 
1800 30 272 12 21 254 
1800 31 155 
1800 32 199 
1800 33 201 122 21 254 
1800 34 155 
1800 35 272 106 254 
1800 36 155 
1800 37 272 201 156 21 
1800 38 201 226 247 
1800 39 
1800 40 202 155 156 
1800 41 
1800 42 155 
1800 43 155 
1800 44 155 
1800 45 
1800 47 106 156 21 254 
1800 49 155 
1800 50 250 122 
1800 51 
1800 52 155 
1800 53 272 106 156 21 
1800 54 
1800 55 155 39 
1800 56 155 
1800 58 282 21 
1800 60 39 
1800 61 155 
1800 62 272 201 106 
1800 63 200 282 156 106 247 
1800 64 156 21 254 
1800 65 202 21 
1800 66 200 202 12 45 111 272 21 247 156 106 
1800 67 122 
1800 68 201 156 
1800 69 122 156 
1800 70 265 205 13 149 247 282 
1800 71 155 
1800 72 205 282 149 247 
1800 73 122 
1800 74 106 156 122 
1800 76 122 155 254 
1800 77 122 247 
1800 78 254 
1800 79 155 
1800 80 265 226 
1800 81 226 156 45 
1800 82 202 156 250 111 
1800 83 39 200 106 45 272 247 282 156 254 
1800 84 155 
1800 85 122 155 
1800 86 122 155 156 254 
1800 87 155 
1800 88 122 155 254 
1800 89 39 202 12 111 282 156 
1800 90 272 106 156 21 254 
1800 91 155 226 106 156 250 
1800 93 202 272 21 122 156 254 
1800 94 155 39 
1800 95 106 155 156 21 
1800 97 250 39 
1800 98 156 21 39 
1800 99 226 122 45 254 
1800 100 106 122 
1800 101 200 282 156 106 
1800 102 122 155 156 254 
1800 103 106 122 
1800 104 272 106 156 21 254 
1800 105 155 
1800 106 122 155 
1800 108 21 39 
1800 109 
1800 110 155 
1800 111 
1800 112 155 
1800 113 106 156 21 254 
1800 114 272 156 21 
1800 115 155 
1800 117 199 
1800 119 201 226 247 
1800 120 155 
1800 121 272 122 156 
1800 122 
1800 123 122 109 254 
1800 126 155 
1800 127 39 
1800 129 155 
1800 130 12 106 36 39 
1800 131 202 21 
1800 132 122 247 
1800 133 122 226 106 156 45 
1800 134 149 282 13 247 
1800 135 155 
1800 136 272 21 
1800 137 122 
1800 138 155 
1800 140 155 
1800 141 199 
1800 142 155 
1800 143 156 21 
1800 144 155 
1800 145 155 
1800 146 272 282 122 156 106 
1800 147 282 122 
1800 148 68 109 254 21 
1800 149 
1800 151 155 
1800 152 202 
1800 153 201 265 13 149 247 282 
1800 154 39 
1800 155 
1800 156 
1800 157 155 
1800 158 155 
1800 159 106 122 
1800 160 39 200 201 106 149 247 282 254 
1800 161 155 
1800 162 155 39 
1800 163 188 
1800 164 155 
1800 165 155 
1800 166 68 265 109 111 182 247 282 
1800 168 282 156 106 
1800 169 272 12 21 254 
1800 170 226 155 45 
1800 171 155 
1800 172 155 
1800 173 155 
1800 174 155 
1800 175 155 
1800 176 202 21 
1800 179 201 106 272 21 250 156 122 254 
1800 182 200 201 106 111 272 21 282 156 254 149 
1800 183 155 
1800 184 155 
1800 186 106 
1800 188 155 
1800 189 155 
1800 190 265 156 
1800 192 155 
1800 193 250 155 
1800 195 12 282 156 202 247 
1800 197 155 
1800 198 109 254 21 
1800 199 155 
1800 200 
1800 201 
1800 202 
1800 203 
1800 204 
1800 205 
1800 206 200 106 39 
1800 207 272 156 21 
1800 208 265 13 149 247 282 250 
1800 209 122 21 
1800 210 202 106 254 39 
1800 211 122 156 
1800 212 200 282 156 106 
1800 213 155 199 
1800 214 200 282 106 
1800 215 226 111 
1800 216 155 
1800 217 122 
1800 219 202 106 156 21 254 
1800 220 122 
1800 221 155 
1800 222 272 156 21 
1800 224 272 106 21 254 247 
1800 225 155 
1800 226 106 
1800 228 155 199 
1800 231 226 106 12 45 
1800 233 
1800 235 201 106 272 21 156 254 
1800 236 155 
1800 237 36 39 200 201 106 247 
1800 238 155 156 
1800 239 155 
1800 240 155 
1800 241 106 156 122 247 
1800 242 155 
1800 243 106 
1800 244 155 
1800 246 155 
1800 247 122 
1800 249 226 21 111 
1800 250 
1800 251 106 156 111 
1800 253 68 182 
1800 254 
1800 255 188 199 
1800 256 
1800 257 200 106 39 
1800 258 200 272 106 156 21 
1800 259 282 155 122 247 
1800 260 155 
1800 261 155 
1800 262 155 
1800 264 155 21 
1800 265 
1800 266 155 
1800 267 200 36 149 39 
1800 268 155 
1800 269 122 
1800 270 39 
1800 271 
1800 272 
1800 273 226 36 39 200 201 202 12 272 21 247 282 156 106 254 149 
1800 274 272 106 21 254 247 
1800 275 272 106 254 
1800 277 122 156 
1800 278 155 
1800 280 106 122 
1800 281 226 106 254 
1800 282 106 
1800 284 155 
1800 285 201 106 156 254 
1800 286 202 21 
1800 287 200 36 149 39 
1800 288 272 188 156 
1800 289 39 200 201 106 272 21 156 254 149 
1800 290 122 156 
1800 291 
1800 292 265 282 111 109 247 
1800 293 149 282 13 205 
1800 294 155 
1800 295 122 12 254 
1800 296 155 
1800 298 202 21 
1800 299 272 21 
2700 0 202 272 21 156 106 254 
2700 1 200 272 106 156 21 
2700 2 282 13 247 
2700 3 155 
2700 4 250 122 
2700 5 155 
2700 6 155 
2700 7 
2700 8 226 106 12 45 
2700 9 155 
2700 10 
2700 11 202 106 156 21 254 
2700 12 
2700 13 
2700 14 106 156 122 
2700 15 155 
2700 16 202 12 282 247 
2700 17 155 
2700 18 272 122 156 45 
2700 19 201 106 272 21 156 254 149 
2700 20 155 
2700 21 
2700 23 188 39 
2700 24 202 21 
2700 26 188 
2700 27 39 200 106 45 272 247 282 156 254 
2700 29 155 
2700 30 272 12 21 254 
2700 31 155 
2700 32 199 
2700 33 201 122 21 254 
2700 35 272 106 254 
2700 36 155 
2700 37 272 201 156 21 
2700 38 201 226 247 
2700 39 
2700 40 202 155 156 
2700 41 
2700 42 155 
2700 43 155 
2700 44 155 
2700 45 
2700 47 106 156 21 254 
2700 49 155 
2700 51 
2700 52 155 
2700 53 272 106 156 21 
2700 54 
2700 56 155 
2700 58 282 21 
2700 60 39 
2700 61 155 
2700 62 272 201 106 
2700 63 200 282 156 106 247 
2700 64 156 21 254 
2700 65 202 21 
2700 66 200 202 12 45 111 272 21 247 156 106 
2700 67 122 
2700 68 201 156 
2700 69 122 156 
2700 70 265 205 13 149 247 282 
2700 72 205 282 149 247 
2700 74 106 156 122 
2700 76 122 155 254 
2700 77 122 247 
2700 78 254 
2700 79 155 
2700 80 265 226 
2700 81 226 156 45 
2700 82 202 156 250 111 
2700 83 39 200 106 45 272 247 282 156 254 
2700 85 122 155 
2700 86 122 155 156 254 
2700 87 155 
2700 88 122 155 254 
2700 89 39 202 12 111 282 156 
2700 90 272 106 156 21 254 
2700 91 155 226 106 156 250 
2700 93 202 272 21 122 156 254 
2700 95 106 155 156 21 
2700 97 250 39 
2700 98 156 21 39 
2700 99 226 122 45 254 
2700 100 106 122 
2700 101 200 282 156 106 
2700 102 122 155 156 254 
2700 103 106 122 
2700 104 272 106 156 21 254 
2700 106 122 155 
2700 108 21 39 
2700 109 
2700 110 155 
2700 111 
2700 112 155 
2700 113 106 156 21 254 
2700 114 272 156 21 
2700 115 155 
2700 117 199 
2700 119 201 226 247 
2700 120 155 
2700 121 272 122 156 
2700 122 
2700 123 122 109 254 
2700 126 155 
2700 127 39 
2700 129 155 
2700 130 12 106 36 39 
2700 131 202 21 
2700 132 122 247 
2700 133 122 226 106 156 45 
2700 134 149 282 13 247 
2700 135 155 
2700 136 272 21 
2700 137 122 
2700 138 155 
2700 140 155 
2700 141 199 
2700 142 155 
2700 143 156 21 
2700 144 155 
2700 145 155 
2700 146 272 282 122 156 106 
2700 147 282 122 
2700 148 68 109 254 21 
2700 149 
2700 151 155 
2700 152 202 
2700 153 201 265 13 149 247 282 
2700 154 39 
2700 155 
2700 156 
2700 157 155 
2700 158 155 
2700 159 106 122 
2700 160 39 200 201 106 149 247 282 254 
2700 161 155 
2700 162 155 39 
2700 163 188 
2700 165 155 
2700 168 282 156 106 
2700 169 272 12 21 254 
2700 170 226 155 45 
2700 171 155 
2700 172 155 
2700 173 155 
2700 174 155 
2700 175 155 
2700 176 202 21 
2700 179 201 106 272 21 250 156 122 254 
2700 182 200 201 106 111 272 21 282 156 254 149 
2700 183 155 
2700 184 155 
2700 186 106 
2700 188 155 
2700 189 155 
2700 190 265 156 
2700 192 155 
2700 193 250 155 
2700 195 12 282 156 202 247 
2700 197 155 
2700 198 109 254 21 
2700 199 155 
2700 200 
2700 201 
2700 202 
2700 203 
2700 204 
2700 205 
2700 206 200 106 39 
2700 207 272 156 21 
2700 208 265 13 149 247 282 250 
2700 209 122 21 
2700 210 202 106 254 39 
2700 211 122 156 
2700 212 200 282 156 106 
2700 213 155 199 
2700 214 200 282 106 
2700 215 226 111 
2700 216 155 
2700 217 122 
2700 219 202 106 156 21 254 
2700 220 122 
2700 221 155 
2700 222 272 156 21 
2700 224 272 106 21 254 247 
2700 225 155 
2700 226 106 
2700 228 155 199 
2700 231 226 106 12 45 
2700 233 
2700 235 201 106 272 21 156 254 
2700 236 155 
2700 237 36 39 200 201 106 247 
2700 238 155 156 
2700 239 155 
2700 240 155 
2700 241 106 156 122 247 
2700 242 155 
2700 243 106 
2700 244 155 
2700 246 155 
2700 247 122 
2700 249 226 21 111 
2700 250 
2700 251 106 156 111 
2700 253 68 182 
2700 254 
2700 255 188 199 
2700 257 200 106 39 
2700 258 200 272 106 156 21 
2700 259 282 155 122 247 
2700 260 155 
2700 262 155 
2700 264 155 21 
2700 265 
2700 266 155 
2700 267 200 36 149 39 
2700 268 155 
2700 269 122 
2700 270 39 
2700 271 
2700 272 
2700 273 226 36 39 200 201 202 12 272 21 247 282 156 106 254 149 
2700 274 272 106 21 254 247 
2700 275 272 106 254 
2700 277 122 156 
2700 278 155 
2700 280 106 122 
2700 281 226 106 254 
2700 282 106 
2700 284 155 
2700 285 201 106 156 254 
2700 286 202 21 
2700 288 272 188 156 
2700 289 39 200 201 106 272 21 156 254 149 
2700 290 122 156 
2700 291 
2700 292 265 282 111 109 247 
2700 293 149 282 13 205 
2700 294 155 
2700 295 122 12 254 
2700 296 155 
2700 298 202 21 
2700 299 272 21 
3600 0 202 272 21 156 106 254 
3600 1 200 272 106 156 21 
3600 2 282 13 247 
3600 3 155 
3600 4 250 122 
3600 5 155 
3600 6 155 
3600 7 
3600 8 226 12 106 
3600 9 155 
3600 10 
3600 11 202 106 156 21 254 
3600 12 
3600 13 
3600 14 106 156 122 
3600 15 155 
3600 16 202 12 282 247 
3600 17 155 
3600 18 272 122 156 
3600 19 201 106 272 21 156 254 149 
3600 20 155 
3600 21 
3600 23 188 39 
3600 24 202 21 
3600 26 188 
3600 27 39 200 106 272 247 282 156 254 
3600 29 155 
3600 30 272 12 21 254 
3600 31 155 
3600 32 199 
3600 33 201 122 21 254 
3600 35 272 106 254 
3600 37 272 201 156 21 
3600 38 201 226 247 
3600 39 
3600 40 202 155 156 
3600 41 
3600 42 155 
3600 44 155 
3600 47 106 156 21 254 
3600 49 155 
3600 51 
3600 53 272 106 156 21 
3600 54 
3600 58 282 21 
3600 60 39 
3600 61 155 
3600 62 272 201 106 
3600 63 200 282 156 106 247 
3600 64 156 21 254 
3600 65 202 21 
3600 66 200 202 12 111 272 21 247 156 106 
3600 67 122 
3600 68 201 156 
3600 69 122 156 
3600 70 265 205 13 149 247 282 
3600 72 205 282 149 247 
3600 74 106 156 122 
3600 76 122 155 254 
3600 77 122 247 
3600 78 254 
3600 79 155 
3600 80 265 226 
3600 81 226 156 
3600 82 202 156 250 111 
3600 83 39 200 106 272 247 282 156 254 
3600 85 122 155 
3600 86 122 155 156 254 
3600 87 155 
3600 88 122 155 254 
3600 89 39 202 12 111 282 156 
3600 90 272 106 156 21 254 
3600 91 155 226 106 156 250 
3600 93 202 272 21 122 156 254 
3600 95 106 155 156 21 
3600 97 250 39 
3600 98 156 21 39 
3600 99 226 122 254 
3600 100 106 122 
3600 101 200 282 156 106 
3600 102 122 155 156 254 
3600 103 106 122 
3600 104 272 106 156 21 254 
3600 106 122 155 
3600 108 21 39 
3600 109 
3600 110 155 
3600 111 
3600 112 155 
3600 113 106 156 21 254 
3600 114 272 156 21 
3600 115 155 
3600 117 199 
3600 119 201 226 247 
3600 120 155 
3600 121 272 122 156 
3600 122 
3600 123 122 109 254 
3600 127 39 
3600 129 155 
3600 130 106 12 39 
3600 131 202 21 
3600 132 122 247 
3600 133 226 122 156 106 
3600 134 149 282 13 247 
3600 136 272 21 
3600 137 122 
3600 138 155 
3600 140 155 
3600 141 199 
3600 143 156 21 
3600 144 155 
3600 145 155 
3600 146 272 282 122 156 106 
3600 147 282 122 
3600 148 68 109 254 21 
3600 149 
3600 151 155 
3600 152 202 
3600 153 201 265 13 149 247 282 
3600 154 39 
3600 155 
3600 156 
3600 157 155 
3600 158 155 
3600 159 106 122 
3600 160 39 200 201 106 149 247 282 254 
3600 161 155 
3600 162 155 39 
3600 163 188 
3600 165 155 
3600 168 282 156 106 
3600 169 272 12 21 254 
3600 170 226 155 
3600 172 155 
3600 173 155 
3600 174 155 
3600 175 155 
3600 176 202 21 
3600 182 200 201 106 111 272 21 282 156 254 149 
3600 183 155 
3600 184 155 
3600 186 106 
3600 188 155 
3600 189 155 
3600 190 265 156 
3600 192 155 
3600 193 250 155 
3600 195 12 282 156 202 247 
3600 197 155 
3600 198 109 254 21 
3600 199 155 
3600 200 
3600 201 
3600 202 
3600 203 
3600 204 
3600 205 
3600 206 200 106 39 
3600 207 272 156 21 
3600 208 265 13 149 247 282 250 
3600 209 122 21 
3600 210 202 106 254 39 
3600 211 122 156 
3600 212 200 282 156 106 
3600 213 155 199 
3600 214 200 282 106 
3600 215 226 111 
3600 216 155 
3600 219 202 106 156 21 254 
3600 220 122 
3600 221 155 
3600 222 272 156 21 
3600 224 272 106 21 254 247 
3600 225 155 
3600 226 106 
3600 228 155 199 
3600 233 
3600 235 201 106 272 21 156 254 
3600 236 155 
3600 237 200 201 106 39 247 
3600 238 155 156 
3600 239 155 
3600 240 155 
3600 241 106 156 122 247 
3600 242 155 
3600 243 106 
3600 244 155 
3600 246 155 
3600 247 122 
3600 249 226 21 111 
3600 250 
3600 251 106 156 111 
3600 253 68 182 
3600 254 
3600 255 188 199 
3600 257 200 106 39 
3600 258 200 272 106 156 21 
3600 260 155 
3600 262 155 
3600 264 155 21 
3600 265 
3600 266 155 
3600 267 200 149 39 
3600 268 155 
3600 269 122 
3600 270 39 
3600 271 
3600 272 
3600 273 226 39 200 201 202 12 272 21 247 282 156 106 254 149 
3600 274 272 106 21 254 247 
3600 275 272 106 254 
3600 277 122 156 
3600 278 155 
3600 280 106 122 
3600 282 106 
3600 284 155 
3600 285 201 106 156 254 
3600 286 202 21 
3600 288 272 188 156 
3600 289 39 200 201 106 272 21 156 254 149 
3600 290 122 156 
3600 291 
3600 292 265 282 111 109 247 
3600 293 149 282 13 205 
3600 294 155 
3600 295 122 12 254 
3600 296 155 
3600 298 202 21 
3600 299 272 21 
4500 0 202 272 21 156 106 254 
4500 1 200 272 106 156 21 
4500 2 282 13 247 
4500 3 155 
4500 4 250 122 
4500 5 155 
4500 6 155 
4500 7 
4500 8 226 12 106 
4500 9 155 
4500 10 
4500 11 202 106 156 21 254 
4500 12 
4500 13 
4500 14 106 156 122 
4500 15 155 
4500 16 202 12 282 247 
4500 17 155 
4500 18 272 122 156 
4500 19 201 106 272 21 156 254 149 
4500 20 155 
4500 21 
4500 23 188 39 
4500 24 202 21 
4500 26 188 
4500 27 39 200 106 272 247 282 156 254 
4500 29 155 
4500 30 272 12 21 254 
4500 31 155 
4500 32 
4500 33 201 122 21 254 
4500 35 272 106 254 
4500 37 272 201 156 21 
4500 38 201 226 247 
4500 39 
4500 40 202 155 156 
4500 41 
4500 44 155 
4500 47 106 156 21 254 
4500 49 155 
4500 51 
4500 53 272 106 156 21 
4500 54 
4500 58 282 21 
4500 60 39 
4500 61 155 
4500 62 272 201 106 
4500 63 200 282 156 106 247 
4500 64 156 21 254 
4500 65 202 21 
4500 66 200 202 12 111 272 21 247 156 106 
4500 67 122 
4500 68 201 156 
4500 69 122 156 
4500 70 265 205 13 149 247 282 
4500 72 205 282 149 247 
4500 74 106 156 122 
4500 76 122 155 254 
4500 77 122 247 
4500 78 254 
4500 79 155 
4500 80 265 226 
4500 81 226 156 
4500 82 202 156 250 111 
4500 83 39 200 106 272 247 282 156 254 
4500 86 122 155 156 254 
4500 87 155 
4500 88 122 155 254 
4500 89 39 202 12 111 282 156 
4500 90 272 106 156 21 254 
4500 91 155 226 106 156 250 
4500 93 202 272 21 122 156 254 
4500 95 106 155 156 21 
4500 97 250 39 
4500 98 156 21 39 
4500 99 226 122 254 
4500 100 106 122 
4500 101 200 282 156 106 
4500 102 122 155 156 254 
4500 103 106 122 
4500 104 272 106 156 21 254 
4500 106 122 155 
4500 108 21 39 
4500 109 
4500 110 155 
4500 111 
4500 112 155 
4500 113 106 156 21 254 
4500 114 272 156 21 
4500 115 155 
4500 117 
4500 119 201 226 247 
4500 120 155 
4500 121 272 122 156 
4500 122 
4500 123 122 109 254 
4500 127 39 
4500 129 155 
4500 130 106 12 39 
4500 131 202 21 
4500 132 122 247 
4500 133 226 122 156 106 
4500 134 149 282 13 247 
4500 136 272 21 
4500 137 122 
4500 138 155 
4500 140 155 
4500 141 
4500 144 155 
4500 145 155 
4500 146 272 282 122 156 106 
4500 147 282 122 
4500 148 68 109 254 21 
4500 149 
4500 151 155 
4500 153 201 265 13 149 247 282 
4500 154 39 
4500 155 
4500 156 
4500 157 155 
4500 158 155 
4500 159 106 122 
4500 160 39 200 201 106 149 247 282 254 
4500 161 155 
4500 162 155 39 
4500 163 188 
4500 165 155 
4500 168 282 156 106 
4500 170 226 155 
4500 172 155 
4500 173 155 
4500 174 155 
4500 175 155 
4500 176 202 21 
4500 183 155 
4500 186 106 
4500 188 155 
4500 189 155 
4500 190 265 156 
4500 192 155 
4500 193 250 155 
4500 195 12 282 156 202 247 
4500 198 109 254 21 
4500 200 
4500 201 
4500 202 
4500 203 
4500 204 
4500 205 
4500 206 200 106 39 
4500 207 272 156 21 
4500 208 265 13 149 247 282 250 
4500 209 122 21 
4500 210 202 106 254 39 
4500 211 122 156 
4500 212 200 282 156 106 
4500 213 155 
4500 214 200 282 106 
4500 215 226 111 
4500 216 155 
4500 219 202 106 156 21 254 
4500 220 122 
4500 221 155 
4500 222 272 156 21 
4500 224 272 106 21 254 247 
4500 225 155 
4500 226 106 
4500 228 155 
4500 233 
4500 235 201 106 272 21 156 254 
4500 236 155 
4500 237 200 201 106 39 247 
4500 238 155 156 
4500 239 155 
4500 240 155 
4500 241 106 156 122 247 
4500 242 155 
4500 243 106 
4500 244 155 
4500 246 155 
4500 247 122 
4500 249 226 21 111 
4500 250 
4500 251 106 156 111 
4500 253 68 
4500 254 
4500 257 200 106 39 
4500 258 200 272 106 156 21 
4500 260 155 
4500 262 155 
4500 264 155 21 
4500 265 
4500 267 200 149 39 
4500 268 155 
4500 269 122 
4500 270 39 
4500 271 
4500 272 
4500 273 226 39 200 201 202 12 272 21 247 282 156 106 254 149 
4500 274 272 106 21 254 247 
4500 275 272 106 254 
4500 277 122 156 
4500 278 155 
4500 280 106 122 
4500 282 106 
4500 284 155 
4500 285 201 106 156 254 
4500 286 202 21 
4500 289 39 200 201 106 272 21 156 254 149 
4500 290 122 156 
4500 291 
4500 292 265 282 111 109 247 
4500 294 155 
4500 296 155 
4500 298 202 21 
4500 299 272 21 
5400 0 272 106 156 21 254 
5400 1 200 272 106 156 21 
5400 2 282 13 247 
5400 3 155 
5400 4 250 122 
5400 5 155 
5400 6 155 
5400 7 
5400 8 226 12 106 
5400 9 155 
5400 10 
5400 11 106 156 21 254 
5400 12 
5400 13 
5400 14 106 156 122 
5400 15 155 
5400 16 282 12 247 
5400 17 155 
5400 18 272 122 156 
5400 19 201 106 272 21 156 254 149 
5400 20 155 
5400 21 
5400 23 188 39 
5400 26 188 
5400 27 39 200 106 272 247 282 156 254 
5400 29 155 
5400 30 272 12 21 254 
5400 31 155 
5400 32 
5400 33 201 122 21 254 
5400 35 272 106 254 
5400 37 272 201 156 21 
5400 39 
5400 40 155 156 
5400 41 
5400 47 106 156 21 254 
5400 49 155 
5400 51 
5400 53 272 106 156 21 
5400 54 
5400 58 282 21 
5400 60 39 
5400 61 155 
5400 62 272 201 106 
5400 64 156 21 254 
5400 65 21 
5400 66 200 106 12 111 272 21 247 156 
5400 67 122 
5400 68 201 156 
5400 69 122 156 
5400 70 265 205 13 149 247 282 
5400 72 205 282 149 247 
5400 74 106 156 122 
5400 77 122 247 
5400 78 254 
5400 79 155 
5400 80 265 226 
5400 81 226 156 
5400 82 250 156 111 
5400 83 39 200 106 272 247 282 156 254 
5400 86 122 155 156 254 
5400 87 155 
5400 88 122 155 254 
5400 89 12 282 39 156 111 
5400 90 272 106 156 21 254 
5400 91 155 226 106 156 250 
5400 93 272 122 156 21 254 
5400 95 106 155 156 21 
5400 98 156 21 39 
5400 99 226 122 254 
5400 100 106 122 
5400 101 200 282 156 106 
5400 102 122 155 156 254 
5400 103 106 122 
5400 104 272 106 156 21 254 
5400 106 122 155 
5400 108 21 39 
5400 110 155 
5400 111 
5400 112 155 
5400 113 106 156 21 254 
5400 114 272 156 21 
5400 115 155 
5400 117 
5400 119 201 226 247 
5400 120 155 
5400 122 
5400 123 122 254 
5400 127 39 
5400 129 155 
5400 130 106 12 39 
5400 131 21 
5400 132 122 247 
5400 133 226 122 156 106 
5400 134 149 282 13 247 
5400 136 272 21 
5400 137 122 
5400 138 155 
5400 140 155 
5400 141 
5400 144 155 
5400 145 155 
5400 146 272 282 122 156 106 
5400 147 282 122 
5400 148 68 21 254 
5400 149 
5400 151 155 
5400 153 201 265 13 149 247 282 
5400 154 39 
5400 155 
5400 156 
5400 157 155 
5400 158 155 
5400 159 106 122 
5400 160 39 200 201 106 149 247 282 254 
5400 162 155 39 
5400 163 188 
5400 165 155 
5400 168 282 156 106 
5400 170 226 155 
5400 172 155 
5400 173 155 
5400 175 155 
5400 176 21 
5400 183 155 
5400 186 106 
5400 188 155 
5400 189 155 
5400 190 265 156 
5400 192 155 
5400 193 250 155 
5400 195 12 282 156 247 
5400 198 21 254 
5400 200 
5400 201 
5400 203 
5400 204 
5400 205 
5400 206 200 106 39 
5400 207 272 156 21 
5400 208 265 13 149 247 282 250 
5400 209 122 21 
5400 210 106 254 39 
5400 211 122 156 
5400 212 200 282 156 106 
5400 213 155 
5400 214 200 282 106 
5400 215 226 111 
5400 216 155 
5400 219 106 156 21 254 
5400 220 122 
5400 221 155 
5400 222 272 156 21 
5400 224 272 106 21 254 247 
5400 225 155 
5400 226 106 
5400 228 155 
5400 233 
5400 236 155 
5400 237 200 201 106 39 247 
5400 238 155 156 
5400 239 155 
5400 240 155 
5400 242 155 
5400 243 106 
5400 244 155 
5400 246 155 
5400 247 122 
5400 249 226 21 111 
5400 250 
5400 251 106 156 111 
5400 253 68 
5400 254 
5400 257 200 106 39 
5400 258 200 272 106 156 21 
5400 262 155 
5400 264 155 21 
5400 265 
5400 267 200 149 39 
5400 268 155 
5400 269 122 
5400 270 39 
5400 271 
5400 272 
5400 273 226 39 200 201 106 12 272 21 247 282 156 254 149 
5400 274 272 106 21 254 247 
5400 275 272 106 254 
5400 277 122 156 
5400 278 155 
5400 280 106 122 
5400 282 106 
5400 284 155 
5400 285 201 106 156 254 
5400 286 21 
5400 289 39 200 201 106 272 21 156 254 149 
5400 290 122 156 
5400 291 
5400 292 265 282 111 247 
5400 294 155 
5400 296 155 
5400 298 21 
5400 299 272 21 
6300 0 272 106 156 21 254 
6300 1 200 272 106 156 21 
6300 2 282 13 247 
6300 3 155 
6300 4 250 
6300 5 155 
6300 6 155 
6300 7 
6300 8 226 12 106 
6300 9 155 
6300 10 
6300 11 106 156 21 254 
6300 12 
6300 13 
6300 14 106 156 
6300 15 155 
6300 16 282 12 247 
6300 17 155 
6300 18 272 156 
6300 19 201 106 272 21 156 254 149 
6300 20 155 
6300 21 
6300 23 188 
6300 26 188 
6300 27 200 106 272 247 282 156 254 
6300 29 155 
6300 30 272 12 21 254 
6300 32 
6300 33 201 21 254 
6300 35 272 106 254 
6300 37 272 201 156 21 
6300 40 155 156 
6300 41 
6300 47 106 156 21 254 
6300 49 155 
6300 51 
6300 54 
6300 58 282 21 
6300 60 
6300 61 155 
6300 62 272 201 106 
6300 64 156 21 254 
6300 65 21 
6300 66 200 106 12 111 272 21 247 156 
6300 67 
6300 68 201 156 
6300 69 156 
6300 70 149 265 282 13 247 
6300 72 282 149 247 
6300 74 106 156 
6300 77 247 
6300 78 254 
6300 79 155 
6300 80 265 226 
6300 81 226 156 
6300 83 200 106 272 247 282 156 254 
6300 86 155 156 254 
6300 87 155 
6300 88 155 254 
6300 89 12 282 156 111 
6300 90 272 106 156 21 254 
6300 91 155 226 106 156 250 
6300 93 272 156 21 254 
6300 95 106 155 156 21 
6300 98 156 21 
6300 99 226 254 
6300 100 106 
6300 101 200 282 156 106 
6300 102 155 156 254 
6300 103 106 
6300 104 272 106 156 21 254 
6300 106 155 
6300 108 21 
6300 110 155 
6300 111 
6300 112 155 
6300 113 106 156 21 254 
6300 114 272 156 21 
6300 115 155 
6300 117 
6300 119 201 226 247 
6300 120 155 
6300 123 254 
6300 127 
6300 129 155 
6300 130 106 12 
6300 131 21 
6300 132 247 
6300 133 226 156 106 
6300 134 149 282 13 247 
6300 136 272 21 
6300 137 
6300 138 155 
6300 140 155 
6300 141 
6300 144 155 
6300 145 155 
6300 146 272 282 156 106 
6300 147 282 
6300 148 68 21 254 
6300 149 
6300 151 155 
6300 153 201 265 13 149 247 282 
6300 154 
6300 155 
6300 156 
6300 159 106 
6300 160 200 201 106 149 247 282 254 
6300 162 155 
6300 165 155 
6300 168 282 156 106 
6300 170 226 155 
6300 172 155 
6300 173 155 
6300 175 155 
6300 176 21 
6300 183 155 
6300 186 106 
6300 188 155 
6300 189 155 
6300 190 265 156 
6300 192 155 
6300 193 250 155 
6300 195 12 282 156 247 
6300 198 21 254 
6300 200 
6300 201 
6300 203 
6300 204 
6300 206 200 106 
6300 207 272 156 21 
6300 209 21 
6300 210 106 254 
6300 211 156 
6300 212 200 282 156 106 
6300 213 155 
6300 214 200 282 106 
6300 215 226 111 
6300 216 155 
6300 219 106 156 21 254 
6300 220 
6300 221 155 
6300 224 272 106 21 254 247 
6300 225 155 
6300 226 106 
6300 228 155 
6300 233 
6300 236 155 
6300 237 200 201 106 247 
6300 238 155 156 
6300 240 155 
6300 242 155 
6300 243 106 
6300 244 155 
6300 246 155 
6300 247 
6300 249 226 21 111 
6300 250 
6300 251 106 156 111 
6300 253 68 
6300 254 
6300 257 200 106 
6300 258 200 272 106 156 21 
6300 262 155 
6300 264 155 21 
6300 265 
6300 268 155 
6300 269 
6300 270 
6300 271 
6300 272 
6300 273 226 200 201 106 12 272 21 247 282 156 254 149 
6300 274 272 106 21 254 247 
6300 275 272 106 254 
6300 277 156 
6300 278 155 
6300 280 106 
6300 282 106 
6300 284 155 
6300 285 201 106 156 254 
6300 286 21 
6300 289 200 201 106 272 21 156 254 149 
6300 290 156 
6300 291 
6300 292 265 282 111 247 
6300 294 155 
6300 296 155 
6300 299 272 21 
