0 0 277 
0 1 136 241 212 173 
0 2 286 111 
0 3 
0 4 33 212 70 
0 5 200 91 139 93 
0 6 65 
0 7 264 132 212 
0 8 264 243 53 14 47 
0 9 240 180 213 
0 10 233 243 93 189 
0 11 
0 12 104 289 118 159 
0 13 194 148 
0 14 237 
0 15 126 
0 16 236 238 
0 17 45 
0 18 10 237 186 
0 19 292 44 109 47 112 93 
0 20 153 
0 21 41 219 44 
0 22 134 
0 23 112 161 162 128 
0 24 192 152 
0 25 66 85 
0 26 284 261 
0 27 243 131 
0 28 52 
0 29 130 23 12 199 
0 30 138 163 21 214 253 
0 31 40 137 77 166 
0 32 28 
0 33 266 
0 34 217 178 84 205 270 
0 35 20 202 252 
0 36 299 
0 37 201 250 194 
0 38 36 
0 39 
0 40 120 61 
0 41 92 199 
0 42 288 195 29 
0 43 138 157 
0 44 14 149 190 
0 45 27 
0 46 217 35 182 
0 47 131 132 273 215 282 250 
0 49 170 85 127 
0 50 73 58 118 111 
0 51 
0 52 64 70 43 240 145 219 
0 53 153 10 295 
0 54 104 206 179 149 57 189 
0 55 161 60 53 
0 56 288 135 239 209 116 20 188 
0 57 171 113 210 51 212 28 
0 58 282 
0 60 214 
0 61 132 85 77 
0 62 216 274 93 14 61 
0 63 116 45 
0 64 82 179 23 
0 65 242 66 171 205 
0 66 146 159 
0 67 99 137 42 47 9 184 287 
0 68 207 
0 69 164 45 238 
0 70 91 
0 71 144 41 
0 72 128 82 221 
0 73 90 148 134 
0 74 1 268 
0 75 112 25 186 27 55 
0 76 243 278 198 247 
0 77 3 
0 78 104 88 106 25 81 
0 79 112 137 198 23 
0 80 141 278 119 
0 81 145 28 271 
0 82 213 
0 83 177 243 28 101 
0 84 176 66 147 164 110 
0 85 98 117 
0 86 152 177 276 270 
0 87 43 227 31 
0 88 161 291 133 43 215 
0 89 273 148 
0 90 153 18 188 105 
0 91 33 162 266 
0 92 161 168 75 13 83 247 
0 93 16 49 92 229 174 
0 94 16 274 147 20 119 185 
0 95 2 139 213 
0 96 257 299 174 120 90 220 
0 97 217 138 147 21 
0 98 152 257 12 30 295 
0 99 161 157 143 
0 100 122 101 158 
0 101 96 211 262 86 127 
0 102 68 163 276 
0 103 147 294 158 
0 104 97 202 132 140 
0 105 96 198 295 
0 106 88 90 276 293 
0 108 242 279 
0 109 97 3 168 76 270 274 182 
0 110 184 250 115 117 270 
0 111 192 265 130 22 
0 112 98 196 294 66 49 286 
0 113 145 266 147 57 
0 114 215 
0 115 281 154 206 134 269 
0 116 56 131 117 101 31 
0 117 0 140 36 45 20 
0 118 288 282 23 135 79 
0 119 163 77 
0 120 73 254 
0 121 128 185 90 4 
0 122 76 126 
0 123 104 128 36 142 287 
0 125 242 189 
0 126 64 131 166 72 269 296 
0 127 120 114 267 262 46 
0 128 132 260 73 270 240 196 
0 129 16 82 119 
0 130 128 247 
0 131 172 
0 132 
0 133 4 
0 134 37 86 231 
0 135 246 215 
0 136 23 111 
0 137 140 282 220 233 
0 138 168 156 220 198 215 
0 139 194 182 
0 140 153 42 
0 141 283 163 
0 142 161 
0 143 81 83 119 
0 144 1 151 
0 145 104 64 277 135 
0 146 
0 147 212 215 
0 148 160 212 276 
0 149 185 268 157 118 
0 151 290 
0 152 276 
0 153 17 186 
0 154 99 182 174 
0 155 74 125 
0 156 229 
0 157 128 240 284 79 
0 158 200 112 259 
0 159 296 
0 160 65 163 134 41 219 126 
0 161 
0 162 241 50 275 133 273 
0 163 260 39 
0 164 186 
0 165 184 96 
0 166 253 279 
0 167 152 74 51 20 
0 168 288 217 10 26 
0 169 215 
0 170 289 74 291 26 
0 171 21 
0 172 235 272 49 243 247 93 
0 173 200 260 167 
0 174 105 50 267 118 
0 175 277 166 
0 176 0 
0 177 9 14 37 174 
0 178 233 155 61 222 151 
0 179 184 21 
0 180 142 47 
0 181 129 156 180 287 
0 182 97 
0 183 160 49 47 
0 184 40 217 219 28 212 
0 185 161 90 91 
0 186 272 72 44 
0 188 115 
0 189 75 
0 190 225 109 206 
0 192 
0 193 106 115 
0 194 256 272 114 251 47 
0 195 273 86 79 
0 196 273 268 46 
0 197 62 
0 198 130 141 125 
0 199 1 
0 200 122 
0 201 238 183 
0 202 97 221 262 127 
0 203 25 266 
0 204 28 287 
0 205 220 
0 206 153 119 220 93 127 
0 207 
0 208 106 260 277 206 182 
0 209 54 
0 210 160 
0 211 33 67 134 38 29 221 
0 212 34 267 22 
0 213 228 74 75 174 146 215 
0 214 267 
0 215 240 257 87 161 
0 216 165 200 169 266 172 8 281 252 
0 217 
0 218 80 145 84 88 71 
0 219 199 
0 220 176 260 226 52 254 
0 221 105 146 172 
0 222 93 31 
0 224 289 226 67 
0 225 12 253 14 
0 226 32 35 172 253 
0 227 
0 228 17 266 211 
0 229 
0 231 
0 233 201 237 
0 234 193 53 87 37 273 
0 235 52 101 
0 236 211 204 
0 237 152 262 
0 238 34 219 164 18 
0 239 56 1 250 266 
0 240 65 267 127 
0 241 80 
0 242 51 198 
0 243 149 23 
0 244 152 106 28 
0 246 51 12 
0 247 257 105 201 
0 249 201 27 158 279 
0 250 290 228 137 202 184 25 
0 251 243 103 
0 252 220 197 151 
0 253 113 188 260 
0 254 240 
0 255 36 
0 256 51 
0 257 98 15 
0 258 240 180 92 237 49 
0 259 242 43 131 125 
0 260 212 61 
0 261 290 
0 262 94 
0 264 160 128 267 108 88 154 
0 265 224 258 104 268 130 123 
0 266 25 258 
0 267 216 244 
0 268 199 
0 269 17 282 
0 270 122 227 100 
0 271 290 
0 272 114 84 
0 273 9 143 113 118 281 27 284 189 
0 274 
0 275 82 164 122 175 
0 276 102 2 275 21 238 
0 277 
0 278 156 244 89 260 87 
0 279 
0 280 16 148 99 36 
0 281 88 210 117 
0 282 99 229 17 84 119 90 
0 283 260 55 
0 284 200 128 210 294 
0 285 
0 286 176 1 
0 287 128 75 171 
0 288 160 193 284 
0 289 63 111 
0 290 74 149 47 
0 291 264 112 273 275 148 149 123 
0 292 92 53 
0 293 130 29 151 
0 294 246 
0 295 103 
0 296 41 269 238 
0 298 80 152 162 299 137 
0 299 72 281 154 117 17 
900 0 277 
900 1 136 241 212 173 
900 2 286 111 
900 3 
900 4 33 212 70 
900 5 200 91 93 
900 6 65 
900 7 264 132 212 
900 8 264 243 53 14 47 
900 9 240 180 213 
900 10 233 243 93 189 
900 11 
900 12 104 289 159 
900 13 148 
900 14 237 
900 15 126 
900 16 236 238 
900 17 45 
900 18 10 237 186 
900 19 292 44 109 47 112 93 
900 20 153 
900 21 41 219 44 
900 23 112 161 162 128 
900 24 192 152 
900 25 66 85 
900 26 284 261 
900 27 243 131 
900 28 52 
900 29 130 23 12 199 
900 30 138 163 21 214 253 
900 31 40 137 77 166 
900 32 28 
900 33 266 
900 34 217 178 84 205 270 
900 35 20 202 252 
900 36 299 
900 37 201 250 
900 38 36 
900 39 
900 40 120 61 
900 41 199 
900 42 288 195 29 
900 43 138 157 
900 44 14 149 190 
900 45 27 
900 47 131 132 273 215 282 250 
900 49 170 85 127 
900 50 73 58 111 
900 51 
900 52 64 70 43 240 145 219 
900 53 153 10 295 
900 54 104 206 179 149 57 189 
900 55 161 60 53 
900 56 288 135 239 209 20 188 
900 57 171 113 210 51 212 28 
900 58 282 
900 60 214 
900 61 132 85 77 
900 62 216 274 93 14 61 
900 63 45 
900 64 82 179 23 
900 65 242 66 171 205 
900 66 146 159 
900 67 99 137 42 47 9 184 287 
900 68 207 
900 69 164 45 238 
900 70 91 
900 71 144 41 
900 72 128 82 221 
900 73 90 148 134 
900 74 1 268 
900 75 112 25 186 27 55 
900 76 243 278 198 247 
900 77 3 
900 78 104 88 106 25 81 
900 79 112 137 198 23 
900 80 141 278 119 
900 81 145 28 271 
900 82 213 
900 83 243 28 101 
900 84 176 66 147 164 110 
900 85 98 117 
900 86 152 270 
900 87 43 227 31 
900 88 161 291 133 43 215 
900 89 273 148 
900 90 153 18 188 105 
900 91 33 162 266 
900 93 16 49 229 174 
900 94 16 274 147 20 119 185 
900 95 2 213 
900 96 257 299 174 120 90 220 
900 97 217 138 147 21 
900 98 152 257 12 30 295 
900 99 161 157 143 
900 100 122 101 158 
900 101 96 211 262 86 127 
900 102 163 68 
900 103 147 294 158 
900 104 97 202 132 140 
900 105 96 198 295 
900 106 88 90 293 
900 108 242 
900 109 97 3 168 76 270 274 182 
900 110 184 250 115 117 270 
900 111 192 265 130 
900 112 49 98 66 294 286 
900 113 145 266 147 57 
900 114 215 
900 115 281 154 206 134 269 
900 117 0 140 36 45 20 
900 119 163 77 
900 120 73 254 
900 121 128 185 90 4 
900 122 76 126 
900 123 104 128 36 142 287 
900 125 242 189 
900 126 64 131 166 72 269 296 
900 127 120 114 267 262 
900 128 240 132 260 270 73 
900 129 16 82 119 
900 130 128 247 
900 131 172 
900 132 
900 133 4 
900 134 37 86 231 
900 135 246 215 
900 136 23 111 
900 137 140 282 220 233 
900 138 168 156 220 198 215 
900 140 153 42 
900 141 283 163 
900 142 161 
900 143 81 83 119 
900 144 1 151 
900 145 104 64 277 135 
900 146 
900 147 212 215 
900 148 160 212 
900 149 185 268 157 
900 151 290 
900 152 
900 153 17 186 
900 154 99 182 174 
900 155 74 125 
900 156 229 
900 157 128 240 284 79 
900 158 200 112 259 
900 159 296 
900 160 65 163 134 41 219 126 
900 161 
900 162 241 50 275 133 273 
900 163 260 39 
900 164 186 
900 165 184 96 
900 166 253 
900 168 288 217 10 26 
900 169 215 
900 170 289 74 291 26 
900 171 21 
900 172 235 272 49 243 247 93 
900 173 200 260 
900 174 105 50 267 
900 175 277 166 
900 176 0 
900 178 233 155 61 222 151 
900 179 184 21 
900 180 142 47 
900 181 129 156 180 287 
900 182 97 
900 183 160 49 47 
900 184 40 217 219 28 212 
900 185 161 90 91 
900 186 272 72 44 
900 188 115 
900 189 75 
900 190 225 109 206 
900 192 
900 193 106 115 
900 195 273 86 79 
900 197 62 
900 198 130 141 125 
900 199 1 
900 200 122 
900 201 238 183 
900 202 97 221 262 127 
900 203 25 266 
900 204 28 287 
900 205 220 
900 206 153 119 220 93 127 
900 207 
900 208 106 260 277 206 182 
900 209 54 
900 210 160 
900 211 33 67 134 38 29 221 
900 212 34 267 
900 213 228 74 75 174 146 215 
900 214 267 
900 215 240 257 87 161 
900 216 165 200 169 266 172 8 281 252 
900 217 
900 219 199 
900 220 176 260 226 52 254 
900 221 105 146 172 
900 222 93 31 
900 224 289 226 67 
900 225 12 253 14 
900 226 32 35 172 253 
900 227 
900 228 17 266 211 
900 229 
900 231 
900 233 201 237 
900 235 52 101 
900 236 211 204 
900 237 152 262 
900 238 34 219 164 18 
900 239 56 1 250 266 
900 240 65 267 127 
900 241 80 
900 242 51 198 
900 243 149 23 
900 244 152 106 28 
900 246 51 12 
900 247 257 105 201 
900 249 201 27 158 
900 250 290 228 137 202 184 25 
900 251 243 103 
900 252 220 197 151 
900 253 113 188 260 
900 254 240 
900 255 36 
900 256 51 
900 257 98 15 
900 258 240 49 180 237 
900 259 242 43 131 125 
900 260 212 61 
900 261 290 
900 262 94 
900 264 160 128 267 108 88 154 
900 265 224 258 104 268 130 123 
900 266 25 258 
900 267 216 244 
900 268 199 
900 269 17 282 
900 270 122 227 100 
900 271 290 
900 272 114 84 
900 273 9 143 113 281 27 284 189 
900 274 
900 275 82 164 122 175 
900 277 
900 278 156 244 89 260 87 
900 280 16 148 99 36 
900 281 88 210 117 
900 282 99 229 17 84 119 90 
900 283 260 55 
900 284 200 128 210 294 
900 285 
900 286 176 1 
900 287 128 75 171 
900 288 160 193 284 
900 289 63 111 
900 290 74 149 47 
900 291 264 112 273 275 148 149 123 
900 292 53 
900 293 130 29 151 
900 294 246 
900 295 103 
900 296 41 269 238 
900 298 80 152 162 299 137 
900 299 72 281 154 117 17 
1800 0 277 
1800 1 136 241 212 173 
1800 2 286 111 
1800 3 
1800 4 33 212 70 
1800 5 200 91 93 
1800 6 65 
1800 7 264 132 212 
1800 8 264 243 53 14 47 
1800 9 240 213 
1800 10 233 243 93 189 
1800 11 
1800 12 104 289 159 
1800 13 148 
1800 14 237 
1800 15 126 
1800 16 236 238 
1800 17 45 
1800 18 10 237 186 
1800 19 292 44 109 47 112 93 
1800 20 153 
1800 21 41 219 44 
1800 23 112 161 162 
1800 24 192 152 
1800 26 284 261 
1800 27 243 131 
1800 28 52 
1800 29 130 23 12 199 
1800 30 138 163 21 214 253 
1800 31 40 137 77 166 
1800 32 28 
1800 33 266 
1800 34 217 84 205 270 
1800 35 202 20 
1800 36 299 
1800 37 201 250 
1800 38 36 
1800 39 
1800 40 120 61 
1800 41 199 
1800 42 288 195 29 
1800 43 138 157 
1800 44 14 149 190 
1800 45 27 
1800 47 131 132 273 215 282 250 
1800 49 170 85 127 
1800 50 73 58 111 
1800 51 
1800 52 64 70 43 240 145 219 
1800 53 153 10 295 
1800 54 104 179 189 206 149 
1800 55 161 60 53 
1800 56 288 135 239 209 20 188 
1800 58 282 
1800 60 214 
1800 61 132 85 77 
1800 62 216 274 93 14 61 
1800 63 45 
1800 64 82 179 23 
1800 65 242 66 171 205 
1800 66 146 159 
1800 67 99 137 42 47 9 184 287 
1800 68 207 
1800 69 164 45 238 
1800 70 91 
1800 71 144 41 
1800 72 82 221 
1800 73 90 148 134 
1800 74 1 268 
1800 76 243 278 198 247 
1800 77 3 
1800 78 104 88 106 81 
1800 79 112 137 198 23 
1800 80 141 278 119 
1800 81 145 28 271 
1800 82 213 
1800 83 243 28 101 
1800 84 176 66 147 164 110 
1800 85 98 117 
1800 86 152 270 
1800 87 43 31 
1800 88 161 291 133 43 215 
1800 89 273 148 
1800 90 153 18 188 105 
1800 91 33 162 266 
1800 93 16 49 174 
1800 94 16 274 147 20 119 
1800 95 2 213 
1800 97 217 138 147 21 
1800 98 152 257 12 30 295 
1800 99 161 157 143 
1800 100 122 101 158 
1800 101 211 262 86 127 
1800 102 163 68 
1800 103 147 294 158 
1800 104 97 202 132 140 
1800 105 198 295 
1800 106 88 90 293 
1800 108 242 
1800 109 97 3 168 76 270 274 182 
1800 110 184 250 115 117 270 
1800 111 192 265 130 
1800 112 49 98 66 294 286 
1800 113 145 266 147 
1800 114 215 
1800 115 281 154 206 134 269 
1800 117 0 140 36 45 20 
1800 119 163 77 
1800 120 73 254 
1800 121 90 4 
1800 122 76 126 
1800 123 104 36 142 287 
1800 126 64 131 166 72 269 296 
1800 127 120 114 267 262 
1800 129 16 82 119 
1800 130 247 
1800 131 172 
1800 132 
1800 133 4 
1800 134 37 86 231 
1800 135 246 215 
1800 136 23 111 
1800 137 140 282 220 233 
1800 138 168 156 220 198 215 
1800 140 153 42 
1800 141 163 
1800 142 161 
1800 143 81 83 119 
1800 144 1 151 
1800 145 104 64 277 135 
1800 146 
1800 147 212 215 
1800 148 160 212 
1800 149 268 157 
1800 151 290 
1800 152 
1800 153 17 186 
1800 154 99 182 174 
1800 155 74 
1800 156 
1800 157 240 284 79 
1800 158 200 112 259 
1800 159 296 
1800 160 65 163 134 41 219 126 
1800 161 
1800 162 241 50 275 133 273 
1800 163 260 39 
1800 164 186 
1800 165 184 
1800 166 253 
1800 168 288 217 10 26 
1800 169 215 
1800 170 289 74 291 26 
1800 171 21 
1800 172 235 272 49 243 247 93 
1800 173 200 260 
1800 174 105 50 267 
1800 175 277 166 
1800 176 0 
1800 179 184 21 
1800 182 97 
1800 183 160 49 47 
1800 184 40 217 219 28 212 
1800 186 272 72 44 
1800 188 115 
1800 189 
1800 190 225 109 206 
1800 192 
1800 193 106 115 
1800 195 273 86 79 
1800 197 62 
1800 198 130 141 
1800 199 1 
1800 200 122 
1800 201 238 183 
1800 202 97 221 262 127 
1800 203 266 
1800 204 28 287 
1800 205 220 
1800 206 153 119 220 93 127 
1800 207 
1800 208 106 260 277 206 182 
1800 209 54 
1800 210 160 
1800 211 33 67 134 38 29 221 
1800 212 34 267 
1800 213 74 228 146 174 215 
1800 214 267 
1800 215 240 257 87 161 
1800 216 165 200 169 266 172 8 281 
1800 217 
1800 219 199 
1800 220 176 260 226 52 254 
1800 221 105 146 172 
1800 222 93 31 
1800 224 289 226 67 
1800 225 12 253 14 
1800 226 32 35 172 253 
1800 228 17 266 211 
1800 231 
1800 233 201 237 
1800 235 52 101 
1800 236 211 204 
1800 237 152 262 
1800 238 34 219 164 18 
1800 239 56 1 250 266 
1800 240 65 267 127 
1800 241 80 
1800 242 51 198 
1800 243 149 23 
1800 244 152 106 28 
1800 246 51 12 
1800 247 257 105 201 
1800 249 201 27 158 
1800 250 184 137 290 228 202 
1800 251 243 103 
1800 253 113 188 260 
1800 254 240 
1800 255 36 
1800 256 51 
1800 257 98 15 
1800 258 240 49 237 
1800 259 242 43 131 
1800 260 212 61 
1800 261 290 
1800 262 94 
1800 264 88 160 154 267 108 
1800 265 224 258 104 268 130 123 
1800 266 258 
1800 267 216 244 
1800 268 199 
1800 269 17 282 
1800 270 122 100 
1800 271 290 
1800 272 114 84 
1800 273 9 143 113 281 27 284 189 
1800 274 
1800 275 82 164 122 175 
1800 277 
1800 278 156 244 89 260 87 
1800 280 16 148 99 36 
1800 281 88 210 117 
1800 282 17 90 99 84 119 
1800 284 200 210 294 
1800 285 
1800 286 176 1 
1800 287 171 
1800 288 160 193 284 
1800 289 63 111 
1800 290 74 149 47 
1800 291 264 112 273 275 148 149 123 
1800 292 53 
1800 293 130 29 151 
1800 294 246 
1800 295 103 
1800 296 41 269 238 
1800 298 80 152 162 299 137 
1800 299 72 281 154 117 17 
2700 0 277 
2700 1 136 241 212 173 
2700 2 286 111 
2700 3 
2700 4 33 212 70 
2700 5 200 91 93 
2700 6 65 
2700 7 264 132 212 
2700 8 264 243 53 14 47 
2700 9 240 213 
2700 10 233 243 93 189 
2700 11 
2700 12 104 289 159 
2700 13 148 
2700 14 237 
2700 15 126 
2700 16 236 238 
2700 17 45 
2700 18 10 237 186 
2700 19 292 44 109 47 112 93 
2700 20 153 
2700 21 41 219 44 
2700 23 112 161 162 
2700 24 192 152 
2700 26 284 
2700 27 243 131 
2700 29 130 23 12 199 
2700 30 138 163 21 214 253 
2700 31 40 137 77 
2700 32 
2700 33 266 
2700 35 202 20 
2700 36 299 
2700 37 201 250 
2700 38 36 
2700 39 
2700 40 120 61 
2700 41 199 
2700 42 288 195 29 
2700 43 138 157 
2700 44 14 149 190 
2700 45 27 
2700 47 131 132 273 215 282 250 
2700 49 170 85 127 
2700 51 
2700 52 64 70 43 240 145 219 
2700 53 153 10 295 
2700 54 104 179 189 206 149 
2700 56 288 135 239 209 20 188 
2700 58 282 
2700 60 214 
2700 61 132 85 77 
2700 62 216 274 93 14 61 
2700 63 45 
2700 64 82 179 23 
2700 65 242 66 171 205 
2700 66 146 159 
2700 67 99 137 42 47 9 184 
2700 68 207 
2700 69 45 238 
2700 70 91 
2700 72 82 221 
2700 74 1 268 
2700 76 243 278 198 247 
2700 77 3 
2700 78 104 88 106 81 
2700 79 112 137 198 23 
2700 80 141 278 119 
2700 81 145 271 
2700 82 213 
2700 83 243 101 
2700 85 98 117 
2700 86 152 270 
2700 87 43 31 
2700 88 161 291 133 43 215 
2700 89 273 148 
2700 90 153 18 188 
2700 91 33 162 266 
2700 93 16 49 174 
2700 95 2 213 
2700 97 217 138 147 21 
2700 98 152 257 12 30 295 
2700 99 161 157 143 
2700 100 122 101 158 
2700 101 211 262 86 127 
2700 102 163 68 
2700 103 147 294 158 
2700 104 97 202 132 140 
2700 106 88 90 293 
2700 108 242 
2700 109 97 3 168 76 270 274 182 
2700 110 184 250 115 117 270 
2700 111 192 265 130 
2700 112 49 98 66 294 286 
2700 113 145 266 147 
2700 114 215 
2700 115 281 154 206 134 269 
2700 117 0 140 36 45 20 
2700 119 163 77 
2700 120 254 
2700 121 90 4 
2700 122 76 126 
2700 123 104 36 142 
2700 126 64 296 131 269 72 
2700 127 120 114 267 262 
2700 129 16 82 119 
2700 130 247 
2700 131 172 
2700 132 
2700 133 4 
2700 134 37 86 231 
2700 135 246 215 
2700 136 23 111 
2700 137 140 282 220 233 
2700 138 168 156 220 198 215 
2700 140 153 42 
2700 141 163 
2700 142 161 
2700 143 81 83 119 
2700 144 1 151 
2700 145 104 64 277 135 
2700 146 
2700 147 212 215 
2700 148 160 212 
2700 149 268 157 
2700 151 290 
2700 152 
2700 153 17 186 
2700 154 99 182 174 
2700 155 74 
2700 156 
2700 157 240 284 79 
2700 158 200 112 259 
2700 159 296 
2700 160 65 163 134 41 219 126 
2700 161 
2700 162 241 275 133 273 
2700 163 260 39 
2700 165 184 
2700 168 288 217 10 26 
2700 169 215 
2700 170 289 74 291 26 
2700 171 21 
2700 172 235 272 49 243 247 93 
2700 173 200 260 
2700 174 267 
2700 175 277 
2700 176 0 
2700 179 184 21 
2700 182 97 
2700 183 160 49 47 
2700 184 40 217 219 212 
2700 186 272 72 44 
2700 188 115 
2700 189 
2700 190 225 109 206 
2700 192 
2700 193 106 115 
2700 195 273 86 79 
2700 197 62 
2700 198 130 141 
2700 199 1 
2700 200 122 
2700 201 238 183 
2700 202 97 221 262 127 
2700 203 266 
2700 204 
2700 205 220 
2700 206 153 119 220 93 127 
2700 207 
2700 208 106 260 277 206 182 
2700 209 54 
2700 210 160 
2700 211 33 67 134 38 29 221 
2700 212 267 
2700 213 74 228 146 174 215 
2700 214 267 
2700 215 240 257 87 161 
2700 216 165 200 169 266 172 8 281 
2700 217 
2700 219 199 
2700 220 176 260 226 52 254 
2700 221 146 172 
2700 222 93 31 
2700 224 289 226 67 
2700 225 12 253 14 
2700 226 32 35 172 253 
2700 228 17 266 211 
2700 231 
2700 233 201 237 
2700 235 52 101 
2700 236 211 204 
2700 237 152 262 
2700 238 18 219 
2700 239 56 1 250 266 
2700 240 65 267 127 
2700 241 80 
2700 242 51 198 
2700 243 149 23 
2700 244 152 106 
2700 246 51 12 
2700 247 257 201 
2700 249 201 27 158 
2700 250 184 137 290 228 202 
2700 251 243 103 
2700 253 113 188 260 
2700 254 240 
2700 255 36 
2700 257 98 15 
2700 258 240 49 237 
2700 259 242 43 131 
2700 260 212 61 
2700 262 
2700 264 88 160 154 267 108 
2700 265 224 258 104 268 130 123 
2700 266 258 
2700 267 216 244 
2700 268 199 
2700 269 17 282 
2700 270 122 100 
2700 271 290 
2700 272 114 
2700 273 9 143 113 281 27 284 189 
2700 274 
2700 275 82 122 175 
2700 277 
2700 278 156 244 89 260 87 
2700 280 16 148 99 36 
2700 281 88 210 117 
2700 282 17 90 99 119 
2700 284 200 210 294 
2700 285 
2700 286 176 1 
2700 288 160 193 284 
2700 289 63 111 
2700 290 74 149 47 
2700 291 264 112 273 275 148 149 123 
2700 292 53 
2700 293 130 29 151 
2700 294 246 
2700 295 103 
2700 296 41 269 238 
2700 298 80 152 162 299 137 
2700 299 72 281 154 117 17 
3600 0 277 
3600 1 136 241 212 173 
3600 2 286 111 
3600 3 
3600 4 33 212 70 
3600 5 200 91 93 
3600 6 65 
3600 7 264 132 212 
3600 8 264 243 53 14 47 
3600 9 240 213 
3600 10 233 243 93 189 
3600 11 
3600 12 104 289 159 
3600 13 148 
3600 14 237 
3600 15 
3600 16 236 238 
3600 17 
3600 18 10 237 186 
3600 19 292 44 109 47 112 93 
3600 20 153 
3600 21 41 219 44 
3600 23 112 161 162 
3600 24 192 152 
3600 26 284 
3600 27 243 131 
3600 29 130 23 12 199 
3600 30 138 163 21 214 253 
3600 31 40 137 77 
3600 32 
3600 33 266 
3600 35 202 20 
3600 37 201 250 
3600 38 
3600 39 
3600 40 120 61 
3600 41 199 
3600 42 288 195 29 
3600 44 14 149 190 
3600 47 131 132 273 215 282 250 
3600 49 170 85 127 
3600 51 
3600 53 153 10 295 
3600 54 104 189 206 149 
3600 58 282 
3600 60 214 
3600 61 132 85 77 
3600 62 216 274 93 14 61 
3600 63 
3600 64 82 23 
3600 65 242 66 205 
3600 66 146 159 
3600 67 99 137 42 47 9 184 
3600 68 207 
3600 69 238 
3600 70 91 
3600 72 82 221 
3600 74 1 268 
3600 76 243 278 198 247 
3600 77 3 
3600 78 104 88 106 81 
3600 79 112 137 198 23 
3600 80 141 278 119 
3600 81 145 271 
3600 82 213 
3600 83 243 101 
3600 85 98 117 
3600 86 152 270 
3600 87 31 
3600 88 161 291 133 215 
3600 89 273 148 
3600 90 153 18 188 
3600 91 33 162 266 
3600 93 16 49 174 
3600 95 2 213 
3600 97 138 147 21 
3600 98 152 257 12 30 295 
3600 99 161 157 143 
3600 100 122 101 158 
3600 101 211 262 86 127 
3600 102 163 68 
3600 103 147 294 158 
3600 104 97 202 132 140 
3600 106 88 90 293 
3600 108 242 
3600 109 97 3 168 76 270 274 182 
3600 110 184 250 115 117 270 
3600 111 192 265 130 
3600 112 49 98 66 294 286 
3600 113 145 266 147 
3600 114 215 
3600 115 154 206 134 269 
3600 117 0 140 20 
3600 119 163 77 
3600 120 254 
3600 121 90 4 
3600 122 76 
3600 123 104 
3600 127 120 114 267 262 
3600 129 16 82 119 
3600 130 247 
3600 131 172 
3600 132 
3600 133 4 
3600 134 37 86 
3600 136 23 111 
3600 137 140 282 220 233 
3600 138 168 156 220 198 215 
3600 140 153 42 
3600 141 163 
3600 143 81 83 119 
3600 144 1 151 
3600 145 104 64 277 
3600 146 
3600 147 212 215 
3600 148 160 212 
3600 149 268 157 
3600 151 290 
3600 152 
3600 153 17 186 
3600 154 99 182 174 
3600 155 74 
3600 156 
3600 157 240 284 79 
3600 158 200 112 
3600 159 296 
3600 160 65 163 219 134 41 
3600 161 
3600 162 241 275 133 273 
3600 163 260 39 
3600 165 184 
3600 168 288 10 26 
3600 169 215 
3600 170 289 74 291 26 
3600 172 235 272 49 243 247 93 
3600 173 200 260 
3600 174 267 
3600 175 277 
3600 176 0 
3600 182 97 
3600 183 160 49 47 
3600 184 40 219 212 
3600 186 272 72 44 
3600 188 115 
3600 189 
3600 190 225 109 206 
3600 192 
3600 193 106 115 
3600 195 273 86 79 
3600 197 62 
3600 198 130 141 
3600 199 1 
3600 200 122 
3600 201 238 183 
3600 202 97 221 262 127 
3600 203 266 
3600 204 
3600 205 220 
3600 206 153 119 220 93 127 
3600 207 
3600 208 106 260 277 206 182 
3600 209 54 
3600 210 160 
3600 211 33 67 134 38 29 221 
3600 212 267 
3600 213 74 228 146 174 215 
3600 214 267 
3600 215 240 257 87 161 
3600 216 165 200 169 266 172 8 
3600 219 199 
3600 220 176 226 260 254 
3600 221 146 172 
3600 222 93 31 
3600 224 289 226 67 
3600 225 12 253 14 
3600 226 32 35 172 253 
3600 228 17 266 211 
3600 233 201 237 
3600 235 101 
3600 236 211 204 
3600 237 152 262 
3600 238 18 219 
3600 239 1 250 266 
3600 240 65 267 127 
3600 241 80 
3600 242 51 198 
3600 243 149 23 
3600 244 152 106 
3600 246 51 12 
3600 247 257 201 
3600 249 201 27 158 
3600 250 184 137 290 228 202 
3600 251 243 103 
3600 253 113 188 260 
3600 254 240 
3600 255 
3600 257 98 15 
3600 258 240 49 237 
3600 260 212 61 
3600 262 
3600 264 88 160 154 267 108 
3600 265 224 258 104 268 130 123 
3600 266 258 
3600 267 216 244 
3600 268 199 
3600 269 17 282 
3600 270 122 100 
3600 271 290 
3600 272 114 
3600 273 9 143 113 27 284 189 
3600 274 
3600 275 82 122 175 
3600 277 
3600 278 156 244 89 260 87 
3600 280 16 99 148 
3600 282 17 90 99 119 
3600 284 200 210 294 
3600 285 
3600 286 176 1 
3600 288 160 193 284 
3600 289 63 111 
3600 290 74 149 47 
3600 291 264 112 273 275 148 149 123 
3600 292 53 
3600 293 130 29 151 
3600 294 246 
3600 295 103 
3600 296 41 269 238 
3600 298 80 152 162 299 137 
3600 299 72 17 154 117 
4500 0 277 
4500 1 136 241 212 173 
4500 2 286 111 
4500 3 
4500 4 33 212 70 
4500 5 200 91 93 
4500 6 65 
4500 7 264 132 212 
4500 8 264 243 53 14 47 
4500 9 240 213 
4500 10 233 243 93 189 
4500 11 
4500 12 104 289 159 
4500 13 148 
4500 14 237 
4500 15 
4500 16 236 238 
4500 17 
4500 18 10 237 186 
4500 19 292 44 109 47 112 93 
4500 20 153 
4500 21 41 219 44 
4500 23 112 161 162 
4500 24 192 
4500 26 284 
4500 27 243 131 
4500 29 130 12 23 
4500 30 138 163 21 214 253 
4500 31 40 137 77 
4500 32 
4500 33 
4500 35 202 20 
4500 37 201 250 
4500 38 
4500 39 
4500 40 120 61 
4500 41 
4500 44 14 149 190 
4500 47 131 132 273 215 282 250 
4500 49 170 127 
4500 51 
4500 53 153 10 
4500 54 104 189 206 149 
4500 58 282 
4500 60 214 
4500 61 132 77 
4500 62 216 274 93 14 61 
4500 63 
4500 64 82 23 
4500 65 242 66 205 
4500 66 146 159 
4500 67 137 9 99 47 
4500 68 207 
4500 69 238 
4500 70 91 
4500 72 82 221 
4500 74 1 268 
4500 76 243 278 198 247 
4500 77 3 
4500 78 104 88 106 81 
4500 79 112 137 198 23 
4500 80 141 278 119 
4500 81 145 271 
4500 82 213 
4500 83 243 101 
4500 86 270 
4500 87 31 
4500 88 161 291 133 215 
4500 89 273 148 
4500 90 153 18 188 
4500 91 33 162 
4500 93 16 49 174 
4500 95 2 213 
4500 97 138 147 21 
4500 98 257 12 30 
4500 99 161 157 
4500 100 122 101 158 
4500 101 211 262 86 127 
4500 102 163 68 
4500 103 147 294 158 
4500 104 97 202 132 140 
4500 106 88 90 
4500 108 242 
4500 109 97 3 168 76 270 274 
4500 110 250 115 117 270 
4500 111 192 265 130 
4500 112 49 98 66 294 286 
4500 113 145 147 
4500 114 215 
4500 115 154 206 134 269 
4500 117 0 140 20 
4500 119 163 77 
4500 120 254 
4500 121 90 4 
4500 122 76 
4500 123 104 
4500 127 120 114 267 262 
4500 129 16 82 119 
4500 130 247 
4500 131 172 
4500 132 
4500 133 4 
4500 134 37 86 
4500 136 23 111 
4500 137 140 282 220 233 
4500 138 168 156 220 198 215 
4500 140 153 
4500 141 163 
4500 144 1 151 
4500 145 104 64 277 
4500 146 
4500 147 212 215 
4500 148 160 212 
4500 149 268 157 
4500 151 290 
4500 153 17 186 
4500 154 99 174 
4500 155 74 
4500 156 
4500 157 240 284 79 
4500 158 200 112 
4500 159 296 
4500 160 65 163 219 134 41 
4500 161 
4500 162 241 275 133 273 
4500 163 260 39 
4500 165 
4500 168 10 26 
4500 170 289 74 291 26 
4500 172 235 272 49 243 247 93 
4500 173 200 260 
4500 174 267 
4500 175 277 
4500 176 0 
4500 183 160 49 47 
4500 186 272 72 44 
4500 188 115 
4500 189 
4500 190 225 109 206 
4500 192 
4500 193 106 115 
4500 195 273 86 79 
4500 198 130 141 
4500 200 122 
4500 201 238 183 
4500 202 97 221 262 127 
4500 203 
4500 204 
4500 205 220 
4500 206 153 119 220 93 127 
4500 207 
4500 208 106 260 277 206 
4500 209 54 
4500 210 160 
4500 211 33 67 134 38 29 221 
4500 212 267 
4500 213 74 228 146 174 215 
4500 214 267 
4500 215 240 257 87 161 
4500 216 200 8 172 165 
4500 219 
4500 220 176 226 260 254 
4500 221 146 172 
4500 222 93 31 
4500 224 289 226 67 
4500 225 12 253 14 
4500 226 32 35 172 253 
4500 228 17 211 
4500 233 201 237 
4500 235 101 
4500 236 211 204 
4500 237 262 
4500 238 18 219 
4500 239 1 250 
4500 240 65 267 127 
4500 241 80 
4500 242 51 198 
4500 243 149 23 
4500 244 106 
4500 246 51 12 
4500 247 257 201 
4500 249 201 27 158 
4500 250 137 290 228 202 
4500 251 243 103 
4500 253 113 188 260 
4500 254 240 
4500 257 98 15 
4500 258 240 49 237 
4500 260 212 61 
4500 262 
4500 264 88 160 154 267 108 
4500 265 224 258 104 268 130 123 
4500 267 216 244 
4500 268 
4500 269 17 282 
4500 270 122 100 
4500 271 290 
4500 272 114 
4500 273 113 27 284 189 9 
4500 274 
4500 275 82 122 175 
4500 277 
4500 278 156 244 89 260 87 
4500 280 16 99 148 
4500 282 17 90 99 119 
4500 284 200 210 294 
4500 285 
4500 286 176 1 
4500 289 63 111 
4500 290 74 149 47 
4500 291 264 112 273 275 148 149 123 
4500 292 53 
4500 294 246 
4500 296 41 269 238 
4500 298 80 137 162 299 
4500 299 72 17 154 117 
5400 0 277 
5400 1 136 212 173 
5400 2 286 111 
5400 3 
5400 4 33 212 70 
5400 5 200 91 93 
5400 6 65 
5400 7 264 132 212 
5400 8 264 243 53 14 47 
5400 9 240 213 
5400 10 233 243 93 189 
5400 11 
5400 12 104 289 159 
5400 13 148 
5400 14 237 
5400 15 
5400 16 236 238 
5400 17 
5400 18 10 237 186 
5400 19 112 292 93 47 
5400 20 153 
5400 21 41 219 
5400 23 112 162 
5400 26 284 
5400 27 243 131 
5400 29 130 12 23 
5400 30 138 163 21 214 253 
5400 31 40 137 77 
5400 32 
5400 33 
5400 35 20 
5400 37 201 250 
5400 39 
5400 40 120 61 
5400 41 
5400 47 131 132 273 215 282 250 
5400 49 170 127 
5400 51 
5400 53 153 10 
5400 54 104 189 206 149 
5400 58 282 
5400 60 214 
5400 61 132 77 
5400 62 216 274 93 14 61 
5400 64 82 23 
5400 65 242 66 205 
5400 66 146 159 
5400 67 137 9 99 47 
5400 68 207 
5400 69 238 
5400 70 91 
5400 72 82 221 
5400 74 1 268 
5400 77 3 
5400 78 104 88 106 81 
5400 79 112 137 198 23 
5400 80 141 278 119 
5400 81 145 271 
5400 82 213 
5400 83 243 101 
5400 86 270 
5400 87 31 
5400 88 291 133 215 
5400 89 273 148 
5400 90 153 18 188 
5400 91 33 162 
5400 93 16 49 
5400 95 2 213 
5400 98 257 12 30 
5400 99 157 
5400 100 122 101 158 
5400 101 211 262 86 127 
5400 102 163 68 
5400 103 147 294 158 
5400 104 132 140 
5400 106 88 90 
5400 108 242 
5400 110 250 115 117 270 
5400 111 192 265 130 
5400 112 49 98 66 294 286 
5400 113 145 147 
5400 114 215 
5400 115 154 206 134 269 
5400 117 0 140 20 
5400 119 163 77 
5400 120 254 
5400 122 
5400 123 104 
5400 127 120 114 267 262 
5400 129 16 82 119 
5400 130 247 
5400 131 172 
5400 132 
5400 133 4 
5400 134 37 86 
5400 136 23 111 
5400 137 140 282 220 233 
5400 138 168 156 220 198 215 
5400 140 153 
5400 141 163 
5400 144 1 151 
5400 145 104 64 277 
5400 146 
5400 147 212 215 
5400 148 160 212 
5400 149 268 157 
5400 151 290 
5400 153 17 186 
5400 154 99 
5400 155 74 
5400 156 
5400 157 240 284 79 
5400 158 200 112 
5400 159 296 
5400 160 65 163 219 134 41 
5400 162 273 275 133 
5400 163 39 
5400 165 
5400 168 10 26 
5400 170 289 74 291 26 
5400 172 272 49 243 93 247 
5400 173 200 
5400 175 277 
5400 176 0 
5400 183 160 49 47 
5400 186 272 72 
5400 188 115 
5400 189 
5400 190 225 206 
5400 192 
5400 193 106 115 
5400 195 273 86 79 
5400 198 130 141 
5400 200 122 
5400 201 238 183 
5400 203 
5400 204 
5400 205 220 
5400 206 153 119 220 93 127 
5400 207 
5400 208 106 277 206 
5400 209 54 
5400 210 160 
5400 211 33 67 29 134 221 
5400 212 267 
5400 213 74 228 146 215 
5400 214 267 
5400 215 240 257 87 
5400 216 200 8 172 165 
5400 219 
5400 220 176 226 254 
5400 221 146 172 
5400 222 93 31 
5400 224 289 226 67 
5400 225 12 253 14 
5400 226 32 35 172 253 
5400 228 17 211 
5400 233 201 237 
5400 236 211 204 
5400 237 262 
5400 238 18 219 
5400 239 1 250 
5400 240 65 267 127 
5400 242 51 198 
5400 243 149 23 
5400 244 106 
5400 246 51 12 
5400 247 257 201 
5400 249 201 27 158 
5400 250 137 290 228 
5400 251 243 103 
5400 253 113 188 
5400 254 240 
5400 257 98 15 
5400 258 240 49 237 
5400 262 
5400 264 88 160 154 267 108 
5400 265 224 258 104 268 130 123 
5400 267 216 244 
5400 268 
5400 269 17 282 
5400 270 122 100 
5400 271 290 
5400 272 114 
5400 273 113 27 284 189 9 
5400 274 
5400 275 82 122 175 
5400 277 
5400 278 156 244 89 87 
5400 280 16 99 148 
5400 282 17 90 99 119 
5400 284 200 210 294 
5400 285 
5400 286 176 1 
5400 289 111 
5400 290 74 149 47 
5400 291 264 112 273 275 148 149 123 
5400 292 53 
5400 294 246 
5400 296 41 269 238 
5400 298 80 137 162 299 
5400 299 72 17 154 117 
6300 0 277 
6300 1 136 212 173 
6300 2 286 111 
6300 3 
6300 4 33 212 70 
6300 5 200 91 93 
6300 6 65 
6300 7 264 132 212 
6300 8 264 243 14 47 
6300 9 240 213 
6300 10 233 243 93 189 
6300 11 
6300 12 104 289 159 
6300 13 148 
6300 14 237 
6300 15 
6300 16 236 238 
6300 17 
6300 18 10 237 186 
6300 19 112 292 93 47 
6300 20 153 
6300 21 41 219 
6300 23 112 162 
6300 26 284 
6300 27 243 131 
6300 29 130 12 23 
6300 30 138 21 214 253 
6300 32 
6300 33 
6300 35 20 
6300 37 201 250 
6300 40 120 61 
6300 41 
6300 47 131 132 273 215 282 250 
6300 49 170 127 
6300 51 
6300 54 104 189 206 149 
6300 58 282 
6300 60 214 
6300 61 132 77 
6300 62 216 274 93 14 61 
6300 64 23 
6300 65 66 242 
6300 66 146 159 
6300 67 137 9 99 47 
6300 68 207 
6300 69 238 
6300 70 91 
6300 72 221 
6300 74 1 268 
6300 77 3 
6300 78 104 88 106 81 
6300 79 112 137 198 23 
6300 80 141 278 119 
6300 81 145 271 
6300 83 243 101 
6300 86 270 
6300 87 
6300 88 291 133 215 
6300 89 273 148 
6300 90 153 18 188 
6300 91 33 162 
6300 93 16 49 
6300 95 2 213 
6300 98 257 12 30 
6300 99 
6300 100 101 
6300 101 211 262 86 127 
6300 102 68 
6300 103 147 294 
6300 104 132 140 
6300 106 88 90 
6300 108 242 
6300 110 250 115 117 270 
6300 111 192 265 130 
6300 112 49 98 66 294 286 
6300 113 145 147 
6300 114 215 
6300 115 154 206 134 269 
6300 117 0 140 20 
6300 119 77 
6300 120 254 
6300 123 104 
6300 127 120 114 262 
6300 129 16 119 
6300 130 247 
6300 131 172 
6300 132 
6300 133 4 
6300 134 37 86 
6300 136 23 111 
6300 137 140 282 220 233 
6300 138 168 156 220 198 215 
6300 140 153 
6300 141 
6300 144 1 151 
6300 145 104 64 277 
6300 146 
6300 147 212 215 
6300 148 160 212 
6300 149 268 
6300 151 290 
6300 153 17 186 
6300 154 99 
6300 155 74 
6300 156 
6300 159 296 
6300 160 65 219 134 41 
6300 162 273 275 133 
6300 165 
6300 168 10 26 
6300 170 289 74 291 26 
6300 172 272 49 243 93 247 
6300 173 200 
6300 175 277 
6300 176 0 
6300 183 160 49 47 
6300 186 272 72 
6300 188 115 
6300 189 
6300 190 225 206 
6300 192 
6300 193 106 115 
6300 195 273 86 79 
6300 198 130 141 
6300 200 
6300 201 238 183 
6300 203 
6300 204 
6300 206 153 119 220 93 127 
6300 207 
6300 209 54 
6300 210 160 
6300 211 33 67 29 134 221 
6300 212 
6300 213 74 228 146 215 
6300 214 
6300 215 240 257 87 
6300 216 200 8 172 165 
6300 219 
6300 220 176 226 254 
6300 221 146 172 
6300 224 289 226 67 
6300 225 12 253 14 
6300 226 32 35 172 253 
6300 228 17 211 
6300 233 201 237 
6300 236 211 204 
6300 237 262 
6300 238 18 219 
6300 240 65 127 
6300 242 51 198 
6300 243 149 23 
6300 244 106 
6300 246 51 12 
6300 247 257 201 
6300 249 201 27 
6300 250 137 290 228 
6300 251 243 103 
6300 253 113 188 
6300 254 240 
6300 257 98 15 
6300 258 240 49 237 
6300 262 
6300 264 88 160 154 108 
6300 265 224 258 104 268 130 123 
6300 268 
6300 269 17 282 
6300 270 100 
6300 271 290 
6300 272 114 
6300 273 113 27 284 189 9 
6300 274 
6300 275 175 
6300 277 
6300 278 156 244 89 87 
6300 280 16 99 148 
6300 282 17 90 99 119 
6300 284 200 210 294 
6300 285 
6300 286 176 1 
6300 289 111 
6300 290 74 149 47 
6300 291 264 112 273 275 148 149 123 
6300 292 
6300 294 246 
6300 296 41 269 238 
6300 299 72 17 154 117 
