0 0 21 122 111 17 91 168 104 267 277 2 106 121 50 88 43 89 26 27 54 11 90 56 58 92 59 30 118 119 94 23 63 31 64 98 66 67 99 38 72 73 40 105 77 80 108 82 29 60 6 33 36 37 83 85 115 52 61 93 68 69 100 76 39 107 81 110 51 101 71 44 102 84 22 113 48 25 96 42 109 24 20 32 46 47 53 55 57 62 65 70 74 75 78 79 86 87 95 97 103 112 114 116 117 120 205 236 242 244 245 
0 1 122 3 170 152 202 279 
0 2 12 21 193 138 104 91 0 152 202 267 279 
0 3 15 16 17 43 26 27 30 23 31 38 40 41 28 166 29 6 7 33 34 35 36 37 18 1 14 39 44 22 25 42 24 20 32 215 224 264 266 
0 4 193 174 
0 5 174 202 
0 6 192 122 193 111 191 91 3 0 170 152 268 187 202 
0 7 192 193 3 
0 9 150 190 267 
0 10 122 191 190 
0 11 21 199 138 168 104 91 0 189 161 267 
0 12 15 21 192 16 17 19 2 214 259 
0 13 150 152 202 279 
0 14 122 3 170 267 
0 15 12 21 192 122 193 111 191 3 170 189 152 268 187 195 202 272 273 275 
0 16 12 21 192 193 191 3 189 152 195 202 272 273 
0 17 12 21 192 193 91 3 0 170 152 202 267 
0 18 122 3 170 267 
0 19 12 21 152 202 273 279 
0 20 193 191 3 0 
0 21 15 12 168 91 0 106 267 277 122 16 17 19 2 124 121 50 153 169 199 88 43 89 26 27 54 11 90 56 58 92 59 30 118 119 94 23 63 31 64 98 66 67 99 38 72 73 40 105 77 80 108 82 220 247 261 
0 22 193 138 104 3 45 0 189 161 267 
0 23 21 122 193 111 191 91 3 0 170 161 268 195 202 
0 24 193 111 104 91 3 0 170 152 202 
0 25 193 138 104 3 45 0 189 161 267 
0 26 21 122 193 111 191 91 3 0 170 161 268 195 202 
0 27 21 192 122 193 111 191 104 91 3 0 170 152 268 195 202 
0 28 192 193 111 3 166 49 268 202 273 275 279 146 167 148 
0 29 192 193 91 3 0 170 152 268 202 
0 30 21 192 122 193 111 104 91 3 0 170 268 187 195 202 
0 31 21 122 193 111 191 91 3 0 170 161 268 195 202 
0 32 193 104 3 45 0 174 
0 33 192 193 138 191 3 45 0 190 195 
0 34 192 191 3 
0 35 192 193 111 3 166 49 268 202 273 275 279 
0 36 192 193 91 3 0 170 152 268 202 
0 37 192 193 91 3 0 170 152 268 202 
0 38 21 192 122 193 111 191 104 91 3 0 170 152 268 187 195 202 275 
0 39 122 104 3 0 106 267 
0 40 21 192 122 193 111 191 104 91 3 0 170 152 268 187 190 195 202 272 275 
0 41 192 193 111 3 268 202 273 275 279 
0 42 138 3 45 0 174 190 267 
0 43 21 192 122 193 111 191 91 3 0 170 152 268 187 195 202 
0 44 199 193 138 111 3 45 0 190 195 267 
0 45 49 33 202 273 44 22 48 25 42 32 46 47 
0 46 193 104 45 0 267 
0 47 193 104 45 0 277 
0 48 138 191 45 0 190 195 
0 49 28 193 191 45 190 195 279 35 167 144 
0 50 21 104 0 267 
0 51 199 138 104 0 106 267 
0 52 122 0 267 
0 53 111 168 91 0 106 149 267 277 
0 54 21 138 104 91 0 106 170 174 267 
0 55 191 0 106 170 268 202 
0 56 21 138 191 0 149 
0 57 191 0 106 170 268 202 
0 58 21 199 138 104 0 106 267 
0 59 21 138 91 0 170 174 267 
0 60 192 91 0 170 149 202 
0 61 122 168 104 91 0 161 
0 62 104 91 0 
0 63 21 138 104 0 106 267 
0 64 21 199 168 150 104 91 0 149 161 267 
0 65 191 0 106 267 
0 66 21 168 150 104 91 0 106 161 267 
0 67 21 138 104 0 106 267 
0 68 122 191 91 0 
0 69 122 91 0 161 
0 70 111 0 106 
0 71 199 138 191 0 106 
0 72 21 199 138 168 104 91 0 267 
0 73 21 138 104 91 0 106 267 
0 74 0 267 
0 75 191 91 0 190 
0 76 122 168 150 91 0 106 267 277 
0 77 21 122 199 138 168 150 104 91 0 106 267 277 
0 78 168 104 91 0 106 267 
0 79 104 0 190 202 
0 80 21 199 138 168 104 91 0 267 
0 81 122 168 104 91 0 267 
0 82 21 138 91 0 267 
0 83 192 91 0 170 149 202 
0 84 199 138 104 91 0 106 267 
0 85 122 168 150 91 0 106 267 277 
0 86 104 91 0 106 
0 87 104 0 267 
0 88 21 138 104 0 267 
0 89 21 138 191 0 149 
0 90 21 199 138 168 150 104 91 0 106 189 161 267 
0 91 21 111 170 17 138 191 0 2 104 121 199 43 26 27 54 11 90 59 30 118 119 94 23 31 64 98 66 38 72 73 40 77 80 108 82 29 60 6 36 37 83 85 128 115 130 61 93 68 69 76 107 81 110 200 201 102 84 113 96 109 24 53 62 75 78 86 114 120 178 239 243 248 262 
0 92 21 138 191 0 149 
0 93 122 168 104 91 0 106 161 267 
0 94 21 199 138 168 150 104 91 0 267 
0 95 104 0 106 267 
0 96 138 91 0 106 267 
0 97 0 106 267 
0 98 21 91 0 
0 99 21 138 0 106 267 
0 100 122 0 267 
0 101 199 104 0 106 
0 102 199 138 104 91 0 106 267 
0 103 0 268 202 
0 104 111 191 189 0 2 199 91 106 149 267 50 169 88 27 54 11 90 58 30 119 94 63 64 66 67 38 72 73 40 77 80 108 126 127 61 93 132 135 136 137 39 81 141 142 196 51 276 101 102 269 84 22 113 25 109 24 32 46 47 62 78 79 86 87 95 179 274 206 171 213 181 186 225 156 254 238 
0 105 21 138 191 150 0 
0 106 21 111 191 104 168 0 267 54 90 58 119 63 66 67 99 73 77 108 85 125 115 131 93 76 39 196 51 276 200 175 101 71 201 102 269 270 84 113 96 109 53 55 57 65 70 78 86 95 97 117 274 206 254 271 235 229 251 160 282 204 219 222 
0 107 122 91 0 161 
0 108 21 199 138 168 150 104 91 147 0 106 267 277 
0 109 138 168 150 104 91 0 106 161 267 277 
0 110 122 91 0 277 
0 111 15 199 104 91 0 106 267 153 43 26 27 30 118 119 23 31 38 40 147 41 28 6 35 125 126 127 128 130 131 134 139 140 44 24 143 53 70 178 179 171 156 157 253 263 
0 112 0 267 
0 113 138 168 150 104 91 0 106 189 267 
0 114 91 0 190 
0 115 122 168 150 91 0 106 267 277 
0 116 0 268 202 
0 117 0 106 267 
0 118 21 192 122 193 111 91 0 170 268 187 195 202 272 
0 119 21 199 138 111 168 104 91 0 106 149 267 277 
0 120 191 91 0 
0 121 21 91 0 
0 122 15 21 0 138 124 43 26 27 30 118 23 31 38 40 77 6 123 85 125 126 127 128 18 129 1 115 52 130 10 14 61 131 93 132 133 134 135 136 137 68 69 100 76 39 139 107 81 140 141 142 110 
0 123 122 170 152 267 
0 124 21 192 122 170 152 161 202 
0 125 122 111 191 106 170 268 187 202 
0 126 122 111 104 161 190 267 
0 127 122 111 191 104 170 152 268 187 190 202 275 
0 128 122 111 91 170 161 275 
0 129 122 191 170 202 
0 130 122 111 91 170 161 275 
0 131 122 111 191 106 170 268 187 202 
0 132 122 193 104 
0 133 122 170 202 
0 134 122 111 161 190 267 
0 135 122 104 170 152 267 
0 136 122 104 170 268 202 
0 137 122 104 161 
0 138 91 2 122 199 88 89 54 11 90 56 58 92 59 119 94 63 67 99 72 73 105 77 80 108 82 33 196 51 197 198 71 44 102 84 22 113 48 25 96 163 42 109 209 234 
0 139 122 111 191 170 152 268 187 202 275 
0 140 122 111 170 267 273 
0 141 122 193 104 
0 142 122 104 170 268 202 
0 143 147 146 193 111 152 268 202 273 275 148 145 144 
0 144 49 170 143 
0 145 191 166 143 
0 146 28 147 143 
0 147 108 193 111 166 143 152 268 202 273 275 146 167 148 
0 148 28 147 143 
0 149 104 89 150 56 92 119 64 60 83 53 151 
0 150 90 199 149 267 94 64 66 105 77 108 85 115 76 113 109 13 9 188 203 
0 151 149 161 267 277 
0 152 15 268 16 17 19 2 124 153 43 27 38 40 147 154 155 29 6 158 36 37 123 127 1 135 139 24 143 156 160 157 13 159 221 
0 153 21 193 111 191 170 152 268 195 202 
0 154 192 191 152 279 
0 155 192 191 152 279 
0 156 111 104 170 152 202 
0 157 193 111 152 268 202 273 275 
0 158 192 152 279 
0 159 152 202 
0 160 191 106 170 174 152 267 
0 161 268 124 26 11 90 23 31 64 66 126 128 130 61 93 134 137 69 107 22 25 163 109 164 151 162 217 241 255 
0 162 161 202 267 
0 163 138 161 202 267 
0 164 191 170 174 161 
0 165 170 279 
0 166 147 28 3 190 35 167 145 
0 167 28 166 147 49 
0 168 21 0 199 106 169 11 90 119 94 64 66 72 77 80 108 85 115 61 93 76 81 113 109 53 78 
0 169 21 199 168 104 202 
0 170 15 91 267 17 124 153 43 26 27 54 174 59 30 118 23 31 38 40 29 60 6 36 37 83 123 125 127 128 18 129 1 130 14 131 133 135 136 139 140 142 175 24 144 55 57 178 179 171 181 186 156 160 165 172 173 176 177 180 182 183 184 185 164 226 246 
0 171 111 104 170 268 202 
0 172 170 268 202 
0 173 170 268 202 
0 174 54 170 202 59 283 42 32 181 160 282 180 164 257 233 280 281 5 4 278 284 285 207 
0 175 199 106 170 
0 176 191 170 202 275 
0 177 170 202 
0 178 111 91 170 
0 179 111 191 104 170 268 187 195 202 
0 180 170 174 
0 181 104 170 174 267 
0 182 191 170 268 202 
0 183 191 170 268 202 
0 184 170 268 202 
0 185 191 170 202 
0 186 191 104 170 268 202 
0 187 15 43 30 118 38 40 6 125 127 131 139 179 
0 188 150 190 267 
0 189 15 104 267 16 11 90 22 113 25 250 
0 190 191 40 166 49 33 126 127 10 134 44 48 42 75 79 114 9 188 281 
0 191 15 199 104 106 190 16 91 153 43 89 26 27 56 92 23 31 38 40 105 154 155 49 6 33 34 194 125 127 129 10 131 68 139 71 48 20 145 55 57 65 75 120 179 274 213 186 225 160 176 182 183 185 164 210 228 260 
0 192 15 12 193 16 17 124 43 27 30 118 38 40 154 155 41 28 29 60 6 7 33 34 158 35 36 37 194 83 283 208 240 
0 193 15 192 275 16 17 2 153 43 26 27 30 118 23 31 38 40 147 41 28 49 29 6 7 33 35 36 37 194 132 141 44 22 25 24 20 32 143 46 47 157 4 278 232 
0 194 192 193 191 
0 195 15 16 153 43 26 27 30 118 23 31 38 40 49 33 44 48 179 211 230 
0 196 199 138 104 106 
0 197 199 138 267 
0 198 199 138 267 
0 199 111 191 138 104 168 169 21 91 11 90 150 58 119 94 64 72 77 80 108 196 51 197 276 200 198 175 101 71 44 201 102 269 270 84 212 
0 200 199 91 106 267 
0 201 199 91 106 
0 202 15 16 17 19 2 214 259 124 153 169 43 26 27 174 30 118 23 31 38 40 147 220 247 261 41 28 29 60 6 45 35 36 37 83 208 240 125 127 129 1 131 133 136 139 142 212 163 209 234 24 215 224 264 266 143 55 57 79 103 116 205 236 242 244 245 239 243 248 262 179 206 171 213 186 225 156 254 238 235 229 251 204 219 222 157 253 263 172 173 176 177 182 183 184 185 226 246 210 228 260 250 13 203 257 233 280 5 207 159 221 162 217 241 255 218 232 211 230 216 223 227 231 237 249 252 256 258 265 
0 203 150 202 
0 204 106 202 
0 205 0 202 
0 206 104 106 268 202 
0 207 174 202 
0 208 192 202 
0 209 138 202 
0 210 191 202 
0 211 195 202 
0 212 199 202 
0 213 191 104 268 202 
0 214 12 202 
0 215 3 202 
0 216 202 267 
0 217 161 202 
0 218 268 202 
0 219 106 202 
0 220 21 202 
0 221 152 202 
0 222 106 202 
0 223 202 267 
0 224 3 202 
0 225 191 104 268 202 
0 226 170 202 
0 227 202 267 
0 228 191 202 
0 229 106 268 202 
0 230 195 202 
0 231 202 267 
0 232 193 202 
0 233 174 202 
0 234 138 202 
0 235 106 268 202 
0 236 0 202 
0 237 202 272 
0 238 104 202 
0 239 91 202 
0 240 192 202 
0 241 161 202 
0 242 0 202 
0 243 91 202 
0 244 0 202 
0 245 0 202 
0 246 170 202 
0 247 21 202 
0 248 91 202 
0 249 202 267 
0 250 189 202 
0 251 106 268 202 
0 252 202 267 
0 253 111 202 
0 254 104 106 268 202 
0 255 161 202 
0 256 202 267 
0 257 174 202 
0 258 202 267 
0 259 12 202 
0 260 191 202 
0 261 21 202 
0 262 91 202 
0 263 111 202 
0 264 3 202 
0 265 202 267 
0 266 3 202 
0 267 21 111 170 189 268 17 0 2 104 106 50 88 54 11 90 150 58 59 119 94 63 64 66 67 99 72 73 77 80 108 82 123 85 126 18 115 52 14 93 134 135 100 76 39 81 140 51 197 200 198 44 102 269 270 84 22 113 25 96 163 42 109 46 53 65 74 78 87 95 97 112 117 181 271 160 9 188 151 162 216 223 227 231 249 252 256 258 265 
0 268 15 152 161 267 153 43 26 27 30 118 23 31 38 40 147 41 28 29 6 35 36 37 125 127 131 136 139 142 143 55 57 103 116 179 206 171 213 186 225 254 235 229 251 157 172 173 182 183 184 284 285 218 
0 269 199 104 106 267 
0 270 199 106 267 
0 271 106 267 
0 272 15 16 118 40 237 
0 273 15 16 19 147 41 28 45 35 140 143 157 
0 274 191 104 106 
0 275 15 193 38 40 147 41 28 35 127 128 130 139 143 157 176 
0 276 199 104 106 
0 277 21 0 119 77 108 85 115 76 110 109 47 53 151 
0 278 193 174 
0 279 19 2 154 155 41 28 49 158 35 1 165 13 
0 280 174 202 
0 281 174 190 
0 282 106 174 
0 283 192 174 
0 284 174 268 
0 285 174 268 
900 0 21 117 107 17 89 160 101 252 262 2 102 116 49 86 42 87 26 27 53 11 88 55 57 90 58 113 114 92 23 62 30 63 95 65 66 96 37 71 72 39 76 79 104 81 29 59 6 32 35 36 82 84 110 51 60 91 67 68 97 75 38 103 80 106 50 98 70 43 99 83 22 109 47 25 94 41 105 24 20 31 45 46 52 54 56 61 64 69 73 74 77 78 85 93 100 108 111 112 115 224 229 231 232 
900 1 117 3 162 144 191 264 
900 2 12 21 183 131 101 89 0 144 191 252 264 
900 3 15 16 17 42 26 27 23 30 37 39 40 28 158 29 6 7 32 33 34 35 36 18 1 14 38 43 22 25 41 24 20 31 203 212 250 
900 4 183 166 
900 5 166 191 
900 6 182 117 183 107 181 89 3 0 162 144 253 177 191 
900 7 182 183 3 
900 9 143 180 252 
900 10 117 181 180 
900 11 21 188 131 160 101 89 0 179 153 252 
900 12 15 21 182 16 17 19 2 202 245 
900 13 143 144 191 264 
900 14 117 3 162 252 
900 15 12 21 182 117 183 107 181 3 162 179 144 253 177 185 191 257 258 260 
900 16 12 21 182 183 181 3 179 144 185 191 257 258 
900 17 12 21 182 183 89 3 0 162 144 191 252 
900 18 117 3 162 252 
900 19 12 21 144 191 258 264 
900 20 183 181 3 0 
900 21 15 12 160 89 0 102 252 262 117 16 17 19 2 116 49 145 161 188 86 42 87 26 27 53 11 88 55 57 90 58 113 114 92 23 62 30 63 95 65 66 96 37 71 72 39 76 79 104 81 208 234 247 
900 22 183 131 101 3 44 0 179 153 252 
900 23 21 117 183 107 181 89 3 0 162 153 253 185 191 
900 24 183 107 101 89 3 0 162 144 191 
900 25 183 131 101 3 44 0 179 153 252 
900 26 21 117 183 107 181 89 3 0 162 153 253 185 191 
900 27 21 182 117 183 107 181 101 89 3 0 162 144 253 185 191 
900 28 182 183 107 3 158 48 253 191 258 260 264 139 159 141 
900 29 182 183 89 3 0 162 144 253 191 
900 30 21 117 183 107 181 89 3 0 162 153 253 185 191 
900 31 183 101 3 44 0 166 
900 32 182 183 131 181 3 44 0 180 185 
900 33 182 181 3 
900 34 182 183 107 3 158 48 253 191 258 260 264 
900 35 182 183 89 3 0 162 144 253 191 
900 36 182 183 89 3 0 162 144 253 191 
900 37 21 182 117 183 107 181 101 89 3 0 162 144 253 177 185 191 260 
900 38 117 101 3 0 102 252 
900 39 21 182 117 183 107 181 101 89 3 0 162 144 253 177 180 185 191 257 260 
900 40 182 183 107 3 253 191 258 260 264 
900 41 131 3 44 0 166 180 252 
900 42 21 182 117 183 107 181 89 3 0 162 144 253 177 185 191 
900 43 188 183 131 107 3 44 0 180 185 252 
900 44 48 32 191 258 43 22 47 25 41 31 45 46 
900 45 183 101 44 0 252 
900 46 183 101 44 0 262 
900 47 131 181 44 0 180 185 
900 48 28 183 181 44 180 185 264 34 159 137 
900 49 21 101 0 252 
900 50 188 131 101 0 102 252 
900 51 117 0 252 
900 52 107 160 89 0 102 142 252 262 
900 53 21 131 101 89 0 102 162 166 252 
900 54 181 0 102 162 253 191 
900 55 21 131 181 0 142 
900 56 181 0 102 162 253 191 
900 57 21 188 131 101 0 102 252 
900 58 21 131 89 0 162 166 252 
900 59 182 89 0 162 142 191 
900 60 117 160 101 89 0 153 
900 61 101 89 0 
900 62 21 131 101 0 102 252 
900 63 21 188 160 143 101 89 0 142 153 252 
900 64 181 0 102 252 
900 65 21 160 143 101 89 0 102 153 252 
900 66 21 131 101 0 102 252 
900 67 117 181 89 0 
900 68 117 89 0 153 
900 69 107 0 102 
900 70 188 131 181 0 102 
900 71 21 188 131 160 101 89 0 252 
900 72 21 131 101 89 0 102 252 
900 73 0 252 
900 74 181 89 0 180 
900 75 117 160 143 89 0 102 252 262 
900 76 21 117 188 131 160 143 101 89 0 102 252 262 
900 77 160 101 89 0 102 252 
900 78 101 0 180 191 
900 79 21 188 131 160 101 89 0 252 
900 80 117 160 101 89 0 252 
900 81 21 131 89 0 252 
900 82 182 89 0 162 142 191 
900 83 188 131 101 89 0 102 252 
900 84 117 160 143 89 0 102 252 262 
900 85 101 89 0 102 
900 86 21 131 101 0 252 
900 87 21 131 181 0 142 
900 88 21 188 131 160 143 101 89 0 102 179 153 252 
900 89 21 107 162 17 131 181 0 2 101 116 188 42 26 27 53 11 88 58 113 114 92 23 30 63 95 65 37 71 72 39 76 79 104 81 29 59 6 35 36 82 84 122 110 60 91 67 68 75 103 80 106 189 190 99 83 109 94 105 24 52 61 74 77 85 115 170 226 230 235 248 
900 90 21 131 181 0 142 
900 91 117 160 101 89 0 102 153 252 
900 92 21 188 131 160 143 101 89 0 252 
900 93 101 0 102 252 
900 94 131 89 0 102 252 
900 95 21 89 0 
900 96 21 131 0 102 252 
900 97 117 0 252 
900 98 188 101 0 102 
900 99 188 131 101 89 0 102 252 
900 100 0 253 191 
900 101 107 181 179 0 2 188 89 102 142 252 49 161 86 27 53 11 88 57 114 92 62 63 65 66 37 71 72 39 76 79 104 120 121 60 91 125 128 129 130 38 80 134 135 186 50 261 98 99 254 83 22 109 25 105 24 31 45 46 61 77 78 85 93 171 259 194 163 201 173 213 148 241 225 
900 102 21 107 181 101 160 0 252 53 88 57 114 62 65 66 96 72 76 104 84 119 110 124 91 75 38 186 50 261 189 167 98 70 190 99 254 255 83 109 94 105 52 54 56 64 69 77 85 93 112 259 194 241 256 223 217 238 152 267 193 207 210 
900 103 117 89 0 153 
900 104 21 188 131 160 143 101 89 140 0 102 252 262 
900 105 131 160 143 101 89 0 102 153 252 262 
900 106 117 89 0 262 
900 107 15 188 101 89 0 102 252 145 42 26 27 113 114 23 30 37 39 140 40 28 6 34 119 120 121 122 124 127 132 133 43 24 136 52 69 170 171 163 148 149 240 249 
900 108 0 252 
900 109 131 160 143 101 89 0 102 179 252 
900 110 117 160 143 89 0 102 252 262 
900 111 0 253 191 
900 112 0 102 252 
900 113 21 182 117 183 107 89 0 162 253 177 185 191 257 
900 114 21 188 131 107 160 101 89 0 102 142 252 262 
900 115 181 89 0 
900 116 21 89 0 
900 117 15 21 0 131 42 26 27 113 23 30 37 39 76 6 118 84 119 120 121 122 18 123 1 110 51 10 14 60 124 91 125 126 127 128 129 130 67 68 97 75 38 132 103 80 133 134 135 106 
900 118 117 162 144 252 
900 119 117 107 181 102 162 253 177 191 
900 120 117 107 101 153 180 252 
900 121 117 107 181 101 162 144 253 177 180 191 260 
900 122 117 107 89 162 153 260 
900 123 117 181 162 191 
900 124 117 107 181 102 162 253 177 191 
900 125 117 183 101 
900 126 117 162 191 
900 127 117 107 153 180 252 
900 128 117 101 162 144 252 
900 129 117 101 162 253 191 
900 130 117 101 153 
900 131 89 2 117 188 86 87 53 11 88 55 57 90 58 114 92 62 66 96 71 72 76 79 104 81 32 186 50 187 70 43 99 83 22 109 47 25 94 155 41 105 197 222 
900 132 117 107 181 162 144 253 177 191 260 
900 133 117 107 162 252 258 
900 134 117 183 101 
900 135 117 101 162 253 191 
900 136 140 139 183 107 144 253 191 258 260 141 138 137 
900 137 48 162 136 
900 138 181 158 136 
900 139 28 140 136 
900 140 104 183 107 158 136 144 253 191 258 260 139 159 141 
900 141 28 140 136 
900 142 101 87 143 55 90 114 63 59 82 52 
900 143 88 188 142 252 92 63 65 76 104 84 110 75 109 105 13 9 178 192 
900 144 15 253 16 17 19 2 145 42 27 37 39 140 146 147 29 6 150 35 36 118 121 1 128 132 24 136 148 152 149 13 151 209 
900 145 21 183 107 181 162 144 253 185 191 
900 146 182 181 144 264 
900 147 182 181 144 264 
900 148 107 101 162 144 191 
900 149 183 107 144 253 191 258 260 
900 150 182 144 264 
900 151 144 191 
900 152 181 102 162 166 144 252 
900 153 253 26 11 88 23 30 63 65 120 122 60 91 127 130 68 103 22 25 155 105 156 154 205 228 242 
900 154 153 191 252 
900 155 131 153 191 252 
900 156 181 162 166 153 
900 157 162 264 
900 158 140 28 3 180 34 159 138 
900 159 28 158 140 48 
900 160 21 0 188 102 161 11 88 114 92 63 65 71 76 79 104 84 110 60 91 75 80 109 105 52 77 
900 161 21 188 160 101 191 
900 162 15 89 252 17 145 42 26 27 53 166 58 113 23 30 37 39 29 59 6 35 36 82 118 119 121 122 18 123 1 14 124 126 128 129 132 133 135 167 24 137 54 56 170 171 163 173 148 152 157 164 165 168 169 172 174 175 176 156 214 233 
900 163 107 101 162 253 191 
900 164 162 253 191 
900 165 162 253 191 
900 166 53 162 191 58 268 41 31 173 152 267 172 156 221 265 266 5 4 263 269 270 195 
900 167 188 102 162 
900 168 181 162 191 260 
900 169 162 191 
900 170 107 89 162 
900 171 107 181 101 162 253 177 185 191 
900 172 162 166 
900 173 101 162 166 252 
900 174 181 162 253 191 
900 175 181 162 253 191 
900 176 181 162 191 
900 177 15 42 113 37 39 6 119 121 124 132 171 
900 178 143 180 252 
900 179 15 101 252 16 11 88 22 109 25 237 
900 180 181 39 158 48 32 120 121 10 127 43 47 41 74 78 9 178 266 
900 181 15 188 101 102 180 16 89 145 42 87 26 27 55 90 23 30 37 39 146 147 48 6 32 33 184 119 121 123 10 124 67 132 70 47 20 138 54 56 64 74 115 171 259 201 213 152 168 174 175 176 156 198 216 246 
900 182 15 12 183 16 17 42 27 113 37 39 146 147 40 28 29 59 6 7 32 33 150 34 35 36 184 82 268 196 227 
900 183 15 182 260 16 17 2 145 42 26 27 113 23 30 37 39 140 40 28 48 29 6 7 32 34 35 36 184 125 134 43 22 25 24 20 31 136 45 46 149 4 263 220 
900 184 182 183 181 
900 185 15 16 145 42 26 27 113 23 30 37 39 48 32 43 47 171 199 218 
900 186 188 131 101 102 
900 187 188 131 252 
900 188 107 181 131 101 160 161 21 89 11 88 143 57 114 92 63 71 76 79 104 186 50 187 261 189 167 98 70 43 190 99 254 255 83 200 
900 189 188 89 102 252 
900 190 188 89 102 
900 191 15 16 17 19 2 202 245 145 161 42 26 27 166 113 23 30 37 39 140 208 234 247 40 28 29 59 6 44 34 35 36 82 196 227 119 121 123 1 124 126 129 132 135 200 155 197 222 24 203 212 250 136 54 56 78 100 111 224 229 231 232 226 230 235 248 171 194 163 201 213 148 241 225 223 217 238 193 207 210 149 240 249 164 165 168 169 174 175 176 214 233 198 216 246 237 13 192 221 265 5 195 151 209 154 205 228 242 206 220 199 218 204 211 215 219 236 239 243 244 251 
900 192 143 191 
900 193 102 191 
900 194 101 102 253 191 
900 195 166 191 
900 196 182 191 
900 197 131 191 
900 198 181 191 
900 199 185 191 
900 200 188 191 
900 201 181 101 253 191 
900 202 12 191 
900 203 3 191 
900 204 191 252 
900 205 153 191 
900 206 253 191 
900 207 102 191 
900 208 21 191 
900 209 144 191 
900 210 102 191 
900 211 191 252 
900 212 3 191 
900 213 181 101 253 191 
900 214 162 191 
900 215 191 252 
900 216 181 191 
900 217 102 253 191 
900 218 185 191 
900 219 191 252 
900 220 183 191 
900 221 166 191 
900 222 131 191 
900 223 102 253 191 
900 224 0 191 
900 225 101 191 
900 226 89 191 
900 227 182 191 
900 228 153 191 
900 229 0 191 
900 230 89 191 
900 231 0 191 
900 232 0 191 
900 233 162 191 
900 234 21 191 
900 235 89 191 
900 236 191 252 
900 237 179 191 
900 238 102 253 191 
900 239 191 252 
900 240 107 191 
900 241 101 102 253 191 
900 242 153 191 
900 243 191 252 
900 244 191 252 
900 245 12 191 
900 246 181 191 
900 247 21 191 
900 248 89 191 
900 249 107 191 
900 250 3 191 
900 251 191 252 
900 252 21 107 162 179 253 17 0 2 101 102 49 86 53 11 88 143 57 58 114 92 62 63 65 66 96 71 72 76 79 104 81 118 84 120 18 110 51 14 91 127 128 97 75 38 80 133 50 187 189 43 99 254 255 83 22 109 25 94 155 41 105 45 52 64 73 77 93 108 112 173 256 152 9 178 154 204 211 215 219 236 239 243 244 251 
900 253 15 144 153 252 145 42 26 27 113 23 30 37 39 140 40 28 29 6 34 35 36 119 121 124 129 132 135 136 54 56 100 111 171 194 163 201 213 241 223 217 238 149 164 165 174 175 269 270 206 
900 254 188 101 102 252 
900 255 188 102 252 
900 256 102 252 
900 257 15 16 113 39 
900 258 15 16 19 140 40 28 44 34 133 136 149 
900 259 181 101 102 
900 260 15 183 37 39 140 40 28 34 121 122 132 136 149 168 
900 261 188 101 102 
900 262 21 0 114 76 104 84 110 75 106 105 46 52 
900 263 183 166 
900 264 19 2 146 147 40 28 48 150 34 1 157 13 
900 265 166 191 
900 266 166 180 
900 267 102 166 
900 268 182 166 
900 269 166 253 
900 270 166 253 
1800 0 21 115 105 17 87 157 99 241 250 2 100 114 49 84 42 85 26 27 52 11 86 54 88 56 111 112 90 23 60 30 61 93 63 64 94 37 69 70 39 74 77 102 79 29 57 6 32 35 36 80 82 108 50 58 89 65 66 95 73 38 101 78 104 96 68 43 97 81 22 107 47 25 92 41 103 24 20 31 45 46 51 53 55 59 62 67 71 72 75 76 83 91 98 106 109 110 113 215 220 222 223 
1800 1 115 3 159 142 252 
1800 2 12 21 177 129 99 87 0 142 241 252 
1800 3 15 16 17 42 26 27 23 30 37 39 40 28 155 29 6 7 32 33 34 35 36 18 1 14 38 43 22 25 41 24 20 31 196 203 239 
1800 4 177 163 
1800 5 163 
1800 6 176 115 177 105 175 87 3 0 159 142 242 
1800 7 176 177 3 
1800 9 141 241 
1800 10 115 175 
1800 11 21 182 129 157 99 87 0 174 241 
1800 12 15 21 176 16 17 19 2 195 235 
1800 13 141 142 252 
1800 14 115 3 159 241 
1800 15 12 21 176 115 177 105 175 3 159 174 142 242 179 246 247 249 
1800 16 12 21 176 177 175 3 174 142 179 246 247 
1800 17 12 21 176 177 87 3 0 159 142 241 
1800 18 115 3 159 241 
1800 19 12 21 142 247 252 
1800 20 177 175 3 0 
1800 21 15 12 157 87 0 100 241 250 115 16 17 19 2 114 49 143 158 182 84 42 85 26 27 52 11 86 54 88 56 111 112 90 23 60 30 61 93 63 64 94 37 69 70 39 74 77 102 79 225 
1800 22 177 129 99 3 44 0 174 241 
1800 23 21 115 177 105 175 87 3 0 159 242 179 
1800 24 177 105 99 87 3 0 159 142 
1800 25 177 129 99 3 44 0 174 241 
1800 26 21 115 177 105 175 87 3 0 159 242 179 
1800 27 21 176 115 177 105 175 99 87 3 0 159 142 242 179 
1800 28 176 177 105 3 155 48 242 247 249 252 137 156 139 
1800 29 176 177 87 3 0 159 142 242 
1800 30 21 115 177 105 175 87 3 0 159 242 179 
1800 31 177 99 3 44 0 163 
1800 32 176 177 129 175 3 44 0 179 
1800 33 176 175 3 
1800 34 176 177 105 3 155 48 242 247 249 252 
1800 35 176 177 87 3 0 159 142 242 
1800 36 176 177 87 3 0 159 142 242 
1800 37 21 176 115 177 105 175 99 87 3 0 159 142 242 179 249 
1800 38 115 99 3 0 100 241 
1800 39 21 176 115 177 105 175 99 87 3 0 159 142 242 179 246 249 
1800 40 176 177 105 3 242 247 249 252 
1800 41 129 3 44 0 163 241 
1800 42 21 176 115 177 105 175 87 3 0 159 142 242 179 
1800 43 182 177 129 105 3 44 0 179 241 
1800 44 48 32 247 43 22 47 25 41 31 45 46 
1800 45 177 99 44 0 241 
1800 46 177 99 44 0 250 
1800 47 129 175 44 0 179 
1800 48 28 177 175 44 179 252 34 156 135 
1800 49 21 99 0 241 
1800 50 115 0 241 
1800 51 105 157 87 0 100 140 241 250 
1800 52 21 129 99 87 0 100 159 163 241 
1800 53 175 0 100 159 242 
1800 54 21 129 175 0 140 
1800 55 175 0 100 159 242 
1800 56 21 129 87 0 159 163 241 
1800 57 176 87 0 159 140 
1800 58 115 157 99 87 0 
1800 59 99 87 0 
1800 60 21 129 99 0 100 241 
1800 61 21 182 157 141 99 87 0 140 241 
1800 62 175 0 100 241 
1800 63 21 157 141 99 87 0 100 241 
1800 64 21 129 99 0 100 241 
1800 65 115 175 87 0 
1800 66 115 87 0 
1800 67 105 0 100 
1800 68 182 129 175 0 100 
1800 69 21 182 129 157 99 87 0 241 
1800 70 21 129 99 87 0 100 241 
1800 71 0 241 
1800 72 175 87 0 
1800 73 115 157 141 87 0 100 241 250 
1800 74 21 115 182 129 157 141 99 87 0 100 241 250 
1800 75 157 99 87 0 100 241 
1800 76 99 0 
1800 77 21 182 129 157 99 87 0 241 
1800 78 115 157 99 87 0 241 
1800 79 21 129 87 0 241 
1800 80 176 87 0 159 140 
1800 81 182 129 99 87 0 100 241 
1800 82 115 157 141 87 0 100 241 250 
1800 83 99 87 0 100 
1800 84 21 129 99 0 241 
1800 85 21 129 175 0 140 
1800 86 21 182 129 157 141 99 87 0 100 174 241 
1800 87 21 105 159 17 129 175 0 2 99 114 182 42 26 27 52 11 86 56 111 112 90 23 30 61 93 63 37 69 70 39 74 77 102 79 29 57 6 35 36 80 82 120 108 58 89 65 66 73 101 78 104 183 184 97 81 107 92 103 24 51 59 72 75 83 113 167 217 221 226 237 
1800 88 21 129 175 0 140 
1800 89 115 157 99 87 0 100 241 
1800 90 21 182 129 157 141 99 87 0 241 
1800 91 99 0 100 241 
1800 92 129 87 0 100 241 
1800 93 21 87 0 
1800 94 21 129 0 100 241 
1800 95 115 0 241 
1800 96 182 99 0 100 
1800 97 182 129 99 87 0 100 241 
1800 98 0 242 
1800 99 105 175 174 0 2 182 87 100 140 241 49 158 84 27 52 11 86 112 90 60 61 63 64 37 69 70 39 74 77 102 118 119 58 89 123 126 127 128 38 78 132 133 180 96 97 243 81 22 107 25 103 24 31 45 46 59 75 76 83 91 168 248 187 160 194 170 204 146 232 216 
1800 100 21 105 175 99 157 0 241 52 86 112 60 63 64 94 70 74 102 82 117 108 122 89 73 38 180 183 164 96 68 184 97 243 244 81 107 92 103 51 53 55 62 67 75 83 91 110 248 187 232 245 214 208 229 150 255 186 199 201 
1800 101 115 87 0 
1800 102 21 182 129 157 141 99 87 138 0 100 241 250 
1800 103 129 157 141 99 87 0 100 241 250 
1800 104 115 87 0 250 
1800 105 15 182 99 87 0 100 241 143 42 26 27 111 112 23 30 37 39 138 40 28 6 34 117 118 119 120 122 125 130 131 43 24 134 51 67 167 168 160 146 147 231 238 
1800 106 0 241 
1800 107 129 157 141 99 87 0 100 174 241 
1800 108 115 157 141 87 0 100 241 250 
1800 109 0 242 
1800 110 0 100 241 
1800 111 21 176 115 177 105 87 0 159 242 179 246 
1800 112 21 182 129 105 157 99 87 0 100 140 241 250 
1800 113 175 87 0 
1800 114 21 87 0 
1800 115 15 21 0 129 42 26 27 111 23 30 37 39 74 6 116 82 117 118 119 120 18 121 1 108 50 10 14 58 122 89 123 124 125 126 127 128 65 66 95 73 38 130 101 78 131 132 133 104 
1800 116 115 159 142 241 
1800 117 115 105 175 100 159 242 
1800 118 115 105 99 241 
1800 119 115 105 175 99 159 142 242 249 
1800 120 115 105 87 159 249 
1800 121 115 175 159 
1800 122 115 105 175 100 159 242 
1800 123 115 177 99 
1800 124 115 159 
1800 125 115 105 241 
1800 126 115 99 159 142 241 
1800 127 115 99 159 242 
1800 128 115 99 
1800 129 87 2 115 182 84 85 52 11 86 54 88 56 112 90 60 64 94 69 70 74 77 102 79 32 180 181 68 43 97 81 22 107 47 25 92 152 41 103 190 213 
1800 130 115 105 175 159 142 242 249 
1800 131 115 105 159 241 247 
1800 132 115 177 99 
1800 133 115 99 159 242 
1800 134 138 137 177 105 142 242 247 249 139 136 135 
1800 135 48 159 134 
1800 136 175 155 134 
1800 137 28 138 134 
1800 138 102 177 105 155 134 142 242 247 249 137 156 139 
1800 139 28 138 134 
1800 140 99 85 141 54 88 112 61 57 80 51 
1800 141 86 182 140 241 90 61 63 74 102 82 108 73 107 103 13 9 185 
1800 142 15 242 16 17 19 2 143 42 27 37 39 138 144 145 29 6 148 35 36 116 119 1 126 130 24 134 146 150 147 13 149 200 
1800 143 21 177 105 175 159 142 242 179 
1800 144 176 175 142 252 
1800 145 176 175 142 252 
1800 146 105 99 159 142 
1800 147 177 105 142 242 247 249 
1800 148 176 142 252 
1800 149 142 
1800 150 175 100 159 163 142 241 
1800 151 241 
1800 152 129 241 
1800 153 175 159 163 
1800 154 159 252 
1800 155 138 28 3 34 156 136 
1800 156 28 155 138 48 
1800 157 21 0 182 100 158 11 86 112 90 61 63 69 74 77 102 82 108 58 89 73 78 107 103 51 75 
1800 158 21 182 157 99 
1800 159 15 87 241 17 143 42 26 27 52 163 56 111 23 30 37 39 29 57 6 35 36 80 116 117 119 120 18 121 1 14 122 124 126 127 130 131 133 164 24 135 53 55 167 168 160 170 146 150 154 161 162 165 166 169 171 172 173 153 205 224 
1800 160 105 99 159 242 
1800 161 159 242 
1800 162 159 242 
1800 163 52 159 56 256 41 31 170 150 255 169 153 212 253 254 5 4 251 257 258 188 
1800 164 182 100 159 
1800 165 175 159 249 
1800 166 159 
1800 167 105 87 159 
1800 168 105 175 99 159 242 179 
1800 169 159 163 
1800 170 99 159 163 241 
1800 171 175 159 242 
1800 172 175 159 242 
1800 173 175 159 
1800 174 15 99 241 16 11 86 22 107 25 228 
1800 175 15 182 99 100 16 87 143 42 85 26 27 54 88 23 30 37 39 144 145 48 6 32 33 178 117 119 121 10 122 65 130 68 47 20 136 53 55 62 72 113 168 248 194 204 150 165 171 172 173 153 191 207 236 
1800 176 15 12 177 16 17 42 27 111 37 39 144 145 40 28 29 57 6 7 32 33 148 34 35 36 178 80 256 189 218 
1800 177 15 176 249 16 17 2 143 42 26 27 111 23 30 37 39 138 40 28 48 29 6 7 32 34 35 36 178 123 132 43 22 25 24 20 31 134 45 46 147 4 251 211 
1800 178 176 177 175 
1800 179 15 16 143 42 26 27 111 23 30 37 39 48 32 43 47 168 192 209 
1800 180 182 129 99 100 
1800 181 182 129 241 
1800 182 105 175 129 99 157 158 21 87 11 86 141 112 90 61 69 74 77 102 180 181 183 164 96 68 43 184 97 243 244 81 193 
1800 183 182 87 100 241 
1800 184 182 87 100 
1800 185 141 
1800 186 100 
1800 187 99 100 242 
1800 188 163 
1800 189 176 
1800 190 129 
1800 191 175 
1800 192 179 
1800 193 182 
1800 194 175 99 242 
1800 195 12 
1800 196 3 
1800 197 
1800 198 242 
1800 199 100 
1800 200 142 
1800 201 100 
1800 202 241 
1800 203 3 
1800 204 175 99 242 
1800 205 159 
1800 206 241 
1800 207 175 
1800 208 100 242 
1800 209 179 
1800 210 241 
1800 211 177 
1800 212 163 
1800 213 129 
1800 214 100 242 
1800 215 0 
1800 216 99 
1800 217 87 
1800 218 176 
1800 219 
1800 220 0 
1800 221 87 
1800 222 0 
1800 223 0 
1800 224 159 
1800 225 21 
1800 226 87 
1800 227 241 
1800 228 174 
1800 229 100 242 
1800 230 241 
1800 231 105 
1800 232 99 100 242 
1800 233 
1800 234 241 
1800 235 12 
1800 236 175 
1800 237 87 
1800 238 105 
1800 239 3 
1800 240 241 
1800 241 21 105 159 174 242 17 0 2 99 100 49 84 52 11 86 141 56 112 90 60 61 63 64 94 69 70 74 77 102 79 116 82 118 18 108 50 14 89 125 126 95 73 38 78 131 181 183 43 97 243 244 81 22 107 25 92 152 41 103 45 51 62 71 75 91 106 110 170 245 150 9 151 202 206 210 227 230 234 240 
1800 242 15 142 241 143 42 26 27 111 23 30 37 39 138 40 28 29 6 34 35 36 117 119 122 127 130 133 134 53 55 98 109 168 187 160 194 204 232 214 208 229 147 161 162 171 172 257 258 198 
1800 243 182 99 100 241 
1800 244 182 100 241 
1800 245 100 241 
1800 246 15 16 111 39 
1800 247 15 16 19 138 40 28 44 34 131 134 147 
1800 248 175 99 100 
1800 249 15 177 37 39 138 40 28 34 119 120 130 134 147 165 
1800 250 21 0 112 74 102 82 108 73 104 103 46 51 
1800 251 177 163 
1800 252 19 2 144 145 40 28 48 148 34 1 154 13 
1800 253 163 
1800 254 163 
1800 255 100 163 
1800 256 176 163 
1800 257 163 242 
1800 258 163 242 
2700 0 109 99 2 93 81 150 227 236 108 45 78 39 79 24 25 48 94 11 80 50 82 105 106 84 21 55 28 56 87 58 59 88 34 64 65 36 69 72 96 74 27 52 6 30 33 76 102 46 53 83 60 61 89 68 35 95 73 98 90 63 40 91 75 20 101 43 23 86 38 97 22 19 29 41 42 47 49 51 54 57 62 66 67 70 71 77 85 92 100 103 104 107 203 207 209 210 
2700 1 109 3 152 136 238 
2700 2 12 167 123 93 81 0 136 227 238 
2700 3 15 16 39 24 25 21 28 34 36 37 26 148 27 6 7 30 31 32 33 17 1 14 35 40 20 23 38 22 19 29 185 192 225 
2700 4 167 156 
2700 5 156 
2700 6 166 109 167 99 81 3 0 152 136 228 
2700 7 166 167 3 
2700 9 135 227 
2700 10 109 
2700 11 171 123 150 93 81 0 165 227 
2700 12 15 166 16 18 2 184 221 
2700 13 135 136 238 
2700 14 109 3 152 227 
2700 15 12 166 109 167 99 3 152 165 136 228 232 233 235 
2700 16 12 166 167 3 165 136 232 233 
2700 17 109 3 152 227 
2700 18 12 136 233 238 
2700 19 167 3 0 
2700 20 167 123 93 3 0 165 227 
2700 21 109 167 99 81 3 0 152 228 
2700 22 167 99 93 81 3 0 152 136 
2700 23 167 123 93 3 0 165 227 
2700 24 109 167 99 81 3 0 152 228 
2700 25 166 109 167 99 93 81 3 0 152 136 228 
2700 26 166 167 99 3 148 44 228 233 235 238 131 149 133 
2700 27 166 167 81 3 0 152 136 228 
2700 28 109 167 99 81 3 0 152 228 
2700 29 167 93 3 0 156 
2700 30 166 167 123 3 0 
2700 31 166 3 
2700 32 166 167 99 3 148 44 228 233 235 238 
2700 33 166 167 81 3 0 152 136 228 
2700 34 166 109 167 99 93 81 3 0 152 136 228 235 
2700 35 109 93 3 0 94 227 
2700 36 166 109 167 99 93 81 3 0 152 136 228 232 235 
2700 37 166 167 99 3 228 233 235 238 
2700 38 123 3 0 156 227 
2700 39 166 109 167 99 81 3 0 152 136 228 
2700 40 171 167 123 99 3 0 227 
2700 41 167 93 0 227 
2700 42 167 93 0 236 
2700 43 123 0 
2700 44 26 167 238 32 149 129 
2700 45 93 0 227 
2700 46 109 0 227 
2700 47 99 150 81 0 94 134 227 236 
2700 48 123 93 81 0 94 152 156 227 
2700 49 0 94 152 228 
2700 50 123 0 134 
2700 51 0 94 152 228 
2700 52 166 81 0 152 134 
2700 53 109 150 93 81 0 
2700 54 93 81 0 
2700 55 123 93 0 94 227 
2700 56 171 150 135 93 81 0 134 227 
2700 57 0 94 227 
2700 58 150 135 93 81 0 94 227 
2700 59 123 93 0 94 227 
2700 60 109 81 0 
2700 61 109 81 0 
2700 62 99 0 94 
2700 63 171 123 0 94 
2700 64 171 123 150 93 81 0 227 
2700 65 123 93 81 0 94 227 
2700 66 0 227 
2700 67 81 0 
2700 68 109 150 135 81 0 94 227 236 
2700 69 109 171 123 150 135 93 81 0 94 227 236 
2700 70 150 93 81 0 94 227 
2700 71 93 0 
2700 72 171 123 150 93 81 0 227 
2700 73 109 150 93 81 0 227 
2700 74 123 81 0 227 
2700 75 171 123 93 81 0 94 227 
2700 76 109 150 135 81 0 94 227 236 
2700 77 93 81 0 94 
2700 78 123 93 0 227 
2700 79 123 0 134 
2700 80 171 123 150 135 93 81 0 94 165 227 
2700 81 99 152 2 93 123 0 108 171 39 24 25 48 11 80 105 106 84 21 28 56 87 58 34 64 65 36 69 72 96 74 27 52 6 33 76 114 102 53 83 60 61 68 95 73 98 172 173 91 75 101 86 97 22 47 54 67 70 77 107 159 204 208 213 223 
2700 82 123 0 134 
2700 83 109 150 93 81 0 94 227 
2700 84 171 123 150 135 93 81 0 227 
2700 85 93 0 94 227 
2700 86 123 81 0 94 227 
2700 87 81 0 
2700 88 123 0 94 227 
2700 89 109 0 227 
2700 90 171 93 0 94 
2700 91 171 123 93 81 0 94 227 
2700 92 0 228 
2700 93 99 165 2 171 81 0 94 134 227 45 151 78 25 48 11 80 106 84 55 56 58 59 34 64 65 36 69 72 96 112 113 53 83 117 120 121 122 35 73 126 127 169 90 91 229 75 20 101 23 97 22 29 41 42 54 70 71 77 85 160 234 176 153 183 161 193 140 218 
2700 94 99 93 150 48 0 227 80 106 55 58 59 88 65 69 96 76 111 102 116 83 68 35 169 172 157 90 63 173 91 229 230 75 101 86 97 47 49 51 57 62 70 77 85 104 234 176 218 231 202 197 216 143 241 175 188 190 
2700 95 109 81 0 
2700 96 171 123 150 135 93 81 132 0 94 227 236 
2700 97 123 150 135 93 81 0 94 227 236 
2700 98 109 81 0 236 
2700 99 15 171 93 81 0 94 227 137 39 24 25 105 106 21 28 34 36 132 37 26 6 32 111 112 113 114 116 119 124 125 40 22 128 47 62 159 160 153 140 141 224 
2700 100 0 227 
2700 101 123 150 135 93 81 0 94 165 227 
2700 102 109 150 135 81 0 94 227 236 
2700 103 0 228 
2700 104 0 94 227 
2700 105 166 109 167 99 81 0 152 228 232 
2700 106 171 123 99 150 93 81 0 94 134 227 236 
2700 107 81 0 
2700 108 81 0 
2700 109 15 0 123 39 24 25 105 21 28 34 36 69 6 110 76 111 112 113 114 17 115 1 102 46 10 14 53 116 83 117 118 119 120 121 122 60 61 89 68 35 124 95 73 125 126 127 98 
2700 110 109 152 136 227 
2700 111 109 99 94 152 228 
2700 112 109 99 93 227 
2700 113 109 99 93 152 136 228 235 
2700 114 109 99 81 152 235 
2700 115 109 152 
2700 116 109 99 94 152 228 
2700 117 109 167 93 
2700 118 109 152 
2700 119 109 99 227 
2700 120 109 93 152 136 227 
2700 121 109 93 152 228 
2700 122 109 93 
2700 123 2 109 171 81 78 79 48 11 80 50 82 106 84 55 59 88 64 65 69 72 96 74 30 169 170 63 40 91 75 20 101 43 23 86 145 38 97 179 
2700 124 109 99 152 136 228 235 
2700 125 109 99 152 227 233 
2700 126 109 167 93 
2700 127 109 93 152 228 
2700 128 132 131 167 99 136 228 233 235 133 130 129 
2700 129 44 152 128 
2700 130 148 128 
2700 131 26 132 128 
2700 132 96 167 99 148 128 136 228 233 235 131 149 133 
2700 133 26 132 128 
2700 134 93 79 135 50 82 106 56 52 47 
2700 135 80 171 134 227 84 56 58 69 96 76 102 68 101 97 13 9 174 
2700 136 15 228 16 18 2 137 39 25 34 36 132 138 139 27 6 33 110 113 1 120 124 22 128 140 143 141 13 142 189 
2700 137 167 99 152 136 228 
2700 138 166 136 238 
2700 139 166 136 238 
2700 140 99 93 152 136 
2700 141 167 99 136 228 233 235 
2700 142 136 
2700 143 94 152 156 136 227 
2700 144 227 
2700 145 123 227 
2700 146 152 156 
2700 147 152 238 
2700 148 132 26 3 32 149 130 
2700 149 26 148 132 44 
2700 150 0 151 171 94 11 80 106 84 56 58 64 69 72 96 76 102 53 83 68 73 101 97 47 70 
2700 151 171 150 93 
2700 152 15 81 227 137 39 24 25 48 156 105 21 28 34 36 27 52 6 33 110 111 113 114 17 115 1 14 116 118 120 121 124 125 127 157 22 129 49 51 159 160 153 161 140 143 147 154 155 158 162 163 164 146 194 211 
2700 153 99 93 152 228 
2700 154 152 228 
2700 155 152 228 
2700 156 48 152 242 38 29 161 143 241 146 201 239 240 5 4 237 243 244 177 
2700 157 171 94 152 
2700 158 152 
2700 159 99 81 152 
2700 160 99 93 152 228 
2700 161 93 152 156 227 
2700 162 152 228 
2700 163 152 228 
2700 164 152 
2700 165 15 93 227 16 11 80 20 101 23 215 
2700 166 15 12 167 16 39 25 105 34 36 138 139 37 26 27 52 6 7 30 31 32 33 168 242 178 205 
2700 167 15 166 235 16 2 137 39 24 25 105 21 28 34 36 132 37 26 44 27 6 7 30 32 33 168 117 126 40 20 23 22 19 29 128 41 42 141 4 237 200 
2700 168 166 167 
2700 169 171 123 93 94 
2700 170 171 123 227 
2700 171 99 123 93 151 81 150 11 80 135 106 84 56 64 69 72 96 169 170 172 157 90 63 40 173 91 229 230 75 182 
2700 172 171 81 94 227 
2700 173 171 81 94 
2700 174 135 
2700 175 94 
2700 176 93 94 228 
2700 177 156 
2700 178 166 
2700 179 123 
2700 180 
2700 181 
2700 182 171 
2700 183 93 228 
2700 184 12 
2700 185 3 
2700 186 
2700 187 228 
2700 188 94 
2700 189 136 
2700 190 94 
2700 191 227 
2700 192 3 
2700 193 93 228 
2700 194 152 
2700 195 227 
2700 196 
2700 197 94 228 
2700 198 
2700 199 227 
2700 200 167 
2700 201 156 
2700 202 94 228 
2700 203 0 
2700 204 81 
2700 205 166 
2700 206 
2700 207 0 
2700 208 81 
2700 209 0 
2700 210 0 
2700 211 152 
2700 212 
2700 213 81 
2700 214 227 
2700 215 165 
2700 216 94 228 
2700 217 227 
2700 218 93 94 228 
2700 219 
2700 220 227 
2700 221 12 
2700 222 
2700 223 81 
2700 224 99 
2700 225 3 
2700 226 227 
2700 227 99 152 165 228 2 93 0 45 78 48 94 11 80 135 106 84 55 56 58 59 88 64 65 69 72 96 74 110 76 112 17 102 46 14 83 119 120 89 68 35 73 125 170 172 40 91 229 230 75 20 101 23 86 145 38 97 41 47 57 66 70 85 100 104 161 231 143 9 144 191 195 199 214 217 220 226 
2700 228 15 136 227 137 39 24 25 105 21 28 34 36 132 37 26 27 6 32 33 111 113 116 121 124 127 128 49 51 92 103 160 176 153 183 193 218 202 197 216 141 154 155 162 163 243 244 187 
2700 229 171 93 94 227 
2700 230 171 94 227 
2700 231 94 227 
2700 232 15 16 105 36 
2700 233 15 16 18 132 37 26 32 125 128 141 
2700 234 93 94 
2700 235 15 167 34 36 132 37 26 32 113 114 124 128 141 
2700 236 0 106 69 96 76 102 68 98 97 42 47 
2700 237 167 156 
2700 238 18 2 138 139 37 26 44 32 1 147 13 
2700 239 156 
2700 240 156 
2700 241 94 156 
2700 242 166 156 
2700 243 156 228 
2700 244 156 228 
3600 0 103 2 89 77 142 214 223 102 43 74 37 75 24 25 46 90 11 76 48 78 99 100 80 21 53 28 54 83 56 57 84 34 62 66 69 92 27 50 6 30 33 72 44 51 79 58 59 85 65 35 91 70 94 86 61 38 87 71 20 96 41 23 82 36 93 22 19 29 39 40 45 47 49 52 55 60 63 64 67 68 73 81 88 95 97 98 101 193 196 198 
3600 1 103 3 144 130 225 
3600 2 12 159 117 89 77 0 130 214 225 
3600 3 15 16 37 24 25 21 28 34 26 140 27 6 7 30 31 32 33 17 1 14 35 38 20 23 36 22 19 29 176 183 212 
3600 4 159 148 
3600 5 148 
3600 6 158 103 159 77 3 0 144 130 215 
3600 7 158 159 3 
3600 9 129 214 
3600 10 103 
3600 11 163 117 142 89 77 0 157 214 
3600 12 15 158 16 18 2 175 209 
3600 13 129 130 225 
3600 14 103 3 144 214 
3600 15 12 158 103 159 3 144 157 130 215 219 220 222 
3600 16 12 158 159 3 157 130 219 220 
3600 17 103 3 144 214 
3600 18 12 130 220 225 
3600 19 159 3 0 
3600 20 159 117 89 3 0 157 214 
3600 21 103 159 77 3 0 144 215 
3600 22 159 89 77 3 0 144 130 
3600 23 159 117 89 3 0 157 214 
3600 24 103 159 77 3 0 144 215 
3600 25 158 103 159 89 77 3 0 144 130 215 
3600 26 158 159 3 140 42 215 220 222 225 125 141 127 
3600 27 158 159 77 3 0 144 130 215 
3600 28 103 159 77 3 0 144 215 
3600 29 159 89 3 0 148 
3600 30 158 159 117 3 0 
3600 31 158 3 
3600 32 158 159 3 140 42 215 220 222 225 
3600 33 158 159 77 3 0 144 130 215 
3600 34 158 103 159 89 77 3 0 144 130 215 222 
3600 35 103 89 3 0 90 214 
3600 36 117 3 0 148 214 
3600 37 158 103 159 77 3 0 144 130 215 
3600 38 163 159 117 3 0 214 
3600 39 159 89 0 214 
3600 40 159 89 0 223 
3600 41 117 0 
3600 42 26 159 225 32 141 123 
3600 43 89 0 214 
3600 44 103 0 214 
3600 45 142 77 0 90 128 214 223 
3600 46 117 89 77 0 90 144 148 214 
3600 47 0 90 144 215 
3600 48 117 0 128 
3600 49 0 90 144 215 
3600 50 158 77 0 144 128 
3600 51 103 142 89 77 0 
3600 52 89 77 0 
3600 53 117 89 0 90 214 
3600 54 163 142 129 89 77 0 128 214 
3600 55 0 90 214 
3600 56 142 129 89 77 0 90 214 
3600 57 117 89 0 90 214 
3600 58 103 77 0 
3600 59 103 77 0 
3600 60 0 90 
3600 61 163 117 0 90 
3600 62 117 89 77 0 90 214 
3600 63 0 214 
3600 64 77 0 
3600 65 103 142 129 77 0 90 214 223 
3600 66 103 163 117 142 129 89 77 0 90 214 223 
3600 67 142 89 77 0 90 214 
3600 68 89 0 
3600 69 163 117 142 89 77 0 214 
3600 70 103 142 89 77 0 214 
3600 71 163 117 89 77 0 90 214 
3600 72 103 142 129 77 0 90 214 223 
3600 73 89 77 0 90 
3600 74 117 89 0 214 
3600 75 117 0 128 
3600 76 163 117 142 129 89 77 0 90 157 214 
3600 77 144 2 89 117 0 102 163 37 24 25 46 11 76 99 100 80 21 28 54 83 56 34 62 66 69 92 27 50 6 33 72 108 51 79 58 59 65 91 70 94 164 165 87 71 96 82 93 22 45 52 64 67 73 101 151 194 197 201 210 
3600 78 117 0 128 
3600 79 103 142 89 77 0 90 214 
3600 80 163 117 142 129 89 77 0 214 
3600 81 89 0 90 214 
3600 82 117 77 0 90 214 
3600 83 77 0 
3600 84 117 0 90 214 
3600 85 103 0 214 
3600 86 163 89 0 90 
3600 87 163 117 89 77 0 90 214 
3600 88 0 215 
3600 89 157 2 163 77 0 90 128 214 43 143 74 25 46 11 76 100 80 53 54 56 57 34 62 66 69 92 106 107 51 79 111 114 115 116 35 70 120 121 161 86 87 216 71 20 96 23 93 22 29 39 40 52 67 68 73 81 152 221 168 145 174 153 184 134 206 
3600 90 89 142 46 0 214 76 100 53 56 57 84 62 66 92 72 105 110 79 65 35 161 164 149 86 61 165 87 216 217 71 96 82 93 45 47 49 55 60 67 73 81 98 221 168 206 218 192 187 204 136 228 167 179 181 
3600 91 103 77 0 
3600 92 163 117 142 129 89 77 126 0 90 214 223 
3600 93 117 142 129 89 77 0 90 214 223 
3600 94 103 77 0 223 
3600 95 0 214 
3600 96 117 142 129 89 77 0 90 157 214 
3600 97 0 215 
3600 98 0 90 214 
3600 99 158 103 159 77 0 144 215 219 
3600 100 163 117 142 89 77 0 90 128 214 223 
3600 101 77 0 
3600 102 77 0 
3600 103 15 0 117 37 24 25 99 21 28 34 66 6 104 72 105 106 107 108 17 109 1 44 10 14 51 110 79 111 112 113 114 115 116 58 59 85 65 35 118 91 70 119 120 121 94 
3600 104 103 144 130 214 
3600 105 103 90 144 215 
3600 106 103 89 214 
3600 107 103 89 144 130 215 222 
3600 108 103 77 144 222 
3600 109 103 144 
3600 110 103 90 144 215 
3600 111 103 159 89 
3600 112 103 144 
3600 113 103 214 
3600 114 103 89 144 130 214 
3600 115 103 89 144 215 
3600 116 103 89 
3600 117 2 103 163 77 74 75 46 11 76 48 78 100 80 53 57 84 62 66 69 92 30 161 162 61 38 87 71 20 96 41 23 82 138 36 93 171 
3600 118 103 144 130 215 222 
3600 119 103 144 214 220 
3600 120 103 159 89 
3600 121 103 89 144 215 
3600 122 126 125 159 130 215 220 222 127 124 123 
3600 123 42 144 122 
3600 124 140 122 
3600 125 26 126 122 
3600 126 92 159 140 122 130 215 220 222 125 141 127 
3600 127 26 126 122 
3600 128 89 75 129 48 78 100 54 50 45 
3600 129 76 163 128 214 80 54 56 66 92 72 65 96 93 13 9 166 
3600 130 15 215 16 18 2 131 37 25 34 126 132 133 27 6 33 104 107 1 114 118 22 122 134 136 13 135 180 
3600 131 159 144 130 215 
3600 132 158 130 225 
3600 133 158 130 225 
3600 134 89 144 130 
3600 135 130 
3600 136 90 144 148 130 214 
3600 137 214 
3600 138 117 214 
3600 139 144 225 
3600 140 126 26 3 32 141 124 
3600 141 26 140 126 42 
3600 142 0 143 163 90 11 76 100 80 54 56 66 69 92 72 51 79 65 70 96 93 45 67 
3600 143 163 142 89 
3600 144 15 77 214 131 37 24 25 46 148 99 21 28 34 27 50 6 33 104 105 107 108 17 109 1 14 110 112 114 115 118 119 121 149 22 123 47 49 151 152 145 153 134 136 139 146 147 150 154 155 156 185 199 
3600 145 89 144 215 
3600 146 144 215 
3600 147 144 215 
3600 148 46 144 229 36 29 153 136 228 191 226 227 5 4 224 230 231 169 
3600 149 163 90 144 
3600 150 144 
3600 151 77 144 
3600 152 89 144 215 
3600 153 89 144 148 214 
3600 154 144 215 
3600 155 144 215 
3600 156 144 
3600 157 15 89 214 16 11 76 20 96 23 203 
3600 158 15 12 159 16 37 25 99 34 132 133 26 27 50 6 7 30 31 32 33 160 229 170 
3600 159 15 158 222 16 2 131 37 24 25 99 21 28 34 126 26 42 27 6 7 30 32 33 160 111 120 38 20 23 22 19 29 122 39 40 4 224 190 
3600 160 158 159 
3600 161 163 117 89 90 
3600 162 163 117 214 
3600 163 117 89 143 77 142 11 76 129 100 80 54 66 69 92 161 162 164 149 86 61 38 165 87 216 217 71 173 
3600 164 163 77 90 214 
3600 165 163 77 90 
3600 166 129 
3600 167 90 
3600 168 89 90 215 
3600 169 148 
3600 170 158 
3600 171 117 
3600 172 
3600 173 163 
3600 174 89 215 
3600 175 12 
3600 176 3 
3600 177 
3600 178 215 
3600 179 90 
3600 180 130 
3600 181 90 
3600 182 214 
3600 183 3 
3600 184 89 215 
3600 185 144 
3600 186 
3600 187 90 215 
3600 188 
3600 189 214 
3600 190 159 
3600 191 148 
3600 192 90 215 
3600 193 0 
3600 194 77 
3600 195 
3600 196 0 
3600 197 77 
3600 198 0 
3600 199 144 
3600 200 
3600 201 77 
3600 202 214 
3600 203 157 
3600 204 90 215 
3600 205 214 
3600 206 89 90 215 
3600 207 
3600 208 214 
3600 209 12 
3600 210 77 
3600 211 
3600 212 3 
3600 213 214 
3600 214 144 157 215 2 89 0 43 74 46 90 11 76 129 100 80 53 54 56 57 84 62 66 69 92 104 72 106 17 44 14 79 113 114 85 65 35 70 119 162 164 38 87 216 217 71 20 96 23 82 138 36 93 39 45 55 63 67 81 95 98 153 218 136 9 137 182 189 202 205 208 213 
3600 215 15 130 214 131 37 24 25 99 21 28 34 126 26 27 6 32 33 105 107 110 115 118 121 122 47 49 88 97 152 168 145 174 184 206 192 187 204 146 147 154 155 230 231 178 
3600 216 163 89 90 214 
3600 217 163 90 214 
3600 218 90 214 
3600 219 15 16 99 
3600 220 15 16 18 126 26 32 119 122 
3600 221 89 90 
3600 222 15 159 34 126 26 32 107 108 118 122 
3600 223 0 100 66 92 72 65 94 93 40 45 
3600 224 159 148 
3600 225 18 2 132 133 26 42 32 1 139 13 
3600 226 148 
3600 227 148 
3600 228 90 148 
3600 229 158 148 
3600 230 148 215 
3600 231 148 215 
4500 0 97 2 83 71 133 200 209 96 40 68 35 69 23 24 43 84 11 70 72 93 94 74 20 48 27 49 77 51 52 78 32 57 61 63 86 26 6 31 66 41 46 73 53 54 79 60 33 85 64 88 80 56 36 81 65 19 90 38 22 76 34 87 21 18 28 37 42 44 45 47 50 55 58 59 62 67 75 82 89 91 92 95 180 183 185 
4500 1 97 3 135 124 211 
4500 2 12 149 111 83 71 0 124 200 211 
4500 3 15 16 35 23 24 20 27 32 25 26 6 7 29 30 31 1 14 33 36 19 22 34 21 18 28 166 172 198 
4500 4 149 139 
4500 5 139 
4500 6 148 97 149 71 3 0 135 124 201 
4500 7 148 149 3 
4500 9 123 200 
4500 10 97 
4500 11 153 111 133 83 71 0 147 200 
4500 12 15 148 16 17 2 165 195 
4500 13 123 124 211 
4500 14 97 3 135 200 
4500 15 12 148 97 149 3 135 147 124 201 205 206 208 
4500 16 12 148 149 3 147 124 205 206 
4500 17 12 124 206 211 
4500 18 149 3 0 
4500 19 149 111 83 3 0 147 200 
4500 20 97 149 71 3 0 135 201 
4500 21 149 83 71 3 0 135 124 
4500 22 149 111 83 3 0 147 200 
4500 23 97 149 71 3 0 135 201 
4500 24 148 97 149 83 71 3 0 135 124 201 
4500 25 148 149 3 39 201 206 208 211 119 132 121 
4500 26 148 149 71 3 0 135 124 201 
4500 27 97 149 71 3 0 135 201 
4500 28 149 83 3 0 139 
4500 29 148 3 
4500 30 148 149 3 39 201 206 208 211 
4500 31 148 149 71 3 0 135 124 201 
4500 32 148 97 149 83 71 3 0 135 124 201 208 
4500 33 97 83 3 0 84 200 
4500 34 111 3 0 139 200 
4500 35 148 97 149 71 3 0 135 124 201 
4500 36 153 149 111 3 0 200 
4500 37 149 83 0 209 
4500 38 111 0 
4500 39 25 149 211 30 132 117 
4500 40 83 0 200 
4500 41 97 0 200 
4500 42 133 71 0 84 122 200 209 
4500 43 111 83 71 0 84 135 139 200 
4500 44 0 84 135 201 
4500 45 0 84 135 201 
4500 46 97 133 83 71 0 
4500 47 83 71 0 
4500 48 111 83 0 84 200 
4500 49 153 133 123 83 71 0 122 200 
4500 50 0 84 200 
4500 51 133 123 83 71 0 84 200 
4500 52 111 83 0 84 200 
4500 53 97 71 0 
4500 54 97 71 0 
4500 55 0 84 
4500 56 153 111 0 84 
4500 57 111 83 71 0 84 200 
4500 58 0 200 
4500 59 71 0 
4500 60 97 133 123 71 0 84 200 209 
4500 61 97 153 111 133 123 83 71 0 84 200 209 
4500 62 133 83 71 0 84 200 
4500 63 153 111 133 83 71 0 200 
4500 64 97 133 83 71 0 200 
4500 65 153 111 83 71 0 84 200 
4500 66 97 133 123 71 0 84 200 209 
4500 67 83 71 0 84 
4500 68 111 83 0 200 
4500 69 111 0 122 
4500 70 153 111 133 123 83 71 0 84 147 200 
4500 71 135 2 83 111 0 96 153 35 23 24 43 11 70 93 94 74 20 27 49 77 51 32 57 61 63 86 26 6 31 66 102 46 73 53 54 60 85 64 88 154 155 81 65 90 76 87 21 42 47 59 62 67 95 142 181 184 188 196 
4500 72 111 0 122 
4500 73 97 133 83 71 0 84 200 
4500 74 153 111 133 123 83 71 0 200 
4500 75 83 0 84 200 
4500 76 111 71 0 84 200 
4500 77 71 0 
4500 78 111 0 84 200 
4500 79 97 0 200 
4500 80 153 83 0 84 
4500 81 153 111 83 71 0 84 200 
4500 82 0 201 
4500 83 147 2 153 71 0 84 122 200 40 134 68 24 43 11 70 94 74 48 49 51 52 32 57 61 63 86 100 101 46 73 105 108 109 110 33 64 114 115 151 80 81 202 65 19 90 22 87 21 28 37 47 62 67 75 207 158 136 164 143 173 126 
4500 84 83 133 43 0 200 70 94 48 51 52 78 57 61 86 66 99 104 73 60 33 151 154 140 80 56 155 81 202 203 65 90 76 87 42 44 45 50 55 62 67 75 92 207 158 204 179 176 191 128 214 157 169 171 
4500 85 97 71 0 
4500 86 153 111 133 123 83 71 120 0 84 200 209 
4500 87 111 133 123 83 71 0 84 200 209 
4500 88 97 71 0 209 
4500 89 0 200 
4500 90 111 133 123 83 71 0 84 147 200 
4500 91 0 201 
4500 92 0 84 200 
4500 93 148 97 149 71 0 135 201 205 
4500 94 153 111 133 83 71 0 84 122 200 209 
4500 95 71 0 
4500 96 71 0 
4500 97 15 0 111 35 23 24 93 20 27 32 61 6 98 66 99 100 101 102 103 1 41 10 14 46 104 73 105 106 107 108 109 110 53 54 79 60 33 112 85 64 113 114 115 88 
4500 98 97 135 124 200 
4500 99 97 84 135 201 
4500 100 97 83 200 
4500 101 97 83 135 124 201 208 
4500 102 97 71 135 208 
4500 103 97 135 
4500 104 97 84 135 201 
4500 105 97 149 83 
4500 106 97 135 
4500 107 97 200 
4500 108 97 83 135 124 200 
4500 109 97 83 135 201 
4500 110 97 83 
4500 111 2 97 153 71 68 69 43 11 70 72 94 74 48 52 78 57 61 63 86 151 152 56 36 81 65 19 90 38 22 76 130 34 87 161 
4500 112 97 135 124 201 208 
4500 113 97 135 200 206 
4500 114 97 149 83 
4500 115 97 83 135 201 
4500 116 120 119 149 124 201 206 208 121 118 117 
4500 117 39 135 116 
4500 118 116 
4500 119 25 120 116 
4500 120 86 149 116 124 201 206 208 119 132 121 
4500 121 25 120 116 
4500 122 83 69 123 72 94 49 42 
4500 123 70 153 122 200 74 49 51 61 86 66 60 90 87 13 9 156 
4500 124 15 201 16 17 2 125 35 24 32 120 26 6 31 98 101 1 108 112 21 116 126 128 13 127 170 
4500 125 149 135 124 201 
4500 126 83 135 124 
4500 127 124 
4500 128 84 135 139 124 200 
4500 129 200 
4500 130 111 200 
4500 131 135 211 
4500 132 25 120 39 
4500 133 0 134 153 84 11 70 94 74 49 51 61 63 86 66 46 73 60 64 90 87 42 62 
4500 134 153 133 83 
4500 135 15 71 200 125 35 23 24 43 139 93 20 27 32 26 6 31 98 99 101 102 103 1 14 104 106 108 109 112 113 115 140 21 117 44 45 142 136 143 126 128 131 137 138 141 144 145 146 174 186 
4500 136 83 135 201 
4500 137 135 201 
4500 138 135 201 
4500 139 43 135 215 34 28 143 128 214 178 212 213 5 4 210 216 217 159 
4500 140 153 84 135 
4500 141 135 
4500 142 71 135 
4500 143 83 135 139 200 
4500 144 135 201 
4500 145 135 201 
4500 146 135 
4500 147 15 83 200 16 11 70 19 90 22 190 
4500 148 15 12 149 16 35 24 93 32 25 26 6 7 29 30 31 150 215 160 
4500 149 15 148 208 16 2 125 35 23 24 93 20 27 32 120 25 39 26 6 7 30 31 150 105 114 36 19 22 21 18 28 116 37 4 210 
4500 150 148 149 
4500 151 153 111 83 84 
4500 152 153 111 200 
4500 153 111 83 134 71 133 11 70 123 94 74 49 61 63 86 151 152 154 140 80 56 36 155 81 202 203 65 163 
4500 154 153 71 84 200 
4500 155 153 71 84 
4500 156 123 
4500 157 84 
4500 158 83 84 201 
4500 159 139 
4500 160 148 
4500 161 111 
4500 162 
4500 163 153 
4500 164 83 201 
4500 165 12 
4500 166 3 
4500 167 
4500 168 201 
4500 169 84 
4500 170 124 
4500 171 84 
4500 172 3 
4500 173 83 201 
4500 174 135 
4500 175 
4500 176 84 201 
4500 177 200 
4500 178 139 
4500 179 84 201 
4500 180 0 
4500 181 71 
4500 182 
4500 183 0 
4500 184 71 
4500 185 0 
4500 186 135 
4500 187 
4500 188 71 
4500 189 200 
4500 190 147 
4500 191 84 201 
4500 192 200 
4500 193 
4500 194 200 
4500 195 12 
4500 196 71 
4500 197 
4500 198 3 
4500 199 200 
4500 200 135 147 201 2 83 0 40 68 43 84 11 70 123 94 74 48 49 51 52 78 57 61 63 86 98 66 100 41 14 73 107 108 79 60 33 64 113 152 154 36 81 202 203 65 19 90 22 76 130 34 87 42 50 58 62 75 89 92 143 204 128 9 129 177 189 192 194 199 
4500 201 15 124 200 125 35 23 24 93 20 27 32 120 25 26 6 30 31 99 101 104 109 112 115 116 44 45 82 91 158 136 164 173 179 176 191 137 138 144 145 216 217 168 
4500 202 153 83 84 200 
4500 203 153 84 200 
4500 204 84 200 
4500 205 15 16 93 
4500 206 15 16 17 120 25 30 113 116 
4500 207 83 84 
4500 208 15 149 32 120 25 30 101 102 112 116 
4500 209 0 94 61 86 66 60 88 87 37 42 
4500 210 149 139 
4500 211 17 2 25 39 30 1 131 13 
4500 212 139 
4500 213 139 
4500 214 84 139 
4500 215 148 139 
4500 216 139 201 
4500 217 139 201 
5400 0 2 75 125 188 197 88 38 62 33 89 63 21 22 11 64 76 65 85 86 67 18 44 25 45 69 47 48 70 30 53 56 58 78 24 6 29 60 39 42 66 49 50 71 55 31 77 80 72 52 34 73 59 17 82 36 20 68 32 79 19 16 26 35 40 41 43 46 51 54 57 61 74 81 83 84 87 169 172 174 
5400 1 89 3 127 116 199 
5400 2 140 103 75 0 116 188 199 
5400 3 14 33 21 22 18 25 30 23 24 6 7 27 28 29 1 13 31 34 17 20 32 19 16 26 157 162 186 
5400 4 140 131 
5400 5 131 
5400 6 89 140 3 0 127 116 189 
5400 7 140 3 
5400 9 115 188 
5400 10 89 
5400 11 144 103 125 75 0 139 188 
5400 12 115 116 199 
5400 13 89 3 127 188 
5400 14 140 3 139 116 193 194 
5400 15 116 194 199 
5400 16 140 3 0 
5400 17 140 103 75 3 0 139 188 
5400 18 89 140 3 0 127 189 
5400 19 140 75 3 0 127 116 
5400 20 140 103 75 3 0 139 188 
5400 21 89 140 3 0 127 189 
5400 22 89 140 75 3 0 127 116 189 
5400 23 140 3 37 189 194 196 199 111 124 113 
5400 24 140 3 0 127 116 189 
5400 25 89 140 3 0 127 189 
5400 26 140 75 3 0 131 
5400 27 3 
5400 28 140 3 37 189 194 196 199 
5400 29 140 3 0 127 116 189 
5400 30 89 140 75 3 0 127 116 189 196 
5400 31 89 75 3 0 76 188 
5400 32 103 3 0 131 188 
5400 33 89 140 3 0 127 116 189 
5400 34 144 140 103 3 0 188 
5400 35 140 75 0 197 
5400 36 103 0 
5400 37 23 140 199 28 124 109 
5400 38 75 0 188 
5400 39 89 0 188 
5400 40 125 0 76 114 188 197 
5400 41 0 76 127 189 
5400 42 89 125 75 0 
5400 43 75 0 
5400 44 103 75 0 76 188 
5400 45 144 125 115 75 0 114 188 
5400 46 0 76 188 
5400 47 125 115 75 0 76 188 
5400 48 103 75 0 76 188 
5400 49 89 0 
5400 50 89 0 
5400 51 0 76 
5400 52 144 103 0 76 
5400 53 103 75 0 76 188 
5400 54 0 
5400 55 89 125 115 0 76 188 197 
5400 56 89 144 103 125 115 75 0 76 188 197 
5400 57 125 75 0 76 188 
5400 58 144 103 125 75 0 188 
5400 59 144 103 75 0 76 188 
5400 60 89 125 115 0 76 188 197 
5400 61 75 0 76 
5400 62 103 75 0 188 
5400 63 103 0 114 
5400 64 144 103 125 115 75 0 76 139 188 
5400 65 103 0 114 
5400 66 89 125 75 0 76 188 
5400 67 144 103 125 115 75 0 188 
5400 68 103 0 76 188 
5400 69 0 
5400 70 103 0 76 188 
5400 71 89 0 188 
5400 72 144 75 0 76 
5400 73 144 103 75 0 76 188 
5400 74 0 189 
5400 75 139 2 144 0 76 114 188 38 126 62 22 11 64 86 67 44 45 47 48 30 53 56 58 78 92 93 42 66 97 100 101 102 31 106 107 142 72 73 190 59 17 82 20 79 19 26 35 43 57 61 195 149 128 155 135 163 118 
5400 76 75 125 64 0 188 86 44 47 48 70 53 56 78 60 91 96 66 55 31 142 145 132 72 52 146 73 190 191 59 82 68 79 40 41 46 51 57 61 84 195 149 192 168 179 120 201 148 159 161 
5400 77 89 0 
5400 78 144 103 125 115 75 112 0 76 188 197 
5400 79 103 125 115 75 0 76 188 197 
5400 80 89 0 197 
5400 81 0 188 
5400 82 103 125 115 75 0 76 139 188 
5400 83 0 189 
5400 84 0 76 188 
5400 85 89 140 0 127 189 193 
5400 86 144 103 125 75 0 76 114 188 197 
5400 87 0 
5400 88 0 
5400 89 103 33 0 21 22 85 18 25 30 56 6 90 60 91 92 93 94 95 1 39 10 13 42 96 66 97 98 99 100 101 102 49 50 71 55 31 104 77 105 106 107 80 
5400 90 89 127 116 188 
5400 91 89 76 127 189 
5400 92 89 75 188 
5400 93 89 75 127 116 189 196 
5400 94 89 127 196 
5400 95 89 127 
5400 96 89 76 127 189 
5400 97 89 140 75 
5400 98 89 127 
5400 99 89 188 
5400 100 89 75 127 116 188 
5400 101 89 75 127 189 
5400 102 89 75 
5400 103 2 89 144 62 63 11 64 65 86 67 44 48 70 53 56 58 78 142 143 52 34 73 59 17 82 36 20 68 122 32 79 152 
5400 104 89 127 116 189 196 
5400 105 89 127 188 194 
5400 106 89 140 75 
5400 107 89 75 127 189 
5400 108 112 111 140 116 189 194 196 113 110 109 
5400 109 37 127 108 
5400 110 108 
5400 111 23 112 108 
5400 112 78 140 108 116 189 194 196 111 124 113 
5400 113 23 112 108 
5400 114 75 63 115 65 86 45 40 
5400 115 64 144 114 188 67 45 47 56 78 60 55 82 79 12 9 147 
5400 116 14 189 15 2 117 33 22 30 112 24 6 29 90 93 1 100 104 19 108 118 120 12 119 160 
5400 117 140 127 116 189 
5400 118 75 127 116 
5400 119 116 
5400 120 76 127 131 116 188 
5400 121 188 
5400 122 103 188 
5400 123 127 199 
5400 124 23 112 37 
5400 125 0 126 144 76 11 64 86 67 45 47 56 58 78 60 42 66 55 82 79 40 57 
5400 126 144 125 75 
5400 127 117 188 33 21 22 85 18 25 30 24 6 29 131 90 91 93 94 95 1 13 96 98 100 101 104 105 107 132 19 109 41 134 128 135 118 120 123 129 130 133 136 137 138 164 175 
5400 128 75 127 189 
5400 129 127 189 
5400 130 127 189 
5400 131 202 127 32 26 135 120 201 167 200 5 4 198 203 204 150 
5400 132 144 76 127 
5400 133 127 
5400 134 127 
5400 135 75 127 131 188 
5400 136 127 189 
5400 137 127 189 
5400 138 127 
5400 139 14 75 188 11 64 17 82 20 
5400 140 14 196 2 117 33 21 22 85 18 25 30 112 23 37 24 6 7 28 29 141 97 106 34 17 20 19 16 26 108 35 4 198 
5400 141 140 
5400 142 144 103 75 76 
5400 143 144 103 188 
5400 144 103 75 126 125 11 64 115 86 67 45 56 58 78 142 143 145 132 72 52 34 146 73 190 191 59 154 
5400 145 144 76 188 
5400 146 144 76 
5400 147 115 
5400 148 76 
5400 149 75 76 189 
5400 150 131 
5400 151 
5400 152 103 
5400 153 
5400 154 144 
5400 155 75 189 
5400 156 
5400 157 3 
5400 158 
5400 159 76 
5400 160 116 
5400 161 76 
5400 162 3 
5400 163 75 189 
5400 164 127 
5400 165 
5400 166 188 
5400 167 131 
5400 168 76 189 
5400 169 0 
5400 170 
5400 171 
5400 172 0 
5400 173 
5400 174 0 
5400 175 127 
5400 176 
5400 177 
5400 178 188 
5400 179 76 189 
5400 180 188 
5400 181 
5400 182 188 
5400 183 
5400 184 
5400 185 
5400 186 3 
5400 187 188 
5400 188 139 2 75 0 38 127 189 62 11 64 115 76 86 67 44 45 47 48 70 53 56 58 78 90 60 92 39 13 66 99 100 71 55 31 105 143 145 34 73 190 191 59 17 82 20 68 122 32 79 40 46 57 81 84 135 192 120 9 121 166 178 180 182 187 
5400 189 116 117 188 33 21 22 85 18 25 30 112 23 24 6 28 29 91 93 96 101 104 107 108 41 74 83 149 128 155 163 168 179 129 130 136 137 203 204 
5400 190 144 75 76 188 
5400 191 144 76 188 
5400 192 76 188 
5400 193 14 85 
5400 194 14 15 112 23 28 105 108 
5400 195 75 76 
5400 196 140 30 112 23 28 93 94 104 108 
5400 197 0 86 56 78 60 55 80 79 35 40 
5400 198 140 131 
5400 199 15 2 23 37 28 1 123 12 
5400 200 131 
5400 201 76 131 
5400 202 131 
5400 203 131 189 
5400 204 131 189 
6300 0 2 73 118 185 85 37 60 32 86 61 20 21 11 62 74 63 83 65 17 43 24 44 67 46 47 68 29 52 55 57 76 23 6 28 38 41 64 48 49 69 54 30 75 78 70 51 33 71 58 16 80 35 19 66 31 77 18 25 34 39 40 42 45 50 53 56 59 72 79 81 82 84 159 162 
6300 1 86 3 120 110 187 
6300 2 98 73 0 110 187 
6300 3 14 32 20 21 17 24 29 22 23 6 7 26 27 28 1 13 30 33 16 19 31 18 25 148 153 175 
6300 4 123 
6300 5 123 
6300 6 86 3 0 120 110 177 
6300 7 3 
6300 9 109 
6300 10 86 
6300 11 135 98 118 73 0 131 
6300 12 109 110 187 
6300 13 86 3 120 
6300 14 3 131 110 181 182 
6300 15 110 182 187 
6300 16 98 73 3 0 131 
6300 17 86 3 0 120 177 
6300 18 73 3 0 120 110 
6300 19 98 73 3 0 131 
6300 20 86 3 0 120 177 
6300 21 86 73 3 0 120 110 177 
6300 22 3 36 177 182 184 187 106 117 108 
6300 23 3 0 120 110 177 
6300 24 86 3 0 120 177 
6300 25 73 3 0 123 
6300 26 3 
6300 27 3 36 177 182 184 187 
6300 28 3 0 120 110 177 
6300 29 86 73 3 0 120 110 177 184 
6300 30 86 73 3 0 74 
6300 31 98 3 0 123 
6300 32 86 3 0 120 110 177 
6300 33 135 98 3 0 
6300 34 73 0 185 
6300 35 98 0 
6300 36 22 187 27 117 104 
6300 37 73 0 
6300 38 86 0 
6300 39 118 0 74 185 
6300 40 0 74 120 177 
6300 41 86 118 73 0 
6300 42 73 0 
6300 43 98 73 0 74 
6300 44 135 118 109 73 0 
6300 45 0 74 
6300 46 118 109 73 0 74 
6300 47 98 73 0 74 
6300 48 86 0 
6300 49 86 0 
6300 50 0 74 
6300 51 135 98 0 74 
6300 52 98 73 0 74 
6300 53 0 
6300 54 86 118 109 0 74 185 
6300 55 86 135 98 118 109 73 0 74 185 
6300 56 118 73 0 74 
6300 57 135 98 118 73 0 
6300 58 135 98 73 0 74 
6300 59 73 0 74 
6300 60 98 73 0 
6300 61 98 0 
6300 62 135 98 118 109 73 0 74 131 
6300 63 98 0 
6300 64 86 118 73 0 74 
6300 65 135 98 118 109 73 0 
6300 66 98 0 74 
6300 67 0 
6300 68 98 0 74 
6300 69 86 0 
6300 70 135 73 0 74 
6300 71 135 98 73 0 74 
6300 72 0 177 
6300 73 131 2 135 0 74 37 119 60 21 11 62 83 65 43 44 46 47 29 52 55 57 76 89 41 64 93 96 97 30 101 102 133 70 71 178 58 16 80 19 77 18 25 34 42 56 59 183 140 146 127 154 112 
6300 74 73 118 62 0 83 43 46 47 68 52 55 76 88 92 64 54 30 133 136 124 70 51 137 71 178 179 58 80 66 77 39 40 45 50 56 59 82 183 140 180 158 168 189 139 150 152 
6300 75 86 0 
6300 76 135 98 118 109 73 107 0 74 185 
6300 77 98 118 109 73 0 74 185 
6300 78 86 0 185 
6300 79 0 
6300 80 98 118 109 73 0 74 131 
6300 81 0 177 
6300 82 0 74 
6300 83 135 98 118 73 0 74 185 
6300 84 0 
6300 85 0 
6300 86 98 32 0 20 21 17 24 29 55 6 87 88 89 90 91 1 38 10 13 41 92 64 93 94 95 96 97 48 49 69 54 30 99 75 100 101 102 78 
6300 87 86 120 110 
6300 88 86 74 120 177 
6300 89 86 73 
6300 90 86 120 184 
6300 91 86 120 
6300 92 86 74 120 177 
6300 93 86 73 
6300 94 86 120 
6300 95 86 
6300 96 86 73 120 177 
6300 97 86 73 
6300 98 2 86 135 60 61 11 62 63 83 65 43 47 68 52 55 57 76 133 134 51 33 71 58 16 80 35 19 66 115 31 77 143 
6300 99 86 120 110 177 184 
6300 100 86 120 182 
6300 101 86 73 
6300 102 86 73 120 177 
6300 103 107 106 110 177 182 184 108 105 104 
6300 104 36 120 103 
6300 105 103 
6300 106 22 107 103 
6300 107 76 103 110 177 182 184 106 117 108 
6300 108 22 107 103 
6300 109 62 135 65 44 46 55 76 54 80 77 12 9 138 
6300 110 14 177 15 2 111 32 21 29 107 23 6 28 87 1 99 18 103 112 12 113 151 
6300 111 120 110 177 
6300 112 73 120 110 
6300 113 110 
6300 114 
6300 115 98 
6300 116 120 187 
6300 117 22 107 36 
6300 118 0 119 135 74 11 62 83 65 44 46 55 57 76 41 64 54 80 77 39 56 
6300 119 135 118 73 
6300 120 111 32 20 21 17 24 29 23 6 28 123 87 88 90 91 1 13 92 94 96 99 100 102 124 18 104 40 126 127 112 116 121 122 125 128 129 130 164 
6300 121 120 177 
6300 122 120 177 
6300 123 190 120 31 25 127 189 157 188 5 4 186 191 192 141 
6300 124 135 74 120 
6300 125 120 
6300 126 120 
6300 127 73 120 123 
6300 128 120 177 
6300 129 120 177 
6300 130 120 
6300 131 14 73 11 62 16 80 19 
6300 132 
6300 133 135 98 73 74 
6300 134 135 98 
6300 135 98 73 119 118 11 62 109 83 65 44 55 57 76 133 134 136 124 70 51 33 137 71 178 179 58 145 
6300 136 135 74 
6300 137 135 74 
6300 138 109 
6300 139 74 
6300 140 73 74 177 
6300 141 123 
6300 142 
6300 143 98 
6300 144 
6300 145 135 
6300 146 73 177 
6300 147 
6300 148 3 
6300 149 
6300 150 74 
6300 151 110 
6300 152 74 
6300 153 3 
6300 154 73 177 
6300 155 
6300 156 
6300 157 123 
6300 158 74 177 
6300 159 0 
6300 160 
6300 161 
6300 162 0 
6300 163 
6300 164 120 
6300 165 
6300 166 
6300 167 
6300 168 74 177 
6300 169 
6300 170 
6300 171 
6300 172 
6300 173 
6300 174 
6300 175 3 
6300 176 
6300 177 110 111 32 20 21 17 24 29 107 22 23 6 27 28 88 92 96 99 102 103 40 72 81 140 146 154 158 168 121 122 128 129 191 192 
6300 178 135 73 74 
6300 179 135 74 
6300 180 74 
6300 181 14 
6300 182 14 15 107 22 27 100 103 
6300 183 73 74 
6300 184 29 107 22 27 90 99 103 
6300 185 0 83 55 76 54 78 77 34 39 
6300 186 123 
6300 187 15 2 22 36 27 1 116 12 
6300 188 123 
6300 189 74 123 
6300 190 123 
6300 191 123 177 
6300 192 123 177 
