0 0 42 80 155 
0 1 126 250 80 198 54 252 115 155 175 
0 2 284 
0 3 277 220 126 189 18 139 26 151 35 125 
0 4 155 
0 5 155 
0 6 126 42 24 28 154 250 80 198 63 252 115 155 175 
0 7 80 72 271 
0 9 211 80 284 160 
0 10 155 
0 11 226 268 80 
0 12 24 25 28 211 92 119 63 252 160 
0 13 155 
0 14 126 42 80 54 63 110 155 
0 15 25 28 211 252 160 
0 16 155 
0 17 126 28 211 160 
0 18 3 126 24 28 154 80 54 110 252 155 160 
0 19 155 
0 20 211 226 155 175 
0 21 24 28 154 211 250 80 54 252 155 
0 22 155 
0 23 42 24 28 211 226 160 
0 24 277 220 189 18 139 26 35 266 6 269 281 133 173 209 227 12 21 144 158 159 51 52 176 178 67 191 76 199 23 264 104 206 
0 25 12 155 144 213 176 178 104 206 15 99 100 27 
0 26 3 42 24 80 54 155 271 
0 27 25 28 198 119 107 115 
0 28 126 250 18 154 211 78 160 238 35 125 226 285 17 142 266 146 6 269 33 34 152 37 39 157 41 281 282 133 49 173 60 184 66 70 195 86 87 209 214 94 102 227 113 236 118 12 21 144 159 51 176 178 76 199 23 104 206 15 99 100 27 30 31 32 36 38 43 65 71 74 83 91 98 103 109 111 112 117 120 122 134 135 141 164 165 166 170 181 200 201 203 208 231 243 246 251 255 259 267 275 279 283 
0 29 155 
0 30 28 211 226 268 119 160 
0 31 42 28 160 
0 32 28 154 226 250 78 47 160 238 
0 33 126 28 154 211 226 80 119 284 160 197 
0 34 126 28 154 211 268 92 78 119 63 160 197 
0 35 3 24 28 198 252 
0 36 28 226 80 198 155 175 
0 37 126 28 198 119 47 
0 38 28 226 80 198 155 175 
0 39 126 28 211 226 268 119 160 
0 40 80 155 175 
0 41 126 28 154 80 119 284 160 197 
0 42 277 126 220 139 26 119 14 266 6 269 281 282 133 173 209 102 227 51 23 31 43 71 74 98 117 134 164 200 231 246 267 138 148 180 48 222 183 261 123 186 162 257 169 101 239 128 262 88 0 53 
0 43 42 28 154 211 78 63 
0 44 155 
0 45 215 85 250 54 252 155 175 190 210 124 233 105 
0 46 198 155 
0 47 211 146 82 37 157 60 99 32 112 120 165 53 280 245 
0 48 42 211 252 
0 49 126 28 211 226 119 160 197 
0 50 158 213 215 75 
0 51 42 24 28 154 250 80 198 54 81 110 252 155 175 
0 52 24 110 252 
0 53 42 268 47 63 160 
0 54 220 197 189 18 26 151 125 14 1 266 269 209 227 215 21 159 51 76 199 45 180 222 263 241 187 101 128 256 140 188 193 
0 55 155 
0 56 155 
0 57 211 198 155 175 
0 58 80 198 155 210 
0 59 155 
0 60 126 28 154 211 268 78 47 82 63 160 
0 61 155 
0 62 155 
0 63 14 6 34 152 133 173 60 66 12 144 43 74 164 231 243 138 148 186 169 53 205 245 270 240 
0 64 155 
0 65 28 226 198 160 
0 66 126 28 154 211 226 78 82 63 160 197 
0 67 24 198 110 
0 68 155 
0 69 154 250 80 
0 70 126 28 211 226 119 160 197 
0 71 42 28 154 198 
0 72 158 191 264 105 7 
0 73 155 
0 74 42 28 154 63 
0 75 215 158 107 191 50 105 
0 76 24 28 154 80 54 110 252 155 175 
0 77 284 
0 78 126 28 226 268 258 34 152 60 66 86 102 113 236 32 43 98 103 117 134 164 243 255 267 
0 79 155 
0 80 277 154 160 220 18 139 26 14 1 266 6 269 33 284 41 281 282 133 173 209 227 21 159 51 76 199 233 36 38 120 138 69 129 180 222 174 183 9 237 123 263 162 11 257 241 101 239 128 262 0 240 7 40 58 179 192 196 204 150 242 
0 81 220 266 281 282 209 227 51 129 222 162 257 101 
0 82 152 268 47 160 60 66 214 102 236 98 109 134 243 255 267 280 218 153 
0 83 28 226 268 198 119 
0 84 284 252 
0 85 158 45 215 
0 86 126 28 154 211 268 78 119 160 197 
0 87 126 28 154 211 226 119 160 197 
0 88 42 198 107 
0 89 155 
0 90 155 
0 91 28 160 197 
0 92 220 211 160 189 34 152 12 144 255 
0 93 155 
0 94 126 28 211 226 119 160 
0 95 155 
0 96 211 198 155 175 
0 97 154 226 268 
0 98 42 28 154 226 78 82 160 238 
0 99 25 28 211 47 252 160 197 
0 100 25 28 211 252 238 
0 101 42 250 80 198 54 81 155 175 210 
0 102 126 42 28 154 211 226 268 78 119 82 160 238 
0 103 28 154 211 226 78 160 
0 104 24 25 28 119 284 107 160 
0 105 198 45 72 75 
0 106 155 
0 107 198 209 227 213 75 178 104 206 27 111 259 148 222 169 88 218 153 
0 108 284 252 
0 109 28 226 119 82 155 
0 110 220 252 189 18 14 266 269 281 282 209 227 158 159 51 52 178 67 191 76 199 264 120 256 140 188 225 
0 111 28 211 107 155 
0 112 28 154 211 226 119 47 160 
0 113 126 28 154 211 268 78 119 160 197 
0 114 155 
0 115 220 189 1 266 6 269 281 282 133 173 209 227 213 178 206 27 129 
0 116 155 
0 117 42 28 154 211 78 160 197 
0 118 126 28 154 119 160 197 
0 119 154 125 42 268 142 146 33 34 152 37 39 157 41 49 70 195 86 87 214 94 102 113 236 118 12 144 178 104 206 27 30 83 109 112 122 170 203 243 255 248 273 171 205 
0 120 28 154 80 47 110 155 
0 121 155 
0 122 28 154 211 226 268 119 160 
0 123 42 211 80 155 175 
0 124 158 45 215 
0 125 3 126 28 154 211 119 54 252 155 160 271 
0 126 42 220 3 28 154 226 78 160 238 189 18 151 125 14 285 17 1 258 142 266 146 6 269 33 34 152 37 39 157 41 281 282 133 49 173 60 184 66 70 195 86 87 209 214 94 102 227 113 236 118 
0 127 155 
0 128 42 80 54 160 280 
0 129 211 250 80 198 81 115 155 175 
0 130 226 155 175 
0 131 155 
0 132 211 226 198 
0 133 126 42 24 28 154 250 80 198 63 252 115 155 175 
0 134 42 28 154 226 78 82 160 238 
0 135 28 154 211 226 
0 136 284 155 
0 137 155 
0 138 42 154 250 80 63 210 
0 139 3 42 24 80 160 
0 140 198 54 110 271 
0 141 28 211 160 
0 142 126 28 211 119 160 
0 143 226 155 175 
0 144 24 25 28 211 92 119 63 252 160 
0 145 155 
0 146 126 28 198 119 47 
0 147 155 
0 148 42 211 250 63 107 160 
0 149 155 
0 150 80 198 155 
0 151 3 126 54 155 190 271 
0 152 126 28 154 211 226 268 92 78 119 82 63 160 
0 153 82 107 160 
0 154 80 126 250 18 28 198 119 125 211 285 268 266 6 269 33 34 152 41 281 282 133 173 60 184 66 86 87 209 102 227 113 236 118 21 159 51 76 199 32 43 71 74 98 103 112 117 120 122 134 135 164 165 170 203 231 243 246 255 259 267 283 138 168 69 97 
0 155 220 189 18 26 151 125 14 1 258 266 6 269 281 282 133 173 209 227 215 25 21 158 159 51 191 76 199 264 45 36 38 109 111 120 208 275 129 20 222 174 57 183 237 96 123 263 230 143 130 162 257 224 187 101 262 0 205 193 270 40 58 179 196 204 150 242 247 136 46 13 16 19 22 29 44 55 56 59 61 62 64 68 73 79 89 90 93 95 106 114 116 121 127 10 131 137 145 147 149 156 161 163 167 185 194 202 212 216 217 219 221 228 234 244 249 254 260 265 272 274 278 4 5 
0 156 155 
0 157 126 28 198 119 47 
0 158 24 213 250 72 75 110 252 155 175 190 210 271 85 50 124 
0 159 24 28 154 80 54 110 252 155 175 
0 160 277 80 126 250 92 175 18 28 139 125 211 226 17 142 33 34 152 82 39 41 49 60 66 70 195 86 87 94 102 113 236 118 12 144 23 104 206 15 99 30 31 32 65 91 98 103 112 117 122 134 141 164 165 166 170 181 200 203 243 251 255 267 279 168 148 180 9 232 253 235 241 169 239 128 53 273 171 205 245 218 153 270 244 278 
0 161 155 
0 162 42 226 250 80 198 81 155 175 
0 163 155 
0 164 42 28 154 211 226 78 63 160 
0 165 28 154 211 226 47 160 238 
0 166 28 211 226 160 
0 167 155 
0 168 154 226 268 160 
0 169 42 250 63 107 160 
0 170 28 154 226 119 160 
0 171 268 119 160 
0 172 220 189 282 209 
0 173 126 42 24 28 154 250 80 198 63 252 115 155 175 
0 174 211 250 80 155 175 
0 175 220 160 1 266 6 269 281 282 133 173 209 227 215 158 159 51 191 76 199 264 45 36 38 208 275 129 20 222 174 57 183 237 96 123 230 143 130 162 257 224 187 101 40 196 204 
0 176 24 25 28 211 284 252 
0 177 284 
0 178 24 25 28 198 119 107 110 252 115 
0 179 80 155 
0 180 42 211 80 54 160 
0 181 28 226 160 
0 182 284 
0 183 42 211 80 155 175 
0 184 126 28 154 
0 185 155 
0 186 42 211 63 
0 187 250 54 252 155 175 190 210 
0 188 54 110 271 
0 189 3 126 24 198 92 54 110 252 115 155 172 190 
0 190 220 189 151 215 158 191 264 45 187 239 
0 191 24 213 250 72 75 110 252 155 175 190 210 271 
0 192 80 284 
0 193 54 155 
0 194 155 
0 195 126 28 226 119 160 197 
0 196 80 198 155 175 
0 197 250 54 33 34 41 49 66 70 195 86 87 113 118 99 91 117 251 255 232 253 235 280 
0 198 220 211 226 268 107 189 154 35 1 266 146 6 269 37 157 133 173 209 214 227 213 51 178 67 27 36 38 65 71 83 283 129 132 222 57 237 96 162 257 241 101 262 88 280 105 256 140 240 58 196 150 242 46 225 
0 199 24 28 154 80 54 110 252 155 175 
0 200 42 28 160 
0 201 28 211 226 268 
0 202 155 
0 203 28 154 211 226 268 119 160 
0 204 80 155 175 
0 205 119 63 155 160 
0 206 24 25 28 250 268 119 107 252 115 160 
0 207 284 
0 208 28 155 175 
0 209 126 42 24 28 154 211 250 80 198 54 81 107 110 252 115 155 175 172 210 
0 210 220 209 227 215 158 191 264 45 138 222 187 101 58 
0 211 250 198 92 28 125 154 226 268 47 160 17 258 142 269 33 34 152 39 281 49 60 66 70 86 87 209 94 102 227 113 236 12 21 144 176 23 15 99 100 30 43 103 111 112 117 122 135 141 164 165 166 201 203 243 255 248 129 132 20 148 180 276 48 222 174 57 183 9 237 261 96 123 263 230 232 186 
0 212 155 
0 213 158 25 198 107 252 115 271 191 50 233 
0 214 126 28 198 119 82 
0 215 236 250 45 54 75 252 155 175 190 210 85 50 124 
0 216 155 
0 217 155 
0 218 82 107 160 
0 219 155 
0 220 3 126 42 24 250 80 198 92 54 81 110 252 115 155 175 172 190 210 
0 221 155 
0 222 42 211 250 80 198 54 81 107 155 175 210 
0 223 284 
0 224 226 155 175 
0 225 198 110 252 
0 226 126 250 198 211 28 160 78 33 152 39 49 66 70 195 87 94 102 236 23 30 32 36 38 65 83 98 103 109 112 122 134 135 164 165 166 170 181 201 203 243 255 267 279 168 97 248 132 20 276 230 232 253 143 130 162 11 257 224 235 241 
0 227 126 42 24 28 154 211 250 80 198 54 81 107 110 252 115 155 175 210 
0 228 155 
0 229 284 
0 230 211 226 155 175 
0 231 42 28 154 63 
0 232 211 226 268 160 197 
0 233 213 80 45 
0 234 155 
0 235 226 268 160 197 
0 236 126 28 154 211 226 268 78 215 119 82 160 238 
0 237 211 80 198 155 175 
0 238 126 28 102 236 100 32 98 134 165 243 246 267 245 
0 239 42 250 80 160 190 
0 240 80 198 63 284 
0 241 226 80 198 54 284 160 
0 242 80 198 155 
0 243 28 154 211 226 78 119 82 63 160 238 
0 244 155 160 
0 245 47 63 160 238 
0 246 42 28 154 238 
0 247 284 155 
0 248 211 226 268 119 
0 249 155 
0 250 220 28 154 211 226 268 160 197 1 266 6 269 281 282 133 173 209 227 215 21 158 51 191 264 206 45 32 138 69 129 148 222 174 263 162 257 169 187 101 239 
0 251 28 160 197 
0 252 220 110 189 18 35 125 1 266 6 269 281 282 133 173 209 227 215 12 21 144 158 213 159 51 52 176 178 191 76 199 264 206 45 15 99 100 48 261 187 108 84 225 
0 253 226 160 197 
0 254 155 
0 255 28 154 211 226 92 78 119 82 160 197 
0 256 198 54 110 271 
0 257 42 226 250 80 198 81 155 175 
0 258 126 211 268 78 155 
0 259 28 154 107 
0 260 155 
0 261 42 211 252 
0 262 42 80 198 155 
0 263 211 250 80 54 155 
0 264 24 250 72 110 252 155 175 190 210 271 
0 265 155 
0 266 126 42 24 28 154 250 80 198 54 81 110 252 115 155 175 
0 267 42 28 154 226 78 82 160 238 
0 268 250 198 211 119 78 258 154 34 152 82 39 60 86 102 113 236 206 30 83 122 201 203 168 97 248 276 232 11 235 53 273 171 
0 269 126 42 24 28 154 211 250 80 198 54 110 252 115 155 175 
0 270 63 155 160 
0 271 26 151 125 158 213 191 264 256 140 188 7 
0 272 155 
0 273 268 119 160 
0 274 155 
0 275 28 155 175 
0 276 211 226 268 
0 277 3 42 24 80 160 
0 278 155 160 
0 279 28 226 160 
0 280 198 128 47 82 197 
0 281 126 42 24 28 154 211 250 80 81 110 252 115 155 175 
0 282 126 42 28 154 250 80 81 110 252 115 155 175 172 
0 283 28 154 198 
0 284 33 80 41 176 104 9 241 240 192 247 136 177 223 2 77 229 108 84 207 182 
0 285 126 28 154 
900 0 41 79 147 
900 1 120 237 79 53 239 110 147 167 
900 2 269 
900 3 262 208 120 179 18 132 26 34 119 
900 4 147 
900 5 147 
900 6 120 41 24 28 146 237 79 62 239 110 147 167 
900 7 79 71 256 
900 9 199 79 269 152 
900 10 147 
900 11 214 253 79 
900 12 24 25 28 199 90 114 62 239 152 
900 13 147 
900 14 120 41 79 53 62 106 147 
900 15 25 28 199 239 152 
900 16 147 
900 17 120 28 199 152 
900 18 3 120 24 28 146 79 53 106 239 147 152 
900 19 147 
900 20 199 214 147 167 
900 21 24 28 146 199 237 79 53 239 147 
900 22 147 
900 23 41 24 28 199 214 152 
900 24 262 208 179 18 132 26 34 6 254 266 126 165 197 215 12 21 137 150 151 50 51 168 170 66 181 75 188 23 250 101 194 
900 25 12 147 137 201 168 170 101 194 15 96 97 27 
900 26 3 41 24 79 53 147 256 
900 27 25 28 114 103 110 
900 28 120 237 18 146 199 77 152 225 34 119 214 270 17 135 139 6 254 32 33 144 36 38 149 40 266 267 126 48 165 59 65 69 185 85 197 202 92 99 215 109 224 113 12 21 137 151 50 168 170 75 188 23 101 194 15 96 97 27 30 31 35 37 42 64 70 73 82 89 95 100 105 107 108 112 115 117 127 128 134 156 157 158 162 173 189 190 192 196 219 230 233 238 242 245 252 260 264 268 
900 29 147 
900 30 41 28 152 
900 31 28 146 214 237 77 46 152 225 
900 32 120 28 146 199 214 79 114 269 152 187 
900 33 120 28 146 199 253 90 77 114 62 152 187 
900 34 3 24 28 239 
900 35 28 214 79 147 167 
900 36 120 28 114 46 
900 37 28 214 79 147 167 
900 38 120 28 199 214 253 114 152 
900 39 79 147 167 
900 40 120 28 146 79 114 269 152 187 
900 41 262 120 208 132 26 114 14 6 254 266 267 126 165 197 99 215 50 23 30 42 70 73 95 112 127 156 189 219 233 252 131 141 172 47 210 175 247 118 154 161 98 226 122 248 86 0 52 
900 42 41 28 146 199 77 62 
900 43 147 
900 44 203 84 237 53 239 147 167 180 198 221 
900 45 147 
900 46 199 139 81 36 149 59 96 31 108 115 157 52 265 232 
900 47 41 199 239 
900 48 120 28 199 214 114 152 187 
900 49 150 201 203 74 
900 50 41 24 28 146 237 79 53 80 106 239 147 167 
900 51 24 106 239 
900 52 41 253 46 62 152 
900 53 208 187 179 18 26 119 14 1 254 197 215 203 21 151 50 75 188 44 172 210 249 228 177 98 122 243 133 178 183 
900 54 147 
900 55 147 
900 56 199 147 167 
900 57 79 147 198 
900 58 147 
900 59 120 28 146 199 253 77 46 81 62 152 
900 60 147 
900 61 147 
900 62 14 6 33 144 126 165 59 65 12 137 42 73 156 219 230 131 141 161 52 232 255 227 
900 63 147 
900 64 28 214 152 
900 65 120 28 146 199 214 77 81 62 152 187 
900 66 24 106 
900 67 147 
900 68 146 237 79 
900 69 120 28 199 214 114 152 187 
900 70 41 28 146 
900 71 150 181 250 7 
900 72 147 
900 73 41 28 146 62 
900 74 203 150 103 181 49 
900 75 24 28 146 79 53 106 239 147 167 
900 76 269 
900 77 120 28 214 253 244 33 144 59 65 85 99 109 224 31 42 95 100 112 127 156 230 242 252 
900 78 147 
900 79 262 146 152 208 18 132 26 14 1 6 254 32 269 40 266 267 126 165 197 215 21 151 50 75 188 221 35 37 115 131 68 123 172 210 166 175 9 118 249 154 11 228 98 226 122 248 0 227 7 39 57 171 182 186 193 143 229 
900 80 208 266 267 197 215 50 123 210 154 98 
900 81 144 253 46 152 59 65 202 99 224 95 105 127 230 242 252 265 206 145 
900 82 28 214 253 114 
900 83 269 239 
900 84 150 44 203 
900 85 120 28 146 199 253 77 114 152 187 
900 86 41 103 
900 87 147 
900 88 147 
900 89 28 152 187 
900 90 208 199 152 179 33 144 12 137 242 
900 91 147 
900 92 120 28 199 214 114 152 
900 93 147 
900 94 199 147 167 
900 95 41 28 146 214 77 81 152 225 
900 96 25 28 199 46 239 152 187 
900 97 25 28 199 239 225 
900 98 41 237 79 53 80 147 167 198 
900 99 120 41 28 146 199 214 253 77 114 81 152 225 
900 100 28 146 199 214 77 152 
900 101 24 25 28 114 269 103 152 
900 102 147 
900 103 197 215 201 74 170 101 194 27 107 245 141 210 161 86 206 145 
900 104 269 239 
900 105 28 214 114 81 147 
900 106 208 239 179 18 14 254 266 267 197 215 150 151 50 51 170 66 181 75 188 250 115 243 133 178 213 
900 107 28 199 103 147 
900 108 28 146 199 214 114 46 152 
900 109 120 28 146 199 253 77 114 152 187 
900 110 208 179 1 6 254 266 267 126 165 197 215 201 170 194 27 123 
900 111 147 
900 112 41 28 146 199 77 152 187 
900 113 120 28 146 114 152 187 
900 114 146 119 41 253 135 139 32 33 144 36 38 149 40 48 69 185 85 202 92 99 109 224 113 12 137 170 101 194 27 82 105 108 117 162 192 230 242 235 258 163 
900 115 28 146 79 46 106 147 
900 116 147 
900 117 28 146 199 214 253 114 152 
900 118 41 199 79 147 167 
900 119 3 120 28 146 199 114 53 239 147 152 256 
900 120 41 208 3 28 146 214 77 152 225 179 18 119 14 270 17 1 244 135 139 6 254 32 33 144 36 38 149 40 266 267 126 48 165 59 65 69 185 85 197 202 92 99 215 109 224 113 
900 121 147 
900 122 41 79 53 152 265 
900 123 199 237 79 80 110 147 167 
900 124 147 
900 125 199 214 
900 126 120 41 24 28 146 237 79 62 239 110 147 167 
900 127 41 28 146 214 77 81 152 225 
900 128 28 146 199 214 
900 129 269 147 
900 130 147 
900 131 41 146 237 79 62 198 
900 132 3 41 24 79 152 
900 133 53 106 256 
900 134 28 199 152 
900 135 120 28 199 114 152 
900 136 214 147 167 
900 137 24 25 28 199 90 114 62 239 152 
900 138 147 
900 139 120 28 114 46 
900 140 147 
900 141 41 199 237 62 103 152 
900 142 147 
900 143 79 147 
900 144 120 28 146 199 214 253 90 77 114 81 62 152 
900 145 81 103 152 
900 146 79 120 237 18 28 114 119 199 270 253 6 254 32 33 144 40 266 267 126 165 59 65 85 197 99 215 109 224 113 21 151 50 75 188 31 42 70 73 95 100 108 112 115 117 127 128 156 157 162 192 219 230 233 242 245 252 268 131 160 68 
900 147 208 179 18 26 119 14 1 244 6 254 266 267 126 165 197 215 203 25 21 150 151 50 181 75 188 250 44 35 37 105 107 115 196 260 123 20 210 166 56 175 94 118 249 218 136 154 212 177 98 248 0 183 255 39 57 171 186 193 143 229 234 129 45 13 16 19 22 29 43 54 55 58 60 61 63 67 72 78 87 88 91 93 102 111 116 121 10 124 130 138 140 142 148 153 155 159 176 184 191 200 204 205 207 209 216 222 231 236 241 246 251 257 259 263 4 5 
900 148 147 
900 149 120 28 114 46 
900 150 24 201 237 71 74 106 239 147 167 180 198 256 84 49 
900 151 24 28 146 79 53 106 239 147 167 
900 152 262 79 120 237 90 167 18 28 132 119 199 214 17 135 32 33 144 81 38 40 48 59 65 69 185 85 92 99 109 224 113 12 137 23 101 194 15 96 30 31 64 89 95 100 108 112 117 127 134 156 157 158 162 173 189 192 230 238 242 252 264 160 141 172 9 220 240 223 228 161 226 122 52 258 163 232 206 145 255 231 263 
900 153 147 
900 154 41 214 237 79 80 147 167 
900 155 147 
900 156 41 28 146 199 214 77 62 152 
900 157 28 146 199 214 46 152 225 
900 158 28 199 214 152 
900 159 147 
900 160 146 214 253 152 
900 161 41 237 62 103 152 
900 162 28 146 214 114 152 
900 163 253 114 152 
900 164 208 179 267 197 
900 165 120 41 24 28 146 237 79 62 239 110 147 167 
900 166 199 237 79 147 167 
900 167 208 152 1 6 254 266 267 126 165 197 215 203 150 151 50 181 75 188 250 44 35 37 196 260 123 20 210 166 56 175 94 118 218 136 154 212 177 98 39 186 193 
900 168 24 25 28 199 269 239 
900 169 269 
900 170 24 25 28 114 103 106 239 110 
900 171 79 147 
900 172 41 199 79 53 152 
900 173 28 214 152 
900 174 269 
900 175 41 199 79 147 167 
900 176 147 
900 177 237 53 239 147 167 180 198 
900 178 53 106 256 
900 179 3 120 24 90 53 106 239 110 147 164 180 
900 180 208 179 203 150 181 250 44 177 226 
900 181 24 201 237 71 74 106 239 147 167 180 198 256 
900 182 79 269 
900 183 53 147 
900 184 147 
900 185 120 28 214 114 152 187 
900 186 79 147 167 
900 187 237 53 32 33 40 48 65 69 185 85 109 113 96 89 112 238 242 220 240 223 265 
900 188 24 28 146 79 53 106 239 147 167 
900 189 41 28 152 
900 190 28 199 214 253 
900 191 147 
900 192 28 146 199 214 253 114 152 
900 193 79 147 167 
900 194 24 25 28 237 253 114 103 239 110 152 
900 195 269 
900 196 28 147 167 
900 197 120 41 24 28 146 199 237 79 53 80 103 106 239 110 147 167 164 198 
900 198 208 197 215 203 150 181 250 44 131 210 177 98 57 
900 199 237 90 28 119 146 214 253 46 152 17 244 135 254 32 33 144 38 266 48 59 65 69 85 197 92 99 215 109 224 12 21 137 168 23 15 96 97 42 100 107 108 112 117 128 134 156 157 158 190 192 230 242 235 123 125 20 141 172 261 47 210 166 56 175 9 247 94 118 249 218 220 
900 200 147 
900 201 150 25 103 239 110 256 181 49 221 
900 202 120 28 114 81 
900 203 224 237 44 53 74 239 147 167 180 198 84 49 
900 204 147 
900 205 147 
900 206 81 103 152 
900 207 147 
900 208 3 120 41 24 237 79 90 53 80 106 239 110 147 167 164 180 198 
900 209 147 
900 210 41 199 237 79 53 80 103 147 167 198 
900 211 269 
900 212 214 147 167 
900 213 106 239 
900 214 120 237 199 28 152 77 32 144 38 48 65 69 185 92 99 224 23 31 35 37 64 82 95 100 105 108 117 127 128 156 157 158 162 173 190 192 230 242 252 264 160 235 125 20 261 218 220 240 136 154 11 212 223 228 
900 215 120 41 24 28 146 199 237 79 53 80 103 106 239 110 147 167 198 
900 216 147 
900 217 269 
900 218 199 214 147 167 
900 219 41 28 146 62 
900 220 199 214 253 152 187 
900 221 201 79 44 
900 222 147 
900 223 214 253 152 187 
900 224 120 28 146 199 214 253 77 203 114 81 152 225 
900 225 120 28 99 224 97 31 95 127 157 230 233 252 232 
900 226 41 237 79 152 180 
900 227 79 62 269 
900 228 214 79 53 269 152 
900 229 79 147 
900 230 28 146 199 214 77 114 81 62 152 225 
900 231 147 152 
900 232 46 62 152 225 
900 233 41 28 146 225 
900 234 269 147 
900 235 199 214 253 114 
900 236 147 
900 237 208 28 146 199 214 253 152 187 1 6 254 266 267 126 165 197 215 203 21 150 50 181 250 194 44 31 131 68 123 141 210 166 249 154 161 177 98 226 
900 238 28 152 187 
900 239 208 106 179 18 34 119 1 6 254 266 267 126 165 197 215 203 12 21 137 150 201 151 50 51 168 170 181 75 188 250 194 44 15 96 97 47 247 177 104 83 213 
900 240 214 152 187 
900 241 147 
900 242 28 146 199 214 90 77 114 81 152 187 
900 243 53 106 256 
900 244 120 199 253 77 147 
900 245 28 146 103 
900 246 147 
900 247 41 199 239 
900 248 41 79 147 
900 249 199 237 79 53 147 
900 250 24 237 71 106 239 147 167 180 198 256 
900 251 147 
900 252 41 28 146 214 77 81 152 225 
900 253 237 199 114 77 244 146 33 144 81 38 59 85 99 109 224 194 82 117 190 192 160 235 261 220 11 223 52 258 163 
900 254 120 41 24 28 146 199 237 79 53 106 239 110 147 167 
900 255 62 147 152 
900 256 26 119 150 201 181 250 243 133 178 7 
900 257 147 
900 258 253 114 152 
900 259 147 
900 260 28 147 167 
900 261 199 214 253 
900 262 3 41 24 79 152 
900 263 147 152 
900 264 28 214 152 
900 265 122 46 81 187 
900 266 120 41 24 28 146 199 237 79 80 106 239 110 147 167 
900 267 120 41 28 146 237 79 80 106 239 110 147 167 164 
900 268 28 146 
900 269 32 79 40 168 101 9 228 227 182 234 129 169 211 2 76 217 104 83 195 174 
900 270 120 28 146 
1800 0 41 77 145 
1800 1 118 228 77 52 230 108 145 164 
1800 2 257 
1800 3 250 174 118 18 130 26 34 117 
1800 4 145 
1800 5 145 
1800 6 118 41 24 28 144 228 77 60 230 108 145 164 
1800 7 77 69 245 
1800 9 192 77 257 150 
1800 10 145 
1800 11 205 242 77 
1800 12 24 25 28 192 88 112 60 230 150 
1800 13 145 
1800 14 118 41 77 52 60 104 145 
1800 15 25 28 192 230 150 
1800 16 145 
1800 17 118 28 192 150 
1800 18 3 118 24 28 144 77 52 104 230 145 150 
1800 19 145 
1800 20 192 205 145 164 
1800 21 24 28 144 192 228 77 52 230 145 
1800 22 145 
1800 23 41 24 28 192 205 150 
1800 24 250 174 18 130 26 34 6 243 254 124 162 190 206 12 21 135 148 149 50 165 167 64 175 73 182 23 239 99 187 
1800 25 12 145 135 194 165 167 99 187 15 94 95 27 
1800 26 3 41 24 77 52 145 245 
1800 27 25 28 112 101 108 
1800 28 118 18 144 192 75 150 216 34 117 205 258 17 228 133 137 6 243 32 33 142 36 38 147 40 254 255 124 48 162 57 63 67 179 83 190 195 90 97 206 107 215 111 12 21 135 149 165 167 73 182 23 99 187 15 94 95 27 30 31 35 37 42 62 68 71 80 87 93 98 103 105 106 110 113 115 125 126 132 153 154 155 159 170 183 184 185 189 210 221 224 229 233 235 241 249 252 256 
1800 29 145 
1800 30 41 28 150 
1800 31 28 144 205 228 75 46 150 216 
1800 32 118 28 144 192 205 77 112 257 150 181 
1800 33 118 28 144 192 242 88 75 112 60 150 181 
1800 34 3 24 28 230 
1800 35 28 205 77 145 164 
1800 36 118 28 112 46 
1800 37 28 205 77 145 164 
1800 38 118 28 192 205 242 112 150 
1800 39 77 145 164 
1800 40 118 28 144 77 112 257 150 181 
1800 41 250 118 130 26 112 14 6 243 254 255 124 162 190 97 206 23 30 42 68 71 93 110 125 153 183 210 224 241 129 139 169 47 201 172 116 151 158 96 217 120 237 84 0 51 
1800 42 41 28 144 192 75 60 
1800 43 145 
1800 44 196 82 228 52 230 145 164 191 212 
1800 45 145 
1800 46 192 137 79 36 147 57 94 31 106 113 154 51 253 223 
1800 47 41 192 230 
1800 48 118 28 192 205 112 150 181 
1800 49 148 194 196 72 
1800 50 24 104 230 
1800 51 41 242 46 60 150 
1800 52 174 181 18 26 117 14 1 243 190 206 196 21 149 73 182 44 169 201 238 219 96 120 234 131 177 
1800 53 145 
1800 54 145 
1800 55 192 145 164 
1800 56 145 
1800 57 118 28 144 192 242 75 46 79 60 150 
1800 58 145 
1800 59 145 
1800 60 14 6 33 142 124 162 57 63 12 135 42 71 153 210 221 129 139 158 51 223 244 218 
1800 61 145 
1800 62 28 205 150 
1800 63 118 28 144 192 205 75 79 60 150 181 
1800 64 24 104 
1800 65 145 
1800 66 144 228 77 
1800 67 118 28 192 205 112 150 181 
1800 68 41 28 144 
1800 69 148 175 239 7 
1800 70 145 
1800 71 41 28 144 60 
1800 72 196 148 101 175 49 
1800 73 24 28 144 77 52 104 230 145 164 
1800 74 257 
1800 75 118 28 205 242 33 142 57 63 83 97 107 215 31 42 93 98 110 125 153 221 233 241 
1800 76 145 
1800 77 250 144 150 18 130 26 14 1 6 243 32 257 40 254 255 124 162 190 206 21 149 73 182 212 35 37 113 129 66 121 169 201 163 172 9 116 238 151 11 219 96 217 120 237 0 218 7 39 168 176 180 186 141 220 
1800 78 254 255 190 206 121 201 151 96 
1800 79 142 242 46 150 57 63 195 97 215 93 103 125 221 233 241 253 198 143 
1800 80 28 205 242 112 
1800 81 257 230 
1800 82 148 44 196 
1800 83 118 28 144 192 242 75 112 150 181 
1800 84 41 101 
1800 85 145 
1800 86 145 
1800 87 28 150 181 
1800 88 174 192 150 33 142 12 135 233 
1800 89 145 
1800 90 118 28 192 205 112 150 
1800 91 145 
1800 92 192 145 164 
1800 93 41 28 144 205 75 79 150 216 
1800 94 25 28 192 46 230 150 181 
1800 95 25 28 192 230 216 
1800 96 41 228 77 52 78 145 164 191 
1800 97 118 41 28 144 192 205 242 75 112 79 150 216 
1800 98 28 144 192 205 75 150 
1800 99 24 25 28 112 257 101 150 
1800 100 145 
1800 101 190 206 194 72 167 99 187 27 105 235 139 201 158 84 198 143 
1800 102 257 230 
1800 103 28 205 112 79 145 
1800 104 174 230 18 14 243 254 255 190 206 148 149 50 167 64 175 73 182 239 113 234 131 204 
1800 105 28 192 101 145 
1800 106 28 144 192 205 112 46 150 
1800 107 118 28 144 192 242 75 112 150 181 
1800 108 174 1 6 243 254 255 124 162 190 206 194 167 187 27 121 
1800 109 145 
1800 110 41 28 144 192 75 150 181 
1800 111 118 28 144 112 150 181 
1800 112 144 117 41 242 133 137 32 33 142 36 38 147 40 48 67 179 83 195 90 97 107 215 111 12 135 167 99 187 27 80 103 106 115 159 185 221 233 226 247 160 
1800 113 28 144 77 46 104 145 
1800 114 145 
1800 115 28 144 192 205 242 112 150 
1800 116 41 192 77 145 164 
1800 117 3 118 28 144 192 112 52 230 145 150 245 
1800 118 41 174 3 28 144 205 75 150 216 18 117 14 258 17 1 133 137 6 243 32 33 142 36 38 147 40 254 255 124 48 162 57 63 67 179 83 190 195 90 97 206 107 215 111 
1800 119 145 
1800 120 41 77 52 150 253 
1800 121 192 228 77 78 108 145 164 
1800 122 145 
1800 123 192 205 
1800 124 118 41 24 28 144 228 77 60 230 108 145 164 
1800 125 41 28 144 205 75 79 150 216 
1800 126 28 144 192 205 
1800 127 257 145 
1800 128 145 
1800 129 41 144 228 77 60 191 
1800 130 3 41 24 77 150 
1800 131 52 104 245 
1800 132 28 192 150 
1800 133 118 28 192 112 150 
1800 134 205 145 164 
1800 135 24 25 28 192 88 112 60 230 150 
1800 136 145 
1800 137 118 28 112 46 
1800 138 145 
1800 139 41 192 228 60 101 150 
1800 140 145 
1800 141 77 145 
1800 142 118 28 144 192 205 242 88 75 112 79 60 150 
1800 143 79 101 150 
1800 144 77 118 18 28 112 117 192 258 228 6 243 32 33 242 142 40 254 255 124 162 57 63 83 190 97 206 107 215 111 21 149 73 182 31 42 68 71 93 98 106 110 113 115 125 126 153 154 159 185 210 221 224 233 235 241 256 129 157 66 
1800 145 174 18 26 117 14 1 6 243 254 255 124 162 190 206 196 25 21 148 149 175 73 182 239 44 35 37 103 105 113 189 249 121 20 201 163 55 172 92 116 238 209 134 151 203 96 237 0 177 244 39 168 180 186 141 220 225 127 45 13 16 19 22 29 43 53 54 56 58 59 61 65 70 76 85 86 89 91 100 109 114 119 10 122 128 136 138 140 146 152 156 173 178 193 197 199 200 207 213 222 227 232 236 240 246 248 251 4 5 
1800 146 145 
1800 147 118 28 112 46 
1800 148 24 194 228 69 72 104 230 145 164 191 245 82 49 
1800 149 24 28 144 77 52 104 230 145 164 
1800 150 250 77 118 88 18 28 130 117 192 205 17 228 164 133 32 33 142 79 38 40 48 57 63 67 179 83 90 97 107 215 111 12 135 23 99 187 15 94 30 31 62 87 93 98 106 110 115 125 132 153 154 155 159 170 183 185 221 229 233 241 252 157 139 169 9 211 231 214 219 158 217 120 51 247 160 223 198 143 244 222 251 
1800 151 41 205 228 77 78 145 164 
1800 152 145 
1800 153 41 28 144 192 205 75 60 150 
1800 154 28 144 192 205 46 150 216 
1800 155 28 192 205 150 
1800 156 145 
1800 157 144 205 242 150 
1800 158 41 228 60 101 150 
1800 159 28 144 205 112 150 
1800 160 242 112 150 
1800 161 174 255 190 
1800 162 118 41 24 28 144 228 77 60 230 108 145 164 
1800 163 192 228 77 145 164 
1800 164 1 150 6 243 254 255 124 162 190 206 196 148 149 175 73 182 239 44 35 37 189 249 121 20 201 163 55 172 92 116 209 134 151 203 96 39 180 186 
1800 165 24 25 28 192 257 230 
1800 166 257 
1800 167 24 25 28 112 101 104 230 108 
1800 168 77 145 
1800 169 41 192 77 52 150 
1800 170 28 205 150 
1800 171 257 
1800 172 41 192 77 145 164 
1800 173 145 
1800 174 3 118 24 88 52 104 230 108 145 161 
1800 175 24 194 228 69 72 104 230 145 164 191 245 
1800 176 77 257 
1800 177 52 145 
1800 178 145 
1800 179 118 28 205 112 150 181 
1800 180 77 145 164 
1800 181 52 228 32 33 40 48 63 67 179 83 107 111 94 87 110 229 233 211 231 214 253 
1800 182 24 28 144 77 52 104 230 145 164 
1800 183 41 28 150 
1800 184 28 192 205 242 
1800 185 28 144 192 205 242 112 150 
1800 186 77 145 164 
1800 187 24 25 28 228 242 112 101 230 108 150 
1800 188 257 
1800 189 28 145 164 
1800 190 118 41 24 28 144 192 228 77 52 78 101 104 230 108 145 164 161 191 
1800 191 190 206 196 148 175 239 44 129 201 96 
1800 192 88 28 117 144 205 242 46 150 17 228 133 243 32 33 142 38 254 48 57 63 67 83 190 90 97 206 107 215 12 21 135 165 23 15 94 95 42 98 105 106 110 115 126 132 153 154 155 184 185 221 233 226 121 123 20 139 169 47 201 163 55 172 9 92 116 238 209 211 
1800 193 145 
1800 194 148 25 101 230 108 245 175 49 212 
1800 195 118 28 112 79 
1800 196 215 228 44 52 72 230 145 164 191 82 49 
1800 197 145 
1800 198 79 101 150 
1800 199 145 
1800 200 145 
1800 201 41 192 228 77 52 78 101 145 164 191 
1800 202 257 
1800 203 205 145 164 
1800 204 104 230 
1800 205 118 192 28 150 75 228 32 142 38 48 63 67 179 90 97 215 23 31 35 37 62 80 93 98 103 106 115 125 126 153 154 155 159 170 184 185 221 233 241 252 157 226 123 20 209 211 231 134 151 11 203 214 219 
1800 206 118 41 24 28 144 192 228 77 52 78 101 104 230 108 145 164 191 
1800 207 145 
1800 208 257 
1800 209 192 205 145 164 
1800 210 41 28 144 60 
1800 211 192 205 242 150 181 
1800 212 194 77 44 
1800 213 145 
1800 214 205 242 150 181 
1800 215 118 28 144 192 205 242 75 196 112 79 150 216 
1800 216 118 28 97 215 95 31 93 125 154 221 224 241 223 
1800 217 41 228 77 150 
1800 218 77 60 257 
1800 219 205 77 52 257 150 
1800 220 77 145 
1800 221 28 144 192 205 75 112 79 60 150 216 
1800 222 145 150 
1800 223 46 60 150 216 
1800 224 41 28 144 216 
1800 225 257 145 
1800 226 192 205 242 112 
1800 227 145 
1800 228 1 28 144 192 205 242 150 181 6 243 254 255 124 162 190 206 196 21 148 175 239 187 44 31 129 66 121 139 201 163 238 151 158 96 217 
1800 229 28 150 181 
1800 230 174 104 18 34 117 1 6 243 254 255 124 162 190 206 196 12 21 135 148 194 149 50 165 167 175 73 182 239 187 44 15 94 95 47 102 81 204 
1800 231 205 150 181 
1800 232 145 
1800 233 28 144 192 205 88 75 112 79 150 181 
1800 234 52 104 245 
1800 235 28 144 101 
1800 236 145 
1800 237 41 77 145 
1800 238 192 228 77 52 145 
1800 239 24 228 69 104 230 145 164 191 245 
1800 240 145 
1800 241 41 28 144 205 75 79 150 216 
1800 242 192 112 75 228 33 144 142 79 38 57 83 97 107 215 187 80 115 184 185 157 226 211 11 214 51 247 160 
1800 243 118 41 24 28 144 192 228 77 52 104 230 108 145 164 
1800 244 60 145 150 
1800 245 26 117 148 194 175 239 234 131 7 
1800 246 145 
1800 247 242 112 150 
1800 248 145 
1800 249 28 145 164 
1800 250 3 41 24 77 150 
1800 251 145 150 
1800 252 28 205 150 
1800 253 120 46 79 181 
1800 254 118 41 24 28 144 192 228 77 78 104 230 108 145 164 
1800 255 118 41 28 144 228 77 78 104 230 108 145 164 161 
1800 256 28 144 
1800 257 32 77 40 165 99 9 219 218 176 225 127 166 202 2 74 208 102 81 188 171 
1800 258 118 28 144 
2700 0 38 72 139 
2700 1 112 215 72 48 217 102 139 157 
2700 2 243 
2700 3 236 165 112 17 124 24 32 111 
2700 4 139 
2700 5 139 
2700 6 112 38 22 26 138 215 72 55 217 102 139 157 
2700 7 72 64 231 
2700 9 181 72 243 143 
2700 10 139 
2700 11 194 228 72 
2700 12 22 23 26 181 82 106 55 217 143 
2700 13 139 
2700 14 112 38 72 48 55 98 139 
2700 15 23 26 181 217 143 
2700 16 139 
2700 17 3 112 22 26 138 72 48 98 217 139 143 
2700 18 139 
2700 19 181 194 139 157 
2700 20 139 
2700 21 38 22 26 181 194 143 
2700 22 236 165 17 124 24 32 6 229 240 118 155 179 195 12 129 142 46 159 59 68 171 21 225 93 176 
2700 23 12 139 129 159 93 176 183 15 88 89 25 
2700 24 3 38 22 72 48 139 231 
2700 25 23 26 106 95 102 
2700 26 112 17 138 181 70 143 32 111 194 244 215 127 131 6 229 30 31 136 35 141 37 240 241 118 44 155 52 58 62 77 179 184 84 91 195 101 203 105 12 129 142 159 68 171 21 93 176 15 88 89 25 28 29 33 34 39 57 63 66 81 87 92 97 99 100 104 107 109 119 120 126 146 147 148 152 161 172 173 174 178 199 208 211 216 219 221 227 235 238 242 
2700 27 139 
2700 28 38 26 143 
2700 29 26 138 194 215 70 42 143 
2700 30 112 26 138 181 194 72 106 243 143 170 
2700 31 112 26 138 181 228 82 70 106 55 143 170 
2700 32 3 22 26 217 
2700 33 26 194 72 139 157 
2700 34 26 194 72 139 157 
2700 35 112 26 181 194 228 106 143 
2700 36 72 139 157 
2700 37 112 26 138 72 106 243 143 170 
2700 38 236 112 124 24 106 14 6 229 240 241 118 155 179 91 195 21 28 39 63 66 87 104 119 146 172 199 211 227 123 133 43 190 163 110 144 151 90 204 114 223 78 0 47 
2700 39 38 26 138 181 70 55 
2700 40 139 
2700 41 139 
2700 42 181 131 74 141 52 88 29 100 107 147 47 239 210 
2700 43 38 181 217 
2700 44 112 26 181 194 106 143 170 
2700 45 183 185 67 
2700 46 22 98 217 
2700 47 38 228 42 55 143 
2700 48 165 170 17 24 111 14 1 229 179 195 185 142 68 171 190 224 206 90 114 220 125 167 
2700 49 139 
2700 50 139 
2700 51 181 139 157 
2700 52 112 26 138 181 228 70 42 74 55 143 
2700 53 139 
2700 54 139 
2700 55 14 6 31 136 118 155 52 58 12 129 39 66 146 199 208 123 133 151 47 210 230 205 
2700 56 139 
2700 57 26 194 143 
2700 58 112 26 138 181 194 70 74 55 143 170 
2700 59 22 98 
2700 60 139 
2700 61 138 215 72 
2700 62 112 26 181 194 106 143 170 
2700 63 38 26 138 
2700 64 225 7 
2700 65 139 
2700 66 38 26 138 55 
2700 67 185 45 95 
2700 68 22 26 138 72 48 98 217 139 157 
2700 69 243 
2700 70 112 26 194 228 31 136 52 58 77 91 101 203 29 39 87 92 104 119 146 208 219 227 
2700 71 139 
2700 72 236 138 143 17 124 24 14 1 6 229 30 243 37 240 241 118 155 179 195 142 68 171 201 33 34 107 123 61 115 190 156 163 9 110 224 144 11 206 90 204 114 223 0 205 7 36 160 166 169 175 135 207 
2700 73 240 241 179 195 115 190 144 90 
2700 74 136 228 42 143 52 58 184 91 203 87 97 119 208 219 227 239 187 137 
2700 75 243 217 
2700 76 185 
2700 77 112 26 138 181 228 70 106 143 170 
2700 78 38 95 
2700 79 139 
2700 80 139 
2700 81 26 143 170 
2700 82 165 181 143 31 136 12 129 219 
2700 83 139 
2700 84 112 26 181 194 106 143 
2700 85 139 
2700 86 181 139 157 
2700 87 38 26 138 194 70 74 143 
2700 88 23 26 181 42 217 143 170 
2700 89 23 26 181 217 
2700 90 38 215 72 48 73 139 157 180 
2700 91 112 38 26 138 181 194 228 70 106 74 143 
2700 92 26 138 181 194 70 143 
2700 93 22 23 26 106 243 95 143 
2700 94 139 
2700 95 179 195 159 93 176 183 67 25 99 221 133 190 151 78 187 137 
2700 96 243 217 
2700 97 26 194 106 74 139 
2700 98 165 217 17 14 229 240 241 179 195 142 46 159 59 68 171 225 107 220 125 193 
2700 99 26 181 95 139 
2700 100 26 138 181 194 106 42 143 
2700 101 112 26 138 181 228 70 106 143 170 
2700 102 165 1 6 229 240 241 118 155 179 195 159 176 183 25 115 
2700 103 139 
2700 104 38 26 138 181 70 143 170 
2700 105 112 26 138 106 143 170 
2700 106 138 111 38 228 127 131 30 31 136 35 141 37 44 62 77 184 84 91 101 203 105 12 129 159 93 176 25 97 100 109 152 174 208 219 213 233 153 
2700 107 26 138 72 42 98 139 
2700 108 139 
2700 109 26 138 181 194 228 106 143 
2700 110 38 181 72 139 157 
2700 111 3 112 26 138 181 106 48 217 139 143 231 
2700 112 38 165 3 26 138 194 70 143 17 111 14 244 1 127 131 6 229 30 31 136 35 141 37 240 241 118 44 155 52 58 62 77 179 184 84 91 195 101 203 105 
2700 113 139 
2700 114 38 72 48 143 239 
2700 115 181 215 72 73 102 139 157 
2700 116 139 
2700 117 181 194 
2700 118 112 38 22 26 138 215 72 55 217 102 139 157 
2700 119 38 26 138 194 70 74 143 
2700 120 26 138 181 194 
2700 121 243 139 
2700 122 139 
2700 123 38 138 215 72 55 180 
2700 124 3 38 22 72 143 
2700 125 48 98 231 
2700 126 26 181 143 
2700 127 112 26 181 106 143 
2700 128 194 139 157 
2700 129 22 23 26 181 82 106 55 217 143 
2700 130 139 
2700 131 112 26 106 42 
2700 132 139 
2700 133 38 181 215 55 95 143 
2700 134 139 
2700 135 72 139 
2700 136 112 26 138 181 194 228 82 70 106 74 55 143 
2700 137 74 95 143 
2700 138 72 112 17 26 106 111 181 244 215 6 229 30 31 228 136 37 240 241 118 155 52 58 77 179 91 195 101 203 105 142 68 171 29 39 63 66 87 92 100 104 107 109 119 120 146 147 152 174 199 208 211 219 221 227 242 123 150 61 
2700 139 165 17 24 111 14 1 6 229 240 241 118 155 179 195 185 23 142 68 171 225 33 34 97 99 107 178 235 115 19 190 156 51 163 86 110 224 198 128 144 192 90 223 0 167 230 36 160 169 175 135 207 212 121 41 13 16 18 20 27 40 49 50 53 54 56 60 65 71 79 80 83 85 94 103 108 113 10 116 122 130 132 134 140 145 149 164 168 182 186 188 189 196 209 214 218 222 226 232 234 237 4 5 
2700 140 139 
2700 141 112 26 106 42 
2700 142 22 26 138 72 48 98 217 139 157 
2700 143 236 72 112 82 17 26 124 111 181 194 215 157 127 30 31 136 74 35 37 44 52 58 62 77 84 91 101 203 105 12 129 21 93 176 15 88 28 29 57 81 87 92 100 104 109 119 126 146 147 148 152 161 172 174 208 216 219 227 238 150 133 9 200 202 206 151 204 114 47 233 153 210 187 137 230 209 237 
2700 144 38 194 215 72 73 139 157 
2700 145 139 
2700 146 38 26 138 181 194 70 55 143 
2700 147 26 138 181 194 42 143 
2700 148 26 181 194 143 
2700 149 139 
2700 150 138 194 228 143 
2700 151 38 215 55 95 143 
2700 152 26 138 194 106 143 
2700 153 228 106 143 
2700 154 165 241 179 
2700 155 112 38 22 26 138 215 72 55 217 102 139 157 
2700 156 181 215 72 139 157 
2700 157 1 143 6 229 240 241 118 155 179 195 185 142 68 171 225 33 34 178 235 115 19 190 156 51 163 86 110 198 128 144 192 90 36 169 175 
2700 158 243 
2700 159 22 23 26 106 95 98 217 102 
2700 160 72 139 
2700 161 26 194 143 
2700 162 243 
2700 163 38 181 72 139 157 
2700 164 139 
2700 165 3 112 22 82 48 98 217 102 139 154 
2700 166 72 243 
2700 167 48 139 
2700 168 139 
2700 169 72 139 157 
2700 170 48 215 30 31 37 44 58 62 77 101 105 88 81 104 216 219 200 202 239 
2700 171 22 26 138 72 48 98 217 139 157 
2700 172 38 26 143 
2700 173 26 181 194 228 
2700 174 26 138 181 194 228 106 143 
2700 175 72 139 157 
2700 176 22 23 26 215 228 106 95 217 102 143 
2700 177 243 
2700 178 26 139 157 
2700 179 112 38 22 26 138 181 215 72 48 73 95 98 217 102 139 157 154 180 
2700 180 179 195 185 225 123 190 90 
2700 181 82 26 111 138 194 228 42 143 215 127 229 30 31 136 35 240 44 52 58 62 77 179 84 91 195 101 203 12 129 21 15 88 89 39 92 99 100 104 109 120 126 146 147 148 173 174 208 219 213 115 117 19 133 43 190 156 51 163 9 86 110 224 198 200 
2700 182 139 
2700 183 45 23 95 217 102 231 201 
2700 184 112 26 106 74 
2700 185 203 215 48 67 217 139 157 180 76 45 
2700 186 139 
2700 187 74 95 143 
2700 188 139 
2700 189 139 
2700 190 38 181 215 72 48 73 95 139 157 180 
2700 191 243 
2700 192 194 139 157 
2700 193 98 217 
2700 194 112 181 26 143 70 215 30 136 35 44 58 62 84 91 203 21 29 33 34 57 87 92 97 100 109 119 120 146 147 148 152 161 173 174 208 219 227 238 150 213 117 19 198 200 128 144 11 192 202 206 
2700 195 112 38 22 26 138 181 215 72 48 73 95 98 217 102 139 157 180 
2700 196 139 
2700 197 243 
2700 198 181 194 139 157 
2700 199 38 26 138 55 
2700 200 181 194 228 143 170 
2700 201 183 72 
2700 202 194 228 143 170 
2700 203 112 26 138 181 194 228 70 185 106 74 143 
2700 204 38 215 72 143 
2700 205 72 55 243 
2700 206 194 72 48 243 143 
2700 207 72 139 
2700 208 26 138 181 194 70 106 74 55 143 
2700 209 139 143 
2700 210 42 55 143 
2700 211 38 26 138 
2700 212 243 139 
2700 213 181 194 228 106 
2700 214 139 
2700 215 1 26 138 181 194 228 143 170 6 229 240 241 118 155 179 195 185 225 176 29 123 61 115 133 190 156 224 144 151 90 204 
2700 216 26 143 170 
2700 217 165 98 17 32 111 1 6 229 240 241 118 155 179 195 185 12 129 142 46 159 68 171 225 176 183 15 88 89 43 96 75 193 
2700 218 139 
2700 219 26 138 181 194 82 70 106 74 143 170 
2700 220 48 98 231 
2700 221 26 138 95 
2700 222 139 
2700 223 38 72 139 
2700 224 181 215 72 48 139 
2700 225 22 215 64 98 217 139 157 180 231 
2700 226 139 
2700 227 38 26 138 194 70 74 143 
2700 228 181 106 70 215 31 138 136 74 35 52 77 91 101 203 176 109 173 174 150 213 200 11 202 47 233 153 
2700 229 112 38 22 26 138 181 215 72 48 98 217 102 139 157 
2700 230 55 139 143 
2700 231 24 111 225 183 220 125 7 
2700 232 139 
2700 233 228 106 143 
2700 234 139 
2700 235 26 139 157 
2700 236 3 38 22 72 143 
2700 237 139 143 
2700 238 26 194 143 
2700 239 114 42 74 170 
2700 240 112 38 22 26 138 181 215 72 73 98 217 102 139 157 
2700 241 112 38 26 138 215 72 73 98 217 102 139 157 154 
2700 242 26 138 
2700 243 30 72 37 93 9 206 205 166 212 121 158 191 2 69 197 96 75 177 162 
2700 244 112 26 138 
3600 0 36 69 133 
3600 1 106 203 69 46 205 133 149 
3600 2 230 
3600 3 223 157 106 17 118 24 32 105 
3600 4 133 
3600 5 133 
3600 6 106 36 22 26 132 203 69 53 205 133 149 
3600 7 69 218 
3600 9 172 69 230 136 
3600 10 133 
3600 11 185 215 69 
3600 12 22 23 26 172 78 100 53 205 136 
3600 13 133 
3600 14 106 36 69 46 53 94 133 
3600 15 23 26 172 205 136 
3600 16 133 
3600 17 3 106 22 26 132 69 46 94 205 133 136 
3600 18 133 
3600 19 172 185 133 149 
3600 20 133 
3600 21 36 22 26 172 185 136 
3600 22 223 157 17 118 24 32 6 216 227 112 147 171 12 123 135 44 151 57 65 163 21 212 89 168 
3600 23 12 133 123 151 89 168 174 15 84 85 25 
3600 24 3 36 22 69 46 133 218 
3600 25 23 26 100 91 
3600 26 106 17 132 172 67 136 32 105 185 231 203 121 125 6 216 30 31 130 35 227 228 112 42 147 50 56 60 73 171 175 80 87 96 193 99 12 123 135 151 65 163 21 89 168 15 84 85 25 28 29 33 34 37 55 61 63 77 83 88 93 95 98 101 103 113 114 120 139 140 144 153 164 165 166 170 189 197 199 204 207 209 214 222 225 229 
3600 27 133 
3600 28 36 26 136 
3600 29 26 132 185 203 67 40 136 
3600 30 106 26 132 172 185 69 100 230 136 162 
3600 31 106 26 132 172 215 78 67 100 53 136 162 
3600 32 3 22 26 205 
3600 33 26 185 69 133 149 
3600 34 26 185 69 133 149 
3600 35 106 26 172 185 215 100 136 
3600 36 223 106 118 24 100 14 6 216 227 228 112 147 171 87 21 28 37 61 63 83 98 113 164 189 199 214 117 127 41 181 155 104 137 143 86 194 108 210 74 0 45 
3600 37 36 26 132 172 67 53 
3600 38 133 
3600 39 133 
3600 40 172 125 50 84 29 95 101 139 45 226 
3600 41 36 172 205 
3600 42 106 26 172 185 100 136 162 
3600 43 174 176 64 
3600 44 22 94 205 
3600 45 36 215 40 53 136 
3600 46 157 162 17 24 105 14 1 216 171 176 135 65 163 181 211 195 86 108 208 119 159 
3600 47 133 
3600 48 133 
3600 49 172 133 149 
3600 50 106 26 132 172 215 67 40 53 136 
3600 51 133 
3600 52 133 
3600 53 14 6 31 130 112 147 50 56 12 123 37 63 189 197 117 127 143 45 217 
3600 54 133 
3600 55 26 185 136 
3600 56 106 26 132 172 185 67 53 136 162 
3600 57 22 94 
3600 58 133 
3600 59 132 203 69 
3600 60 106 26 172 185 100 136 162 
3600 61 36 26 132 
3600 62 133 
3600 63 36 26 132 53 
3600 64 176 43 91 
3600 65 22 26 132 69 46 94 205 133 149 
3600 66 230 
3600 67 106 26 185 215 31 130 50 56 73 87 96 193 29 37 83 88 98 113 197 207 214 
3600 68 133 
3600 69 223 132 136 17 118 24 14 1 6 216 30 230 227 228 112 147 171 135 65 163 191 33 34 101 117 59 109 181 148 155 9 104 211 137 11 195 86 194 108 210 0 7 152 158 161 167 129 196 
3600 70 227 228 171 109 181 137 86 
3600 71 230 205 
3600 72 176 
3600 73 106 26 132 172 215 67 100 136 162 
3600 74 36 91 
3600 75 133 
3600 76 133 
3600 77 26 136 162 
3600 78 157 172 136 31 130 12 123 207 
3600 79 133 
3600 80 106 26 172 185 100 136 
3600 81 133 
3600 82 172 133 149 
3600 83 36 26 132 185 67 136 
3600 84 23 26 172 40 205 136 162 
3600 85 23 26 172 205 
3600 86 36 203 69 46 70 133 149 
3600 87 106 36 26 132 172 185 215 67 100 136 
3600 88 26 132 172 185 67 136 
3600 89 22 23 26 100 230 91 136 
3600 90 133 
3600 91 171 151 89 168 174 64 25 209 127 181 143 74 178 131 
3600 92 230 205 
3600 93 26 185 100 133 
3600 94 157 205 17 14 216 227 228 171 135 44 151 57 65 163 212 101 208 119 184 
3600 95 26 132 172 185 100 40 136 
3600 96 106 26 132 172 215 67 100 136 162 
3600 97 133 
3600 98 36 26 132 172 67 136 162 
3600 99 106 26 132 100 136 162 
3600 100 132 105 36 215 121 125 30 31 130 35 42 60 73 175 80 87 96 193 99 12 123 151 89 168 25 93 95 103 144 166 197 207 201 220 145 
3600 101 26 132 69 40 94 133 
3600 102 133 
3600 103 26 132 172 185 215 100 136 
3600 104 36 172 69 133 149 
3600 105 3 106 26 132 172 100 46 205 133 136 218 
3600 106 36 157 3 26 132 185 67 136 17 105 14 231 1 121 125 6 216 30 31 130 35 227 228 112 42 147 50 56 60 73 171 175 80 87 96 193 99 
3600 107 133 
3600 108 36 69 46 136 226 
3600 109 172 203 69 70 133 149 
3600 110 133 
3600 111 172 185 
3600 112 106 36 22 26 132 203 69 53 205 133 149 
3600 113 36 26 132 185 67 136 
3600 114 26 132 172 185 
3600 115 230 133 
3600 116 133 
3600 117 36 132 203 69 53 
3600 118 3 36 22 69 136 
3600 119 46 94 218 
3600 120 26 172 136 
3600 121 106 26 172 100 136 
3600 122 185 133 149 
3600 123 22 23 26 172 78 100 53 205 136 
3600 124 133 
3600 125 106 26 100 40 
3600 126 133 
3600 127 36 172 203 53 91 136 
3600 128 133 
3600 129 69 133 
3600 130 106 26 132 172 185 215 78 67 100 53 136 
3600 131 91 136 
3600 132 69 106 17 26 100 105 172 231 203 6 216 30 31 215 130 227 228 112 147 50 56 73 171 87 96 193 99 135 65 163 29 37 61 63 83 88 95 98 101 103 113 114 139 144 166 189 197 199 207 209 214 229 117 142 59 
3600 133 157 17 24 105 14 1 6 216 227 228 112 147 171 176 23 135 65 163 212 33 34 93 101 170 222 109 19 181 148 49 155 82 104 211 188 122 137 183 86 210 0 159 217 152 161 167 129 196 200 115 39 13 16 18 20 27 38 47 48 51 52 54 58 62 68 75 76 79 81 90 97 102 107 10 110 116 124 126 128 134 138 141 156 160 173 177 179 180 186 198 202 206 213 219 221 224 4 5 
3600 134 133 
3600 135 22 26 132 69 46 94 205 133 149 
3600 136 223 69 106 78 17 26 118 105 172 185 203 149 121 30 31 130 35 42 50 56 60 73 80 87 96 193 99 12 123 21 89 168 15 84 28 29 55 77 83 88 95 98 103 113 120 139 140 144 153 164 166 197 204 207 214 225 142 127 9 190 192 195 143 194 108 45 220 145 178 131 217 198 224 
3600 137 36 185 203 69 70 133 149 
3600 138 133 
3600 139 26 132 172 185 40 136 
3600 140 26 172 185 136 
3600 141 133 
3600 142 132 185 215 136 
3600 143 36 203 53 91 136 
3600 144 26 132 185 100 136 
3600 145 215 100 136 
3600 146 157 228 171 
3600 147 106 36 22 26 132 203 69 53 205 133 149 
3600 148 172 203 69 133 149 
3600 149 1 136 6 216 227 228 112 147 171 176 135 65 163 212 33 34 170 222 109 19 181 148 49 155 82 104 188 122 137 183 86 161 167 
3600 150 230 
3600 151 22 23 26 100 91 94 205 
3600 152 69 133 
3600 153 26 185 136 
3600 154 230 
3600 155 36 172 69 133 149 
3600 156 133 
3600 157 3 106 22 78 46 94 205 133 146 
3600 158 69 230 
3600 159 46 133 
3600 160 133 
3600 161 69 133 149 
3600 162 46 203 30 31 42 56 60 73 96 99 84 77 98 204 207 190 192 226 
3600 163 22 26 132 69 46 94 205 133 149 
3600 164 36 26 136 
3600 165 26 172 185 215 
3600 166 26 132 172 185 215 100 136 
3600 167 69 133 149 
3600 168 22 23 26 203 215 100 91 205 136 
3600 169 230 
3600 170 26 133 149 
3600 171 106 36 22 26 132 172 203 69 46 70 91 94 205 133 149 146 
3600 172 78 26 105 132 185 215 40 136 203 121 216 30 31 130 35 227 42 50 56 60 73 171 80 87 96 193 12 123 21 15 84 85 37 88 95 98 103 114 120 139 140 165 166 197 207 201 109 111 19 127 41 181 148 49 155 9 82 104 211 188 190 
3600 173 133 
3600 174 43 23 91 205 218 191 
3600 175 106 26 100 
3600 176 193 203 46 64 205 133 149 72 43 
3600 177 133 
3600 178 91 136 
3600 179 133 
3600 180 133 
3600 181 36 172 203 69 46 70 91 133 149 
3600 182 230 
3600 183 185 133 149 
3600 184 94 205 
3600 185 106 172 26 136 67 203 30 130 35 42 56 60 80 87 193 21 29 33 34 55 83 88 93 95 103 113 114 139 140 144 153 165 166 197 207 214 225 142 201 111 19 188 190 122 137 11 183 192 195 
3600 186 133 
3600 187 230 
3600 188 172 185 133 149 
3600 189 36 26 132 53 
3600 190 172 185 215 136 162 
3600 191 174 69 
3600 192 185 215 136 162 
3600 193 106 26 132 172 185 215 67 176 100 136 
3600 194 36 203 69 136 
3600 195 185 69 46 230 136 
3600 196 69 133 
3600 197 26 132 172 185 67 100 53 136 
3600 198 133 136 
3600 199 36 26 132 
3600 200 230 133 
3600 201 172 185 215 100 
3600 202 133 
3600 203 1 26 132 172 185 215 136 162 6 216 227 228 112 147 171 176 212 168 29 117 59 109 127 181 148 211 137 143 86 194 
3600 204 26 136 162 
3600 205 157 94 17 32 105 1 6 216 227 228 112 147 171 176 12 123 135 44 151 65 163 212 168 174 15 84 85 41 92 71 184 
3600 206 133 
3600 207 26 132 172 185 78 67 100 136 162 
3600 208 46 94 218 
3600 209 26 132 91 
3600 210 36 69 133 
3600 211 172 203 69 46 133 
3600 212 22 203 94 205 133 149 218 
3600 213 133 
3600 214 36 26 132 185 67 136 
3600 215 172 100 67 203 31 132 130 35 50 73 87 96 193 168 103 165 166 142 201 190 11 192 45 220 145 
3600 216 106 36 22 26 132 172 203 69 46 94 205 133 149 
3600 217 53 133 136 
3600 218 24 105 212 174 208 119 7 
3600 219 133 
3600 220 215 100 136 
3600 221 133 
3600 222 26 133 149 
3600 223 3 36 22 69 136 
3600 224 133 136 
3600 225 26 185 136 
3600 226 108 40 162 
3600 227 106 36 22 26 132 172 203 69 70 94 205 133 149 
3600 228 106 36 26 132 203 69 70 94 205 133 149 146 
3600 229 26 132 
3600 230 30 69 89 9 195 158 200 115 150 182 2 66 187 92 71 169 154 
3600 231 106 26 132 
4500 0 34 63 
4500 1 100 190 63 43 192 140 
4500 2 216 
4500 3 209 147 100 112 23 30 99 
4500 4 
4500 5 
4500 6 100 34 21 25 190 63 48 192 140 
4500 7 63 204 
4500 9 162 63 216 128 
4500 10 
4500 11 174 201 63 
4500 12 21 22 25 162 72 94 48 192 128 
4500 13 
4500 14 100 34 63 43 48 88 
4500 15 22 25 162 192 128 
4500 16 
4500 17 
4500 18 162 174 140 
4500 19 
4500 20 34 21 25 162 174 128 
4500 21 209 147 112 23 30 6 202 213 106 138 161 12 117 127 41 142 52 60 153 20 198 83 158 
4500 22 12 117 142 83 158 164 15 78 79 24 
4500 23 3 34 21 63 43 204 
4500 24 22 25 94 85 
4500 25 100 30 162 62 128 99 174 217 190 115 119 6 202 29 124 33 213 214 106 39 138 51 55 67 161 165 74 81 90 180 93 12 117 127 142 60 153 20 83 158 15 78 79 24 27 28 31 32 35 50 56 58 71 77 82 87 89 92 95 97 107 108 114 131 135 143 154 155 156 160 177 184 186 191 193 195 200 208 211 215 
4500 26 
4500 27 34 25 128 
4500 28 25 174 190 62 37 128 
4500 29 100 25 162 201 72 62 94 48 128 152 
4500 30 3 21 25 192 
4500 31 25 174 63 140 
4500 32 25 174 63 140 
4500 33 100 25 162 174 201 94 128 
4500 34 209 100 112 23 94 14 6 202 213 214 106 138 161 81 20 27 35 56 58 77 92 107 154 177 186 200 111 121 38 171 145 98 129 134 80 181 102 196 68 0 42 
4500 35 34 25 162 62 48 
4500 36 
4500 37 162 119 78 28 89 95 131 42 212 
4500 38 34 162 192 
4500 39 100 25 162 174 94 128 152 
4500 40 164 166 59 
4500 41 21 88 192 
4500 42 34 201 37 48 128 
4500 43 147 152 23 99 14 1 202 161 166 127 60 153 171 197 182 80 102 194 113 149 
4500 44 
4500 45 162 140 
4500 46 
4500 47 
4500 48 14 6 29 124 106 138 51 12 117 35 58 177 184 111 121 134 42 203 
4500 49 
4500 50 25 174 128 
4500 51 100 25 162 174 62 48 128 152 
4500 52 21 88 
4500 53 
4500 54 190 63 
4500 55 100 25 162 174 94 128 152 
4500 56 34 25 
4500 57 
4500 58 34 25 48 
4500 59 166 40 85 
4500 60 21 25 63 43 88 192 140 
4500 61 216 
4500 62 100 25 174 201 29 124 51 67 81 90 180 28 35 77 82 92 107 184 193 200 
4500 63 209 128 112 23 14 1 6 202 213 214 106 138 161 127 60 153 216 178 31 32 95 111 54 103 171 139 145 9 98 197 129 11 182 80 181 102 196 0 7 148 151 157 123 183 
4500 64 213 214 161 103 171 129 80 
4500 65 216 192 
4500 66 166 
4500 67 100 25 162 201 62 94 128 152 
4500 68 34 85 
4500 69 
4500 70 
4500 71 25 128 152 
4500 72 147 162 128 29 124 12 117 193 
4500 73 
4500 74 100 25 162 174 94 128 
4500 75 
4500 76 162 140 
4500 77 34 25 174 62 128 
4500 78 22 25 162 37 192 128 152 
4500 79 22 25 162 192 
4500 80 34 190 63 43 64 140 
4500 81 100 34 25 162 174 201 62 94 128 
4500 82 25 162 174 62 128 
4500 83 21 22 25 94 216 85 128 
4500 84 
4500 85 161 142 83 158 164 59 24 195 121 171 134 68 168 125 
4500 86 216 192 
4500 87 25 174 94 
4500 88 147 192 14 202 213 214 161 127 41 142 52 60 153 198 95 194 113 173 
4500 89 25 162 174 94 37 128 
4500 90 100 25 162 201 62 94 128 152 
4500 91 
4500 92 34 25 162 62 128 152 
4500 93 100 25 94 128 152 
4500 94 99 34 201 115 119 29 124 33 39 55 67 165 74 81 90 180 93 12 117 142 83 158 24 87 89 97 135 156 184 193 188 206 136 
4500 95 25 63 37 88 
4500 96 
4500 97 25 162 174 201 94 128 
4500 98 34 162 63 140 
4500 99 3 100 25 162 94 43 192 128 204 
4500 100 34 147 3 25 174 62 128 99 14 217 1 115 119 6 202 29 124 33 213 214 106 39 138 51 55 67 161 165 74 81 90 180 93 
4500 101 
4500 102 34 63 43 128 212 
4500 103 162 190 63 64 140 
4500 104 
4500 105 162 174 
4500 106 100 34 21 25 190 63 48 192 140 
4500 107 34 25 174 62 128 
4500 108 25 162 174 
4500 109 216 
4500 110 
4500 111 34 190 63 48 
4500 112 3 34 21 63 128 
4500 113 43 88 204 
4500 114 25 162 128 
4500 115 100 25 162 94 128 
4500 116 174 140 
4500 117 21 22 25 162 72 94 48 192 128 
4500 118 
4500 119 100 25 94 37 
4500 120 
4500 121 34 162 190 48 85 128 
4500 122 
4500 123 63 
4500 124 100 25 162 174 201 72 62 94 48 128 
4500 125 85 128 
4500 126 
4500 127 21 25 63 43 88 192 140 
4500 128 209 63 100 72 112 25 99 162 174 190 140 115 29 124 33 39 51 55 67 74 81 90 180 93 12 117 20 83 158 15 78 27 28 50 71 77 82 89 92 97 107 114 131 135 143 154 156 184 191 193 200 211 133 121 9 179 182 134 181 102 42 206 136 168 125 203 185 210 
4500 129 34 174 190 63 64 140 
4500 130 
4500 131 25 162 174 37 128 
4500 132 
4500 133 174 201 128 
4500 134 34 190 48 85 128 
4500 135 25 174 94 128 
4500 136 201 94 128 
4500 137 147 214 161 
4500 138 100 34 21 25 190 63 48 192 140 
4500 139 162 190 63 140 
4500 140 1 128 6 202 213 214 106 138 161 166 127 60 153 198 31 32 160 208 103 18 171 139 45 145 76 98 116 129 172 80 151 157 
4500 141 216 
4500 142 21 22 25 94 85 88 192 
4500 143 25 174 128 
4500 144 216 
4500 145 34 162 63 140 
4500 146 
4500 147 3 100 21 72 43 88 192 137 
4500 148 63 216 
4500 149 43 
4500 150 
4500 151 63 140 
4500 152 43 190 29 39 51 55 67 90 93 78 71 92 191 193 179 212 
4500 153 21 25 63 43 88 192 140 
4500 154 34 25 128 
4500 155 25 162 174 201 
4500 156 25 162 174 201 94 128 
4500 157 63 140 
4500 158 21 22 25 190 201 94 85 192 128 
4500 159 216 
4500 160 25 140 
4500 161 100 34 21 25 162 190 63 43 64 85 88 192 140 137 
4500 162 72 25 99 174 201 37 128 190 115 202 29 124 33 213 39 51 55 67 161 74 81 90 180 12 117 20 15 78 79 35 82 89 92 97 108 114 131 155 156 184 193 188 103 105 18 121 38 171 139 45 145 9 76 98 197 
4500 163 
4500 164 40 22 85 192 204 178 
4500 165 100 25 94 
4500 166 180 190 43 59 192 140 66 40 
4500 167 
4500 168 85 128 
4500 169 
4500 170 
4500 171 34 162 190 63 43 64 85 140 
4500 172 174 140 
4500 173 88 192 
4500 174 100 162 25 128 62 190 124 33 39 51 55 74 81 180 20 28 31 32 50 77 82 87 89 97 107 108 131 135 143 155 156 184 193 200 211 133 188 105 18 116 129 11 172 179 182 
4500 175 
4500 176 216 
4500 177 34 25 48 
4500 178 164 63 
4500 179 174 201 128 152 
4500 180 100 25 162 174 201 62 166 94 128 
4500 181 34 190 63 128 
4500 182 174 63 43 216 128 
4500 183 63 
4500 184 25 162 174 62 94 48 128 
4500 185 128 
4500 186 34 25 
4500 187 216 
4500 188 162 174 201 94 
4500 189 
4500 190 1 25 162 174 201 128 152 6 202 213 214 106 138 161 166 198 158 28 111 54 103 121 171 139 197 129 134 80 181 
4500 191 25 128 152 
4500 192 147 88 30 99 1 6 202 213 214 106 138 161 166 12 117 127 41 142 60 153 198 158 164 15 78 79 38 86 65 173 
4500 193 25 162 174 72 62 94 128 152 
4500 194 43 88 204 
4500 195 25 85 
4500 196 34 63 
4500 197 162 190 63 43 
4500 198 21 190 88 192 140 204 
4500 199 
4500 200 34 25 174 62 128 
4500 201 162 94 62 190 29 124 33 67 81 90 180 158 97 155 156 133 188 11 179 42 206 136 
4500 202 100 34 21 25 162 190 63 43 88 192 140 
4500 203 48 128 
4500 204 23 99 198 164 194 113 7 
4500 205 
4500 206 201 94 128 
4500 207 
4500 208 25 140 
4500 209 3 34 21 63 128 
4500 210 128 
4500 211 25 174 128 
4500 212 102 37 152 
4500 213 100 34 21 25 162 190 63 64 88 192 140 
4500 214 100 34 25 190 63 64 88 192 140 137 
4500 215 25 
4500 216 83 63 9 182 148 187 109 141 2 61 176 86 65 159 144 
4500 217 100 25 
5400 0 32 58 
5400 1 92 58 180 132 
5400 2 203 
5400 3 197 139 92 104 21 28 91 
5400 4 
5400 5 
5400 6 92 32 19 23 58 44 180 132 
5400 7 58 192 
5400 9 153 58 203 120 
5400 10 
5400 11 164 189 58 
5400 12 
5400 13 92 32 58 44 80 
5400 14 
5400 15 
5400 16 153 164 132 
5400 17 
5400 18 32 19 23 153 164 120 
5400 19 197 139 104 21 28 6 190 98 130 152 109 119 39 134 48 55 144 18 186 75 149 
5400 20 109 134 75 149 155 70 71 22 
5400 21 3 32 19 58 192 
5400 22 20 23 86 77 
5400 23 92 28 153 57 120 91 164 204 107 111 6 190 27 116 31 201 98 37 130 47 51 61 152 156 67 73 82 169 85 109 119 134 55 144 18 75 149 70 71 22 25 26 29 30 33 46 52 69 74 79 81 84 87 89 99 100 106 123 127 135 145 146 147 151 166 173 175 179 181 183 188 196 199 202 
5400 24 
5400 25 32 23 120 
5400 26 23 164 57 35 120 
5400 27 92 23 153 189 65 57 86 44 120 143 
5400 28 3 19 23 180 
5400 29 23 164 58 132 
5400 30 23 164 58 132 
5400 31 92 23 153 164 189 86 120 
5400 32 197 92 104 21 86 13 6 190 201 98 130 152 73 18 25 33 52 69 84 99 145 166 175 188 103 113 36 161 137 90 121 126 72 170 94 184 62 0 40 
5400 33 32 23 153 57 44 
5400 34 
5400 35 153 111 70 26 81 87 123 40 200 
5400 36 32 153 180 
5400 37 92 23 153 164 86 120 143 
5400 38 155 157 54 
5400 39 19 80 180 
5400 40 32 189 35 44 120 
5400 41 
5400 42 
5400 43 
5400 44 13 6 27 116 98 130 47 109 33 166 173 103 113 126 40 191 
5400 45 
5400 46 23 164 120 
5400 47 92 23 153 164 57 44 120 143 
5400 48 19 80 
5400 49 
5400 50 58 
5400 51 92 23 153 164 86 120 143 
5400 52 32 23 
5400 53 
5400 54 157 38 77 
5400 55 19 23 58 80 180 132 
5400 56 203 
5400 57 92 23 164 189 27 116 47 61 73 82 169 26 33 69 74 84 99 173 181 188 
5400 58 197 120 104 21 13 1 6 190 201 98 130 152 119 55 144 203 167 29 30 87 103 50 95 161 131 137 9 90 185 121 11 171 72 170 94 184 0 7 142 148 115 172 
5400 59 203 180 
5400 60 157 
5400 61 92 23 153 189 57 86 120 143 
5400 62 32 77 
5400 63 
5400 64 
5400 65 139 153 120 27 116 109 181 
5400 66 
5400 67 92 23 153 164 86 120 
5400 68 153 132 
5400 69 32 23 164 57 120 
5400 70 20 23 153 35 180 120 143 
5400 71 20 23 153 180 
5400 72 32 58 132 
5400 73 92 32 23 153 164 189 57 86 120 
5400 74 23 153 164 57 120 
5400 75 19 20 23 86 203 77 120 
5400 76 
5400 77 152 134 75 149 155 54 22 183 113 161 126 62 117 
5400 78 203 180 
5400 79 23 164 86 
5400 80 139 180 13 190 201 152 119 39 134 48 55 144 186 87 182 105 163 
5400 81 23 153 164 86 35 120 
5400 82 92 23 153 189 57 86 120 143 
5400 83 
5400 84 32 23 153 57 120 143 
5400 85 92 23 86 120 143 
5400 86 91 32 189 107 111 27 116 31 37 51 61 156 67 73 82 169 85 109 134 75 149 22 79 81 89 127 147 173 181 177 194 128 
5400 87 23 58 35 80 
5400 88 
5400 89 23 153 164 189 86 120 
5400 90 32 153 58 132 
5400 91 3 92 23 153 86 180 120 192 
5400 92 32 139 3 23 164 57 120 91 13 204 1 107 111 6 190 27 116 31 201 98 37 130 47 51 61 152 156 67 73 82 169 85 
5400 93 
5400 94 32 58 120 200 
5400 95 153 58 132 
5400 96 
5400 97 153 164 
5400 98 92 32 19 23 58 44 180 132 
5400 99 32 23 164 57 120 
5400 100 23 153 164 
5400 101 203 
5400 102 
5400 103 32 58 44 
5400 104 3 32 19 58 120 
5400 105 80 192 
5400 106 23 153 120 
5400 107 92 23 153 86 120 
5400 108 164 132 
5400 109 19 20 23 153 65 86 44 180 120 
5400 110 
5400 111 92 23 86 35 
5400 112 
5400 113 32 153 44 77 120 
5400 114 
5400 115 58 
5400 116 92 23 153 164 189 65 57 86 44 120 
5400 117 77 120 
5400 118 
5400 119 19 23 58 80 180 132 
5400 120 197 58 92 65 104 23 91 153 164 132 107 27 116 31 37 47 51 61 67 73 82 169 85 109 18 75 149 70 25 26 46 69 74 81 84 89 99 106 123 127 135 145 147 173 179 181 188 199 125 113 9 168 171 126 170 94 40 194 128 117 191 174 198 
5400 121 32 164 58 132 
5400 122 
5400 123 23 153 164 35 120 
5400 124 
5400 125 164 189 120 
5400 126 32 44 77 120 
5400 127 23 164 86 120 
5400 128 189 86 120 
5400 129 139 201 152 
5400 130 92 32 19 23 58 44 180 132 
5400 131 153 58 132 
5400 132 1 120 6 190 201 98 130 152 157 119 55 144 186 29 30 151 196 95 16 161 131 137 68 90 108 121 162 72 142 148 
5400 133 203 
5400 134 19 20 23 86 77 80 180 
5400 135 23 164 120 
5400 136 203 
5400 137 32 153 58 132 
5400 138 
5400 139 3 92 19 65 80 180 129 
5400 140 
5400 141 
5400 142 58 132 
5400 143 27 37 47 51 61 82 85 70 84 179 181 168 200 
5400 144 19 23 58 80 180 132 
5400 145 32 23 120 
5400 146 23 153 164 189 
5400 147 23 153 164 189 86 120 
5400 148 58 132 
5400 149 19 20 23 189 86 77 180 120 
5400 150 203 
5400 151 23 132 
5400 152 92 32 19 23 153 58 77 80 180 132 129 
5400 153 65 23 91 164 189 35 120 107 190 27 116 31 37 47 51 61 152 67 73 82 169 109 18 70 71 33 74 81 84 89 100 106 123 146 147 173 181 177 95 97 16 113 36 161 131 137 9 68 90 185 
5400 154 
5400 155 38 20 77 180 192 167 
5400 156 92 23 86 
5400 157 169 54 180 132 60 38 
5400 158 
5400 159 
5400 160 
5400 161 32 153 58 77 132 
5400 162 164 132 
5400 163 80 180 
5400 164 92 153 23 120 57 116 31 37 47 51 67 73 169 18 26 29 30 46 69 74 79 81 89 99 100 123 127 135 146 147 173 181 188 199 125 177 97 16 108 121 11 162 168 171 
5400 165 
5400 166 32 23 44 
5400 167 155 58 
5400 168 164 189 120 143 
5400 169 92 23 153 164 189 57 157 86 120 
5400 170 32 58 120 
5400 171 164 58 203 120 
5400 172 58 
5400 173 23 153 164 57 86 44 120 
5400 174 120 
5400 175 32 23 
5400 176 203 
5400 177 153 164 189 86 
5400 178 
5400 179 23 120 143 
5400 180 139 80 28 91 1 6 190 201 98 130 152 157 109 119 39 134 55 144 186 149 155 70 71 36 78 59 163 
5400 181 23 153 164 65 57 86 120 143 
5400 182 80 192 
5400 183 23 77 
5400 184 32 58 
5400 185 153 58 
5400 186 19 80 180 132 192 
5400 187 
5400 188 32 23 164 57 120 
5400 189 153 86 57 27 116 31 61 73 82 169 149 89 146 147 125 177 11 168 40 194 128 
5400 190 92 32 19 23 153 58 80 180 132 
5400 191 44 120 
5400 192 21 91 186 155 182 105 7 
5400 193 
5400 194 189 86 120 
5400 195 
5400 196 23 132 
5400 197 3 32 19 58 120 
5400 198 120 
5400 199 23 164 120 
5400 200 94 35 143 
5400 201 92 32 23 58 80 180 132 129 
5400 202 23 
5400 203 75 58 9 171 176 101 133 2 56 78 59 150 136 
5400 204 92 23 
6300 0 31 57 
6300 1 89 57 169 124 
6300 2 191 
6300 3 185 131 89 99 20 27 88 
6300 4 
6300 5 
6300 6 89 31 18 22 57 43 169 124 
6300 7 57 180 
6300 9 144 57 191 
6300 10 
6300 11 177 57 
6300 12 
6300 13 89 31 57 43 78 
6300 14 
6300 15 
6300 16 
6300 17 31 18 22 144 
6300 18 185 131 99 20 27 6 178 94 122 143 104 113 38 126 47 54 135 17 175 73 140 
6300 19 104 126 73 140 146 68 69 21 
6300 20 3 31 18 57 180 
6300 21 19 22 83 75 
6300 22 89 27 144 56 88 192 102 106 6 178 26 110 30 189 94 36 122 46 50 59 143 147 65 71 80 159 104 113 126 54 135 17 73 140 68 69 21 24 25 28 29 32 45 51 67 72 77 79 82 84 86 95 101 116 120 127 136 137 138 142 156 163 164 168 170 172 184 187 190 
6300 23 
6300 24 31 22 
6300 25 22 56 34 
6300 26 89 22 144 177 63 56 83 43 134 
6300 27 3 18 22 169 
6300 28 22 57 124 
6300 29 22 57 124 
6300 30 89 22 144 177 83 
6300 31 185 89 99 20 83 13 6 178 189 94 122 143 71 17 24 32 51 67 82 95 136 156 164 98 108 35 152 129 87 114 119 70 160 90 173 60 0 39 
6300 32 31 22 144 56 43 
6300 33 
6300 34 144 106 68 25 79 84 116 39 188 
6300 35 31 144 169 
6300 36 89 22 144 83 134 
6300 37 146 148 53 
6300 38 18 78 169 
6300 39 31 177 34 43 
6300 40 
6300 41 
6300 42 
6300 43 13 6 26 110 94 122 46 104 32 156 163 98 108 119 39 179 
6300 44 
6300 45 22 
6300 46 89 22 144 56 43 134 
6300 47 18 78 
6300 48 
6300 49 57 
6300 50 89 22 144 83 134 
6300 51 31 22 
6300 52 
6300 53 148 37 75 
6300 54 18 22 57 78 169 124 
6300 55 191 
6300 56 89 22 177 26 110 46 59 71 80 159 25 32 67 72 82 95 163 170 
6300 57 185 99 20 13 1 6 178 189 94 122 143 113 54 135 191 157 28 29 84 98 49 91 152 123 129 9 87 174 114 11 161 70 160 90 173 0 7 133 139 109 162 
6300 58 191 169 
6300 59 89 22 144 177 56 83 134 
6300 60 31 75 
6300 61 
6300 62 
6300 63 131 144 26 110 104 170 
6300 64 
6300 65 89 22 144 83 
6300 66 144 124 
6300 67 31 22 56 
6300 68 19 22 144 34 169 134 
6300 69 19 22 144 169 
6300 70 31 57 124 
6300 71 89 31 22 144 177 56 83 
6300 72 22 144 56 
6300 73 18 19 22 83 191 75 
6300 74 
6300 75 143 126 73 140 146 53 21 172 108 152 119 60 111 
6300 76 191 169 
6300 77 22 83 
6300 78 131 169 13 178 189 143 113 38 126 47 54 135 175 84 171 100 154 
6300 79 22 144 83 34 
6300 80 89 22 144 177 56 83 134 
6300 81 
6300 82 31 22 144 56 134 
6300 83 88 31 177 102 106 26 110 30 36 50 59 147 65 71 80 159 104 126 73 140 21 77 79 86 120 138 163 170 166 182 
6300 84 22 57 34 78 
6300 85 
6300 86 22 144 177 83 
6300 87 31 144 57 124 
6300 88 3 89 22 144 83 169 180 
6300 89 31 131 3 22 56 88 13 192 1 102 106 6 178 26 110 30 189 94 36 122 46 50 59 143 147 65 71 80 159 
6300 90 31 57 188 
6300 91 144 57 124 
6300 92 
6300 93 144 
6300 94 89 31 18 22 57 43 169 124 
6300 95 31 22 56 
6300 96 191 
6300 97 
6300 98 31 57 43 
6300 99 3 31 18 57 
6300 100 78 180 
6300 101 22 144 
6300 102 89 22 144 83 
6300 103 124 
6300 104 18 19 22 144 63 83 43 169 
6300 105 
6300 106 89 22 83 34 
6300 107 
6300 108 31 144 43 75 
6300 109 57 
6300 110 89 22 144 177 63 56 83 43 
6300 111 75 
6300 112 
6300 113 18 22 57 78 169 124 
6300 114 31 57 124 
6300 115 
6300 116 22 144 34 
6300 117 
6300 118 177 
6300 119 31 43 75 
6300 120 22 83 
6300 121 131 189 143 
6300 122 89 31 18 22 57 43 169 124 
6300 123 144 57 124 
6300 124 1 6 178 189 94 122 143 148 113 54 135 175 28 29 142 184 91 152 123 129 66 87 103 114 153 70 133 139 
6300 125 191 
6300 126 18 19 22 83 75 78 169 
6300 127 22 
6300 128 191 
6300 129 31 144 57 124 
6300 130 
6300 131 3 89 18 63 78 169 121 
6300 132 
6300 133 57 124 
6300 134 26 36 46 50 59 80 68 82 168 170 158 188 
6300 135 18 22 57 78 169 124 
6300 136 31 22 
6300 137 22 144 177 
6300 138 22 144 177 83 
6300 139 57 124 
6300 140 18 19 22 177 83 75 169 
6300 141 191 
6300 142 22 124 
6300 143 89 31 18 22 144 57 75 78 169 124 121 
6300 144 63 22 88 177 34 102 178 26 110 30 36 46 50 59 143 65 71 80 159 104 17 68 69 32 72 79 82 86 101 116 137 138 163 170 166 91 93 108 35 152 123 129 9 66 87 174 
6300 145 
6300 146 37 19 75 169 180 157 
6300 147 89 22 83 
6300 148 159 53 169 124 37 
6300 149 
6300 150 
6300 151 
6300 152 31 144 57 75 124 
6300 153 124 
6300 154 78 169 
6300 155 
6300 156 31 22 43 
6300 157 146 57 
6300 158 177 134 
6300 159 89 22 144 177 56 148 83 
6300 160 31 57 
6300 161 57 191 
6300 162 57 
6300 163 22 144 56 83 43 
6300 164 31 22 
6300 165 191 
6300 166 144 177 83 
6300 167 
6300 168 22 134 
6300 169 131 78 27 88 1 6 178 189 94 122 143 148 104 113 38 126 54 135 175 140 146 68 69 35 76 58 154 
6300 170 22 144 63 56 83 134 
6300 171 78 180 
6300 172 22 75 
6300 173 31 57 
6300 174 144 57 
6300 175 18 78 169 124 180 
6300 176 
6300 177 144 83 56 26 110 30 59 71 80 159 140 86 137 138 118 166 11 158 39 182 
6300 178 89 31 18 22 144 57 78 169 124 
6300 179 43 
6300 180 20 88 175 146 171 100 7 
6300 181 
6300 182 177 83 
6300 183 
6300 184 22 124 
6300 185 3 31 18 57 
6300 186 
6300 187 22 
6300 188 90 34 134 
6300 189 89 31 22 57 78 169 124 121 
6300 190 22 
6300 191 73 57 9 161 165 96 125 2 55 76 58 141 128 
6300 192 89 22 
