0 0 192 6 110 246 
0 1 74 187 2 
0 2 192 67 6 174 
0 3 192 152 182 
0 4 74 
0 5 192 6 44 174 144 238 246 187 
0 6 187 
0 7 192 238 174 246 
0 8 152 25 246 
0 9 6 246 
0 10 74 
0 11 192 2 118 9 44 238 239 144 246 153 187 
0 12 192 294 44 238 174 144 85 118 30 
0 13 192 67 182 6 9 44 174 144 238 110 246 152 25 187 
0 14 74 
0 15 74 
0 16 238 187 44 182 30 
0 17 67 238 182 
0 18 74 182 174 
0 19 152 238 85 246 174 
0 20 74 
0 21 192 9 44 238 182 153 187 
0 22 74 
0 23 138 6 
0 24 192 30 246 77 
0 25 
0 26 152 187 44 
0 27 44 77 182 
0 28 74 
0 29 74 
0 30 25 174 
0 31 74 
0 33 144 6 182 
0 34 144 182 174 
0 35 192 44 238 174 110 182 152 
0 36 152 192 187 44 77 
0 37 74 238 246 
0 38 74 
0 39 74 187 44 77 238 
0 40 192 187 246 
0 41 74 238 30 
0 42 192 238 44 182 246 
0 43 192 182 44 238 144 246 152 153 
0 44 192 9 238 182 25 187 30 
0 45 192 182 134 44 174 144 238 246 6 
0 46 192 67 182 9 44 110 174 246 25 187 
0 47 74 
0 48 192 6 9 44 238 144 85 118 152 153 187 
0 49 67 44 174 144 182 152 30 
0 50 74 44 246 
0 51 192 182 6 44 238 144 246 152 
0 52 44 238 182 
0 53 192 44 144 182 152 153 187 
0 54 74 
0 55 74 
0 56 192 110 246 
0 57 74 
0 59 9 187 44 85 238 
0 60 74 
0 61 144 192 44 182 
0 62 74 77 
0 63 44 174 30 182 
0 64 9 187 110 
0 65 187 44 238 
0 66 192 153 259 77 239 
0 67 
0 68 192 182 44 238 144 246 152 153 
0 69 74 
0 70 153 138 44 239 
0 71 105 294 
0 72 44 182 30 
0 73 153 105 294 239 
0 74 246 
0 75 192 67 85 6 
0 76 144 44 182 
0 77 153 74 239 
0 78 74 
0 79 192 174 
0 80 74 238 30 
0 81 192 2 67 6 9 44 238 85 182 152 187 
0 82 192 238 6 174 
0 83 192 25 67 85 182 
0 84 74 
0 85 
0 86 192 182 74 44 246 30 
0 87 74 
0 88 152 44 182 
0 89 192 2 9 44 238 85 246 152 153 187 
0 90 74 
0 91 74 
0 92 74 
0 93 74 
0 94 153 77 239 
0 95 74 
0 96 74 
0 97 153 239 
0 98 74 
0 99 74 
0 100 153 77 
0 101 187 44 85 
0 103 74 
0 104 74 77 
0 105 153 239 
0 107 25 44 182 
0 108 74 44 77 238 152 187 
0 109 74 
0 110 
0 112 153 239 
0 113 192 182 44 238 144 246 152 153 187 
0 114 192 6 9 44 174 144 238 110 182 152 153 187 
0 115 192 182 44 238 144 246 152 153 187 
0 116 182 6 238 239 144 246 
0 117 192 153 44 
0 118 192 138 238 182 
0 119 187 182 85 246 174 
0 120 74 
0 121 192 182 134 44 238 144 246 152 
0 122 152 153 239 
0 123 153 239 
0 124 144 182 174 
0 125 187 6 246 
0 126 192 2 182 9 44 246 25 187 
0 127 74 77 
0 130 144 192 44 294 30 
0 131 144 2 44 246 134 
0 132 74 
0 133 192 44 110 174 85 182 187 30 
0 134 246 
0 135 238 6 174 246 
0 136 238 74 44 182 30 
0 137 192 67 44 174 144 238 246 187 
0 138 
0 139 192 6 9 44 174 144 238 110 182 152 153 187 
0 140 74 
0 141 192 44 144 182 152 153 187 
0 142 74 
0 143 192 44 182 246 
0 144 74 6 
0 145 152 44 182 
0 146 152 77 174 
0 147 192 6 44 174 144 238 246 187 
0 148 2 77 134 
0 149 44 110 30 182 
0 151 192 44 77 238 144 152 187 
0 152 192 9 44 174 246 25 187 
0 153 239 
0 154 192 77 
0 155 44 182 
0 156 153 138 6 239 
0 157 74 
0 158 192 44 174 30 182 
0 159 192 2 182 9 44 246 25 187 
0 160 74 
0 161 153 239 
0 162 74 
0 163 153 238 239 
0 164 74 
0 165 74 
0 166 192 187 174 
0 167 44 182 246 
0 168 182 44 238 174 246 187 
0 169 192 2 44 110 174 85 182 187 30 
0 170 192 30 246 77 
0 171 74 
0 172 192 174 
0 173 74 
0 174 
0 175 77 294 
0 176 74 
0 177 192 44 238 
0 178 192 44 174 144 238 182 152 30 
0 179 192 182 85 246 174 
0 180 192 294 44 238 174 144 85 118 30 
0 181 74 85 246 
0 182 192 44 246 
0 183 74 
0 184 67 44 174 144 182 152 30 
0 185 152 77 
0 186 192 2 182 6 9 44 238 239 144 85 246 152 187 118 
0 187 144 44 174 30 182 
0 188 74 
0 189 187 6 174 
0 190 192 2 9 44 238 239 144 85 246 25 187 
0 191 67 44 174 144 182 152 30 
0 192 174 
0 193 85 246 174 
0 194 192 9 44 238 85 246 187 
0 195 192 2 6 9 44 174 144 238 110 182 152 187 
0 196 192 153 259 77 239 
0 198 192 238 44 182 246 
0 199 192 6 187 174 246 
0 200 174 30 182 
0 201 192 182 44 144 246 187 
0 202 144 192 6 
0 203 74 
0 205 74 
0 206 74 44 77 238 152 187 
0 207 192 44 246 
0 208 44 85 182 
0 209 152 77 174 
0 210 152 187 44 
0 211 153 138 182 246 239 
0 212 105 174 294 
0 213 74 
0 214 144 192 44 182 
0 215 153 74 
0 216 192 6 138 110 239 174 153 
0 217 74 
0 218 74 
0 220 77 
0 221 44 182 30 
0 222 144 192 44 182 
0 223 192 105 44 294 
0 224 144 192 182 
0 225 192 182 44 144 246 152 153 
0 226 192 182 
0 227 74 238 182 
0 228 192 238 174 246 
0 229 105 187 294 134 
0 230 74 
0 231 182 6 44 238 174 246 
0 232 74 238 182 
0 233 238 44 182 30 
0 234 144 192 85 
0 235 192 6 174 
0 236 105 6 174 294 
0 237 74 
0 238 192 67 6 44 174 246 187 
0 239 
0 240 192 182 30 
0 241 2 44 174 144 182 152 
0 242 74 
0 243 192 74 259 77 
0 244 74 
0 245 74 
0 246 192 44 182 110 
0 247 25 187 44 85 174 
0 248 192 44 174 30 182 
0 249 74 238 246 
0 250 187 44 85 
0 251 192 67 44 238 239 153 30 
0 252 192 6 238 239 246 153 
0 253 192 2 182 6 9 44 238 144 246 152 25 187 
0 254 153 174 239 
0 255 74 
0 256 192 6 138 239 246 153 
0 257 192 2 6 9 44 174 144 238 246 152 25 187 
0 258 238 44 182 30 
0 259 77 
0 260 74 
0 261 153 239 
0 262 187 174 246 
0 263 74 
0 264 74 
0 266 192 153 44 
0 267 74 
0 268 74 
0 269 192 153 246 
0 270 192 44 174 30 182 
0 271 153 182 239 
0 272 192 44 6 182 
0 273 192 44 238 30 
0 274 77 294 
0 275 152 9 238 6 182 
0 276 187 44 182 30 
0 277 74 
0 278 152 294 239 
0 279 74 77 238 
0 280 44 182 30 
0 281 174 30 182 
0 282 238 74 85 6 
0 283 192 2 182 9 44 246 25 187 
0 284 25 74 187 238 239 
0 285 74 44 77 238 152 187 
0 286 74 
0 288 74 
0 289 44 182 30 
0 290 144 192 6 
0 291 44 30 246 182 
0 292 238 6 246 
0 293 144 192 182 
0 294 105 
0 295 74 238 
0 296 6 182 174 
0 297 192 44 246 
0 298 2 67 134 239 153 154 
0 299 74 
900 0 192 6 110 246 
900 1 74 187 2 
900 2 192 67 6 174 
900 3 192 152 182 
900 4 74 
900 5 192 6 44 174 144 238 246 187 
900 6 187 
900 7 192 238 174 246 
900 8 152 25 246 
900 9 6 246 
900 10 74 
900 11 192 2 118 9 44 238 239 144 246 153 187 
900 12 192 294 44 238 174 144 85 118 30 
900 13 192 67 182 6 9 44 174 144 238 110 246 152 25 187 
900 14 74 
900 15 74 
900 16 238 187 44 182 30 
900 17 67 238 182 
900 18 74 182 174 
900 19 152 238 85 246 174 
900 20 74 
900 21 192 9 44 238 182 153 187 
900 22 74 
900 23 138 6 
900 24 192 30 246 77 
900 25 
900 26 152 187 44 
900 27 44 77 182 
900 28 74 
900 29 74 
900 30 25 174 
900 31 74 
900 33 144 6 182 
900 34 144 182 174 
900 35 192 44 238 174 110 182 152 
900 36 152 192 187 44 77 
900 37 74 238 246 
900 38 74 
900 39 74 187 44 77 238 
900 40 192 187 246 
900 41 74 238 30 
900 42 192 238 44 182 246 
900 43 192 182 44 238 144 246 152 153 
900 44 192 9 238 182 25 187 30 
900 45 192 182 134 44 174 144 238 246 6 
900 46 192 67 182 9 44 110 174 246 25 187 
900 47 74 
900 48 192 6 9 44 238 144 85 118 152 153 187 
900 49 67 44 174 144 182 152 30 
900 50 74 44 246 
900 51 192 182 6 44 238 144 246 152 
900 52 44 238 182 
900 53 192 44 144 182 152 153 187 
900 54 74 
900 55 74 
900 56 192 110 246 
900 57 74 
900 59 9 187 44 85 238 
900 60 74 
900 61 144 192 44 182 
900 62 74 77 
900 63 44 174 30 182 
900 64 9 187 110 
900 65 187 44 238 
900 66 192 153 259 77 239 
900 67 
900 68 192 182 44 238 144 246 152 153 
900 69 74 
900 70 153 138 44 239 
900 71 105 294 
900 72 44 182 30 
900 73 153 105 294 239 
900 74 246 
900 75 192 67 85 6 
900 76 144 44 182 
900 77 153 74 239 
900 78 74 
900 79 192 174 
900 80 74 238 30 
900 81 192 2 67 6 9 44 238 85 182 152 187 
900 82 192 238 6 174 
900 84 74 
900 85 
900 86 192 182 74 44 246 30 
900 87 74 
900 88 152 44 182 
900 89 192 2 9 44 238 85 246 152 153 187 
900 90 74 
900 91 74 
900 92 74 
900 93 74 
900 94 153 77 239 
900 95 74 
900 96 74 
900 97 153 239 
900 98 74 
900 99 74 
900 100 153 77 
900 101 187 44 85 
900 103 74 
900 104 74 77 
900 105 153 239 
900 107 25 44 182 
900 108 74 44 77 238 152 187 
900 109 74 
900 110 
900 112 153 239 
900 113 192 182 44 238 144 246 152 153 187 
900 114 192 6 9 44 174 144 238 110 182 152 153 187 
900 115 192 182 44 238 144 246 152 153 187 
900 116 182 6 238 239 144 246 
900 117 192 153 44 
900 118 192 138 238 182 
900 119 187 182 85 246 174 
900 120 74 
900 121 192 182 134 44 238 144 246 152 
900 122 152 153 239 
900 123 153 239 
900 124 144 182 174 
900 125 187 6 246 
900 126 192 2 182 9 44 246 25 187 
900 127 74 77 
900 130 144 192 44 294 30 
900 131 144 2 44 246 134 
900 133 192 44 110 174 85 182 187 30 
900 134 246 
900 135 238 6 174 246 
900 136 238 74 44 182 30 
900 138 
900 139 192 6 9 44 174 144 238 110 182 152 153 187 
900 140 74 
900 141 192 44 144 182 152 153 187 
900 142 74 
900 143 192 44 182 246 
900 144 74 6 
900 146 152 77 174 
900 147 192 6 44 174 144 238 246 187 
900 148 2 77 134 
900 149 44 110 30 182 
900 151 192 44 77 238 144 152 187 
900 152 192 9 44 174 246 25 187 
900 153 239 
900 154 192 77 
900 155 44 182 
900 156 153 138 6 239 
900 157 74 
900 158 192 44 174 30 182 
900 159 192 2 182 9 44 246 25 187 
900 160 74 
900 161 153 239 
900 162 74 
900 165 74 
900 166 192 187 174 
900 167 44 182 246 
900 168 182 44 238 174 246 187 
900 169 192 2 44 110 174 85 182 187 30 
900 170 192 30 246 77 
900 171 74 
900 172 192 174 
900 173 74 
900 174 
900 175 77 294 
900 176 74 
900 177 192 44 238 
900 178 192 44 174 144 238 182 152 30 
900 179 192 182 85 246 174 
900 180 192 294 44 238 174 144 85 118 30 
900 181 74 85 246 
900 182 192 44 246 
900 183 74 
900 184 67 44 174 144 182 152 30 
900 185 152 77 
900 186 192 2 182 6 9 44 238 239 144 85 246 152 187 118 
900 187 144 44 174 30 182 
900 188 74 
900 189 187 6 174 
900 190 192 2 9 44 238 239 144 85 246 25 187 
900 191 67 44 174 144 182 152 30 
900 192 174 
900 194 192 9 44 238 85 246 187 
900 195 192 2 6 9 44 174 144 238 110 182 152 187 
900 196 192 153 259 77 239 
900 198 192 238 44 182 246 
900 199 192 6 187 174 246 
900 200 174 30 182 
900 201 192 182 44 144 246 187 
900 202 144 192 6 
900 203 74 
900 205 74 
900 206 74 44 77 238 152 187 
900 208 44 85 182 
900 209 152 77 174 
900 210 152 187 44 
900 211 153 138 182 246 239 
900 212 105 174 294 
900 213 74 
900 214 144 192 44 182 
900 215 153 74 
900 216 192 6 138 110 239 174 153 
900 217 74 
900 218 74 
900 220 77 
900 221 44 182 30 
900 222 144 192 44 182 
900 223 192 105 44 294 
900 224 144 192 182 
900 225 192 182 44 144 246 152 153 
900 226 192 182 
900 227 74 238 182 
900 228 192 238 174 246 
900 229 105 187 294 134 
900 230 74 
900 231 182 6 44 238 174 246 
900 232 74 238 182 
900 233 238 44 182 30 
900 234 144 192 85 
900 235 192 6 174 
900 236 105 6 174 294 
900 237 74 
900 238 192 67 6 44 174 246 187 
900 239 
900 240 192 182 30 
900 241 2 44 174 144 182 152 
900 243 192 74 259 77 
900 244 74 
900 245 74 
900 246 192 44 182 110 
900 247 25 187 44 85 174 
900 248 192 44 174 30 182 
900 249 74 238 246 
900 250 187 44 85 
900 251 192 67 44 238 239 153 30 
900 252 192 6 238 239 246 153 
900 253 192 2 182 6 9 44 238 144 246 152 25 187 
900 254 153 174 239 
900 255 74 
900 256 192 6 138 239 246 153 
900 257 192 2 6 9 44 174 144 238 246 152 25 187 
900 258 238 44 182 30 
900 259 77 
900 260 74 
900 261 153 239 
900 263 74 
900 264 74 
900 266 192 153 44 
900 267 74 
900 268 74 
900 269 192 153 246 
900 270 192 44 174 30 182 
900 271 153 182 239 
900 273 192 44 238 30 
900 274 77 294 
900 275 152 9 238 6 182 
900 276 187 44 182 30 
900 277 74 
900 278 152 294 239 
900 279 74 77 238 
900 280 44 182 30 
900 281 174 30 182 
900 282 238 74 85 6 
900 283 192 2 182 9 44 246 25 187 
900 284 25 74 187 238 239 
900 285 74 44 77 238 152 187 
900 286 74 
900 289 44 182 30 
900 290 144 192 6 
900 291 44 30 246 182 
900 292 238 6 246 
900 293 144 192 182 
900 294 105 
900 296 6 182 174 
900 297 192 44 246 
900 298 2 67 134 239 153 154 
900 299 74 
1800 0 192 6 110 
1800 1 74 187 2 
1800 2 192 67 6 174 
1800 3 192 152 182 
1800 4 74 
1800 5 192 6 44 174 144 238 187 
1800 6 187 
1800 7 192 238 174 
1800 8 152 25 
1800 9 6 
1800 10 74 
1800 11 192 2 9 44 238 239 144 118 153 187 
1800 12 192 294 44 238 174 144 85 118 30 
1800 13 192 67 6 9 44 174 144 238 110 182 152 25 187 
1800 14 74 
1800 15 74 
1800 16 238 187 44 182 30 
1800 17 67 238 182 
1800 18 74 182 174 
1800 19 152 238 85 174 
1800 20 74 
1800 21 192 9 44 238 182 153 187 
1800 22 74 
1800 23 138 6 
1800 24 192 77 30 
1800 25 
1800 26 152 187 44 
1800 27 44 77 182 
1800 28 74 
1800 29 74 
1800 30 25 174 
1800 31 74 
1800 33 144 6 182 
1800 34 144 182 174 
1800 35 192 44 238 174 110 182 152 
1800 36 152 192 187 44 77 
1800 38 74 
1800 39 74 187 44 77 238 
1800 40 192 187 
1800 41 74 238 30 
1800 42 192 44 238 182 
1800 43 192 44 238 144 182 152 153 
1800 44 192 9 238 182 25 187 30 
1800 45 192 134 6 44 174 144 238 182 
1800 46 192 67 9 44 110 174 182 25 187 
1800 47 74 
1800 48 192 6 9 44 238 144 85 118 152 153 187 
1800 49 67 44 174 144 182 152 30 
1800 50 74 44 
1800 51 192 6 44 238 144 182 152 
1800 52 44 238 182 
1800 53 192 44 144 182 152 153 187 
1800 54 74 
1800 55 74 
1800 56 192 110 
1800 59 9 187 44 85 238 
1800 60 74 
1800 61 144 192 44 182 
1800 62 74 77 
1800 63 44 174 30 182 
1800 64 9 187 110 
1800 65 187 44 238 
1800 66 192 153 259 77 239 
1800 67 
1800 68 192 44 238 144 182 152 153 
1800 69 74 
1800 70 153 138 44 239 
1800 71 105 294 
1800 72 44 182 30 
1800 73 153 105 294 239 
1800 74 
1800 75 192 67 85 6 
1800 76 144 44 182 
1800 77 153 74 239 
1800 79 192 174 
1800 81 192 2 67 6 9 44 238 85 182 152 187 
1800 84 74 
1800 85 
1800 86 192 74 44 182 30 
1800 87 74 
1800 88 152 44 182 
1800 89 192 2 9 44 238 85 152 153 187 
1800 90 74 
1800 91 74 
1800 92 74 
1800 93 74 
1800 94 153 77 239 
1800 95 74 
1800 96 74 
1800 98 74 
1800 99 74 
1800 100 153 77 
1800 101 187 44 85 
1800 103 74 
1800 104 74 77 
1800 105 153 239 
1800 107 25 44 182 
1800 108 74 44 77 238 152 187 
1800 109 74 
1800 110 
1800 112 153 239 
1800 114 192 6 9 44 174 144 238 110 182 152 153 187 
1800 115 192 44 238 144 182 152 153 187 
1800 116 144 238 182 6 239 
1800 117 192 153 44 
1800 118 192 138 238 182 
1800 119 187 85 174 182 
1800 120 74 
1800 121 192 134 44 238 144 182 152 
1800 122 152 153 239 
1800 123 153 239 
1800 124 144 182 174 
1800 125 187 6 
1800 126 192 2 9 44 182 25 187 
1800 130 144 192 44 294 30 
1800 131 144 2 44 134 
1800 133 192 44 110 174 85 182 187 30 
1800 134 
1800 135 238 6 174 
1800 138 
1800 139 192 6 9 44 174 144 238 110 182 152 153 187 
1800 140 74 
1800 141 192 44 144 182 152 153 187 
1800 142 74 
1800 143 192 44 182 
1800 144 74 6 
1800 146 152 77 174 
1800 147 192 6 44 174 144 238 187 
1800 148 2 77 134 
1800 149 44 110 30 182 
1800 151 192 44 77 238 144 152 187 
1800 152 192 9 44 174 25 187 
1800 153 239 
1800 154 192 77 
1800 155 44 182 
1800 156 153 138 6 239 
1800 157 74 
1800 158 192 44 174 30 182 
1800 159 192 2 9 44 182 25 187 
1800 160 74 
1800 161 153 239 
1800 162 74 
1800 165 74 
1800 166 192 187 174 
1800 167 44 182 
1800 168 238 187 44 182 174 
1800 169 192 2 44 110 174 85 182 187 30 
1800 170 192 77 30 
1800 171 74 
1800 172 192 174 
1800 173 74 
1800 174 
1800 175 77 294 
1800 176 74 
1800 178 192 44 174 144 238 182 152 30 
1800 179 192 85 174 182 
1800 180 192 294 44 238 174 144 85 118 30 
1800 181 74 85 
1800 182 192 44 
1800 183 74 
1800 184 67 44 174 144 182 152 30 
1800 185 152 77 
1800 186 192 2 118 6 9 44 238 239 144 85 182 152 187 
1800 187 144 44 174 30 182 
1800 188 74 
1800 189 187 6 174 
1800 190 192 2 9 44 238 239 144 85 25 187 
1800 191 67 44 174 144 182 152 30 
1800 192 174 
1800 194 192 9 44 238 85 187 
1800 195 192 2 6 9 44 174 144 238 110 182 152 187 
1800 196 192 153 259 77 239 
1800 198 192 44 238 182 
1800 199 192 187 6 174 
1800 200 174 30 182 
1800 201 144 192 187 44 182 
1800 202 144 192 6 
1800 203 74 
1800 205 74 
1800 206 74 44 77 238 152 187 
1800 208 44 85 182 
1800 209 152 77 174 
1800 210 152 187 44 
1800 211 153 138 182 239 
1800 212 105 174 294 
1800 213 74 
1800 214 144 192 44 182 
1800 215 153 74 
1800 216 192 6 138 110 239 174 153 
1800 217 74 
1800 218 74 
1800 220 77 
1800 221 44 182 30 
1800 222 144 192 44 182 
1800 223 192 105 44 294 
1800 224 144 192 182 
1800 225 192 44 144 182 152 153 
1800 226 192 182 
1800 227 74 238 182 
1800 228 192 238 174 
1800 229 105 187 294 134 
1800 230 74 
1800 231 238 44 174 6 182 
1800 232 74 238 182 
1800 233 238 44 182 30 
1800 234 144 192 85 
1800 235 192 6 174 
1800 236 105 6 174 294 
1800 237 74 
1800 238 192 67 6 44 174 187 
1800 239 
1800 240 192 182 30 
1800 241 2 44 174 144 182 152 
1800 243 192 74 259 77 
1800 244 74 
1800 245 74 
1800 247 25 187 44 85 174 
1800 248 192 44 174 30 182 
1800 249 74 238 
1800 250 187 44 85 
1800 251 192 67 44 238 239 153 30 
1800 252 192 153 238 6 239 
1800 253 192 2 6 9 44 238 144 182 152 25 187 
1800 254 153 174 239 
1800 255 74 
1800 256 192 153 138 6 239 
1800 257 192 2 6 9 44 174 144 238 152 25 187 
1800 258 238 44 182 30 
1800 259 77 
1800 260 74 
1800 261 153 239 
1800 263 74 
1800 264 74 
1800 266 192 153 44 
1800 267 74 
1800 268 74 
1800 269 192 153 
1800 270 192 44 174 30 182 
1800 271 153 182 239 
1800 273 192 44 238 30 
1800 274 77 294 
1800 275 152 9 238 6 182 
1800 277 74 
1800 278 152 294 239 
1800 279 74 77 238 
1800 280 44 182 30 
1800 281 174 30 182 
1800 283 192 2 9 44 182 25 187 
1800 284 25 74 187 238 239 
1800 285 74 44 77 238 152 187 
1800 286 74 
1800 289 44 182 30 
1800 290 144 192 6 
1800 291 44 182 30 
1800 292 238 6 
1800 293 144 192 182 
1800 294 105 
1800 296 6 182 174 
1800 297 192 44 
1800 298 2 67 134 239 153 154 
1800 299 74 
2700 0 192 6 110 
2700 1 74 187 2 
2700 2 192 67 6 174 
2700 3 192 152 182 
2700 4 74 
2700 5 192 6 44 174 144 238 187 
2700 6 187 
2700 7 192 238 174 
2700 8 152 25 
2700 9 6 
2700 10 74 
2700 11 192 2 9 44 238 239 144 118 153 187 
2700 12 192 294 44 238 174 144 85 118 30 
2700 13 192 67 6 9 44 174 144 238 110 182 152 25 187 
2700 14 74 
2700 15 74 
2700 16 238 187 44 182 30 
2700 17 67 238 182 
2700 18 74 182 174 
2700 19 152 238 85 174 
2700 20 74 
2700 21 192 9 44 238 182 153 187 
2700 22 74 
2700 23 138 6 
2700 24 192 77 30 
2700 25 
2700 26 152 187 44 
2700 27 44 77 182 
2700 28 74 
2700 29 74 
2700 30 25 174 
2700 31 74 
2700 33 144 6 182 
2700 34 144 182 174 
2700 35 192 44 238 174 110 182 152 
2700 36 152 192 187 44 77 
2700 38 74 
2700 39 74 187 44 77 238 
2700 40 192 187 
2700 41 74 238 30 
2700 42 192 44 238 182 
2700 43 192 44 238 144 182 152 153 
2700 44 192 9 238 182 25 187 30 
2700 45 192 134 6 44 174 144 238 182 
2700 46 192 67 9 44 110 174 182 25 187 
2700 47 74 
2700 48 192 6 9 44 238 144 85 118 152 153 187 
2700 49 67 44 174 144 182 152 30 
2700 50 74 44 
2700 51 192 6 44 238 144 182 152 
2700 52 44 238 182 
2700 53 192 44 144 182 152 153 187 
2700 54 74 
2700 55 74 
2700 56 192 110 
2700 59 9 187 44 85 238 
2700 60 74 
2700 61 144 192 44 182 
2700 62 74 77 
2700 63 44 174 30 182 
2700 64 9 187 110 
2700 65 187 44 238 
2700 66 192 153 259 77 239 
2700 67 
2700 68 192 44 238 144 182 152 153 
2700 69 74 
2700 70 153 138 44 239 
2700 71 105 294 
2700 73 153 105 294 239 
2700 74 
2700 75 192 67 85 6 
2700 76 144 44 182 
2700 77 153 74 239 
2700 79 192 174 
2700 81 192 2 67 6 9 44 238 85 182 152 187 
2700 84 74 
2700 85 
2700 86 192 74 44 182 30 
2700 87 74 
2700 88 152 44 182 
2700 89 192 2 9 44 238 85 152 153 187 
2700 90 74 
2700 91 74 
2700 92 74 
2700 94 153 77 239 
2700 95 74 
2700 96 74 
2700 98 74 
2700 99 74 
2700 100 153 77 
2700 101 187 44 85 
2700 103 74 
2700 104 74 77 
2700 105 153 239 
2700 107 25 44 182 
2700 108 74 44 77 238 152 187 
2700 109 74 
2700 110 
2700 112 153 239 
2700 114 192 6 9 44 174 144 238 110 182 152 153 187 
2700 115 192 44 238 144 182 152 153 187 
2700 116 144 238 182 6 239 
2700 117 192 153 44 
2700 118 192 138 238 182 
2700 119 187 85 174 182 
2700 120 74 
2700 121 192 134 44 238 144 182 152 
2700 122 152 153 239 
2700 123 153 239 
2700 125 187 6 
2700 126 192 2 9 44 182 25 187 
2700 130 144 192 44 294 30 
2700 131 144 2 44 134 
2700 133 192 44 110 174 85 182 187 30 
2700 134 
2700 135 238 6 174 
2700 138 
2700 139 192 6 9 44 174 144 238 110 182 152 153 187 
2700 140 74 
2700 141 192 44 144 182 152 153 187 
2700 142 74 
2700 143 192 44 182 
2700 144 74 6 
2700 146 152 77 174 
2700 147 192 6 44 174 144 238 187 
2700 148 2 77 134 
2700 149 44 110 30 182 
2700 151 192 44 77 238 144 152 187 
2700 152 192 9 44 174 25 187 
2700 153 239 
2700 154 192 77 
2700 155 44 182 
2700 156 153 138 6 239 
2700 157 74 
2700 158 192 44 174 30 182 
2700 159 192 2 9 44 182 25 187 
2700 160 74 
2700 162 74 
2700 165 74 
2700 166 192 187 174 
2700 167 44 182 
2700 168 238 187 44 182 174 
2700 169 192 2 44 110 174 85 182 187 30 
2700 170 192 77 30 
2700 171 74 
2700 172 192 174 
2700 173 74 
2700 174 
2700 176 74 
2700 178 192 44 174 144 238 182 152 30 
2700 179 192 85 174 182 
2700 180 192 294 44 238 174 144 85 118 30 
2700 181 74 85 
2700 182 192 44 
2700 184 67 44 174 144 182 152 30 
2700 185 152 77 
2700 186 192 2 118 6 9 44 238 239 144 85 182 152 187 
2700 187 144 44 174 30 182 
2700 188 74 
2700 189 187 6 174 
2700 190 192 2 9 44 238 239 144 85 25 187 
2700 191 67 44 174 144 182 152 30 
2700 192 174 
2700 194 192 9 44 238 85 187 
2700 195 192 2 6 9 44 174 144 238 110 182 152 187 
2700 196 192 153 259 77 239 
2700 198 192 44 238 182 
2700 199 192 187 6 174 
2700 200 174 30 182 
2700 201 144 192 187 44 182 
2700 202 144 192 6 
2700 203 74 
2700 205 74 
2700 206 74 44 77 238 152 187 
2700 209 152 77 174 
2700 210 152 187 44 
2700 211 153 138 182 239 
2700 212 105 174 294 
2700 213 74 
2700 214 144 192 44 182 
2700 215 153 74 
2700 216 192 6 138 110 239 174 153 
2700 217 74 
2700 218 74 
2700 220 77 
2700 221 44 182 30 
2700 222 144 192 44 182 
2700 223 192 105 44 294 
2700 224 144 192 182 
2700 225 192 44 144 182 152 153 
2700 226 192 182 
2700 227 74 238 182 
2700 228 192 238 174 
2700 229 105 187 294 134 
2700 230 74 
2700 231 238 44 174 6 182 
2700 232 74 238 182 
2700 233 238 44 182 30 
2700 234 144 192 85 
2700 235 192 6 174 
2700 236 105 6 174 294 
2700 237 74 
2700 238 192 67 6 44 174 187 
2700 239 
2700 240 192 182 30 
2700 241 2 44 174 144 182 152 
2700 243 192 74 259 77 
2700 244 74 
2700 247 25 187 44 85 174 
2700 248 192 44 174 30 182 
2700 249 74 238 
2700 250 187 44 85 
2700 251 192 67 44 238 239 153 30 
2700 252 192 153 238 6 239 
2700 253 192 2 6 9 44 238 144 182 152 25 187 
2700 254 153 174 239 
2700 256 192 153 138 6 239 
2700 257 192 2 6 9 44 174 144 238 152 25 187 
2700 259 77 
2700 260 74 
2700 263 74 
2700 264 74 
2700 266 192 153 44 
2700 267 74 
2700 268 74 
2700 269 192 153 
2700 270 192 44 174 30 182 
2700 273 192 44 238 30 
2700 274 77 294 
2700 275 152 9 238 6 182 
2700 277 74 
2700 278 152 294 239 
2700 279 74 77 238 
2700 280 44 182 30 
2700 281 174 30 182 
2700 283 192 2 9 44 182 25 187 
2700 284 25 74 187 238 239 
2700 285 74 44 77 238 152 187 
2700 286 74 
2700 289 44 182 30 
2700 290 144 192 6 
2700 291 44 182 30 
2700 293 144 192 182 
2700 294 105 
2700 296 6 182 174 
2700 297 192 44 
2700 298 2 67 134 239 153 154 
2700 299 74 
3600 0 6 110 
3600 1 74 187 2 
3600 2 67 6 174 
3600 3 152 182 
3600 4 74 
3600 5 238 187 44 6 174 
3600 6 187 
3600 7 238 174 
3600 8 152 25 
3600 9 6 
3600 10 74 
3600 11 2 9 44 238 239 118 153 187 
3600 12 294 44 238 174 118 30 85 
3600 13 67 6 9 44 110 238 174 182 152 25 187 
3600 14 74 
3600 15 74 
3600 16 238 187 44 182 30 
3600 17 67 238 182 
3600 18 74 182 174 
3600 19 152 238 85 174 
3600 20 74 
3600 21 9 44 238 182 153 187 
3600 22 74 
3600 23 138 6 
3600 24 77 30 
3600 25 
3600 26 152 187 44 
3600 27 44 77 182 
3600 28 74 
3600 29 74 
3600 30 25 174 
3600 31 74 
3600 33 6 182 
3600 34 182 174 
3600 35 44 238 174 110 182 152 
3600 36 152 187 44 77 
3600 38 74 
3600 39 74 187 44 77 238 
3600 40 187 
3600 41 74 238 30 
3600 42 44 238 182 
3600 43 152 153 44 238 182 
3600 44 9 238 182 25 187 30 
3600 45 134 6 44 238 174 182 
3600 46 67 9 44 110 174 182 25 187 
3600 47 74 
3600 48 6 9 44 238 85 118 152 153 187 
3600 49 67 44 174 182 152 30 
3600 51 152 44 238 6 182 
3600 52 44 238 182 
3600 53 152 153 187 44 182 
3600 54 74 
3600 55 74 
3600 56 110 
3600 59 9 187 44 85 238 
3600 60 74 
3600 61 44 182 
3600 63 44 174 30 182 
3600 64 9 187 110 
3600 65 187 44 238 
3600 66 153 259 77 239 
3600 67 
3600 68 152 153 44 238 182 
3600 69 74 
3600 70 153 138 44 239 
3600 71 105 294 
3600 73 153 105 294 239 
3600 74 
3600 75 67 85 6 
3600 76 44 182 
3600 77 153 74 239 
3600 79 174 
3600 81 2 67 6 9 44 238 85 182 152 187 
3600 84 74 
3600 85 
3600 86 74 44 182 30 
3600 87 74 
3600 88 152 44 182 
3600 89 2 9 44 238 85 152 153 187 
3600 90 74 
3600 91 74 
3600 92 74 
3600 94 153 77 239 
3600 95 74 
3600 96 74 
3600 98 74 
3600 99 74 
3600 100 153 77 
3600 101 187 44 85 
3600 103 74 
3600 104 74 77 
3600 105 153 239 
3600 107 25 44 182 
3600 108 74 44 77 238 152 187 
3600 110 
3600 112 153 239 
3600 114 6 9 44 110 238 174 182 152 153 187 
3600 115 44 238 182 152 153 187 
3600 116 238 182 6 239 
3600 118 138 238 182 
3600 119 187 85 174 182 
3600 120 74 
3600 121 152 44 238 134 182 
3600 122 152 153 239 
3600 123 153 239 
3600 125 187 6 
3600 126 2 9 44 182 25 187 
3600 130 44 294 30 
3600 131 2 44 134 
3600 133 44 110 174 85 182 187 30 
3600 134 
3600 135 238 6 174 
3600 138 
3600 139 6 9 44 110 238 174 182 152 153 187 
3600 140 74 
3600 142 74 
3600 143 44 182 
3600 147 238 187 44 6 174 
3600 148 2 77 134 
3600 149 44 110 30 182 
3600 151 152 187 44 77 238 
3600 152 9 187 44 174 25 
3600 153 239 
3600 154 77 
3600 155 44 182 
3600 156 153 138 6 239 
3600 157 74 
3600 158 44 174 30 182 
3600 159 2 9 44 182 25 187 
3600 160 74 
3600 162 74 
3600 165 74 
3600 166 187 174 
3600 167 44 182 
3600 168 238 187 44 182 174 
3600 169 2 44 110 174 85 182 187 30 
3600 170 77 30 
3600 171 74 
3600 172 174 
3600 173 74 
3600 174 
3600 176 74 
3600 178 44 238 174 182 152 30 
3600 179 85 174 182 
3600 180 294 44 238 174 118 30 85 
3600 181 74 85 
3600 182 44 
3600 184 67 44 174 182 152 30 
3600 185 152 77 
3600 186 2 118 6 9 44 238 239 85 182 152 187 
3600 187 44 174 30 182 
3600 188 74 
3600 189 187 6 174 
3600 190 2 9 44 238 239 85 25 187 
3600 191 67 44 174 182 152 30 
3600 194 9 187 44 85 238 
3600 195 2 6 9 44 110 238 174 182 152 187 
3600 196 153 259 77 239 
3600 198 44 238 182 
3600 199 187 6 174 
3600 200 174 30 182 
3600 201 187 44 182 
3600 202 6 
3600 203 74 
3600 205 74 
3600 206 74 44 77 238 152 187 
3600 209 152 77 174 
3600 210 152 187 44 
3600 211 153 138 182 239 
3600 212 105 174 294 
3600 213 74 
3600 214 44 182 
3600 215 153 74 
3600 216 6 138 110 239 174 153 
3600 217 74 
3600 218 74 
3600 220 77 
3600 221 44 182 30 
3600 222 44 182 
3600 223 105 44 294 
3600 224 182 
3600 225 152 153 44 182 
3600 226 182 
3600 227 74 238 182 
3600 228 238 174 
3600 229 105 187 294 134 
3600 230 74 
3600 231 238 44 174 6 182 
3600 232 74 238 182 
3600 233 238 44 182 30 
3600 234 85 
3600 235 6 174 
3600 236 105 6 174 294 
3600 237 74 
3600 238 6 67 44 187 174 
3600 239 
3600 240 182 30 
3600 241 152 2 44 182 174 
3600 244 74 
3600 248 44 174 30 182 
3600 249 74 238 
3600 250 187 44 85 
3600 251 67 44 238 239 153 30 
3600 252 153 238 6 239 
3600 253 2 6 9 44 238 182 152 25 187 
3600 254 153 174 239 
3600 256 153 138 6 239 
3600 257 2 6 9 44 174 238 152 25 187 
3600 259 77 
3600 263 74 
3600 264 74 
3600 266 153 44 
3600 268 74 
3600 269 153 
3600 270 44 174 30 182 
3600 273 44 238 30 
3600 274 77 294 
3600 275 152 9 238 6 182 
3600 278 152 294 239 
3600 279 74 77 238 
3600 280 44 182 30 
3600 281 174 30 182 
3600 283 2 9 44 182 25 187 
3600 284 25 74 187 238 239 
3600 285 74 44 77 238 152 187 
3600 286 74 
3600 289 44 182 30 
3600 290 6 
3600 291 44 182 30 
3600 293 182 
3600 294 105 
3600 296 6 182 174 
3600 297 44 
3600 298 2 67 134 239 153 154 
3600 299 74 
4500 0 6 110 
4500 1 74 187 2 
4500 2 67 6 174 
4500 3 152 182 
4500 4 74 
4500 5 238 187 44 6 174 
4500 6 187 
4500 7 238 174 
4500 8 152 25 
4500 9 6 
4500 10 74 
4500 11 2 9 44 238 239 118 153 187 
4500 12 294 44 238 174 118 30 
4500 13 67 6 9 44 110 238 174 182 152 25 187 
4500 14 74 
4500 15 74 
4500 16 238 187 44 182 30 
4500 17 67 238 182 
4500 18 74 182 174 
4500 19 152 238 174 
4500 20 74 
4500 21 9 44 238 182 153 187 
4500 22 74 
4500 23 138 6 
4500 24 77 30 
4500 25 
4500 26 152 187 44 
4500 27 44 77 182 
4500 28 74 
4500 29 74 
4500 30 25 174 
4500 31 74 
4500 33 6 182 
4500 34 182 174 
4500 35 44 238 174 110 182 152 
4500 36 152 187 44 77 
4500 39 74 187 44 77 238 
4500 40 187 
4500 41 74 238 30 
4500 42 44 238 182 
4500 43 152 153 44 238 182 
4500 44 9 238 182 25 187 30 
4500 45 134 6 44 238 174 182 
4500 46 67 9 44 110 174 182 25 187 
4500 47 74 
4500 48 6 9 44 238 118 152 153 187 
4500 49 67 44 174 182 152 30 
4500 51 152 44 238 6 182 
4500 52 44 238 182 
4500 53 152 153 187 44 182 
4500 54 74 
4500 55 74 
4500 59 9 187 44 238 
4500 60 74 
4500 61 44 182 
4500 63 44 174 30 182 
4500 64 9 187 110 
4500 65 187 44 238 
4500 66 153 259 77 239 
4500 67 
4500 68 152 153 44 238 182 
4500 69 74 
4500 70 153 138 44 239 
4500 71 105 294 
4500 73 153 105 294 239 
4500 74 
4500 75 67 6 
4500 76 44 182 
4500 77 153 74 239 
4500 79 174 
4500 81 2 67 6 9 44 238 182 152 187 
4500 84 74 
4500 86 74 44 182 30 
4500 87 74 
4500 88 152 44 182 
4500 89 2 9 44 238 152 153 187 
4500 90 74 
4500 92 74 
4500 94 153 77 239 
4500 95 74 
4500 96 74 
4500 98 74 
4500 99 74 
4500 100 153 77 
4500 101 187 44 
4500 103 74 
4500 104 74 77 
4500 105 153 239 
4500 107 25 44 182 
4500 108 74 44 77 238 152 187 
4500 110 
4500 112 153 239 
4500 114 6 9 44 110 238 174 182 152 153 187 
4500 115 44 238 182 152 153 187 
4500 116 238 182 6 239 
4500 118 138 238 182 
4500 119 187 182 174 
4500 120 74 
4500 121 152 44 238 134 182 
4500 122 152 153 239 
4500 123 153 239 
4500 125 187 6 
4500 126 2 9 44 182 25 187 
4500 130 44 294 30 
4500 131 2 44 134 
4500 133 44 110 174 182 187 30 
4500 134 
4500 135 238 6 174 
4500 138 
4500 139 6 9 44 110 238 174 182 152 153 187 
4500 140 74 
4500 142 74 
4500 147 238 187 44 6 174 
4500 149 44 110 30 182 
4500 151 152 187 44 77 238 
4500 152 9 187 44 174 25 
4500 153 239 
4500 154 77 
4500 155 44 182 
4500 156 153 138 6 239 
4500 157 74 
4500 158 44 174 30 182 
4500 159 2 9 44 182 25 187 
4500 160 74 
4500 162 74 
4500 165 74 
4500 166 187 174 
4500 167 44 182 
4500 168 238 187 44 182 174 
4500 170 77 30 
4500 171 74 
4500 172 174 
4500 173 74 
4500 174 
4500 176 74 
4500 178 44 238 174 182 152 30 
4500 179 182 174 
4500 180 294 44 238 174 118 30 
4500 181 74 
4500 182 44 
4500 184 67 44 174 182 152 30 
4500 185 152 77 
4500 186 2 118 6 9 44 238 239 182 152 187 
4500 187 44 174 30 182 
4500 188 74 
4500 189 187 6 174 
4500 190 2 9 44 238 239 25 187 
4500 191 67 44 174 182 152 30 
4500 194 9 187 44 238 
4500 195 2 6 9 44 110 238 174 182 152 187 
4500 196 153 259 77 239 
4500 198 44 238 182 
4500 199 187 6 174 
4500 200 174 30 182 
4500 202 6 
4500 203 74 
4500 205 74 
4500 206 74 44 77 238 152 187 
4500 209 152 77 174 
4500 210 152 187 44 
4500 211 153 138 182 239 
4500 212 105 174 294 
4500 213 74 
4500 214 44 182 
4500 215 153 74 
4500 216 6 138 110 239 174 153 
4500 217 74 
4500 218 74 
4500 220 77 
4500 222 44 182 
4500 223 105 44 294 
4500 224 182 
4500 225 152 153 44 182 
4500 228 238 174 
4500 229 105 187 294 134 
4500 230 74 
4500 231 238 44 174 6 182 
4500 232 74 238 182 
4500 233 238 44 182 30 
4500 234 
4500 235 6 174 
4500 236 105 6 174 294 
4500 237 74 
4500 238 6 67 44 187 174 
4500 239 
4500 240 182 30 
4500 241 152 2 44 182 174 
4500 244 74 
4500 248 44 174 30 182 
4500 250 187 44 
4500 251 67 44 238 239 153 30 
4500 252 153 238 6 239 
4500 253 2 6 9 44 238 182 152 25 187 
4500 254 153 174 239 
4500 257 2 6 9 44 174 238 152 25 187 
4500 259 77 
4500 263 74 
4500 264 74 
4500 266 153 44 
4500 268 74 
4500 269 153 
4500 270 44 174 30 182 
4500 273 44 238 30 
4500 274 77 294 
4500 275 152 9 238 6 182 
4500 278 152 294 239 
4500 279 74 77 238 
4500 280 44 182 30 
4500 281 174 30 182 
4500 283 2 9 44 182 25 187 
4500 284 25 74 187 238 239 
4500 285 74 44 77 238 152 187 
4500 286 74 
4500 289 44 182 30 
4500 290 6 
4500 291 44 182 30 
4500 293 182 
4500 294 105 
4500 296 6 182 174 
4500 297 44 
4500 298 2 67 134 239 153 154 
4500 299 74 
5400 0 6 110 
5400 1 74 187 2 
5400 2 67 6 174 
5400 3 152 182 
5400 4 74 
5400 5 238 187 44 6 174 
5400 6 187 
5400 7 238 174 
5400 8 152 25 
5400 9 6 
5400 10 74 
5400 11 2 9 44 238 239 153 187 
5400 12 238 294 44 174 30 
5400 13 67 6 9 44 110 238 174 182 152 25 187 
5400 14 74 
5400 15 74 
5400 16 238 187 44 182 30 
5400 17 67 238 182 
5400 18 74 182 174 
5400 19 152 238 174 
5400 20 74 
5400 21 9 44 238 182 153 187 
5400 22 74 
5400 23 138 6 
5400 24 77 30 
5400 25 
5400 26 152 187 44 
5400 27 44 77 182 
5400 28 74 
5400 29 74 
5400 30 25 174 
5400 31 74 
5400 33 6 182 
5400 34 182 174 
5400 35 44 238 174 110 182 152 
5400 36 152 187 44 77 
5400 39 74 187 44 77 238 
5400 40 187 
5400 41 74 238 30 
5400 42 44 238 182 
5400 43 152 153 44 238 182 
5400 44 9 238 182 25 187 30 
5400 45 134 6 44 238 174 182 
5400 46 67 9 44 110 174 182 25 187 
5400 47 74 
5400 48 6 9 44 238 152 153 187 
5400 49 67 44 174 182 152 30 
5400 51 152 44 238 6 182 
5400 52 44 238 182 
5400 53 152 153 187 44 182 
5400 54 74 
5400 55 74 
5400 59 9 187 44 238 
5400 61 44 182 
5400 63 44 174 30 182 
5400 64 9 187 110 
5400 66 153 259 77 239 
5400 67 
5400 68 152 153 44 238 182 
5400 69 74 
5400 70 153 138 44 239 
5400 71 105 294 
5400 73 153 105 294 239 
5400 74 
5400 75 67 6 
5400 76 44 182 
5400 77 153 74 239 
5400 79 174 
5400 84 74 
5400 86 74 44 182 30 
5400 87 74 
5400 90 74 
5400 92 74 
5400 94 153 77 239 
5400 95 74 
5400 96 74 
5400 98 74 
5400 99 74 
5400 100 153 77 
5400 101 187 44 
5400 103 74 
5400 104 74 77 
5400 105 153 239 
5400 107 25 44 182 
5400 108 74 44 77 238 152 187 
5400 110 
5400 112 153 239 
5400 114 6 9 44 110 238 174 182 152 153 187 
5400 115 44 238 182 152 153 187 
5400 116 238 182 6 239 
5400 119 187 182 174 
5400 120 74 
5400 121 152 44 238 134 182 
5400 122 152 153 239 
5400 123 153 239 
5400 125 187 6 
5400 126 2 9 44 182 25 187 
5400 130 44 294 30 
5400 133 44 110 174 182 187 30 
5400 134 
5400 135 238 6 174 
5400 138 
5400 139 6 9 44 110 238 174 182 152 153 187 
5400 140 74 
5400 142 74 
5400 147 238 187 44 6 174 
5400 149 44 110 30 182 
5400 151 152 187 44 77 238 
5400 152 9 187 44 174 25 
5400 153 239 
5400 154 77 
5400 155 44 182 
5400 156 153 138 6 239 
5400 157 74 
5400 159 2 9 44 182 25 187 
5400 160 74 
5400 162 74 
5400 165 74 
5400 166 187 174 
5400 167 44 182 
5400 168 238 187 44 182 174 
5400 170 77 30 
5400 171 74 
5400 172 174 
5400 173 74 
5400 174 
5400 176 74 
5400 178 44 238 174 182 152 30 
5400 179 182 174 
5400 180 238 294 44 174 30 
5400 182 44 
5400 185 152 77 
5400 186 2 6 9 44 238 239 182 152 187 
5400 187 44 174 30 182 
5400 189 187 6 174 
5400 190 2 9 44 238 239 25 187 
5400 191 67 44 174 182 152 30 
5400 194 9 187 44 238 
5400 195 2 6 9 44 110 238 174 182 152 187 
5400 196 153 259 77 239 
5400 198 44 238 182 
5400 199 187 6 174 
5400 200 174 30 182 
5400 202 6 
5400 203 74 
5400 206 74 44 77 238 152 187 
5400 209 152 77 174 
5400 210 152 187 44 
5400 211 153 138 182 239 
5400 212 105 174 294 
5400 213 74 
5400 214 44 182 
5400 215 153 74 
5400 216 6 138 110 239 174 153 
5400 217 74 
5400 218 74 
5400 220 77 
5400 222 44 182 
5400 223 105 44 294 
5400 224 182 
5400 225 152 153 44 182 
5400 228 238 174 
5400 229 105 187 294 134 
5400 230 74 
5400 231 238 44 174 6 182 
5400 232 74 238 182 
5400 233 238 44 182 30 
5400 234 
5400 235 6 174 
5400 236 105 6 174 294 
5400 237 74 
5400 238 6 67 44 187 174 
5400 239 
5400 240 182 30 
5400 241 152 2 44 182 174 
5400 248 44 174 30 182 
5400 250 187 44 
5400 251 67 44 238 239 153 30 
5400 252 153 238 6 239 
5400 253 2 6 9 44 238 182 152 25 187 
5400 254 153 174 239 
5400 257 2 6 9 44 174 238 152 25 187 
5400 259 77 
5400 263 74 
5400 264 74 
5400 266 153 44 
5400 268 74 
5400 269 153 
5400 270 44 174 30 182 
5400 273 44 238 30 
5400 274 77 294 
5400 275 152 9 238 6 182 
5400 278 152 294 239 
5400 279 74 77 238 
5400 280 44 182 30 
5400 281 174 30 182 
5400 283 2 9 44 182 25 187 
5400 284 25 74 187 238 239 
5400 285 74 44 77 238 152 187 
5400 286 74 
5400 289 44 182 30 
5400 290 6 
5400 291 44 182 30 
5400 293 182 
5400 294 105 
5400 296 6 182 174 
5400 297 44 
5400 298 2 67 134 239 153 154 
5400 299 74 
6300 0 6 110 
6300 1 74 187 2 
6300 2 67 6 174 
6300 3 152 182 
6300 4 74 
6300 5 238 187 44 6 174 
6300 6 187 
6300 7 238 174 
6300 8 152 25 
6300 9 6 
6300 10 74 
6300 11 2 9 44 238 239 153 187 
6300 12 238 294 44 174 30 
6300 13 67 6 9 44 110 238 174 182 152 25 187 
6300 14 74 
6300 15 74 
6300 16 238 187 44 182 30 
6300 17 67 238 182 
6300 18 74 182 174 
6300 19 152 238 174 
6300 20 74 
6300 21 9 44 238 182 153 187 
6300 22 74 
6300 23 138 6 
6300 24 77 30 
6300 25 
6300 26 152 187 44 
6300 27 44 77 182 
6300 28 74 
6300 29 74 
6300 30 25 174 
6300 31 74 
6300 33 6 182 
6300 34 182 174 
6300 35 44 238 174 110 182 152 
6300 36 152 187 44 77 
6300 39 74 187 44 77 238 
6300 40 187 
6300 41 74 238 30 
6300 42 44 238 182 
6300 43 152 153 44 238 182 
6300 44 9 238 182 25 187 30 
6300 45 134 6 44 238 174 182 
6300 46 67 9 44 110 174 182 25 187 
6300 47 74 
6300 48 6 9 44 238 152 153 187 
6300 49 67 44 174 182 152 30 
6300 51 152 44 238 6 182 
6300 52 44 238 182 
6300 53 152 153 187 44 182 
6300 54 74 
6300 55 74 
6300 59 9 187 44 238 
6300 61 44 182 
6300 63 44 174 30 182 
6300 64 9 187 110 
6300 66 153 259 77 239 
6300 67 
6300 68 152 153 44 238 182 
6300 69 74 
6300 70 153 138 44 239 
6300 71 105 294 
6300 73 153 105 294 239 
6300 74 
6300 75 67 6 
6300 76 44 182 
6300 77 153 74 239 
6300 79 174 
6300 84 74 
6300 86 74 44 182 30 
6300 87 74 
6300 90 74 
6300 92 74 
6300 94 153 77 239 
6300 95 74 
6300 96 74 
6300 98 74 
6300 99 74 
6300 100 153 77 
6300 101 187 44 
6300 103 74 
6300 104 74 77 
6300 105 153 239 
6300 107 25 44 182 
6300 108 74 44 77 238 152 187 
6300 110 
6300 112 153 239 
6300 114 6 9 44 110 238 174 182 152 153 187 
6300 115 44 238 182 152 153 187 
6300 116 238 182 6 239 
6300 119 187 182 174 
6300 120 74 
6300 121 152 44 238 134 182 
6300 122 152 153 239 
6300 123 153 239 
6300 125 187 6 
6300 130 44 294 30 
6300 133 44 110 174 182 187 30 
6300 134 
6300 135 238 6 174 
6300 138 
6300 139 6 9 44 110 238 174 182 152 153 187 
6300 140 74 
6300 142 74 
6300 147 238 187 44 6 174 
6300 149 44 110 30 182 
6300 151 152 187 44 77 238 
6300 152 9 187 44 174 25 
6300 153 239 
6300 154 77 
6300 155 44 182 
6300 156 153 138 6 239 
6300 157 74 
6300 159 2 9 44 182 25 187 
6300 160 74 
6300 165 74 
6300 166 187 174 
6300 167 44 182 
6300 170 77 30 
6300 171 74 
6300 172 174 
6300 173 74 
6300 174 
6300 176 74 
6300 178 44 238 174 182 152 30 
6300 179 182 174 
6300 180 238 294 44 174 30 
6300 182 44 
6300 185 152 77 
6300 186 2 6 9 44 238 239 182 152 187 
6300 187 44 174 30 182 
6300 189 187 6 174 
6300 190 2 9 44 238 239 25 187 
6300 191 67 44 174 182 152 30 
6300 194 9 187 44 238 
6300 196 153 259 77 239 
6300 198 44 238 182 
6300 199 187 6 174 
6300 200 174 30 182 
6300 202 6 
6300 206 74 44 77 238 152 187 
6300 209 152 77 174 
6300 210 152 187 44 
6300 211 153 138 182 239 
6300 212 105 174 294 
6300 215 153 74 
6300 216 6 138 110 239 174 153 
6300 218 74 
6300 220 77 
6300 223 105 44 294 
6300 224 182 
6300 225 152 153 44 182 
6300 228 238 174 
6300 229 105 187 294 134 
6300 230 74 
6300 231 238 44 174 6 182 
6300 232 74 238 182 
6300 233 238 44 182 30 
6300 234 
6300 235 6 174 
6300 237 74 
6300 238 6 67 44 187 174 
6300 239 
6300 240 182 30 
6300 241 152 2 44 182 174 
6300 248 44 174 30 182 
6300 250 187 44 
6300 251 67 44 238 239 153 30 
6300 252 153 238 6 239 
6300 253 2 6 9 44 238 182 152 25 187 
6300 254 153 174 239 
6300 257 2 6 9 44 174 238 152 25 187 
6300 259 77 
6300 263 74 
6300 264 74 
6300 266 153 44 
6300 268 74 
6300 269 153 
6300 270 44 174 30 182 
6300 273 44 238 30 
6300 274 77 294 
6300 275 152 9 238 6 182 
6300 278 152 294 239 
6300 280 44 182 30 
6300 281 174 30 182 
6300 283 2 9 44 182 25 187 
6300 285 74 44 77 238 152 187 
6300 286 74 
6300 289 44 182 30 
6300 290 6 
6300 291 44 182 30 
6300 293 182 
6300 294 105 
6300 296 6 182 174 
6300 297 44 
6300 298 2 67 134 239 153 154 
