0 0 198 14 55 
0 1 16 229 
0 2 232 178 298 77 206 
0 3 187 259 37 126 154 
0 4 297 266 269 142 188 253 190 
0 5 228 69 199 206 239 152 
0 6 217 138 44 94 263 
0 7 121 196 101 
0 8 256 33 134 238 239 145 90 
0 9 154 253 
0 10 232 104 19 223 
0 11 273 215 
0 12 288 66 
0 13 256 133 230 46 86 57 158 
0 14 189 294 
0 15 64 257 126 81 
0 16 176 196 39 73 76 240 182 233 
0 17 60 44 286 
0 18 166 
0 19 104 
0 20 284 252 
0 21 8 209 149 133 
0 22 272 
0 23 240 267 107 
0 24 99 37 198 40 108 45 14 3 184 155 92 
0 25 152 163 187 
0 26 144 217 269 40 
0 27 90 284 21 238 
0 28 194 131 137 15 183 222 
0 29 73 262 199 
0 30 1 65 249 
0 31 26 118 12 205 14 
0 33 133 11 46 248 124 159 
0 34 284 22 23 
0 35 184 209 266 42 
0 36 144 132 101 134 
0 37 215 
0 38 183 39 
0 39 218 19 
0 40 225 130 41 
0 41 114 
0 42 176 81 
0 43 261 199 44 54 151 255 
0 44 96 133 203 205 154 62 
0 45 250 
0 46 257 166 83 20 85 88 124 
0 47 188 85 
0 48 91 221 
0 49 168 297 130 149 262 
0 50 148 
0 51 184 25 130 99 
0 52 134 230 202 20 151 121 
0 53 65 90 243 31 
0 54 1 233 45 239 18 89 283 
0 55 228 68 229 276 21 
0 56 162 63 236 55 
0 57 296 104 10 220 189 
0 59 1 258 5 162 210 51 52 
0 60 178 275 242 166 
0 61 97 229 74 75 205 245 217 218 63 
0 62 100 
0 63 134 110 52 248 91 188 158 
0 64 80 
0 65 184 82 143 255 247 
0 66 288 256 258 54 31 
0 67 176 145 289 
0 68 296 177 253 
0 69 256 66 274 
0 70 185 182 
0 71 211 
0 72 136 88 259 
0 73 67 
0 74 46 
0 75 244 214 
0 76 232 152 258 285 169 
0 77 291 72 238 178 46 279 
0 78 64 230 104 212 277 126 
0 79 53 166 109 
0 80 178 140 126 54 255 
0 81 168 155 246 175 
0 82 31 
0 83 232 183 109 87 
0 84 37 
0 85 42 205 271 144 51 153 90 266 
0 86 217 143 
0 87 256 98 
0 88 98 195 228 231 277 153 
0 89 207 79 
0 90 1 155 171 158 
0 91 75 
0 92 297 194 266 
0 93 274 69 
0 94 98 207 14 47 
0 95 173 85 70 77 
0 96 
0 97 224 185 223 
0 98 193 3 113 
0 99 291 
0 100 96 188 45 230 173 
0 101 176 148 222 
0 103 90 179 159 274 125 
0 104 35 182 237 240 86 29 
0 105 192 69 235 250 26 191 
0 107 168 222 
0 108 121 236 169 
0 109 83 236 5 230 269 
0 110 13 189 
0 112 153 235 39 
0 113 290 283 293 174 
0 114 291 
0 115 105 28 165 117 
0 116 248 66 258 122 238 
0 117 257 67 35 223 
0 118 13 
0 119 3 147 173 203 
0 120 
0 121 177 293 
0 122 136 169 101 174 191 
0 123 49 10 260 277 191 
0 124 54 
0 125 24 43 53 
0 126 
0 127 164 135 
0 130 21 
0 131 74 
0 132 256 249 226 29 293 
0 133 177 2 69 245 
0 134 112 121 130 251 118 
0 135 168 282 14 134 117 
0 136 131 238 31 
0 137 273 2 221 
0 138 51 202 299 108 247 
0 139 208 89 179 6 207 
0 140 240 9 117 63 
0 141 51 252 77 127 
0 142 97 34 134 266 15 118 
0 143 275 225 147 179 174 
0 144 226 26 52 45 261 
0 145 117 
0 146 298 272 242 121 234 62 
0 147 273 183 1 
0 148 22 103 
0 149 297 10 44 173 143 180 95 
0 151 217 172 134 233 
0 152 160 66 103 
0 153 168 281 85 
0 154 177 
0 155 167 178 212 54 217 60 
0 156 266 
0 157 198 3 141 62 271 
0 158 207 
0 159 216 147 143 
0 160 35 126 78 39 
0 161 217 18 101 78 
0 162 24 152 22 
0 163 136 125 175 
0 164 1 132 230 41 16 117 278 
0 165 243 245 294 
0 166 80 255 38 55 
0 167 
0 168 160 186 18 279 
0 169 72 33 138 211 
0 170 33 161 116 215 120 27 
0 171 0 232 45 278 184 92 
0 172 166 177 107 273 88 57 186 127 
0 173 209 194 123 49 223 
0 174 211 
0 175 214 
0 176 257 42 55 
0 177 218 115 62 143 
0 178 256 177 18 
0 179 152 141 
0 180 120 121 22 57 
0 181 222 4 86 254 
0 182 36 12 278 
0 183 57 138 250 
0 184 18 163 239 189 77 
0 185 267 125 
0 186 160 146 43 62 7 
0 187 191 258 39 141 247 
0 188 207 6 103 
0 189 284 174 134 158 
0 190 210 203 238 118 
0 191 278 135 
0 192 273 173 
0 193 184 209 178 22 207 
0 194 195 6 
0 195 185 125 78 133 
0 196 160 114 35 254 
0 198 209 297 253 137 
0 199 65 206 14 119 
0 200 288 80 138 149 182 
0 201 137 6 
0 202 152 132 13 247 
0 203 18 
0 205 217 285 222 57 
0 206 209 117 
0 207 257 105 10 119 122 125 
0 208 247 
0 209 165 43 12 244 151 248 276 284 
0 210 24 160 165 214 49 
0 211 104 233 74 139 135 
0 212 260 283 131 151 
0 213 7 147 207 294 23 
0 214 64 185 76 93 158 
0 215 95 15 
0 216 164 132 148 254 
0 217 67 198 295 13 15 250 
0 218 11 20 263 
0 220 100 277 
0 221 131 
0 222 100 230 
0 223 136 45 70 127 
0 224 103 96 115 252 143 
0 225 90 207 77 47 
0 226 276 36 177 254 207 
0 227 118 28 293 294 
0 228 136 
0 229 154 75 251 
0 230 188 191 
0 231 264 34 
0 232 159 271 
0 233 75 172 93 70 
0 234 119 68 213 270 223 
0 235 297 259 61 157 
0 236 80 133 
0 237 72 185 50 46 
0 238 56 266 196 293 70 
0 239 4 266 235 78 86 183 222 
0 240 62 
0 241 148 36 
0 242 7 185 91 15 
0 243 73 74 2 85 154 
0 244 
0 245 121 
0 246 256 51 187 
0 247 187 62 
0 248 145 170 44 257 
0 249 264 153 266 92 174 
0 250 240 145 278 
0 251 144 146 229 78 
0 252 205 230 
0 253 169 266 
0 254 232 60 
0 255 144 89 63 
0 256 280 50 84 54 70 
0 257 296 35 126 22 
0 258 256 122 34 70 
0 259 272 15 
0 260 37 
0 261 196 215 
0 262 4 260 159 
0 263 171 295 71 14 221 208 49 61 
0 264 104 242 154 
0 266 44 149 117 
0 267 297 
0 268 77 126 247 
0 269 275 156 222 
0 270 107 189 
0 271 34 133 108 249 190 63 
0 272 24 130 91 127 
0 273 153 284 
0 274 298 143 214 23 90 282 
0 275 297 194 14 
0 276 195 42 13 243 213 185 
0 277 120 45 126 
0 278 72 283 76 253 45 
0 279 185 107 212 14 
0 280 226 259 252 221 22 
0 281 19 192 67 215 
0 282 34 298 
0 283 163 77 21 
0 284 178 29 
0 285 4 201 42 14 174 250 
0 286 151 143 
0 288 24 201 34 223 
0 289 136 140 3 180 
0 290 96 
0 291 136 75 155 122 31 
0 292 250 268 
0 293 7 176 177 118 119 56 156 30 
0 294 152 250 15 
0 295 40 18 213 
0 296 34 
0 297 11 209 147 20 
0 298 35 103 238 207 276 213 52 92 254 
0 299 153 178 122 293 86 
900 0 198 14 55 
900 1 16 229 
900 2 232 178 298 77 206 
900 3 187 259 37 126 154 
900 4 297 266 269 142 188 253 190 
900 5 228 69 199 206 239 152 
900 6 217 138 44 94 263 
900 7 121 196 101 
900 8 256 33 134 238 239 90 
900 9 154 253 
900 10 232 104 19 223 
900 11 273 215 
900 12 66 
900 13 256 133 230 46 86 57 158 
900 14 189 294 
900 15 64 257 126 81 
900 16 176 196 39 73 76 240 182 233 
900 17 60 44 286 
900 18 166 
900 19 104 
900 20 284 252 
900 21 8 209 149 133 
900 22 
900 23 240 267 107 
900 24 99 37 198 40 108 45 14 3 184 155 92 
900 25 152 187 
900 26 144 217 269 40 
900 27 90 284 21 238 
900 28 194 131 183 222 15 
900 29 73 199 
900 30 1 65 249 
900 31 26 118 12 205 14 
900 33 133 11 46 248 124 159 
900 34 284 22 23 
900 35 184 209 266 42 
900 36 144 101 134 
900 37 215 
900 38 183 39 
900 39 218 19 
900 40 225 130 41 
900 41 114 
900 42 176 81 
900 43 261 199 44 54 151 255 
900 44 96 133 203 205 154 62 
900 45 250 
900 46 257 166 20 85 88 124 
900 47 188 85 
900 48 91 221 
900 49 168 297 130 149 
900 50 148 
900 51 184 25 130 99 
900 52 134 230 202 20 151 121 
900 53 65 90 243 31 
900 54 1 233 45 239 18 89 283 
900 55 228 68 229 276 21 
900 56 162 63 236 55 
900 57 296 104 10 220 189 
900 59 1 258 5 162 210 51 52 
900 60 178 275 166 
900 61 97 229 74 75 205 245 217 218 63 
900 62 100 
900 63 134 110 52 248 91 188 158 
900 64 80 
900 65 184 82 143 255 247 
900 66 256 258 54 31 
900 67 176 289 
900 68 296 177 253 
900 69 256 66 274 
900 70 185 182 
900 71 211 
900 72 136 88 259 
900 73 67 
900 74 46 
900 75 244 214 
900 76 232 152 258 285 169 
900 77 291 72 238 178 46 279 
900 78 64 230 104 212 277 126 
900 79 53 166 109 
900 80 178 140 126 54 255 
900 81 168 155 246 175 
900 82 31 
900 84 37 
900 85 42 205 271 144 51 153 90 266 
900 86 217 143 
900 87 256 98 
900 88 98 195 228 231 277 153 
900 89 79 
900 90 1 155 171 158 
900 91 75 
900 92 297 194 266 
900 93 274 69 
900 94 98 14 47 
900 95 173 85 70 77 
900 96 
900 97 224 185 223 
900 98 113 3 
900 99 291 
900 100 96 188 45 230 173 
900 101 176 148 222 
900 103 90 179 159 274 125 
900 104 35 182 237 240 86 29 
900 105 192 69 235 250 26 191 
900 107 168 222 
900 108 121 236 169 
900 109 236 5 230 269 
900 110 13 189 
900 112 153 235 39 
900 113 290 283 293 174 
900 114 291 
900 115 105 28 165 117 
900 116 248 66 258 122 238 
900 117 257 67 35 223 
900 118 13 
900 119 3 147 173 203 
900 120 
900 121 177 293 
900 122 136 169 101 174 191 
900 123 49 10 260 277 191 
900 124 54 
900 125 24 43 53 
900 126 
900 127 135 
900 130 21 
900 131 74 
900 133 177 2 69 245 
900 134 112 121 130 251 118 
900 135 168 282 14 134 117 
900 136 131 238 31 
900 138 51 202 299 108 247 
900 139 208 89 179 6 
900 140 240 9 117 63 
900 141 51 252 77 127 
900 142 97 34 134 266 15 118 
900 143 275 225 147 179 174 
900 144 226 26 52 45 261 
900 146 121 234 298 62 
900 147 273 183 1 
900 148 22 103 
900 149 297 10 44 173 143 180 95 
900 151 217 172 134 233 
900 152 160 66 103 
900 153 168 281 85 
900 154 177 
900 155 167 178 212 54 217 60 
900 156 266 
900 157 198 3 141 62 271 
900 158 
900 159 216 147 143 
900 160 35 126 78 39 
900 161 217 18 101 78 
900 162 24 152 22 
900 165 243 245 294 
900 166 80 255 38 55 
900 167 
900 168 160 186 18 279 
900 169 72 33 138 211 
900 170 33 161 116 215 120 27 
900 171 0 232 45 278 184 92 
900 172 166 177 107 273 88 57 186 127 
900 173 209 194 123 49 223 
900 174 211 
900 175 214 
900 176 257 42 55 
900 177 218 115 62 143 
900 178 256 177 18 
900 179 152 141 
900 180 120 121 22 57 
900 181 222 4 86 254 
900 182 36 12 278 
900 183 57 138 250 
900 184 18 239 77 189 
900 185 267 125 
900 186 160 146 43 62 7 
900 187 191 258 39 141 247 
900 188 6 103 
900 189 284 174 134 158 
900 190 210 203 238 118 
900 191 278 135 
900 192 273 173 
900 194 195 6 
900 195 185 125 78 133 
900 196 160 114 35 254 
900 198 209 253 297 
900 199 65 206 14 119 
900 200 80 138 149 182 
900 201 6 
900 202 152 13 247 
900 203 18 
900 205 217 285 222 57 
900 206 209 117 
900 208 247 
900 209 165 43 12 244 151 248 276 284 
900 210 24 160 165 214 49 
900 211 104 233 74 139 135 
900 212 260 283 131 151 
900 213 7 147 294 23 
900 214 64 185 76 93 158 
900 215 95 15 
900 216 148 254 
900 217 250 67 13 198 15 
900 218 11 20 263 
900 220 100 277 
900 221 131 
900 222 100 230 
900 223 136 45 70 127 
900 224 103 96 115 252 143 
900 225 90 77 47 
900 226 276 36 254 177 
900 227 118 28 293 294 
900 228 136 
900 229 154 75 251 
900 230 188 191 
900 231 264 34 
900 232 159 271 
900 233 75 172 93 70 
900 234 119 68 213 270 223 
900 235 297 259 61 157 
900 236 80 133 
900 237 72 185 50 46 
900 238 56 266 196 293 70 
900 239 4 266 235 78 86 183 222 
900 240 62 
900 241 148 36 
900 243 73 74 2 85 154 
900 244 
900 245 121 
900 246 256 51 187 
900 247 187 62 
900 248 257 170 44 
900 249 264 153 266 92 174 
900 250 240 278 
900 251 144 146 229 78 
900 252 205 230 
900 253 169 266 
900 254 232 60 
900 255 144 89 63 
900 256 280 50 84 54 70 
900 257 296 35 126 22 
900 258 256 122 34 70 
900 259 15 
900 260 37 
900 261 196 215 
900 263 71 171 14 221 208 49 61 
900 264 104 154 
900 266 44 149 117 
900 267 297 
900 268 77 126 247 
900 269 275 156 222 
900 270 107 189 
900 271 34 133 108 249 190 63 
900 273 153 284 
900 274 298 143 214 23 90 282 
900 275 297 194 14 
900 276 195 42 13 243 213 185 
900 277 120 45 126 
900 278 72 283 76 253 45 
900 279 185 107 212 14 
900 280 226 259 252 221 22 
900 281 19 192 67 215 
900 282 34 298 
900 283 77 21 
900 284 178 29 
900 285 4 201 42 14 174 250 
900 286 151 143 
900 289 136 140 3 180 
900 290 96 
900 291 136 75 155 122 31 
900 292 250 268 
900 293 7 176 177 118 119 56 156 30 
900 294 152 250 15 
900 296 34 
900 297 11 209 147 20 
900 298 35 103 238 276 213 52 92 254 
900 299 153 178 122 293 86 
1800 0 198 14 55 
1800 1 16 229 
1800 2 232 178 298 77 206 
1800 3 259 154 187 126 
1800 4 297 266 269 142 188 253 190 
1800 5 228 69 199 206 239 152 
1800 6 217 138 44 94 263 
1800 7 121 196 101 
1800 8 256 33 134 238 239 90 
1800 9 154 253 
1800 10 232 104 19 223 
1800 11 273 215 
1800 12 66 
1800 13 256 133 230 46 86 158 
1800 14 189 294 
1800 15 64 257 126 81 
1800 16 176 196 39 73 76 240 182 233 
1800 17 60 44 286 
1800 18 166 
1800 19 104 
1800 20 284 252 
1800 21 8 209 149 133 
1800 22 
1800 23 240 267 107 
1800 24 99 198 40 108 45 14 3 184 155 92 
1800 25 152 187 
1800 26 144 217 269 40 
1800 27 90 284 21 238 
1800 28 194 131 183 222 15 
1800 29 73 199 
1800 30 1 65 249 
1800 31 26 118 12 205 14 
1800 33 133 11 46 248 124 159 
1800 34 284 22 23 
1800 35 184 209 266 42 
1800 36 144 101 134 
1800 38 183 39 
1800 39 218 19 
1800 40 225 130 41 
1800 41 114 
1800 42 176 81 
1800 43 261 199 44 54 151 255 
1800 44 96 133 203 205 154 62 
1800 45 250 
1800 46 257 166 20 85 88 124 
1800 47 188 85 
1800 48 91 221 
1800 49 168 297 130 149 
1800 50 148 
1800 51 184 25 130 99 
1800 52 134 230 202 20 151 121 
1800 53 65 90 243 31 
1800 54 1 233 45 239 18 89 283 
1800 55 228 68 229 21 
1800 56 162 63 236 55 
1800 59 1 258 5 162 210 51 52 
1800 60 178 275 166 
1800 61 229 74 75 205 245 217 218 63 
1800 62 100 
1800 63 134 110 52 248 91 188 158 
1800 64 
1800 65 184 143 255 247 
1800 66 256 258 54 31 
1800 67 176 289 
1800 68 296 253 
1800 69 256 66 274 
1800 70 185 182 
1800 71 211 
1800 72 88 259 
1800 73 67 
1800 74 46 
1800 75 244 214 
1800 76 232 152 258 285 169 
1800 77 291 72 238 178 46 279 
1800 79 53 166 109 
1800 81 168 155 175 
1800 84 
1800 85 42 205 271 144 51 153 90 266 
1800 86 217 143 
1800 87 256 98 
1800 88 98 195 228 231 277 153 
1800 89 79 
1800 90 1 155 171 158 
1800 91 75 
1800 92 297 194 266 
1800 93 274 69 
1800 94 98 14 47 
1800 95 173 85 70 77 
1800 96 
1800 98 3 
1800 99 291 
1800 100 96 188 45 230 173 
1800 101 176 148 222 
1800 103 90 179 159 274 125 
1800 104 35 182 237 240 86 29 
1800 105 192 69 235 250 26 191 
1800 107 168 222 
1800 108 121 236 169 
1800 109 236 5 230 269 
1800 110 13 189 
1800 112 153 235 39 
1800 114 291 
1800 115 105 28 165 117 
1800 116 248 66 258 122 238 
1800 117 257 67 35 223 
1800 118 13 
1800 119 3 147 173 203 
1800 120 
1800 121 293 
1800 122 169 101 174 191 
1800 123 49 10 260 277 191 
1800 124 54 
1800 125 24 43 53 
1800 126 
1800 130 21 
1800 131 74 
1800 133 2 69 245 
1800 134 112 121 130 251 118 
1800 135 168 14 134 117 
1800 138 51 202 299 108 247 
1800 139 208 89 179 6 
1800 140 240 9 117 63 
1800 141 51 252 77 
1800 142 266 118 34 134 15 
1800 143 275 225 147 179 174 
1800 144 226 26 52 45 261 
1800 146 121 234 298 62 
1800 147 273 183 1 
1800 148 22 103 
1800 149 297 10 44 173 143 180 95 
1800 151 217 172 134 233 
1800 152 160 66 103 
1800 153 168 281 85 
1800 154 
1800 155 167 178 212 54 217 60 
1800 156 266 
1800 157 198 3 141 62 271 
1800 158 
1800 159 216 147 143 
1800 160 35 126 39 
1800 161 217 18 101 
1800 162 24 152 22 
1800 165 243 245 294 
1800 166 255 38 55 
1800 167 
1800 168 160 186 18 279 
1800 169 72 33 138 211 
1800 170 33 161 116 215 120 27 
1800 171 0 232 45 278 184 92 
1800 172 88 273 186 107 166 
1800 173 209 194 123 49 223 
1800 174 211 
1800 175 214 
1800 176 257 42 55 
1800 178 256 18 
1800 179 152 141 
1800 180 120 121 22 
1800 181 222 4 86 254 
1800 182 36 12 278 
1800 183 138 250 
1800 184 18 239 77 189 
1800 185 267 125 
1800 186 160 146 43 62 7 
1800 187 191 258 39 141 247 
1800 188 6 103 
1800 189 284 174 134 158 
1800 190 210 203 238 118 
1800 191 278 135 
1800 192 273 173 
1800 194 195 6 
1800 195 185 125 133 
1800 196 160 114 35 254 
1800 198 209 253 297 
1800 199 65 206 14 119 
1800 200 138 149 182 
1800 201 6 
1800 202 152 13 247 
1800 203 18 
1800 205 217 285 222 
1800 206 209 117 
1800 208 247 
1800 209 165 43 12 244 151 248 284 
1800 210 24 160 165 214 49 
1800 211 104 233 74 139 135 
1800 212 260 283 131 151 
1800 213 7 147 294 23 
1800 214 64 185 76 93 158 
1800 215 95 15 
1800 216 148 254 
1800 217 250 67 13 198 15 
1800 218 11 20 263 
1800 220 100 277 
1800 221 131 
1800 222 100 230 
1800 223 45 70 
1800 224 103 96 115 252 143 
1800 225 90 77 47 
1800 226 36 254 
1800 227 118 28 293 294 
1800 228 
1800 229 154 75 251 
1800 230 188 191 
1800 231 264 34 
1800 232 159 271 
1800 233 75 172 93 70 
1800 234 119 68 213 270 223 
1800 235 297 259 61 157 
1800 236 133 
1800 237 72 185 50 46 
1800 238 56 266 196 293 70 
1800 239 4 266 235 86 183 222 
1800 240 62 
1800 241 148 36 
1800 243 73 74 2 85 154 
1800 244 
1800 245 121 
1800 247 187 62 
1800 248 257 170 44 
1800 249 264 153 266 92 174 
1800 250 240 278 
1800 251 144 146 229 
1800 252 205 230 
1800 253 169 266 
1800 254 232 60 
1800 255 144 89 63 
1800 256 280 50 84 54 70 
1800 257 296 35 126 22 
1800 258 256 122 34 70 
1800 259 15 
1800 260 
1800 261 196 215 
1800 263 71 171 14 221 208 49 61 
1800 264 104 154 
1800 266 44 149 117 
1800 267 297 
1800 268 77 126 247 
1800 269 275 156 222 
1800 270 107 189 
1800 271 34 133 108 249 190 63 
1800 273 153 284 
1800 274 90 143 298 214 23 
1800 275 297 194 14 
1800 277 120 45 126 
1800 278 72 283 76 253 45 
1800 279 185 107 212 14 
1800 280 226 259 252 221 22 
1800 281 19 192 67 215 
1800 283 77 21 
1800 284 178 29 
1800 285 4 201 42 14 174 250 
1800 286 151 143 
1800 289 140 3 180 
1800 290 96 
1800 291 75 155 122 31 
1800 292 250 268 
1800 293 7 176 118 119 56 156 30 
1800 294 152 250 15 
1800 296 34 
1800 297 11 209 147 20 
1800 298 35 103 238 52 213 92 254 
1800 299 153 178 122 293 86 
2700 0 198 14 55 
2700 1 16 229 
2700 2 232 178 298 77 206 
2700 3 259 154 187 126 
2700 4 297 266 269 142 188 253 190 
2700 5 228 69 199 206 239 152 
2700 6 217 138 44 94 263 
2700 7 121 196 101 
2700 8 256 33 134 238 239 90 
2700 9 154 253 
2700 10 232 104 19 223 
2700 11 273 215 
2700 12 66 
2700 13 256 133 230 46 86 158 
2700 14 189 294 
2700 15 64 257 126 81 
2700 16 176 196 39 73 76 240 182 233 
2700 17 60 44 286 
2700 18 166 
2700 19 104 
2700 20 284 252 
2700 21 8 209 149 133 
2700 22 
2700 23 240 267 107 
2700 24 99 198 40 108 45 14 3 184 155 92 
2700 25 152 187 
2700 26 144 217 269 40 
2700 27 90 284 21 238 
2700 28 194 131 222 15 
2700 29 73 199 
2700 30 1 65 249 
2700 31 26 118 12 205 14 
2700 33 248 11 133 46 159 
2700 34 284 22 23 
2700 35 184 209 266 42 
2700 36 144 101 134 
2700 38 39 
2700 39 218 19 
2700 40 225 130 41 
2700 41 114 
2700 42 176 81 
2700 43 199 44 54 151 
2700 44 96 133 203 205 154 62 
2700 45 250 
2700 46 88 257 20 85 166 
2700 47 188 85 
2700 48 91 221 
2700 49 168 297 130 149 
2700 50 148 
2700 51 184 25 130 99 
2700 52 134 230 202 20 151 121 
2700 53 65 90 243 31 
2700 54 1 233 45 239 18 89 283 
2700 55 228 68 229 21 
2700 56 162 63 236 55 
2700 59 1 162 5 210 51 52 
2700 60 178 275 166 
2700 61 229 74 75 205 217 218 63 
2700 62 100 
2700 63 134 110 52 248 91 188 158 
2700 64 
2700 65 184 143 247 
2700 66 256 54 31 
2700 67 176 289 
2700 68 296 253 
2700 69 256 66 274 
2700 70 185 182 
2700 71 211 
2700 73 67 
2700 74 46 
2700 75 244 214 
2700 76 232 152 285 169 
2700 77 178 291 238 46 279 
2700 79 53 166 109 
2700 81 168 155 
2700 84 
2700 85 42 205 144 51 153 90 266 
2700 86 217 143 
2700 87 256 98 
2700 88 98 195 228 231 277 153 
2700 89 79 
2700 90 1 155 171 158 
2700 91 75 
2700 92 297 194 266 
2700 94 98 14 47 
2700 95 173 85 70 77 
2700 96 
2700 98 3 
2700 99 291 
2700 100 96 188 45 230 173 
2700 101 176 148 222 
2700 103 90 179 159 274 125 
2700 104 35 182 237 240 86 29 
2700 105 192 69 235 250 26 191 
2700 107 168 222 
2700 108 121 236 169 
2700 109 236 5 230 269 
2700 110 13 189 
2700 112 153 235 39 
2700 114 291 
2700 115 105 28 165 117 
2700 116 248 66 122 238 
2700 117 257 67 35 223 
2700 118 13 
2700 119 3 147 173 203 
2700 120 
2700 121 293 
2700 122 169 101 174 191 
2700 123 49 10 260 277 191 
2700 125 24 43 53 
2700 126 
2700 130 21 
2700 131 74 
2700 133 2 69 
2700 134 112 121 130 251 118 
2700 135 168 14 134 117 
2700 138 51 202 299 108 247 
2700 139 89 179 6 
2700 140 240 9 117 63 
2700 141 51 252 77 
2700 142 266 118 34 134 15 
2700 143 275 225 147 179 174 
2700 144 226 26 52 45 
2700 146 121 234 298 62 
2700 147 273 1 
2700 148 22 103 
2700 149 297 10 44 173 143 180 95 
2700 151 217 172 134 233 
2700 152 160 66 103 
2700 153 168 281 85 
2700 154 
2700 155 167 178 212 54 217 60 
2700 156 266 
2700 157 198 3 141 62 
2700 158 
2700 159 216 147 143 
2700 160 35 126 39 
2700 162 24 152 22 
2700 165 243 294 
2700 166 38 55 
2700 167 
2700 168 160 186 18 279 
2700 169 33 138 211 
2700 170 120 33 27 116 215 
2700 171 0 232 45 278 184 92 
2700 172 88 273 186 107 166 
2700 173 209 194 123 49 223 
2700 174 211 
2700 176 257 42 55 
2700 178 256 18 
2700 179 152 141 
2700 180 120 121 22 
2700 181 222 4 86 254 
2700 182 36 12 278 
2700 184 18 239 77 189 
2700 185 267 125 
2700 186 160 146 43 62 7 
2700 187 191 39 141 247 
2700 188 6 103 
2700 189 284 174 134 158 
2700 190 210 203 238 118 
2700 191 278 135 
2700 192 273 173 
2700 194 195 6 
2700 195 185 125 133 
2700 196 160 114 35 254 
2700 198 209 253 297 
2700 199 65 206 14 119 
2700 200 138 149 182 
2700 201 6 
2700 202 152 13 247 
2700 203 18 
2700 205 217 285 222 
2700 206 209 117 
2700 209 165 43 12 244 151 248 284 
2700 210 24 160 165 214 49 
2700 211 104 233 74 139 135 
2700 212 260 283 131 151 
2700 213 7 147 294 23 
2700 214 64 185 76 158 
2700 215 95 15 
2700 216 148 254 
2700 217 250 67 13 198 15 
2700 218 11 20 263 
2700 220 100 277 
2700 221 131 
2700 222 100 230 
2700 223 45 70 
2700 224 103 96 115 252 143 
2700 225 90 77 47 
2700 226 36 254 
2700 227 118 28 293 294 
2700 228 
2700 229 154 75 251 
2700 230 188 191 
2700 231 264 34 
2700 232 159 
2700 233 75 172 70 
2700 234 119 68 213 270 223 
2700 235 297 259 61 157 
2700 236 133 
2700 237 185 50 46 
2700 238 56 266 196 293 70 
2700 239 266 235 4 222 86 
2700 240 62 
2700 241 148 36 
2700 243 73 74 2 85 154 
2700 244 
2700 247 187 62 
2700 248 257 170 44 
2700 249 264 153 266 92 174 
2700 250 240 278 
2700 251 144 146 229 
2700 252 205 230 
2700 253 169 266 
2700 254 232 60 
2700 256 280 50 84 54 70 
2700 257 296 35 126 22 
2700 259 15 
2700 260 
2700 263 71 171 14 221 49 61 
2700 264 104 154 
2700 266 44 149 117 
2700 267 297 
2700 268 77 126 247 
2700 269 275 156 222 
2700 270 107 189 
2700 273 153 284 
2700 274 90 143 298 214 23 
2700 275 297 194 14 
2700 277 120 45 126 
2700 278 283 76 253 45 
2700 279 185 107 212 14 
2700 280 226 259 252 221 22 
2700 281 19 192 67 215 
2700 283 77 21 
2700 284 178 29 
2700 285 4 201 42 14 174 250 
2700 286 151 143 
2700 289 140 3 180 
2700 290 96 
2700 291 75 155 122 31 
2700 293 7 176 118 119 56 156 30 
2700 294 152 250 15 
2700 296 34 
2700 297 11 209 147 20 
2700 298 35 103 238 52 213 92 254 
2700 299 153 178 122 293 86 
3600 0 198 14 55 
3600 1 16 229 
3600 2 232 178 298 77 206 
3600 3 259 154 187 126 
3600 4 297 266 269 142 188 253 190 
3600 5 228 69 199 206 239 152 
3600 6 217 138 44 94 263 
3600 7 121 196 101 
3600 8 256 33 134 238 239 90 
3600 9 154 253 
3600 10 232 104 19 223 
3600 11 273 215 
3600 12 66 
3600 13 256 133 230 46 86 158 
3600 14 189 294 
3600 15 64 257 126 81 
3600 16 176 196 39 73 76 240 182 233 
3600 17 60 44 286 
3600 18 166 
3600 19 104 
3600 20 284 252 
3600 21 8 209 149 133 
3600 22 
3600 23 240 107 
3600 24 99 198 40 108 45 14 3 184 155 92 
3600 25 152 187 
3600 26 40 217 269 
3600 27 90 284 21 238 
3600 28 194 131 222 15 
3600 29 73 199 
3600 30 1 65 249 
3600 31 26 118 12 205 14 
3600 33 248 11 133 46 159 
3600 34 284 22 23 
3600 35 184 209 266 42 
3600 36 101 134 
3600 38 39 
3600 39 218 19 
3600 40 225 130 41 
3600 41 114 
3600 42 176 81 
3600 43 199 44 54 151 
3600 44 96 154 203 205 133 
3600 45 250 
3600 46 88 257 20 85 166 
3600 47 188 85 
3600 48 91 221 
3600 49 168 297 130 149 
3600 51 184 25 130 99 
3600 52 134 230 202 20 151 121 
3600 53 65 90 31 
3600 54 1 233 45 239 18 89 283 
3600 55 228 68 229 21 
3600 56 162 63 236 55 
3600 59 1 162 5 210 51 52 
3600 60 178 275 166 
3600 61 229 74 75 205 217 218 63 
3600 63 134 110 52 248 91 188 158 
3600 64 
3600 65 184 143 
3600 66 256 54 31 
3600 67 176 289 
3600 68 296 253 
3600 69 256 66 274 
3600 70 185 182 
3600 71 211 
3600 73 67 
3600 74 46 
3600 75 244 214 
3600 76 232 152 285 169 
3600 77 178 291 238 46 279 
3600 79 53 166 
3600 81 168 155 
3600 84 
3600 85 42 205 51 153 90 266 
3600 86 217 143 
3600 87 256 98 
3600 88 153 98 195 228 231 
3600 89 79 
3600 90 1 155 171 158 
3600 91 75 
3600 92 297 194 266 
3600 94 98 14 47 
3600 95 173 85 70 77 
3600 96 
3600 98 3 
3600 99 291 
3600 100 96 188 45 230 173 
3600 101 176 148 222 
3600 103 90 179 159 274 125 
3600 104 35 182 237 240 86 29 
3600 105 250 26 235 69 191 
3600 107 168 222 
3600 108 121 236 169 
3600 110 13 189 
3600 112 153 235 39 
3600 114 291 
3600 115 105 28 165 
3600 116 248 66 122 238 
3600 118 13 
3600 119 3 147 173 203 
3600 120 
3600 121 293 
3600 122 169 101 174 191 
3600 123 49 10 191 
3600 125 24 43 53 
3600 126 
3600 130 21 
3600 131 74 
3600 133 2 69 
3600 134 112 121 130 251 118 
3600 135 168 14 134 
3600 138 51 202 299 108 
3600 139 89 179 6 
3600 140 240 9 63 
3600 142 266 118 34 134 15 
3600 143 275 225 147 179 174 
3600 147 273 1 
3600 148 22 103 
3600 149 297 10 44 173 143 180 95 
3600 151 217 172 134 233 
3600 152 160 66 103 
3600 153 168 281 85 
3600 154 
3600 155 167 178 212 54 217 60 
3600 156 266 
3600 157 3 198 
3600 158 
3600 159 216 147 143 
3600 160 35 126 39 
3600 162 24 152 22 
3600 165 294 
3600 166 38 55 
3600 167 
3600 168 160 186 18 279 
3600 169 33 138 211 
3600 170 120 33 27 116 215 
3600 171 0 232 45 278 184 92 
3600 172 88 273 186 107 166 
3600 173 209 194 123 49 223 
3600 174 211 
3600 176 257 42 55 
3600 178 256 18 
3600 179 152 
3600 180 120 121 22 
3600 181 222 4 86 254 
3600 182 36 12 278 
3600 184 18 239 77 189 
3600 185 125 
3600 186 160 43 7 
3600 187 191 39 
3600 188 6 103 
3600 189 284 174 134 158 
3600 190 210 203 238 118 
3600 191 278 135 
3600 194 195 6 
3600 195 185 125 133 
3600 196 160 114 35 254 
3600 198 209 253 297 
3600 199 65 206 14 119 
3600 200 138 149 182 
3600 201 6 
3600 202 152 13 
3600 203 18 
3600 205 217 285 222 
3600 206 209 
3600 209 165 43 12 244 151 248 284 
3600 210 24 160 165 214 49 
3600 211 104 233 74 139 135 
3600 212 283 131 151 
3600 213 7 147 294 23 
3600 214 64 185 76 158 
3600 215 95 15 
3600 216 148 254 
3600 217 250 67 13 198 15 
3600 218 11 20 263 
3600 220 100 
3600 221 131 
3600 222 100 230 
3600 223 45 70 
3600 224 103 96 115 252 143 
3600 225 90 77 47 
3600 226 36 254 
3600 227 118 28 293 294 
3600 228 
3600 229 154 75 251 
3600 230 188 191 
3600 231 264 34 
3600 232 159 
3600 233 75 172 70 
3600 234 119 68 213 270 223 
3600 235 297 259 61 157 
3600 236 133 
3600 237 185 46 
3600 238 56 266 196 293 70 
3600 239 266 235 4 222 86 
3600 240 
3600 241 148 36 
3600 244 
3600 248 257 170 44 
3600 249 264 153 266 92 174 
3600 250 240 278 
3600 251 229 
3600 252 205 230 
3600 253 169 266 
3600 254 232 60 
3600 256 280 84 54 70 
3600 257 296 35 126 22 
3600 259 15 
3600 263 71 171 14 221 49 61 
3600 264 104 154 
3600 266 44 149 
3600 268 77 126 
3600 269 275 156 222 
3600 270 107 189 
3600 273 153 284 
3600 274 90 143 298 214 23 
3600 275 297 194 14 
3600 278 283 76 253 45 
3600 279 185 107 212 14 
3600 280 226 259 252 221 22 
3600 281 19 67 215 
3600 283 77 21 
3600 284 178 29 
3600 285 4 201 42 14 174 250 
3600 286 151 143 
3600 289 140 3 180 
3600 290 96 
3600 291 75 155 122 31 
3600 293 7 176 118 119 56 156 30 
3600 294 152 250 15 
3600 296 34 
3600 297 11 209 147 20 
3600 298 35 103 238 52 213 92 254 
3600 299 153 178 122 293 86 
4500 0 198 14 55 
4500 1 16 229 
4500 2 232 178 298 77 206 
4500 3 259 154 187 126 
4500 4 297 266 269 142 188 253 190 
4500 5 228 69 199 206 239 152 
4500 6 217 138 44 94 263 
4500 7 121 196 101 
4500 8 33 90 238 134 239 
4500 9 154 253 
4500 10 232 104 19 223 
4500 11 273 215 
4500 12 66 
4500 13 230 86 46 158 133 
4500 14 189 294 
4500 15 64 257 126 81 
4500 16 176 196 39 73 76 240 182 233 
4500 17 60 44 286 
4500 18 166 
4500 19 104 
4500 20 284 252 
4500 21 8 209 149 133 
4500 22 
4500 23 240 107 
4500 24 99 198 40 108 45 14 3 184 155 92 
4500 25 152 187 
4500 26 40 217 269 
4500 27 90 284 21 238 
4500 28 194 131 222 15 
4500 29 73 199 
4500 30 1 65 
4500 31 26 118 12 205 14 
4500 33 248 11 133 46 159 
4500 34 284 22 23 
4500 35 184 209 266 42 
4500 36 101 134 
4500 39 218 19 
4500 40 225 130 41 
4500 41 114 
4500 42 176 81 
4500 43 199 44 54 151 
4500 44 96 154 203 205 133 
4500 45 250 
4500 46 88 257 20 166 
4500 47 188 
4500 48 
4500 49 168 297 130 149 
4500 51 184 25 130 99 
4500 52 134 230 202 20 151 121 
4500 53 65 90 31 
4500 54 1 233 45 239 18 89 283 
4500 55 228 68 229 21 
4500 59 1 162 5 210 51 52 
4500 60 178 275 166 
4500 61 229 74 75 205 217 218 63 
4500 63 134 110 52 248 188 158 
4500 64 
4500 65 184 
4500 66 54 31 
4500 67 176 289 
4500 68 296 253 
4500 69 66 274 
4500 70 185 182 
4500 71 211 
4500 73 67 
4500 74 46 
4500 75 244 214 
4500 76 232 152 285 
4500 77 178 291 238 46 279 
4500 79 53 166 
4500 81 168 155 
4500 84 
4500 86 217 
4500 87 98 
4500 88 153 98 195 228 231 
4500 89 79 
4500 90 1 155 171 158 
4500 92 297 194 266 
4500 94 98 14 47 
4500 95 77 70 173 
4500 96 
4500 98 3 
4500 99 291 
4500 100 96 188 45 230 173 
4500 101 176 222 
4500 103 90 179 159 274 125 
4500 104 35 182 237 240 86 29 
4500 105 250 26 235 69 191 
4500 107 168 222 
4500 108 121 236 
4500 110 13 189 
4500 112 153 235 39 
4500 114 291 
4500 115 105 28 165 
4500 116 248 66 122 238 
4500 118 13 
4500 119 3 147 173 203 
4500 120 
4500 121 293 
4500 122 101 174 191 
4500 123 49 10 191 
4500 125 24 43 53 
4500 126 
4500 130 21 
4500 131 74 
4500 133 2 69 
4500 134 112 121 130 251 118 
4500 135 168 14 134 
4500 138 51 202 299 108 
4500 139 89 179 6 
4500 140 240 9 63 
4500 142 266 118 34 134 15 
4500 147 273 1 
4500 149 297 10 44 173 180 95 
4500 151 217 172 134 233 
4500 152 160 66 103 
4500 153 168 281 
4500 154 
4500 155 167 178 212 54 217 60 
4500 156 266 
4500 157 3 198 
4500 158 
4500 159 216 147 
4500 160 35 126 39 
4500 162 24 152 22 
4500 165 294 
4500 166 55 
4500 167 
4500 168 160 186 18 279 
4500 170 120 33 27 116 215 
4500 171 0 232 45 278 184 92 
4500 172 88 273 186 107 166 
4500 173 209 194 123 49 223 
4500 174 211 
4500 176 257 42 55 
4500 178 18 
4500 179 152 
4500 180 120 121 22 
4500 181 222 4 86 254 
4500 182 36 12 278 
4500 184 18 239 77 189 
4500 185 125 
4500 186 160 43 7 
4500 187 191 39 
4500 188 6 103 
4500 189 284 174 134 158 
4500 190 210 203 238 118 
4500 191 278 135 
4500 194 195 6 
4500 195 185 125 133 
4500 196 160 114 35 254 
4500 198 209 253 297 
4500 199 65 206 14 119 
4500 200 138 149 182 
4500 202 152 13 
4500 203 18 
4500 205 217 285 222 
4500 206 209 
4500 209 165 43 12 244 151 248 284 
4500 210 24 160 165 214 49 
4500 211 104 233 74 139 135 
4500 212 283 131 151 
4500 213 7 147 294 23 
4500 214 64 185 76 158 
4500 215 95 15 
4500 216 254 
4500 217 250 67 13 198 15 
4500 218 11 20 263 
4500 220 100 
4500 222 100 230 
4500 223 45 70 
4500 224 96 115 252 103 
4500 225 90 77 47 
4500 228 
4500 229 154 75 251 
4500 230 188 191 
4500 231 264 34 
4500 232 159 
4500 233 75 172 70 
4500 234 119 68 213 270 223 
4500 235 297 259 61 157 
4500 236 133 
4500 237 185 46 
4500 238 266 196 293 70 
4500 239 266 235 4 222 86 
4500 240 
4500 241 36 
4500 244 
4500 248 257 170 44 
4500 250 240 278 
4500 251 229 
4500 252 205 230 
4500 253 266 
4500 254 232 60 
4500 257 296 35 126 22 
4500 259 15 
4500 263 49 171 61 14 71 
4500 264 104 154 
4500 266 44 149 
4500 268 77 126 
4500 269 275 156 222 
4500 270 107 189 
4500 273 153 284 
4500 274 90 298 214 23 
4500 275 297 194 14 
4500 278 283 76 253 45 
4500 279 185 107 212 14 
4500 280 259 252 22 
4500 281 19 67 215 
4500 283 77 21 
4500 284 178 29 
4500 285 250 42 4 174 14 
4500 286 151 
4500 289 140 3 180 
4500 290 96 
4500 291 75 155 122 31 
4500 293 7 176 118 119 156 30 
4500 294 152 250 15 
4500 296 34 
4500 297 11 209 147 20 
4500 298 35 103 238 52 213 92 254 
4500 299 153 178 122 293 86 
5400 0 198 14 55 
5400 1 16 229 
5400 2 232 178 298 77 206 
5400 3 259 154 187 126 
5400 4 297 266 269 142 253 190 
5400 5 228 69 199 206 239 152 
5400 6 217 138 44 94 263 
5400 7 121 196 101 
5400 8 33 90 238 134 239 
5400 9 154 253 
5400 10 232 104 19 223 
5400 11 273 215 
5400 12 66 
5400 13 230 86 46 133 
5400 14 189 294 
5400 15 64 257 126 
5400 16 176 196 39 73 76 240 182 233 
5400 17 44 286 
5400 18 166 
5400 19 104 
5400 20 284 252 
5400 21 8 209 149 133 
5400 22 
5400 23 240 107 
5400 24 99 198 40 108 45 14 3 155 92 
5400 25 152 187 
5400 26 40 217 269 
5400 27 90 284 21 238 
5400 28 194 222 15 
5400 29 73 199 
5400 30 1 
5400 31 26 12 14 
5400 33 248 11 133 46 159 
5400 34 284 22 23 
5400 35 209 266 42 
5400 36 101 134 
5400 39 218 19 
5400 40 225 130 41 
5400 41 114 
5400 42 176 
5400 43 199 44 54 151 
5400 44 96 154 203 133 
5400 45 250 
5400 46 257 20 166 
5400 47 
5400 48 
5400 49 168 297 130 149 
5400 51 25 130 99 
5400 52 134 230 202 20 151 121 
5400 53 90 31 
5400 54 1 233 45 239 18 283 
5400 55 228 68 229 21 
5400 59 1 162 5 210 51 52 
5400 61 229 74 75 217 218 63 
5400 63 248 52 110 134 
5400 64 
5400 66 54 31 
5400 67 176 289 
5400 68 296 253 
5400 69 66 274 
5400 70 185 182 
5400 71 211 
5400 73 67 
5400 74 46 
5400 75 214 
5400 76 232 152 285 
5400 77 178 291 238 46 279 
5400 79 53 166 
5400 84 
5400 86 217 
5400 87 98 
5400 90 1 155 171 
5400 92 297 194 266 
5400 94 98 14 47 
5400 95 77 70 173 
5400 96 
5400 98 3 
5400 99 291 
5400 100 96 45 230 173 
5400 101 176 222 
5400 103 90 179 159 274 125 
5400 104 35 182 237 240 86 29 
5400 105 250 26 235 69 191 
5400 107 168 222 
5400 108 121 236 
5400 110 13 189 
5400 112 153 235 39 
5400 114 291 
5400 115 105 28 165 
5400 116 248 66 122 238 
5400 119 3 147 173 203 
5400 120 
5400 121 293 
5400 122 101 174 191 
5400 123 49 10 191 
5400 125 24 43 53 
5400 126 
5400 130 21 
5400 133 2 69 
5400 134 112 121 130 251 
5400 135 168 14 134 
5400 138 51 202 299 108 
5400 139 179 6 
5400 140 240 9 63 
5400 142 266 34 134 15 
5400 147 273 1 
5400 149 297 10 44 173 180 95 
5400 151 217 172 134 233 
5400 152 160 66 103 
5400 153 168 281 
5400 154 
5400 155 217 178 212 54 167 
5400 156 266 
5400 157 3 198 
5400 159 216 147 
5400 160 35 126 39 
5400 162 24 152 22 
5400 165 294 
5400 166 55 
5400 167 
5400 168 160 186 18 279 
5400 170 120 33 27 116 215 
5400 171 0 232 92 45 278 
5400 172 273 186 107 166 
5400 173 209 194 123 49 223 
5400 174 211 
5400 176 257 42 55 
5400 178 18 
5400 179 152 
5400 180 120 121 22 
5400 182 36 12 278 
5400 185 125 
5400 186 160 43 7 
5400 187 191 39 
5400 189 284 174 134 
5400 190 210 203 238 
5400 191 278 135 
5400 194 195 6 
5400 195 185 125 133 
5400 196 160 114 35 254 
5400 198 209 253 297 
5400 199 206 14 119 
5400 200 138 149 182 
5400 202 152 13 
5400 203 18 
5400 206 209 
5400 209 165 43 12 151 248 284 
5400 210 24 160 165 214 49 
5400 211 104 233 74 139 135 
5400 212 283 151 
5400 213 7 147 294 23 
5400 214 64 185 76 
5400 215 95 15 
5400 216 254 
5400 217 250 67 13 198 15 
5400 218 11 20 263 
5400 220 100 
5400 222 100 230 
5400 223 45 70 
5400 224 96 115 252 103 
5400 225 90 77 47 
5400 228 
5400 229 154 75 251 
5400 230 191 
5400 231 264 34 
5400 232 159 
5400 233 75 172 70 
5400 234 119 68 213 270 223 
5400 235 297 259 61 157 
5400 236 133 
5400 237 185 46 
5400 238 266 196 293 70 
5400 239 266 235 4 222 86 
5400 240 
5400 241 36 
5400 248 257 170 44 
5400 250 240 278 
5400 251 229 
5400 252 230 
5400 253 266 
5400 254 232 
5400 257 296 35 126 22 
5400 259 15 
5400 263 49 171 61 14 71 
5400 264 104 154 
5400 266 44 149 
5400 268 77 126 
5400 269 275 156 222 
5400 270 107 189 
5400 273 153 284 
5400 274 90 298 214 23 
5400 275 297 194 14 
5400 278 283 76 253 45 
5400 279 185 107 212 14 
5400 280 259 252 22 
5400 281 19 67 215 
5400 283 77 21 
5400 284 178 29 
5400 285 250 42 4 174 14 
5400 286 151 
5400 289 140 3 180 
5400 290 96 
5400 291 75 155 122 31 
5400 293 176 119 156 30 7 
5400 294 152 250 15 
5400 296 34 
5400 297 11 209 147 20 
5400 298 35 103 238 52 213 92 254 
5400 299 153 178 122 293 86 
6300 0 198 14 55 
6300 1 16 229 
6300 2 232 178 298 77 206 
6300 3 259 154 187 
6300 4 297 266 269 142 253 190 
6300 5 228 69 199 206 239 152 
6300 6 138 44 94 263 
6300 7 121 196 101 
6300 8 33 90 238 134 239 
6300 9 154 253 
6300 10 232 104 19 223 
6300 11 273 215 
6300 12 66 
6300 13 230 86 46 133 
6300 14 189 294 
6300 15 64 257 
6300 16 176 196 39 73 76 240 182 233 
6300 17 44 286 
6300 18 166 
6300 19 104 
6300 20 252 
6300 21 8 209 149 133 
6300 22 
6300 23 240 107 
6300 24 99 198 40 108 45 14 3 155 92 
6300 25 152 187 
6300 26 40 269 
6300 27 90 21 238 
6300 28 194 15 
6300 29 73 199 
6300 30 1 
6300 31 26 12 14 
6300 33 248 11 133 46 159 
6300 34 22 23 
6300 35 209 266 42 
6300 36 101 134 
6300 39 218 19 
6300 40 225 130 41 
6300 41 114 
6300 42 176 
6300 43 199 44 54 151 
6300 44 96 154 133 
6300 45 250 
6300 46 257 20 166 
6300 47 
6300 48 
6300 49 297 130 149 
6300 51 25 130 99 
6300 52 134 230 202 20 151 121 
6300 53 90 31 
6300 54 1 233 45 239 18 283 
6300 55 228 68 229 21 
6300 59 1 210 51 52 5 
6300 61 75 74 63 218 229 
6300 63 248 52 110 134 
6300 64 
6300 66 54 31 
6300 67 176 289 
6300 68 296 253 
6300 69 66 274 
6300 70 185 182 
6300 71 211 
6300 73 67 
6300 74 46 
6300 75 
6300 76 232 152 285 
6300 77 178 291 238 46 
6300 79 53 166 
6300 84 
6300 86 
6300 87 98 
6300 90 1 155 171 
6300 92 297 194 266 
6300 94 98 14 47 
6300 95 77 70 173 
6300 96 
6300 98 3 
6300 99 291 
6300 100 96 45 230 173 
6300 101 176 
6300 103 90 179 159 274 125 
6300 104 35 182 237 240 86 29 
6300 105 250 26 235 69 191 
6300 107 
6300 108 121 
6300 110 13 189 
6300 112 153 235 39 
6300 114 291 
6300 115 105 28 165 
6300 116 248 66 122 238 
6300 119 3 147 173 
6300 120 
6300 121 293 
6300 122 101 174 191 
6300 123 49 10 191 
6300 125 24 43 53 
6300 130 21 
6300 133 2 69 
6300 134 112 121 130 251 
6300 135 14 134 
6300 138 202 51 108 
6300 139 179 6 
6300 140 240 9 63 
6300 142 266 34 134 15 
6300 147 273 1 
6300 149 297 10 44 173 180 95 
6300 151 233 172 134 
6300 152 160 66 103 
6300 153 281 
6300 154 
6300 155 178 212 54 167 
6300 156 266 
6300 157 3 198 
6300 159 216 147 
6300 160 35 39 
6300 165 294 
6300 166 55 
6300 167 
6300 170 120 33 27 116 215 
6300 171 0 232 92 45 278 
6300 172 273 186 107 166 
6300 173 209 194 123 49 223 
6300 174 211 
6300 176 257 42 55 
6300 178 18 
6300 179 152 
6300 180 120 121 22 
6300 182 36 12 278 
6300 185 125 
6300 186 160 43 7 
6300 187 191 39 
6300 189 174 134 
6300 190 210 238 
6300 191 278 135 
6300 194 6 
6300 196 160 114 35 254 
6300 198 209 253 297 
6300 199 206 14 119 
6300 200 138 149 182 
6300 202 152 13 
6300 206 209 
6300 209 248 43 12 165 151 
6300 210 24 160 165 49 
6300 211 104 233 74 139 135 
6300 212 283 151 
6300 215 95 15 
6300 216 254 
6300 218 11 20 263 
6300 220 100 
6300 223 45 70 
6300 224 96 115 252 103 
6300 225 90 77 47 
6300 228 
6300 229 154 75 251 
6300 230 191 
6300 231 264 34 
6300 232 159 
6300 233 75 172 70 
6300 234 119 68 270 223 
6300 235 297 259 61 157 
6300 237 185 46 
6300 238 266 196 293 70 
6300 239 266 235 4 86 
6300 240 
6300 241 36 
6300 248 257 170 44 
6300 250 240 278 
6300 251 229 
6300 252 230 
6300 253 266 
6300 254 232 
6300 257 296 35 22 
6300 259 15 
6300 263 49 171 61 14 71 
6300 264 104 154 
6300 266 44 149 
6300 268 77 
6300 269 275 156 
6300 270 107 189 
6300 273 153 
6300 274 90 298 23 
6300 275 297 194 14 
6300 278 283 76 253 45 
6300 280 259 252 22 
6300 281 19 67 215 
6300 283 77 21 
6300 285 250 42 4 174 14 
6300 286 151 
6300 289 140 3 180 
6300 290 96 
6300 291 75 155 122 31 
6300 293 176 119 156 30 7 
6300 294 152 250 15 
6300 296 34 
6300 297 11 209 147 20 
6300 298 35 103 238 52 92 254 
