0 7800
0 0 
0 1 3 4 5 
0 2 6 7 8 9 
0 3 1 4 4 5 5 
0 4 1 3 3 5 5 
0 5 1 3 3 4 4 
0 6 2 7 7 8 8 9 9 
0 7 2 6 6 8 8 9 9 
0 8 2 6 6 7 7 9 9 
0 9 2 6 6 7 7 8 8 
600 0 
600 1 3 4 5 
600 2 6 7 8 9 
600 3 1 4 4 5 5 
600 4 1 3 3 5 5 
600 5 1 3 3 4 4 
600 6 2 7 7 8 8 9 9 
600 7 2 6 6 8 8 9 9 
600 8 2 6 6 7 7 9 9 
600 9 2 6 6 7 7 8 8 
1200 0 
1200 1 3 4 5 
1200 2 6 7 8 9 
1200 3 1 4 4 5 5 
1200 4 1 3 3 5 5 
1200 5 1 3 3 4 4 
1200 6 2 7 7 8 8 9 9 
1200 7 2 6 6 8 8 9 9 
1200 8 2 6 6 7 7 9 9 
1200 9 2 6 6 7 7 8 8 
1800 0 
1800 1 3 4 5 
1800 2 6 7 8 9 
1800 3 1 4 4 5 5 
1800 4 1 3 3 5 5 
1800 5 1 3 3 4 4 
1800 6 2 7 7 8 8 9 9 
1800 7 2 6 6 8 8 9 9 
1800 8 2 6 6 7 7 9 9 
1800 9 2 6 6 7 7 8 8 
2400 0 
2400 1 3 4 5 
2400 2 6 7 8 9 
2400 3 1 4 4 5 5 
2400 4 1 3 3 5 5 
2400 5 1 3 3 4 4 
2400 6 2 7 7 8 8 9 9 
2400 7 2 6 6 8 8 9 9 
2400 8 2 6 6 7 7 9 9 
2400 9 2 6 6 7 7 8 8 
3000 0 
3000 1 3 4 5 
3000 2 6 7 8 9 
3000 3 1 4 4 5 5 
3000 4 1 3 3 5 5 
3000 5 1 3 3 4 4 
3000 6 2 7 7 8 8 9 9 
3000 7 2 6 6 8 8 9 9 
3000 8 2 6 6 7 7 9 9 
3000 9 2 6 6 7 7 8 8 
3600 0 
3600 1 3 4 5 
3600 2 6 7 8 9 
3600 3 1 4 4 5 5 
3600 4 1 3 3 5 5 
3600 5 1 3 3 4 4 
3600 6 2 7 7 8 8 9 9 
3600 7 2 6 6 8 8 9 9 
3600 8 2 6 6 7 7 9 9 
3600 9 2 6 6 7 7 8 8 
4200 0 
4200 1 3 4 5 
4200 2 6 7 8 9 
4200 3 1 4 4 5 5 
4200 4 1 3 3 5 5 
4200 5 1 3 3 4 4 
4200 6 2 7 7 8 8 9 9 
4200 7 2 6 6 8 8 9 9 
4200 8 2 6 6 7 7 9 9 
4200 9 2 6 6 7 7 8 8 
4800 0 
4800 1 3 4 5 
4800 2 6 7 8 9 
4800 3 1 4 4 5 5 
4800 4 1 3 3 5 5 
4800 5 1 3 3 4 4 
4800 6 2 7 7 8 8 9 9 
4800 7 2 6 6 8 8 9 9 
4800 8 2 6 6 7 7 9 9 
4800 9 2 6 6 7 7 8 8 
5400 0 
5400 1 3 4 5 
5400 2 6 7 8 9 
5400 3 1 4 4 5 5 
5400 4 1 3 3 5 5 
5400 5 1 3 3 4 4 
5400 6 2 7 7 8 8 9 9 
5400 7 2 6 6 8 8 9 9 
5400 8 2 6 6 7 7 9 9 
5400 9 2 6 6 7 7 8 8 
6000 0 
6000 1 3 4 5 
6000 2 6 7 8 9 
6000 3 1 4 4 5 5 
6000 4 1 3 3 5 5 
6000 5 1 3 3 4 4 
6000 6 2 7 7 8 8 9 9 
6000 7 2 6 6 8 8 9 9 
6000 8 2 6 6 7 7 9 9 
6000 9 2 6 6 7 7 8 8 
6600 0 
6600 1 3 4 5 
6600 2 6 7 8 9 
6600 3 1 4 4 5 5 
6600 4 1 3 3 5 5 
6600 5 1 3 3 4 4 
6600 6 2 7 7 8 8 9 9 
6600 7 2 6 6 8 8 9 9 
6600 8 2 6 6 7 7 9 9 
6600 9 2 6 6 7 7 8 8 
7200 0 
7200 1 3 4 5 
7200 2 6 7 8 9 
7200 3 1 4 4 5 5 
7200 4 1 3 3 5 5 
7200 5 1 3 3 4 4 
7200 6 2 7 7 8 8 9 9 
7200 7 2 6 6 8 8 9 9 
7200 8 2 6 6 7 7 9 9 
7200 9 2 6 6 7 7 8 8 
