0 7800
0 0 3 16 
0 1 5 9 12 13 14 15 17 
0 2 3 5 11 
0 3 0 2 11 11 16 16 44 
0 4 6 6 78 136 193 
0 5 1 2 11 11 12 12 13 13 14 14 15 15 
0 6 4 4 8 8 9 9 10 10 
0 7 29 
0 8 6 6 9 9 10 10 12 12 
0 9 1 6 6 8 8 10 10 12 12 13 13 14 14 15 15 17 17 234 
0 10 6 6 8 8 9 9 12 12 17 17 56 
0 11 2 3 3 5 5 12 12 15 15 16 16 87 277 
0 12 1 5 5 8 8 9 9 10 10 11 11 13 13 14 14 15 15 17 17 82 137 
0 13 1 5 5 9 9 12 12 14 14 15 15 17 17 22 
0 14 1 5 5 9 9 12 12 13 13 15 15 17 17 232 
0 15 1 5 5 9 9 11 11 12 12 13 13 14 14 17 17 24 203 278 
0 16 0 3 3 11 11 222 
0 17 1 9 9 10 10 12 12 13 13 14 14 15 15 
0 18 48 48 
0 19 224 224 
0 20 55 55 278 278 
0 21 59 59 199 199 215 215 283 283 
0 22 13 
0 23 101 101 
0 24 15 77 77 203 203 
0 25 116 116 
0 26 57 57 265 265 
0 27 
0 28 
0 29 7 
0 30 
0 31 78 78 
0 32 
0 33 
0 34 
0 35 146 146 
0 36 108 108 156 156 235 235 
0 37 
0 38 110 110 
0 39 202 202 256 256 
0 40 
0 41 
0 42 103 103 
0 43 81 81 169 169 
0 44 3 
0 45 134 134 170 170 185 185 193 193 
0 46 174 174 250 250 
0 47 262 262 
0 48 18 18 159 159 
0 49 108 108 156 156 
0 50 70 70 88 88 187 187 240 240 
0 51 164 164 
0 52 
0 53 142 142 
0 54 286 286 
0 55 20 20 237 237 
0 56 10 
0 57 26 26 
0 58 61 61 
0 59 21 21 175 175 283 283 
0 60 72 72 
0 61 58 58 
0 62 148 148 
0 63 
0 64 
0 65 233 233 
0 66 201 201 
0 67 80 80 84 84 
0 68 
0 69 
0 70 50 50 240 240 
0 71 
0 72 60 60 
0 73 221 221 
0 74 
0 75 
0 76 149 149 
0 77 24 24 82 82 203 203 
0 78 4 31 31 136 136 193 193 
0 79 
0 80 67 67 87 87 277 277 
0 81 43 43 169 169 
0 82 12 77 77 137 137 
0 83 
0 84 67 67 87 87 249 249 
0 85 
0 86 102 102 272 272 
0 87 11 80 80 84 84 277 277 
0 88 50 50 
0 89 255 255 
0 90 94 94 
0 91 112 112 
0 92 
0 93 
0 94 90 90 
0 95 
0 96 246 246 248 248 
0 97 220 220 258 258 
0 98 214 214 
0 99 
0 100 129 129 
0 101 23 23 287 287 
0 102 86 86 
0 103 42 42 
0 104 182 182 209 209 
0 105 204 204 
0 106 
0 107 
0 108 36 36 49 49 156 156 
0 109 
0 110 38 38 251 251 
0 111 
0 112 91 91 
0 113 
0 114 148 148 
0 115 191 191 208 208 
0 116 25 25 278 278 
0 117 
0 118 
0 119 139 139 
0 120 267 267 
0 121 166 166 
0 122 
0 123 250 250 
0 124 
0 125 
0 126 
0 127 
0 128 179 179 
0 129 100 100 
0 130 
0 131 141 141 
0 132 
0 133 
0 134 45 45 170 170 185 185 194 194 
0 135 
0 136 4 78 78 193 193 
0 137 12 82 82 192 192 
0 138 
0 139 119 119 
0 140 
0 141 131 131 
0 142 53 53 
0 143 
0 144 
0 145 
0 146 35 35 
0 147 285 285 
0 148 62 62 114 114 
0 149 76 76 288 288 
0 150 
0 151 179 179 276 276 
0 152 
0 153 
0 154 
0 155 
0 156 36 36 49 49 108 108 
0 157 
0 158 
0 159 48 48 
0 160 
0 161 
0 162 186 186 
0 163 192 192 213 213 
0 164 51 51 
0 165 187 187 
0 166 121 121 
0 167 
0 168 
0 169 43 43 81 81 
0 170 45 45 134 134 
0 171 
0 172 
0 173 
0 174 46 46 250 250 
0 175 59 59 283 283 
0 176 198 198 236 236 
0 177 
0 178 190 190 
0 179 128 128 151 151 276 276 
0 180 
0 181 
0 182 104 104 209 209 
0 183 
0 184 
0 185 45 45 134 134 193 193 
0 186 162 162 
0 187 50 50 165 165 
0 188 
0 189 
0 190 178 178 249 249 
0 191 115 115 208 208 
0 192 137 137 163 163 
0 193 4 45 45 78 78 136 136 185 185 
0 194 134 134 248 248 
0 195 229 229 
0 196 
0 197 240 240 
0 198 176 176 236 236 
0 199 21 21 215 215 283 283 
0 200 
0 201 66 66 
0 202 39 39 212 212 256 256 
0 203 15 24 24 77 77 
0 204 105 105 
0 205 288 288 
0 206 
0 207 
0 208 115 115 191 191 
0 209 104 104 182 182 
0 210 224 224 
0 211 
0 212 202 202 256 256 
0 213 163 163 284 284 
0 214 98 98 
0 215 21 21 199 199 
0 216 
0 217 
0 218 
0 219 
0 220 97 97 258 258 
0 221 73 73 
0 222 16 
0 223 
0 224 19 19 210 210 
0 225 
0 226 
0 227 
0 228 
0 229 195 195 
0 230 
0 231 
0 232 14 
0 233 65 65 
0 234 9 
0 235 36 36 
0 236 176 176 198 198 
0 237 55 55 254 254 266 266 
0 238 
0 239 
0 240 50 50 70 70 197 197 
0 241 260 260 
0 242 281 281 
0 243 
0 244 
0 245 
0 246 96 96 248 248 
0 247 
0 248 96 96 194 194 246 246 
0 249 84 84 190 190 
0 250 46 46 123 123 174 174 
0 251 110 110 
0 252 
0 253 
0 254 237 237 266 266 
0 255 89 89 
0 256 39 39 202 202 212 212 
0 257 
0 258 97 97 220 220 
0 259 
0 260 241 241 
0 261 
0 262 47 47 
0 263 
0 264 
0 265 26 26 
0 266 237 237 254 254 
0 267 120 120 
0 268 287 287 
0 269 
0 270 
0 271 
0 272 86 86 
0 273 295 295 
0 274 299 299 
0 275 
0 276 151 151 179 179 
0 277 11 80 80 87 87 
0 278 15 20 20 116 116 
0 279 
0 280 
0 281 242 242 
0 282 
0 283 21 21 59 59 175 175 199 199 
0 284 213 213 
0 285 147 147 
0 286 54 54 
0 287 101 101 268 268 
0 288 149 149 205 205 
0 289 
0 290 
0 291 
0 292 
0 293 
0 294 
0 295 273 273 
0 296 
0 297 
0 298 
0 299 274 274 
600 0 3 16 
600 1 5 9 12 13 14 15 17 
600 2 3 5 10 11 
600 3 0 2 10 10 11 11 16 16 44 
600 4 6 6 78 136 193 
600 5 1 2 10 10 11 11 12 12 13 13 14 14 15 15 17 17 
600 6 4 4 8 8 9 9 
600 7 
600 8 6 6 9 9 12 12 
600 9 1 6 6 8 8 12 12 13 13 14 14 15 15 234 
600 10 2 3 3 5 5 11 11 12 12 15 15 151 276 
600 11 2 3 3 5 5 10 10 12 12 15 15 16 16 87 
600 12 1 5 5 8 8 9 9 10 10 11 11 13 13 14 14 15 15 17 17 82 137 143 
600 13 1 5 5 9 9 12 12 14 14 15 15 17 17 22 
600 14 1 5 5 9 9 12 12 13 13 15 15 17 17 232 
600 15 1 5 5 9 9 10 10 11 11 12 12 13 13 14 14 17 17 24 203 
600 16 0 3 3 11 11 222 
600 17 1 5 5 12 12 13 13 14 14 15 15 19 
600 18 48 48 
600 19 17 
600 20 55 55 249 249 
600 21 29 29 59 59 199 199 215 215 
600 22 13 
600 23 101 101 
600 24 15 77 77 143 143 203 203 
600 25 
600 26 57 57 265 265 
600 27 48 48 
600 28 
600 29 21 21 59 59 
600 30 169 169 
600 31 78 78 287 287 
600 32 
600 33 
600 34 
600 35 146 146 
600 36 156 156 235 235 282 282 
600 37 
600 38 110 110 
600 39 202 202 256 256 
600 40 
600 41 
600 42 114 114 196 196 252 252 
600 43 81 81 103 103 
600 44 3 
600 45 
600 46 174 174 250 250 
600 47 262 262 
600 48 18 18 27 27 159 159 
600 49 156 156 
600 50 88 88 187 187 240 240 294 294 
600 51 164 164 
600 52 
600 53 102 102 142 142 
600 54 286 286 
600 55 20 20 237 237 249 249 
600 56 
600 57 26 26 133 133 
600 58 61 61 
600 59 21 21 29 29 
600 60 72 72 
600 61 58 58 
600 62 148 148 
600 63 64 64 
600 64 63 63 281 281 
600 65 88 88 233 233 294 294 
600 66 127 127 
600 67 80 80 
600 68 278 278 
600 69 
600 70 71 71 144 144 258 258 
600 71 70 70 144 144 258 258 
600 72 60 60 
600 73 171 171 293 293 
600 74 
600 75 180 180 
600 76 149 149 274 274 283 283 
600 77 24 24 82 82 143 143 203 203 
600 78 4 31 31 136 136 193 193 287 287 
600 79 
600 80 67 67 87 87 
600 81 43 43 103 103 
600 82 12 77 77 143 143 180 180 
600 83 
600 84 239 239 
600 85 
600 86 
600 87 11 80 80 
600 88 50 50 65 65 294 294 
600 89 255 255 
600 90 94 94 
600 91 112 112 
600 92 
600 93 
600 94 90 90 
600 95 
600 96 246 246 
600 97 220 220 
600 98 214 214 
600 99 
600 100 129 129 
600 101 23 23 
600 102 53 53 
600 103 43 43 81 81 
600 104 182 182 266 266 
600 105 204 204 
600 106 115 115 
600 107 
600 108 
600 109 
600 110 38 38 251 251 
600 111 
600 112 91 91 
600 113 
600 114 42 42 252 252 
600 115 106 106 171 171 293 293 
600 116 126 126 277 277 
600 117 
600 118 
600 119 139 139 
600 120 267 267 
600 121 166 166 
600 122 209 209 
600 123 250 250 
600 124 
600 125 
600 126 116 116 277 277 
600 127 66 66 292 292 
600 128 179 179 272 272 
600 129 100 100 
600 130 
600 131 141 141 
600 132 
600 133 57 57 
600 134 170 170 185 185 194 194 
600 135 
600 136 4 78 78 193 193 
600 137 12 
600 138 
600 139 119 119 
600 140 
600 141 131 131 
600 142 53 53 
600 143 12 24 24 77 77 82 82 
600 144 70 70 71 71 182 182 258 258 
600 145 
600 146 35 35 
600 147 285 285 
600 148 62 62 
600 149 76 76 274 274 288 288 
600 150 
600 151 10 179 179 276 276 
600 152 
600 153 
600 154 
600 155 
600 156 36 36 49 49 282 282 
600 157 
600 158 
600 159 48 48 
600 160 
600 161 229 229 
600 162 186 186 
600 163 192 192 213 213 
600 164 51 51 
600 165 187 187 
600 166 121 121 
600 167 
600 168 
600 169 30 30 
600 170 134 134 
600 171 73 73 115 115 293 293 
600 172 
600 173 
600 174 46 46 250 250 
600 175 
600 176 198 198 236 236 
600 177 
600 178 190 190 
600 179 128 128 151 151 276 276 
600 180 75 75 82 82 
600 181 
600 182 104 104 144 144 258 258 266 266 
600 183 210 210 
600 184 
600 185 134 134 193 193 
600 186 162 162 
600 187 50 50 165 165 
600 188 
600 189 
600 190 178 178 
600 191 
600 192 163 163 
600 193 4 78 78 136 136 185 185 287 287 
600 194 134 134 
600 195 
600 196 42 42 252 252 
600 197 240 240 
600 198 176 176 236 236 
600 199 21 21 215 215 283 283 
600 200 
600 201 
600 202 39 39 212 212 256 256 
600 203 15 24 24 77 77 
600 204 105 105 
600 205 288 288 
600 206 
600 207 
600 208 232 232 
600 209 122 122 
600 210 183 183 224 224 
600 211 
600 212 202 202 256 256 
600 213 163 163 284 284 
600 214 98 98 
600 215 21 21 199 199 283 283 
600 216 
600 217 
600 218 
600 219 
600 220 97 97 
600 221 
600 222 16 
600 223 
600 224 210 210 
600 225 
600 226 
600 227 
600 228 243 243 
600 229 161 161 
600 230 
600 231 
600 232 14 208 208 
600 233 65 65 
600 234 9 
600 235 36 36 
600 236 176 176 198 198 
600 237 55 55 
600 238 
600 239 84 84 
600 240 50 50 197 197 
600 241 260 260 
600 242 
600 243 228 228 
600 244 
600 245 
600 246 96 96 
600 247 
600 248 
600 249 20 20 55 55 
600 250 46 46 123 123 174 174 
600 251 110 110 
600 252 42 42 114 114 196 196 
600 253 
600 254 
600 255 89 89 
600 256 39 39 202 202 212 212 
600 257 
600 258 70 70 71 71 144 144 182 182 
600 259 
600 260 241 241 
600 261 
600 262 47 47 
600 263 
600 264 
600 265 26 26 
600 266 104 104 182 182 
600 267 120 120 
600 268 
600 269 
600 270 
600 271 
600 272 128 128 
600 273 
600 274 76 76 149 149 
600 275 
600 276 10 151 151 179 179 
600 277 116 116 126 126 
600 278 68 68 
600 279 
600 280 
600 281 64 64 
600 282 36 36 156 156 291 291 
600 283 76 76 199 199 215 215 288 288 
600 284 213 213 
600 285 147 147 
600 286 54 54 
600 287 31 31 78 78 193 193 
600 288 149 149 205 205 283 283 
600 289 
600 290 
600 291 282 282 
600 292 127 127 
600 293 73 73 115 115 171 171 
600 294 50 50 65 65 88 88 
600 295 
600 296 
600 297 
600 298 
600 299 
1200 0 16 
1200 1 3 5 9 11 12 13 14 15 17 
1200 2 5 10 
1200 3 1 5 5 6 6 8 8 9 9 11 11 12 12 13 13 14 14 15 15 17 17 163 213 293 
1200 4 6 6 53 78 136 193 
1200 5 1 2 3 3 9 9 10 10 11 11 12 12 13 13 14 14 15 15 17 17 
1200 6 3 3 4 4 8 8 9 9 
1200 7 176 
1200 8 3 3 6 6 9 9 
1200 9 1 3 3 5 5 6 6 8 8 10 10 11 11 12 12 13 13 14 14 15 15 17 17 163 180 192 276 
1200 10 2 5 5 9 9 11 11 12 12 15 15 151 217 
1200 11 1 3 3 5 5 9 9 10 10 12 12 13 13 14 14 15 15 17 17 208 
1200 12 1 3 3 5 5 9 9 10 10 11 11 13 13 14 14 15 15 17 17 77 143 203 291 
1200 13 1 3 3 5 5 9 9 11 11 12 12 14 14 15 15 17 17 22 24 
1200 14 1 3 3 5 5 9 9 11 11 12 12 13 13 15 15 17 17 
1200 15 1 3 3 5 5 9 9 10 10 11 11 12 12 13 13 14 14 17 17 203 
1200 16 0 222 
1200 17 1 3 3 5 5 9 9 11 11 12 12 13 13 14 14 15 15 19 238 
1200 18 48 48 
1200 19 17 238 238 
1200 20 55 55 249 249 
1200 21 29 29 141 141 199 199 215 215 
1200 22 13 24 24 
1200 23 101 101 
1200 24 13 22 22 
1200 25 85 85 
1200 26 57 57 
1200 27 30 30 48 48 
1200 28 34 34 
1200 29 21 21 141 141 
1200 30 27 27 131 131 
1200 31 78 78 264 264 287 287 
1200 32 
1200 33 
1200 34 28 28 
1200 35 224 224 
1200 36 156 156 177 177 235 235 270 270 282 282 
1200 37 
1200 38 110 110 
1200 39 202 202 256 256 
1200 40 
1200 41 
1200 42 195 195 
1200 43 81 81 
1200 44 
1200 45 
1200 46 250 250 
1200 47 262 262 
1200 48 18 18 27 27 
1200 49 156 156 
1200 50 145 145 197 197 240 240 
1200 51 164 164 
1200 52 
1200 53 4 136 136 241 241 260 260 
1200 54 
1200 55 20 20 237 237 249 249 
1200 56 
1200 57 26 26 133 133 181 181 
1200 58 159 159 
1200 59 175 175 
1200 60 72 72 
1200 61 201 201 
1200 62 148 148 186 186 
1200 63 64 64 
1200 64 63 63 
1200 65 88 88 233 233 294 294 
1200 66 127 127 
1200 67 178 178 183 183 254 254 278 278 
1200 68 278 278 
1200 69 
1200 70 71 71 144 144 258 258 
1200 71 70 70 144 144 258 258 
1200 72 60 60 
1200 73 171 171 
1200 74 
1200 75 180 180 276 276 
1200 76 149 149 274 274 283 283 
1200 77 12 143 143 203 203 291 291 
1200 78 4 31 31 136 136 193 193 287 287 
1200 79 
1200 80 
1200 81 43 43 
1200 82 
1200 83 
1200 84 87 87 239 239 
1200 85 25 25 
1200 86 
1200 87 84 84 161 161 239 239 
1200 88 65 65 294 294 
1200 89 255 255 
1200 90 94 94 
1200 91 
1200 92 
1200 93 117 117 
1200 94 90 90 
1200 95 
1200 96 246 246 
1200 97 220 220 
1200 98 214 214 
1200 99 
1200 100 129 129 
1200 101 23 23 
1200 102 
1200 103 162 162 169 169 196 196 
1200 104 174 174 182 182 266 266 
1200 105 204 204 
1200 106 115 115 
1200 107 
1200 108 
1200 109 
1200 110 38 38 251 251 
1200 111 
1200 112 206 206 225 225 235 235 
1200 113 175 175 274 274 
1200 114 252 252 
1200 115 106 106 171 171 
1200 116 126 126 277 277 
1200 117 93 93 
1200 118 
1200 119 139 139 
1200 120 267 267 
1200 121 
1200 122 209 209 
1200 123 250 250 
1200 124 
1200 125 
1200 126 116 116 277 277 
1200 127 66 66 
1200 128 166 166 179 179 272 272 
1200 129 100 100 
1200 130 
1200 131 30 30 
1200 132 
1200 133 57 57 181 181 
1200 134 152 152 185 185 
1200 135 
1200 136 4 53 53 78 78 193 193 
1200 137 
1200 138 207 207 225 225 
1200 139 119 119 
1200 140 
1200 141 21 21 29 29 199 199 215 215 
1200 142 
1200 143 12 77 77 291 291 
1200 144 70 70 71 71 182 182 258 258 
1200 145 50 50 197 197 240 240 
1200 146 
1200 147 285 285 
1200 148 62 62 186 186 
1200 149 76 76 170 170 274 274 288 288 
1200 150 
1200 151 10 166 166 179 179 
1200 152 134 134 287 287 
1200 153 
1200 154 170 170 
1200 155 
1200 156 36 36 49 49 282 282 
1200 157 
1200 158 
1200 159 58 58 
1200 160 
1200 161 87 87 239 239 
1200 162 103 103 169 169 
1200 163 3 9 192 192 213 213 293 293 
1200 164 51 51 
1200 165 187 187 
1200 166 128 128 151 151 179 179 
1200 167 
1200 168 
1200 169 103 103 162 162 
1200 170 149 149 154 154 274 274 
1200 171 73 73 115 115 
1200 172 
1200 173 
1200 174 104 104 
1200 175 59 59 113 113 
1200 176 7 
1200 177 36 36 263 263 270 270 282 282 
1200 178 67 67 183 183 254 254 
1200 179 128 128 151 151 166 166 
1200 180 9 75 75 276 276 
1200 181 57 57 133 133 232 232 266 266 
1200 182 104 104 144 144 258 258 266 266 
1200 183 67 67 178 178 210 210 
1200 184 
1200 185 134 134 193 193 
1200 186 62 62 148 148 189 189 
1200 187 165 165 
1200 188 
1200 189 186 186 
1200 190 
1200 191 297 297 
1200 192 9 163 163 
1200 193 4 78 78 136 136 185 185 287 287 
1200 194 
1200 195 42 42 
1200 196 103 103 252 252 
1200 197 50 50 145 145 240 240 
1200 198 236 236 
1200 199 21 21 141 141 215 215 283 283 
1200 200 
1200 201 61 61 
1200 202 39 39 212 212 256 256 
1200 203 12 15 77 77 291 291 
1200 204 105 105 
1200 205 288 288 
1200 206 112 112 225 225 
1200 207 138 138 
1200 208 11 
1200 209 122 122 
1200 210 183 183 
1200 211 
1200 212 202 202 256 256 
1200 213 3 163 163 284 284 293 293 
1200 214 98 98 
1200 215 21 21 141 141 199 199 283 283 
1200 216 
1200 217 10 
1200 218 
1200 219 
1200 220 97 97 
1200 221 
1200 222 16 
1200 223 
1200 224 35 35 
1200 225 112 112 138 138 206 206 
1200 226 
1200 227 
1200 228 243 243 
1200 229 
1200 230 
1200 231 
1200 232 181 181 266 266 
1200 233 65 65 
1200 234 
1200 235 36 36 112 112 
1200 236 198 198 
1200 237 55 55 
1200 238 17 19 19 
1200 239 84 84 87 87 161 161 
1200 240 50 50 145 145 197 197 
1200 241 53 53 260 260 
1200 242 
1200 243 228 228 
1200 244 
1200 245 
1200 246 96 96 
1200 247 
1200 248 
1200 249 20 20 55 55 
1200 250 46 46 123 123 
1200 251 110 110 
1200 252 114 114 196 196 
1200 253 
1200 254 67 67 178 178 278 278 
1200 255 89 89 
1200 256 39 39 202 202 212 212 
1200 257 
1200 258 70 70 71 71 144 144 182 182 
1200 259 
1200 260 53 53 241 241 
1200 261 
1200 262 47 47 
1200 263 177 177 270 270 
1200 264 31 31 
1200 265 
1200 266 104 104 181 181 182 182 232 232 
1200 267 120 120 
1200 268 
1200 269 
1200 270 36 36 177 177 263 263 
1200 271 
1200 272 128 128 
1200 273 
1200 274 76 76 113 113 149 149 170 170 
1200 275 
1200 276 9 75 75 180 180 
1200 277 116 116 126 126 
1200 278 67 67 68 68 254 254 
1200 279 
1200 280 
1200 281 
1200 282 36 36 156 156 177 177 
1200 283 76 76 199 199 215 215 288 288 
1200 284 213 213 293 293 
1200 285 147 147 
1200 286 
1200 287 31 31 78 78 152 152 193 193 
1200 288 149 149 205 205 283 283 
1200 289 
1200 290 
1200 291 12 77 77 143 143 203 203 
1200 292 
1200 293 3 163 163 213 213 284 284 
1200 294 65 65 88 88 
1200 295 
1200 296 
1200 297 191 191 
1200 298 
1200 299 
1800 0 16 
1800 1 3 5 8 9 11 12 13 14 15 17 
1800 2 4 5 10 
1800 3 1 5 5 6 6 8 8 9 9 10 10 11 11 12 12 13 13 14 14 15 15 17 17 137 163 293 
1800 4 2 7 7 10 10 148 186 
1800 5 1 2 3 3 9 9 10 10 11 11 12 12 13 13 14 14 15 15 289 
1800 6 3 3 8 8 9 9 
1800 7 4 4 176 
1800 8 1 3 3 6 6 9 9 
1800 9 1 3 3 5 5 6 6 8 8 10 10 11 11 12 12 13 13 14 14 15 15 17 17 163 180 192 276 
1800 10 2 3 3 4 4 5 5 9 9 12 12 15 15 235 272 
1800 11 1 3 3 5 5 9 9 12 12 13 13 14 14 15 15 17 17 208 
1800 12 1 3 3 5 5 9 9 10 10 11 11 13 13 14 14 15 15 17 17 77 122 203 
1800 13 1 3 3 5 5 9 9 11 11 12 12 14 14 15 15 17 17 182 
1800 14 1 3 3 5 5 9 9 11 11 12 12 13 13 15 15 17 17 
1800 15 1 3 3 5 5 9 9 10 10 11 11 12 12 13 13 14 14 17 17 203 
1800 16 0 
1800 17 1 3 3 9 9 11 11 12 12 13 13 14 14 15 15 22 68 209 254 278 
1800 18 48 48 96 96 
1800 19 238 238 
1800 20 221 221 230 230 297 297 
1800 21 205 205 
1800 22 17 46 46 68 68 70 70 71 71 209 209 258 258 
1800 23 101 101 
1800 24 234 234 
1800 25 85 85 
1800 26 57 57 
1800 27 30 30 48 48 
1800 28 34 34 
1800 29 141 141 286 286 
1800 30 27 27 131 131 
1800 31 78 78 264 264 287 287 
1800 32 
1800 33 
1800 34 28 28 
1800 35 
1800 36 
1800 37 
1800 38 110 110 
1800 39 76 76 149 149 274 274 283 283 288 288 
1800 40 
1800 41 
1800 42 195 195 252 252 
1800 43 
1800 44 291 291 
1800 45 86 86 
1800 46 22 22 70 70 71 71 144 144 258 258 
1800 47 262 262 
1800 48 18 18 27 27 96 96 
1800 49 83 83 156 156 
1800 50 145 145 197 197 240 240 
1800 51 164 164 
1800 52 
1800 53 136 136 241 241 260 260 
1800 54 
1800 55 237 237 249 249 
1800 56 136 136 241 241 260 260 295 295 
1800 57 26 26 133 133 181 181 
1800 58 159 159 
1800 59 81 81 175 175 
1800 60 72 72 
1800 61 201 201 
1800 62 86 86 290 290 
1800 63 64 64 
1800 64 63 63 
1800 65 88 88 294 294 
1800 66 127 127 214 214 
1800 67 178 178 183 183 222 222 254 254 278 278 
1800 68 17 22 22 209 209 278 278 
1800 69 
1800 70 22 22 46 46 71 71 144 144 258 258 
1800 71 22 22 46 46 70 70 144 144 258 258 
1800 72 60 60 
1800 73 171 171 
1800 74 
1800 75 122 122 180 180 276 276 
1800 76 39 39 149 149 274 274 283 283 
1800 77 12 122 122 203 203 
1800 78 31 31 136 136 193 193 287 287 
1800 79 
1800 80 
1800 81 59 59 175 175 
1800 82 
1800 83 49 49 156 156 282 282 
1800 84 87 87 239 239 
1800 85 25 25 
1800 86 45 45 62 62 290 290 
1800 87 84 84 161 161 239 239 
1800 88 65 65 294 294 
1800 89 255 255 
1800 90 94 94 
1800 91 
1800 92 
1800 93 
1800 94 90 90 
1800 95 
1800 96 18 18 48 48 
1800 97 220 220 
1800 98 
1800 99 
1800 100 129 129 
1800 101 23 23 103 103 
1800 102 
1800 103 101 101 268 268 275 275 
1800 104 
1800 105 204 204 
1800 106 213 213 270 270 
1800 107 236 236 
1800 108 213 213 
1800 109 
1800 110 38 38 251 251 
1800 111 
1800 112 206 206 235 235 272 272 
1800 113 175 175 274 274 
1800 114 170 170 
1800 115 
1800 116 233 233 
1800 117 
1800 118 
1800 119 
1800 120 267 267 
1800 121 
1800 122 12 75 75 77 77 180 180 
1800 123 250 250 
1800 124 
1800 125 
1800 126 277 277 
1800 127 66 66 
1800 128 166 166 179 179 
1800 129 100 100 
1800 130 
1800 131 30 30 
1800 132 
1800 133 57 57 181 181 184 184 
1800 134 152 152 185 185 
1800 135 224 224 
1800 136 53 53 56 56 78 78 193 193 
1800 137 3 163 163 192 192 293 293 
1800 138 207 207 
1800 139 198 198 205 205 
1800 140 
1800 141 29 29 199 199 215 215 
1800 142 263 263 
1800 143 
1800 144 46 46 70 70 71 71 258 258 
1800 145 50 50 197 197 240 240 
1800 146 
1800 147 285 285 
1800 148 4 186 186 
1800 149 39 39 76 76 274 274 288 288 
1800 150 
1800 151 262 262 
1800 152 134 134 287 287 
1800 153 
1800 154 
1800 155 
1800 156 49 49 83 83 282 282 
1800 157 
1800 158 209 209 
1800 159 58 58 
1800 160 
1800 161 87 87 239 239 
1800 162 169 169 198 198 
1800 163 3 9 137 137 192 192 293 293 
1800 164 51 51 
1800 165 187 187 
1800 166 128 128 179 179 
1800 167 
1800 168 
1800 169 162 162 
1800 170 114 114 196 196 
1800 171 73 73 
1800 172 
1800 173 286 286 
1800 174 
1800 175 59 59 81 81 113 113 
1800 176 7 
1800 177 282 282 
1800 178 67 67 183 183 254 254 
1800 179 128 128 166 166 
1800 180 9 75 75 122 122 276 276 
1800 181 57 57 133 133 184 184 232 232 266 266 
1800 182 13 
1800 183 67 67 178 178 210 210 
1800 184 133 133 181 181 232 232 
1800 185 134 134 193 193 
1800 186 4 148 148 
1800 187 165 165 
1800 188 
1800 189 
1800 190 
1800 191 230 230 297 297 
1800 192 9 137 137 163 163 
1800 193 78 78 136 136 185 185 287 287 
1800 194 
1800 195 42 42 252 252 
1800 196 170 170 
1800 197 50 50 145 145 240 240 
1800 198 139 139 162 162 
1800 199 141 141 215 215 236 236 283 283 
1800 200 
1800 201 61 61 
1800 202 212 212 256 256 
1800 203 12 15 77 77 259 259 
1800 204 105 105 
1800 205 21 21 139 139 288 288 
1800 206 112 112 
1800 207 138 138 
1800 208 11 
1800 209 17 22 22 68 68 158 158 
1800 210 183 183 
1800 211 
1800 212 202 202 256 256 
1800 213 106 106 108 108 270 270 
1800 214 66 66 
1800 215 141 141 199 199 283 283 
1800 216 281 281 
1800 217 
1800 218 
1800 219 
1800 220 97 97 
1800 221 20 20 297 297 
1800 222 67 67 233 233 254 254 278 278 
1800 223 
1800 224 135 135 
1800 225 
1800 226 
1800 227 
1800 228 243 243 
1800 229 
1800 230 20 20 191 191 297 297 
1800 231 
1800 232 181 181 184 184 266 266 
1800 233 116 116 222 222 
1800 234 24 24 
1800 235 10 112 112 272 272 
1800 236 107 107 199 199 
1800 237 55 55 
1800 238 19 19 
1800 239 84 84 87 87 161 161 
1800 240 50 50 145 145 197 197 
1800 241 53 53 56 56 260 260 
1800 242 
1800 243 228 228 
1800 244 
1800 245 
1800 246 
1800 247 
1800 248 
1800 249 55 55 
1800 250 123 123 
1800 251 110 110 
1800 252 42 42 195 195 
1800 253 
1800 254 17 67 67 178 178 222 222 278 278 
1800 255 89 89 
1800 256 202 202 212 212 
1800 257 
1800 258 22 22 46 46 70 70 71 71 144 144 
1800 259 203 203 
1800 260 53 53 56 56 241 241 
1800 261 
1800 262 47 47 151 151 
1800 263 142 142 
1800 264 31 31 
1800 265 
1800 266 181 181 232 232 
1800 267 120 120 
1800 268 103 103 
1800 269 
1800 270 106 106 213 213 
1800 271 275 275 
1800 272 10 112 112 235 235 
1800 273 
1800 274 39 39 76 76 113 113 149 149 
1800 275 103 103 271 271 
1800 276 9 75 75 180 180 
1800 277 126 126 
1800 278 17 67 67 68 68 222 222 254 254 
1800 279 
1800 280 
1800 281 216 216 
1800 282 83 83 156 156 177 177 
1800 283 39 39 76 76 199 199 215 215 288 288 
1800 284 293 293 
1800 285 147 147 
1800 286 29 29 173 173 
1800 287 31 31 78 78 152 152 193 193 
1800 288 39 39 149 149 205 205 283 283 
1800 289 5 
1800 290 62 62 86 86 
1800 291 44 44 
1800 292 
1800 293 3 137 137 163 163 284 284 
1800 294 65 65 88 88 
1800 295 56 56 
1800 296 
1800 297 20 20 191 191 221 221 230 230 
1800 298 
1800 299 
2400 0 16 
2400 1 2 2 3 5 6 8 9 11 13 14 15 17 
2400 2 1 1 3 5 6 8 9 11 12 13 14 15 17 
2400 3 1 2 5 5 6 6 8 8 9 9 10 10 11 11 12 12 13 13 14 14 15 15 17 17 137 163 293 
2400 4 7 7 10 10 110 148 186 
2400 5 1 2 3 3 9 9 10 10 11 11 12 12 13 13 14 14 15 15 289 
2400 6 1 2 3 3 8 8 9 9 
2400 7 4 4 100 176 
2400 8 1 2 3 3 6 6 9 9 
2400 9 1 2 3 3 5 5 6 6 8 8 11 11 13 13 14 14 15 15 242 
2400 10 3 3 4 4 5 5 15 15 235 272 
2400 11 1 2 3 3 5 5 9 9 12 12 13 13 14 14 15 15 17 17 208 
2400 12 2 3 3 5 5 11 11 13 13 14 14 15 15 17 17 
2400 13 1 2 3 3 5 5 9 9 11 11 12 12 14 14 15 15 17 17 
2400 14 1 2 3 3 5 5 9 9 11 11 12 12 13 13 15 15 17 17 
2400 15 1 2 3 3 5 5 9 9 10 10 11 11 12 12 13 13 14 14 17 17 249 
2400 16 0 
2400 17 1 2 3 3 11 11 12 12 13 13 14 14 15 15 68 165 209 254 278 
2400 18 48 48 
2400 19 238 238 
2400 20 221 221 297 297 
2400 21 205 205 
2400 22 
2400 23 
2400 24 64 64 
2400 25 85 85 249 249 
2400 26 50 50 57 57 
2400 27 30 30 48 48 
2400 28 34 34 181 181 
2400 29 100 100 286 286 
2400 30 27 27 131 131 
2400 31 131 131 
2400 32 
2400 33 
2400 34 28 28 172 172 
2400 35 74 74 
2400 36 223 223 
2400 37 
2400 38 
2400 39 76 76 149 149 274 274 283 283 
2400 40 
2400 41 
2400 42 195 195 252 252 
2400 43 173 173 
2400 44 77 77 230 230 291 291 
2400 45 86 86 
2400 46 70 70 71 71 94 94 144 144 231 231 258 258 298 298 
2400 47 
2400 48 18 18 27 27 
2400 49 83 83 156 156 
2400 50 26 26 57 57 
2400 51 
2400 52 63 63 73 73 161 161 
2400 53 241 241 
2400 54 
2400 55 
2400 56 241 241 295 295 
2400 57 26 26 50 50 
2400 58 260 260 
2400 59 81 81 175 175 
2400 60 72 72 
2400 61 201 201 
2400 62 86 86 290 290 
2400 63 52 52 64 64 
2400 64 24 24 63 63 
2400 65 88 88 294 294 
2400 66 127 127 
2400 67 165 165 178 178 222 222 254 254 278 278 
2400 68 17 209 209 278 278 298 298 
2400 69 
2400 70 46 46 71 71 144 144 231 231 258 258 
2400 71 46 46 70 70 144 144 231 231 258 258 
2400 72 60 60 
2400 73 52 52 171 171 
2400 74 35 35 
2400 75 122 122 180 180 233 233 276 276 
2400 76 39 39 149 149 274 274 283 283 
2400 77 44 44 291 291 
2400 78 193 193 287 287 
2400 79 
2400 80 
2400 81 59 59 175 175 
2400 82 
2400 83 49 49 156 156 282 282 
2400 84 87 87 239 239 
2400 85 25 25 
2400 86 45 45 62 62 290 290 
2400 87 84 84 161 161 239 239 
2400 88 65 65 294 294 
2400 89 255 255 
2400 90 
2400 91 
2400 92 
2400 93 
2400 94 46 46 298 298 
2400 95 
2400 96 127 127 
2400 97 
2400 98 
2400 99 
2400 100 7 29 29 176 176 286 286 
2400 101 
2400 102 229 229 
2400 103 164 164 268 268 275 275 
2400 104 
2400 105 204 204 
2400 106 213 213 
2400 107 139 139 214 214 236 236 
2400 108 213 213 
2400 109 
2400 110 4 148 148 186 186 
2400 111 
2400 112 128 128 179 179 
2400 113 175 175 274 274 
2400 114 170 170 
2400 115 
2400 116 266 266 
2400 117 
2400 118 
2400 119 
2400 120 267 267 
2400 121 
2400 122 75 75 180 180 233 233 245 245 
2400 123 250 250 
2400 124 
2400 125 
2400 126 277 277 
2400 127 66 66 96 96 
2400 128 112 112 166 166 179 179 
2400 129 154 154 
2400 130 
2400 131 30 30 31 31 
2400 132 
2400 133 145 145 211 211 240 240 
2400 134 152 152 185 185 
2400 135 224 224 
2400 136 
2400 137 3 163 163 192 192 293 293 
2400 138 207 207 
2400 139 107 107 214 214 
2400 140 
2400 141 
2400 142 229 229 263 263 
2400 143 
2400 144 46 46 70 70 71 71 231 231 258 258 
2400 145 133 133 197 197 240 240 
2400 146 
2400 147 230 230 285 285 
2400 148 4 110 110 186 186 
2400 149 39 39 76 76 274 274 
2400 150 
2400 151 262 262 
2400 152 134 134 287 287 
2400 153 
2400 154 129 129 
2400 155 
2400 156 49 49 83 83 282 282 
2400 157 
2400 158 209 209 
2400 159 
2400 160 203 203 
2400 161 52 52 87 87 239 239 
2400 162 198 198 
2400 163 3 137 137 192 192 293 293 
2400 164 103 103 275 275 
2400 165 17 67 67 178 178 222 222 254 254 278 278 
2400 166 128 128 179 179 
2400 167 
2400 168 
2400 169 268 268 
2400 170 114 114 196 196 288 288 
2400 171 73 73 
2400 172 34 34 174 174 
2400 173 43 43 215 215 283 283 
2400 174 172 172 
2400 175 59 59 81 81 113 113 
2400 176 7 100 100 
2400 177 282 282 284 284 
2400 178 67 67 165 165 254 254 
2400 179 112 112 128 128 166 166 
2400 180 75 75 122 122 233 233 245 245 276 276 
2400 181 28 28 
2400 182 
2400 183 
2400 184 
2400 185 134 134 193 193 
2400 186 4 110 110 148 148 
2400 187 220 220 237 237 
2400 188 
2400 189 
2400 190 
2400 191 
2400 192 137 137 163 163 
2400 193 78 78 185 185 287 287 
2400 194 
2400 195 42 42 252 252 
2400 196 170 170 288 288 
2400 197 145 145 
2400 198 162 162 
2400 199 215 215 236 236 283 283 
2400 200 
2400 201 61 61 
2400 202 212 212 256 256 
2400 203 160 160 
2400 204 105 105 
2400 205 21 21 
2400 206 
2400 207 138 138 
2400 208 11 
2400 209 17 68 68 158 158 298 298 
2400 210 
2400 211 133 133 220 220 240 240 
2400 212 202 202 256 256 
2400 213 106 106 108 108 
2400 214 107 107 139 139 
2400 215 173 173 199 199 283 283 
2400 216 281 281 
2400 217 
2400 218 
2400 219 
2400 220 187 187 211 211 
2400 221 20 20 297 297 
2400 222 67 67 165 165 254 254 266 266 278 278 
2400 223 36 36 
2400 224 135 135 
2400 225 
2400 226 
2400 227 
2400 228 243 243 
2400 229 102 102 142 142 263 263 
2400 230 44 44 147 147 285 285 
2400 231 46 46 70 70 71 71 144 144 258 258 
2400 232 296 296 
2400 233 75 75 122 122 180 180 245 245 276 276 
2400 234 
2400 235 10 272 272 
2400 236 107 107 199 199 
2400 237 187 187 
2400 238 19 19 
2400 239 84 84 87 87 161 161 
2400 240 133 133 145 145 211 211 
2400 241 53 53 56 56 
2400 242 9 
2400 243 228 228 
2400 244 
2400 245 122 122 180 180 233 233 
2400 246 
2400 247 
2400 248 
2400 249 15 25 25 
2400 250 123 123 
2400 251 
2400 252 42 42 195 195 
2400 253 
2400 254 17 67 67 165 165 178 178 222 222 278 278 
2400 255 89 89 
2400 256 202 202 212 212 
2400 257 
2400 258 46 46 70 70 71 71 144 144 231 231 
2400 259 
2400 260 58 58 292 292 
2400 261 
2400 262 151 151 
2400 263 142 142 229 229 
2400 264 
2400 265 
2400 266 116 116 222 222 
2400 267 120 120 
2400 268 103 103 169 169 
2400 269 
2400 270 
2400 271 275 275 
2400 272 10 235 235 
2400 273 
2400 274 39 39 76 76 113 113 149 149 
2400 275 103 103 164 164 271 271 
2400 276 75 75 180 180 233 233 
2400 277 126 126 
2400 278 17 67 67 68 68 165 165 222 222 254 254 
2400 279 
2400 280 
2400 281 216 216 
2400 282 83 83 156 156 177 177 284 284 
2400 283 39 39 76 76 173 173 199 199 215 215 
2400 284 177 177 282 282 
2400 285 147 147 230 230 
2400 286 29 29 100 100 
2400 287 78 78 152 152 193 193 
2400 288 170 170 196 196 
2400 289 5 
2400 290 62 62 86 86 
2400 291 44 44 77 77 
2400 292 260 260 
2400 293 3 137 137 163 163 
2400 294 65 65 88 88 
2400 295 56 56 
2400 296 232 232 
2400 297 20 20 221 221 
2400 298 46 46 68 68 94 94 209 209 
2400 299 
3000 0 16 
3000 1 2 2 3 5 6 8 9 11 13 14 15 17 
3000 2 1 1 3 5 6 8 9 11 12 13 14 15 17 
3000 3 1 2 5 5 6 6 8 8 9 9 10 10 11 11 12 12 13 13 14 14 15 15 17 17 137 213 293 
3000 4 7 7 10 10 110 134 148 186 
3000 5 1 2 3 3 9 9 10 10 11 11 12 12 13 13 14 14 15 15 151 289 
3000 6 1 2 3 3 8 8 9 9 
3000 7 4 4 100 176 
3000 8 1 2 3 3 6 6 9 9 
3000 9 1 2 3 3 5 5 6 6 8 8 11 11 13 13 14 14 15 15 242 
3000 10 3 3 4 4 5 5 15 15 
3000 11 1 2 3 3 5 5 9 9 12 12 13 13 14 14 15 15 17 17 75 208 
3000 12 2 3 3 5 5 11 11 13 13 14 14 15 15 17 17 
3000 13 1 2 3 3 5 5 9 9 11 11 12 12 14 14 15 15 17 17 180 
3000 14 1 2 3 3 5 5 9 9 11 11 12 12 13 13 15 15 17 17 249 
3000 15 1 2 3 3 5 5 9 9 10 10 11 11 12 12 13 13 14 14 17 17 75 
3000 16 0 
3000 17 1 2 3 3 11 11 12 12 13 13 14 14 15 15 26 68 165 209 240 253 254 278 
3000 18 48 48 
3000 19 222 222 238 238 
3000 20 24 24 63 63 64 64 272 272 
3000 21 113 113 175 175 274 274 
3000 22 
3000 23 
3000 24 20 20 64 64 229 229 272 272 
3000 25 85 85 247 247 
3000 26 17 68 68 209 209 253 253 278 278 298 298 
3000 27 30 30 48 48 
3000 28 34 34 181 181 
3000 29 72 72 100 100 107 107 286 286 
3000 30 27 27 131 131 
3000 31 119 119 131 131 
3000 32 
3000 33 53 53 
3000 34 28 28 123 123 172 172 
3000 35 74 74 
3000 36 223 223 
3000 37 291 291 
3000 38 91 91 129 129 162 162 198 198 
3000 39 76 76 149 149 274 274 283 283 
3000 40 
3000 41 
3000 42 195 195 252 252 
3000 43 173 173 
3000 44 77 77 230 230 
3000 45 102 102 142 142 263 263 
3000 46 70 70 71 71 94 94 99 99 144 144 158 158 258 258 298 298 
3000 47 297 297 
3000 48 18 18 27 27 
3000 49 83 83 
3000 50 57 57 
3000 51 
3000 52 63 63 73 73 161 161 
3000 53 33 33 
3000 54 
3000 55 
3000 56 295 295 
3000 57 50 50 
3000 58 260 260 
3000 59 81 81 175 175 
3000 60 
3000 61 
3000 62 93 93 
3000 63 20 20 52 52 64 64 
3000 64 20 20 24 24 63 63 229 229 272 272 
3000 65 168 168 294 294 
3000 66 127 127 
3000 67 
3000 68 17 26 26 209 209 253 253 278 278 298 298 
3000 69 
3000 70 46 46 71 71 99 99 144 144 258 258 
3000 71 46 46 70 70 99 99 144 144 258 258 
3000 72 29 29 100 100 107 107 286 286 
3000 73 52 52 171 171 
3000 74 35 35 
3000 75 11 15 
3000 76 39 39 149 149 274 274 283 283 
3000 77 44 44 
3000 78 193 193 287 287 
3000 79 
3000 80 
3000 81 59 59 175 175 
3000 82 
3000 83 49 49 282 282 
3000 84 289 289 
3000 85 25 25 
3000 86 290 290 
3000 87 161 161 239 239 
3000 88 184 184 218 218 
3000 89 
3000 90 
3000 91 38 38 162 162 288 288 
3000 92 222 222 291 291 
3000 93 62 62 
3000 94 46 46 298 298 
3000 95 
3000 96 127 127 
3000 97 
3000 98 
3000 99 46 46 70 70 71 71 144 144 258 258 
3000 100 7 29 29 72 72 107 107 176 176 286 286 
3000 101 
3000 102 45 45 
3000 103 268 268 275 275 
3000 104 
3000 105 204 204 
3000 106 235 235 297 297 
3000 107 29 29 72 72 100 100 286 286 
3000 108 163 163 235 235 
3000 109 
3000 110 4 148 148 186 186 
3000 111 235 235 
3000 112 179 179 
3000 113 21 21 175 175 274 274 
3000 114 138 138 206 206 
3000 115 
3000 116 266 266 
3000 117 
3000 118 
3000 119 31 31 
3000 120 
3000 121 
3000 122 233 233 
3000 123 34 34 172 172 174 174 
3000 124 
3000 125 
3000 126 
3000 127 66 66 96 96 
3000 128 217 217 
3000 129 38 38 131 131 198 198 205 205 
3000 130 222 222 291 291 
3000 131 30 30 31 31 129 129 
3000 132 
3000 133 
3000 134 4 148 148 186 186 
3000 135 224 224 
3000 136 
3000 137 3 213 213 293 293 
3000 138 114 114 207 207 241 241 
3000 139 214 214 
3000 140 
3000 141 
3000 142 45 45 263 263 
3000 143 
3000 144 46 46 70 70 71 71 99 99 158 158 258 258 
3000 145 197 197 
3000 146 
3000 147 230 230 285 285 
3000 148 4 110 110 134 134 186 186 
3000 149 39 39 76 76 274 274 
3000 150 
3000 151 5 171 171 
3000 152 201 201 287 287 
3000 153 
3000 154 
3000 155 
3000 156 204 204 207 207 241 241 
3000 157 
3000 158 46 46 144 144 
3000 159 255 255 
3000 160 203 203 
3000 161 52 52 87 87 239 239 
3000 162 38 38 91 91 198 198 267 267 
3000 163 108 108 
3000 164 227 227 
3000 165 17 178 178 240 240 254 254 278 278 
3000 166 179 179 
3000 167 
3000 168 65 65 294 294 
3000 169 268 268 279 279 
3000 170 196 196 288 288 
3000 171 73 73 151 151 
3000 172 34 34 123 123 174 174 
3000 173 43 43 215 215 283 283 
3000 174 123 123 172 172 
3000 175 21 21 59 59 81 81 113 113 
3000 176 7 100 100 
3000 177 
3000 178 165 165 240 240 254 254 
3000 179 112 112 166 166 
3000 180 13 210 210 
3000 181 28 28 
3000 182 
3000 183 
3000 184 88 88 218 218 
3000 185 193 193 
3000 186 4 110 110 134 134 148 148 
3000 187 220 220 237 237 
3000 188 
3000 189 
3000 190 
3000 191 
3000 192 
3000 193 78 78 185 185 287 287 
3000 194 
3000 195 42 42 252 252 
3000 196 170 170 288 288 
3000 197 145 145 
3000 198 38 38 129 129 162 162 
3000 199 215 215 236 236 283 283 
3000 200 
3000 201 152 152 287 287 
3000 202 212 212 256 256 
3000 203 160 160 
3000 204 105 105 156 156 
3000 205 129 129 
3000 206 114 114 
3000 207 138 138 156 156 241 241 
3000 208 11 
3000 209 17 26 26 68 68 253 253 298 298 
3000 210 180 180 
3000 211 220 220 
3000 212 202 202 256 256 
3000 213 3 137 137 293 293 
3000 214 139 139 
3000 215 173 173 199 199 283 283 
3000 216 281 281 
3000 217 128 128 
3000 218 88 88 184 184 
3000 219 
3000 220 187 187 211 211 
3000 221 
3000 222 19 19 92 92 130 130 238 238 291 291 296 296 
3000 223 36 36 
3000 224 135 135 
3000 225 
3000 226 
3000 227 164 164 
3000 228 243 243 
3000 229 24 24 64 64 
3000 230 44 44 147 147 285 285 
3000 231 
3000 232 296 296 
3000 233 122 122 276 276 
3000 234 
3000 235 106 106 108 108 111 111 
3000 236 199 199 
3000 237 187 187 
3000 238 19 19 222 222 277 277 
3000 239 87 87 161 161 
3000 240 17 165 165 178 178 254 254 278 278 
3000 241 138 138 156 156 207 207 
3000 242 9 
3000 243 228 228 
3000 244 
3000 245 
3000 246 
3000 247 25 25 
3000 248 
3000 249 14 259 259 
3000 250 
3000 251 
3000 252 42 42 195 195 
3000 253 17 26 26 68 68 209 209 278 278 298 298 
3000 254 17 165 165 178 178 240 240 278 278 
3000 255 159 159 
3000 256 202 202 212 212 
3000 257 
3000 258 46 46 70 70 71 71 99 99 144 144 
3000 259 249 249 
3000 260 58 58 
3000 261 
3000 262 
3000 263 45 45 142 142 
3000 264 273 273 
3000 265 
3000 266 116 116 
3000 267 162 162 
3000 268 103 103 169 169 279 279 
3000 269 
3000 270 
3000 271 275 275 
3000 272 20 20 24 24 64 64 
3000 273 264 264 
3000 274 21 21 39 39 76 76 113 113 149 149 
3000 275 103 103 271 271 
3000 276 233 233 
3000 277 238 238 
3000 278 17 26 26 68 68 165 165 240 240 253 253 254 254 
3000 279 169 169 268 268 
3000 280 
3000 281 216 216 
3000 282 83 83 284 284 
3000 283 39 39 76 76 173 173 199 199 215 215 
3000 284 282 282 
3000 285 147 147 230 230 
3000 286 29 29 72 72 100 100 107 107 
3000 287 78 78 152 152 193 193 201 201 
3000 288 91 91 170 170 196 196 
3000 289 5 84 84 
3000 290 86 86 
3000 291 37 37 92 92 130 130 222 222 
3000 292 
3000 293 3 137 137 213 213 
3000 294 65 65 168 168 
3000 295 56 56 
3000 296 222 222 232 232 
3000 297 47 47 106 106 
3000 298 26 26 46 46 68 68 94 94 209 209 253 253 
3000 299 
3600 0 16 
3600 1 2 2 3 5 6 8 9 11 13 14 15 17 
3600 2 1 1 3 5 6 8 9 11 12 13 14 15 17 
3600 3 1 2 5 5 6 6 8 8 9 9 10 10 11 11 12 12 13 13 14 14 15 15 17 17 73 137 157 213 293 
3600 4 7 7 10 10 110 134 148 186 
3600 5 1 2 3 3 9 9 10 10 11 11 12 12 13 13 14 14 15 15 85 111 
3600 6 1 2 3 3 8 8 9 9 
3600 7 4 4 100 176 286 
3600 8 1 2 3 3 6 6 9 9 
3600 9 1 2 3 3 5 5 6 6 8 8 11 11 13 13 14 14 15 15 242 
3600 10 3 3 4 4 5 5 15 15 189 
3600 11 1 2 3 3 5 5 9 9 12 12 13 13 14 14 15 15 17 17 75 208 
3600 12 2 3 3 5 5 11 11 13 13 14 14 15 15 17 17 
3600 13 1 2 3 3 5 5 9 9 11 11 12 12 14 14 15 15 17 17 180 
3600 14 1 2 3 3 5 5 9 9 11 11 12 12 13 13 15 15 17 17 249 
3600 15 1 2 3 3 5 5 9 9 10 10 11 11 12 12 13 13 14 14 17 17 75 
3600 16 0 
3600 17 1 2 3 3 11 11 12 12 13 13 14 14 15 15 26 68 165 181 209 240 253 254 278 
3600 18 56 56 119 119 170 170 
3600 19 222 222 
3600 20 
3600 21 113 113 175 175 274 274 
3600 22 99 99 158 158 
3600 23 27 27 
3600 24 45 45 
3600 25 85 85 111 111 247 247 
3600 26 17 68 68 181 181 209 209 253 253 278 278 
3600 27 23 23 103 103 
3600 28 34 34 237 237 
3600 29 72 72 100 100 107 107 
3600 30 131 131 
3600 31 
3600 32 
3600 33 53 53 
3600 34 28 28 123 123 172 172 
3600 35 183 183 245 245 
3600 36 
3600 37 291 291 
3600 38 91 91 129 129 162 162 198 198 
3600 39 76 76 149 149 274 274 283 283 
3600 40 
3600 41 
3600 42 195 195 252 252 
3600 43 167 167 
3600 44 77 77 230 230 
3600 45 24 24 47 47 102 102 142 142 263 263 
3600 46 57 57 70 70 71 71 94 94 144 144 250 250 258 258 298 298 
3600 47 45 45 142 142 229 229 263 263 
3600 48 212 212 
3600 49 83 83 
3600 50 126 126 294 294 
3600 51 
3600 52 63 63 161 161 
3600 53 33 33 
3600 54 
3600 55 
3600 56 18 18 119 119 
3600 57 46 46 250 250 298 298 
3600 58 
3600 59 175 175 
3600 60 
3600 61 
3600 62 169 169 279 279 
3600 63 52 52 64 64 
3600 64 63 63 229 229 
3600 65 
3600 66 127 127 
3600 67 
3600 68 17 26 26 209 209 253 253 278 278 
3600 69 
3600 70 46 46 71 71 144 144 250 250 258 258 
3600 71 46 46 70 70 144 144 250 250 258 258 
3600 72 29 29 100 100 107 107 
3600 73 3 125 125 137 137 157 157 213 213 293 293 
3600 74 
3600 75 11 15 
3600 76 39 39 149 149 274 274 283 283 
3600 77 44 44 
3600 78 193 193 287 287 
3600 79 
3600 80 
3600 81 129 129 173 173 
3600 82 
3600 83 49 49 282 282 
3600 84 135 135 289 289 
3600 85 5 25 25 111 111 
3600 86 290 290 
3600 87 161 161 171 171 239 239 
3600 88 116 116 184 184 218 218 
3600 89 
3600 90 
3600 91 38 38 162 162 288 288 
3600 92 222 222 291 291 
3600 93 
3600 94 46 46 298 298 
3600 95 179 179 
3600 96 127 127 
3600 97 
3600 98 
3600 99 22 22 158 158 
3600 100 7 29 29 72 72 107 107 176 176 
3600 101 
3600 102 45 45 
3600 103 27 27 275 275 
3600 104 
3600 105 
3600 106 163 163 
3600 107 29 29 72 72 100 100 
3600 108 163 163 235 235 272 272 
3600 109 
3600 110 4 148 148 186 186 
3600 111 5 25 25 85 85 247 247 
3600 112 179 179 
3600 113 21 21 175 175 274 274 
3600 114 138 138 206 206 
3600 115 166 166 
3600 116 88 88 184 184 218 218 
3600 117 
3600 118 194 194 261 261 
3600 119 18 18 56 56 
3600 120 
3600 121 
3600 122 
3600 123 34 34 172 172 174 174 
3600 124 
3600 125 73 73 137 137 293 293 
3600 126 50 50 294 294 
3600 127 66 66 96 96 
3600 128 217 217 
3600 129 38 38 81 81 131 131 198 198 205 205 
3600 130 222 222 291 291 
3600 131 30 30 129 129 
3600 132 
3600 133 237 237 
3600 134 4 148 148 186 186 
3600 135 84 84 171 171 
3600 136 
3600 137 3 73 73 125 125 213 213 293 293 
3600 138 114 114 207 207 241 241 
3600 139 214 214 
3600 140 
3600 141 
3600 142 45 45 47 47 263 263 
3600 143 
3600 144 46 46 70 70 71 71 250 250 258 258 298 298 
3600 145 197 197 
3600 146 
3600 147 230 230 285 285 
3600 148 4 110 110 134 134 186 186 
3600 149 39 39 76 76 274 274 
3600 150 
3600 151 
3600 152 201 201 287 287 
3600 153 
3600 154 286 286 
3600 155 
3600 156 204 204 207 207 241 241 
3600 157 3 73 73 213 213 293 293 
3600 158 22 22 99 99 
3600 159 255 255 
3600 160 203 203 
3600 161 52 52 87 87 171 171 239 239 
3600 162 38 38 91 91 198 198 267 267 
3600 163 106 106 108 108 272 272 
3600 164 216 216 227 227 
3600 165 17 178 178 240 240 254 254 278 278 
3600 166 115 115 190 190 
3600 167 43 43 
3600 168 172 172 265 265 
3600 169 62 62 279 279 
3600 170 18 18 196 196 288 288 
3600 171 87 87 135 135 161 161 
3600 172 34 34 123 123 168 168 174 174 265 265 
3600 173 81 81 
3600 174 123 123 172 172 
3600 175 21 21 59 59 113 113 
3600 176 7 100 100 286 286 
3600 177 
3600 178 165 165 238 238 240 240 254 254 
3600 179 95 95 112 112 
3600 180 13 210 210 
3600 181 17 26 26 219 219 278 278 
3600 182 
3600 183 35 35 245 245 276 276 
3600 184 88 88 116 116 218 218 
3600 185 193 193 
3600 186 4 110 110 134 134 148 148 
3600 187 220 220 
3600 188 
3600 189 10 
3600 190 166 166 
3600 191 
3600 192 233 233 270 270 
3600 193 78 78 185 185 287 287 
3600 194 118 118 
3600 195 42 42 252 252 
3600 196 170 170 288 288 
3600 197 145 145 
3600 198 38 38 129 129 162 162 
3600 199 215 215 236 236 283 283 
3600 200 
3600 201 152 152 287 287 
3600 202 
3600 203 160 160 
3600 204 156 156 
3600 205 129 129 
3600 206 114 114 
3600 207 138 138 156 156 241 241 
3600 208 11 
3600 209 17 26 26 68 68 253 253 
3600 210 180 180 238 238 
3600 211 220 220 
3600 212 48 48 
3600 213 3 73 73 137 137 157 157 293 293 
3600 214 139 139 
3600 215 199 199 283 283 
3600 216 164 164 227 227 
3600 217 128 128 
3600 218 88 88 116 116 184 184 
3600 219 181 181 266 266 
3600 220 187 187 211 211 
3600 221 
3600 222 19 19 92 92 130 130 291 291 296 296 
3600 223 
3600 224 
3600 225 
3600 226 
3600 227 164 164 216 216 
3600 228 243 243 
3600 229 47 47 64 64 
3600 230 44 44 147 147 285 285 
3600 231 
3600 232 296 296 
3600 233 192 192 244 244 270 270 
3600 234 
3600 235 108 108 
3600 236 199 199 
3600 237 28 28 133 133 
3600 238 178 178 210 210 
3600 239 87 87 161 161 
3600 240 17 165 165 178 178 254 254 278 278 
3600 241 138 138 156 156 207 207 
3600 242 9 
3600 243 228 228 
3600 244 233 233 
3600 245 35 35 183 183 
3600 246 
3600 247 25 25 111 111 
3600 248 
3600 249 14 259 259 
3600 250 46 46 57 57 70 70 71 71 144 144 258 258 298 298 
3600 251 
3600 252 42 42 195 195 
3600 253 17 26 26 68 68 209 209 278 278 
3600 254 17 165 165 178 178 240 240 278 278 
3600 255 159 159 
3600 256 
3600 257 
3600 258 46 46 70 70 71 71 144 144 250 250 298 298 
3600 259 249 249 
3600 260 
3600 261 118 118 
3600 262 
3600 263 45 45 47 47 142 142 
3600 264 268 268 
3600 265 168 168 172 172 
3600 266 219 219 
3600 267 162 162 
3600 268 264 264 
3600 269 
3600 270 192 192 233 233 
3600 271 273 273 275 275 
3600 272 108 108 163 163 
3600 273 271 271 
3600 274 21 21 39 39 76 76 113 113 149 149 
3600 275 103 103 271 271 
3600 276 183 183 
3600 277 
3600 278 17 26 26 68 68 165 165 181 181 240 240 253 253 254 254 
3600 279 62 62 169 169 
3600 280 
3600 281 
3600 282 83 83 284 284 
3600 283 39 39 76 76 199 199 215 215 
3600 284 282 282 
3600 285 147 147 230 230 
3600 286 7 154 154 176 176 
3600 287 78 78 152 152 193 193 201 201 
3600 288 91 91 170 170 196 196 
3600 289 84 84 
3600 290 86 86 
3600 291 37 37 92 92 130 130 222 222 
3600 292 
3600 293 3 73 73 125 125 137 137 157 157 213 213 
3600 294 50 50 126 126 
3600 295 
3600 296 222 222 232 232 
3600 297 
3600 298 46 46 57 57 94 94 144 144 250 250 258 258 
3600 299 
4200 0 16 
4200 1 2 2 3 5 9 10 11 12 14 15 
4200 2 1 1 3 5 6 8 11 12 14 15 17 
4200 3 1 2 5 5 6 6 8 8 10 10 11 11 12 12 14 14 15 15 17 17 73 137 157 213 293 
4200 4 7 7 9 9 10 10 110 134 148 186 
4200 5 1 2 3 3 9 9 10 10 11 11 12 12 13 13 14 14 15 15 111 
4200 6 2 3 3 8 8 
4200 7 4 4 100 131 176 
4200 8 2 3 3 6 6 
4200 9 1 4 4 5 5 10 10 20 241 
4200 10 1 3 3 4 4 5 5 9 9 15 15 189 
4200 11 1 2 3 3 5 5 12 12 13 13 14 14 15 15 17 17 75 158 208 
4200 12 1 2 3 3 5 5 11 11 13 13 14 14 15 15 17 17 
4200 13 5 5 11 11 12 12 14 14 15 15 17 17 
4200 14 1 2 3 3 5 5 11 11 12 12 13 13 15 15 17 17 158 249 
4200 15 1 2 3 3 5 5 10 10 11 11 12 12 13 13 14 14 17 17 75 
4200 16 0 
4200 17 2 3 3 11 11 12 12 13 13 14 14 15 15 26 68 145 181 240 254 278 
4200 18 185 185 
4200 19 222 222 
4200 20 9 
4200 21 113 113 175 175 274 274 
4200 22 99 99 
4200 23 27 27 
4200 24 
4200 25 84 84 135 135 171 171 285 285 
4200 26 17 50 50 68 68 181 181 278 278 
4200 27 23 23 103 103 
4200 28 133 133 174 174 237 237 
4200 29 72 72 100 100 107 107 
4200 30 
4200 31 83 83 
4200 32 
4200 33 156 156 
4200 34 123 123 197 197 
4200 35 151 151 
4200 36 
4200 37 291 291 
4200 38 91 91 129 129 162 162 198 198 
4200 39 76 76 149 149 199 199 274 274 283 283 
4200 40 
4200 41 
4200 42 195 195 252 252 
4200 43 167 167 286 286 
4200 44 77 77 253 253 258 258 
4200 45 86 86 290 290 
4200 46 50 50 57 57 71 71 144 144 298 298 
4200 47 142 142 
4200 48 212 212 
4200 49 
4200 50 26 26 46 46 71 71 144 144 
4200 51 
4200 52 63 63 161 161 
4200 53 117 117 
4200 54 
4200 55 244 244 
4200 56 119 119 
4200 57 46 46 155 155 298 298 
4200 58 
4200 59 139 139 141 141 173 173 214 214 
4200 60 
4200 61 
4200 62 164 164 169 169 279 279 
4200 63 52 52 64 64 
4200 64 63 63 
4200 65 
4200 66 127 127 
4200 67 183 183 245 245 
4200 68 17 26 26 145 145 278 278 
4200 69 
4200 70 77 77 147 147 
4200 71 46 46 50 50 144 144 
4200 72 29 29 100 100 107 107 
4200 73 3 125 125 137 137 157 157 213 213 293 293 
4200 74 
4200 75 11 15 
4200 76 39 39 149 149 199 199 274 274 283 283 
4200 77 44 44 70 70 
4200 78 193 193 287 287 
4200 79 
4200 80 
4200 81 129 129 292 292 
4200 82 
4200 83 31 31 204 204 
4200 84 25 25 135 135 289 289 
4200 85 137 137 285 285 
4200 86 45 45 290 290 
4200 87 229 229 284 284 
4200 88 116 116 218 218 
4200 89 
4200 90 231 231 277 277 
4200 91 38 38 162 162 288 288 
4200 92 222 222 291 291 
4200 93 
4200 94 116 116 126 126 155 155 218 218 
4200 95 179 179 263 263 
4200 96 127 127 185 185 
4200 97 
4200 98 
4200 99 22 22 
4200 100 7 29 29 72 72 107 107 176 176 
4200 101 
4200 102 275 275 
4200 103 27 27 
4200 104 
4200 105 
4200 106 163 163 
4200 107 29 29 72 72 100 100 
4200 108 163 163 235 235 272 272 
4200 109 
4200 110 4 148 148 186 186 
4200 111 5 247 247 
4200 112 179 179 
4200 113 21 21 175 175 274 274 
4200 114 206 206 271 271 
4200 115 166 166 
4200 116 88 88 94 94 218 218 
4200 117 53 53 
4200 118 194 194 261 261 
4200 119 56 56 
4200 120 
4200 121 
4200 122 
4200 123 34 34 
4200 124 
4200 125 73 73 137 137 285 285 293 293 
4200 126 94 94 294 294 
4200 127 66 66 96 96 
4200 128 217 217 
4200 129 38 38 81 81 198 198 205 205 
4200 130 222 222 291 291 
4200 131 7 176 176 
4200 132 
4200 133 28 28 174 174 237 237 
4200 134 4 148 148 186 186 
4200 135 25 25 84 84 171 171 
4200 136 
4200 137 3 73 73 85 85 125 125 213 213 285 285 293 293 
4200 138 295 295 
4200 139 59 59 173 173 214 214 
4200 140 
4200 141 59 59 173 173 
4200 142 47 47 
4200 143 
4200 144 46 46 50 50 71 71 298 298 
4200 145 17 68 68 278 278 
4200 146 
4200 147 70 70 
4200 148 4 110 110 134 134 186 186 
4200 149 39 39 76 76 199 199 274 274 
4200 150 205 205 256 256 
4200 151 35 35 
4200 152 201 201 287 287 
4200 153 
4200 154 
4200 155 57 57 94 94 
4200 156 33 33 
4200 157 3 73 73 213 213 293 293 
4200 158 11 14 208 208 
4200 159 
4200 160 203 203 
4200 161 52 52 239 239 
4200 162 38 38 91 91 198 198 255 255 267 267 
4200 163 106 106 108 108 272 272 
4200 164 62 62 169 169 279 279 
4200 165 211 211 250 250 
4200 166 115 115 190 190 
4200 167 43 43 286 286 
4200 168 172 172 265 265 
4200 169 62 62 164 164 279 279 
4200 170 196 196 288 288 
4200 171 25 25 135 135 239 239 
4200 172 168 168 265 265 
4200 173 59 59 139 139 141 141 214 214 
4200 174 28 28 133 133 237 237 
4200 175 21 21 113 113 
4200 176 7 100 100 131 131 
4200 177 
4200 178 230 230 238 238 240 240 254 254 
4200 179 95 95 112 112 
4200 180 
4200 181 17 26 26 219 219 278 278 
4200 182 
4200 183 67 67 245 245 276 276 
4200 184 209 209 219 219 266 266 
4200 185 18 18 96 96 
4200 186 4 110 110 134 134 148 148 
4200 187 220 220 
4200 188 
4200 189 10 
4200 190 166 166 
4200 191 
4200 192 270 270 
4200 193 78 78 287 287 
4200 194 118 118 
4200 195 42 42 252 252 
4200 196 170 170 288 288 
4200 197 34 34 237 237 
4200 198 38 38 129 129 162 162 
4200 199 39 39 76 76 149 149 274 274 
4200 200 
4200 201 152 152 287 287 
4200 202 
4200 203 160 160 
4200 204 83 83 
4200 205 129 129 150 150 
4200 206 114 114 271 271 
4200 207 
4200 208 11 158 158 
4200 209 184 184 266 266 277 277 
4200 210 230 230 238 238 
4200 211 165 165 220 220 
4200 212 48 48 
4200 213 3 73 73 137 137 157 157 293 293 
4200 214 59 59 139 139 173 173 
4200 215 283 283 
4200 216 227 227 
4200 217 128 128 
4200 218 88 88 94 94 116 116 
4200 219 181 181 184 184 266 266 
4200 220 187 187 211 211 
4200 221 233 233 
4200 222 19 19 92 92 130 130 291 291 296 296 
4200 223 
4200 224 
4200 225 269 269 
4200 226 
4200 227 216 216 
4200 228 243 243 
4200 229 87 87 284 284 
4200 230 178 178 210 210 238 238 240 240 254 254 
4200 231 90 90 
4200 232 296 296 
4200 233 221 221 
4200 234 
4200 235 108 108 
4200 236 
4200 237 28 28 133 133 174 174 197 197 
4200 238 178 178 210 210 230 230 
4200 239 161 161 171 171 
4200 240 17 178 178 230 230 254 254 278 278 
4200 241 9 
4200 242 
4200 243 228 228 
4200 244 55 55 
4200 245 67 67 183 183 
4200 246 
4200 247 111 111 
4200 248 
4200 249 14 253 253 259 259 
4200 250 165 165 
4200 251 
4200 252 42 42 195 195 
4200 253 44 44 249 249 258 258 
4200 254 17 178 178 230 230 240 240 278 278 
4200 255 162 162 292 292 
4200 256 150 150 
4200 257 
4200 258 44 44 253 253 
4200 259 249 249 
4200 260 
4200 261 118 118 
4200 262 
4200 263 95 95 
4200 264 268 268 
4200 265 168 168 172 172 
4200 266 184 184 209 209 219 219 277 277 
4200 267 162 162 
4200 268 264 264 
4200 269 225 225 
4200 270 192 192 
4200 271 114 114 206 206 
4200 272 108 108 163 163 
4200 273 
4200 274 21 21 39 39 76 76 113 113 149 149 199 199 
4200 275 102 102 
4200 276 183 183 
4200 277 90 90 209 209 266 266 
4200 278 17 26 26 68 68 145 145 181 181 240 240 254 254 
4200 279 62 62 164 164 169 169 
4200 280 
4200 281 
4200 282 284 284 
4200 283 39 39 76 76 215 215 
4200 284 87 87 229 229 282 282 
4200 285 25 25 85 85 125 125 137 137 
4200 286 43 43 167 167 
4200 287 78 78 152 152 193 193 201 201 
4200 288 91 91 170 170 196 196 
4200 289 84 84 
4200 290 45 45 86 86 
4200 291 37 37 92 92 130 130 222 222 
4200 292 81 81 255 255 
4200 293 3 73 73 125 125 137 137 157 157 213 213 
4200 294 126 126 
4200 295 138 138 
4200 296 222 222 232 232 
4200 297 
4200 298 46 46 57 57 144 144 
4200 299 
4800 0 16 
4800 1 2 2 3 5 9 10 12 15 17 
4800 2 1 1 3 5 8 11 12 14 15 17 
4800 3 1 2 5 5 8 8 10 10 11 11 12 12 14 14 15 15 17 17 73 137 157 213 
4800 4 6 6 7 7 9 9 10 10 110 134 148 186 
4800 5 1 2 3 3 10 10 11 11 12 12 13 13 14 14 15 15 17 17 111 
4800 6 4 4 9 9 10 10 273 
4800 7 4 4 100 131 176 
4800 8 2 3 3 11 11 14 14 
4800 9 1 4 4 6 6 10 10 83 101 142 143 241 
4800 10 1 3 3 4 4 5 5 6 6 9 9 15 15 189 
4800 11 2 3 3 5 5 8 8 14 14 15 15 17 17 
4800 12 1 2 3 3 5 5 13 13 14 14 15 15 17 17 
4800 13 5 5 12 12 14 14 15 15 17 17 
4800 14 2 3 3 5 5 8 8 11 11 12 12 13 13 15 15 17 17 230 
4800 15 1 2 3 3 5 5 10 10 11 11 12 12 13 13 14 14 17 17 67 75 
4800 16 0 
4800 17 1 2 3 3 5 5 11 11 12 12 13 13 14 14 15 15 19 92 
4800 18 202 202 
4800 19 17 222 222 
4800 20 
4800 21 113 113 127 127 154 154 175 175 274 274 
4800 22 99 99 
4800 23 53 53 117 117 
4800 24 151 151 
4800 25 84 84 135 135 171 171 285 285 
4800 26 50 50 68 68 181 181 278 278 
4800 27 
4800 28 
4800 29 72 72 100 100 107 107 
4800 30 
4800 31 61 61 
4800 32 
4800 33 170 170 196 196 288 288 
4800 34 37 37 123 123 197 197 
4800 35 272 272 
4800 36 
4800 37 34 34 197 197 265 265 
4800 38 162 162 193 193 198 198 
4800 39 76 76 129 129 154 154 199 199 212 212 215 215 274 274 283 283 
4800 40 
4800 41 
4800 42 201 201 252 252 
4800 43 54 54 167 167 286 286 
4800 44 77 77 253 253 258 258 
4800 45 86 86 204 204 290 290 
4800 46 50 50 57 57 71 71 104 104 144 144 298 298 
4800 47 
4800 48 
4800 49 
4800 50 26 26 46 46 71 71 104 104 144 144 
4800 51 
4800 52 63 63 161 161 228 228 
4800 53 23 23 117 117 
4800 54 43 43 167 167 286 286 
4800 55 244 244 
4800 56 
4800 57 46 46 155 155 298 298 
4800 58 
4800 59 139 139 141 141 173 173 214 214 
4800 60 
4800 61 31 31 
4800 62 207 207 
4800 63 52 52 64 64 
4800 64 63 63 
4800 65 
4800 66 81 81 185 185 
4800 67 15 125 125 247 247 
4800 68 26 26 145 145 278 278 
4800 69 
4800 70 77 77 
4800 71 46 46 50 50 104 104 144 144 
4800 72 29 29 100 100 107 107 
4800 73 3 137 137 157 157 213 213 
4800 74 
4800 75 15 
4800 76 39 39 154 154 199 199 212 212 215 215 274 274 283 283 
4800 77 44 44 70 70 
4800 78 
4800 79 
4800 80 
4800 81 66 66 185 185 
4800 82 102 102 
4800 83 9 143 143 
4800 84 25 25 135 135 289 289 
4800 85 137 137 285 285 
4800 86 45 45 204 204 290 290 
4800 87 229 229 284 284 
4800 88 133 133 174 174 
4800 89 
4800 90 231 231 277 277 
4800 91 216 216 227 227 287 287 
4800 92 17 222 222 291 291 
4800 93 
4800 94 116 116 126 126 155 155 218 218 
4800 95 179 179 263 263 
4800 96 
4800 97 
4800 98 
4800 99 22 22 
4800 100 7 29 29 72 72 107 107 176 176 
4800 101 9 142 142 
4800 102 82 82 
4800 103 
4800 104 46 46 50 50 71 71 144 144 298 298 
4800 105 
4800 106 160 160 293 293 
4800 107 29 29 72 72 100 100 
4800 108 235 235 293 293 
4800 109 
4800 110 4 148 148 186 186 
4800 111 5 247 247 
4800 112 179 179 
4800 113 21 21 127 127 154 154 175 175 212 212 215 215 274 274 
4800 114 206 206 271 271 
4800 115 
4800 116 94 94 218 218 
4800 117 23 23 53 53 
4800 118 194 194 261 261 
4800 119 287 287 
4800 120 149 149 
4800 121 
4800 122 
4800 123 34 34 
4800 124 267 267 
4800 125 67 67 
4800 126 94 94 294 294 
4800 127 21 21 113 113 175 175 212 212 236 236 
4800 128 217 217 
4800 129 39 39 199 199 283 283 
4800 130 222 222 291 291 
4800 131 7 176 176 
4800 132 
4800 133 88 88 174 174 
4800 134 4 148 148 186 186 
4800 135 25 25 84 84 171 171 
4800 136 
4800 137 3 73 73 85 85 213 213 285 285 
4800 138 295 295 
4800 139 59 59 173 173 214 214 
4800 140 
4800 141 59 59 173 173 
4800 142 9 101 101 241 241 
4800 143 9 83 83 
4800 144 46 46 50 50 71 71 104 104 298 298 
4800 145 68 68 278 278 
4800 146 210 210 220 220 
4800 147 180 180 
4800 148 4 110 110 134 134 186 186 
4800 149 120 120 
4800 150 205 205 256 256 
4800 151 24 24 297 297 
4800 152 
4800 153 165 165 211 211 250 250 
4800 154 21 21 39 39 76 76 113 113 199 199 212 212 215 215 274 274 
4800 155 57 57 94 94 
4800 156 
4800 157 3 73 73 213 213 
4800 158 208 208 
4800 159 
4800 160 106 106 293 293 
4800 161 52 52 239 239 
4800 162 38 38 193 193 198 198 255 255 267 267 
4800 163 
4800 164 169 169 201 201 279 279 
4800 165 153 153 211 211 250 250 
4800 166 233 233 
4800 167 43 43 54 54 286 286 
4800 168 172 172 265 265 
4800 169 164 164 279 279 
4800 170 33 33 196 196 288 288 
4800 171 25 25 135 135 239 239 
4800 172 168 168 265 265 
4800 173 59 59 139 139 141 141 214 214 
4800 174 88 88 133 133 
4800 175 21 21 113 113 127 127 
4800 176 7 100 100 131 131 
4800 177 204 204 
4800 178 238 238 240 240 254 254 
4800 179 95 95 112 112 
4800 180 147 147 220 220 280 280 
4800 181 26 26 219 219 278 278 
4800 182 
4800 183 245 245 276 276 
4800 184 209 209 219 219 266 266 
4800 185 66 66 81 81 
4800 186 4 110 110 134 134 148 148 
4800 187 
4800 188 
4800 189 10 
4800 190 
4800 191 
4800 192 270 270 
4800 193 38 38 162 162 198 198 255 255 267 267 
4800 194 118 118 
4800 195 225 225 273 273 
4800 196 33 33 170 170 288 288 
4800 197 34 34 37 37 
4800 198 38 38 162 162 193 193 
4800 199 39 39 76 76 129 129 154 154 215 215 274 274 
4800 200 
4800 201 42 42 164 164 
4800 202 18 18 267 267 
4800 203 
4800 204 45 45 86 86 177 177 290 290 
4800 205 150 150 
4800 206 114 114 271 271 
4800 207 62 62 
4800 208 158 158 
4800 209 184 184 266 266 277 277 
4800 210 146 146 238 238 
4800 211 153 153 165 165 
4800 212 39 39 76 76 113 113 127 127 154 154 215 215 236 236 274 274 283 283 
4800 213 3 73 73 137 137 157 157 
4800 214 59 59 139 139 173 173 
4800 215 39 39 76 76 113 113 154 154 199 199 212 212 274 274 
4800 216 91 91 227 227 287 287 
4800 217 128 128 
4800 218 94 94 116 116 
4800 219 181 181 184 184 266 266 
4800 220 146 146 180 180 280 280 
4800 221 233 233 
4800 222 19 19 92 92 130 130 291 291 296 296 
4800 223 
4800 224 230 230 
4800 225 195 195 
4800 226 
4800 227 91 91 216 216 287 287 
4800 228 52 52 229 229 
4800 229 87 87 228 228 284 284 
4800 230 14 224 224 
4800 231 90 90 
4800 232 296 296 
4800 233 166 166 221 221 
4800 234 249 249 253 253 259 259 
4800 235 108 108 
4800 236 127 127 212 212 
4800 237 
4800 238 178 178 210 210 
4800 239 161 161 171 171 
4800 240 178 178 254 254 278 278 
4800 241 9 142 142 
4800 242 
4800 243 
4800 244 55 55 
4800 245 183 183 
4800 246 
4800 247 67 67 111 111 
4800 248 
4800 249 234 234 253 253 259 259 
4800 250 153 153 165 165 
4800 251 
4800 252 42 42 
4800 253 44 44 234 234 249 249 258 258 
4800 254 178 178 240 240 278 278 
4800 255 162 162 193 193 292 292 
4800 256 150 150 
4800 257 
4800 258 44 44 253 253 
4800 259 234 234 249 249 
4800 260 
4800 261 118 118 
4800 262 
4800 263 95 95 
4800 264 268 268 
4800 265 37 37 168 168 172 172 
4800 266 184 184 209 209 219 219 277 277 
4800 267 124 124 162 162 193 193 202 202 
4800 268 264 264 
4800 269 275 275 
4800 270 192 192 
4800 271 114 114 206 206 
4800 272 35 35 
4800 273 6 195 195 
4800 274 21 21 39 39 76 76 113 113 154 154 199 199 212 212 215 215 
4800 275 269 269 
4800 276 183 183 
4800 277 90 90 209 209 266 266 
4800 278 26 26 68 68 145 145 181 181 240 240 254 254 
4800 279 164 164 169 169 
4800 280 180 180 220 220 
4800 281 
4800 282 284 284 
4800 283 39 39 76 76 129 129 212 212 
4800 284 87 87 229 229 282 282 
4800 285 25 25 85 85 137 137 
4800 286 43 43 54 54 167 167 
4800 287 91 91 119 119 216 216 227 227 
4800 288 33 33 170 170 196 196 
4800 289 84 84 
4800 290 45 45 86 86 204 204 
4800 291 92 92 130 130 222 222 
4800 292 255 255 
4800 293 106 106 108 108 160 160 
4800 294 126 126 
4800 295 138 138 
4800 296 222 222 232 232 
4800 297 151 151 
4800 298 46 46 57 57 104 104 144 144 
4800 299 
5400 0 16 
5400 1 2 2 3 5 11 14 15 
5400 2 1 1 3 5 11 12 14 15 17 
5400 3 1 2 5 5 10 10 11 11 12 12 14 14 15 15 17 17 137 157 213 
5400 4 6 6 8 8 9 9 10 10 110 134 186 
5400 5 1 2 3 3 10 10 11 11 12 12 13 13 14 14 15 15 17 17 111 
5400 6 4 4 8 8 9 9 10 10 273 
5400 7 100 173 
5400 8 4 4 6 6 9 9 10 10 93 
5400 9 4 4 6 6 8 8 10 10 83 142 143 241 
5400 10 3 3 4 4 5 5 6 6 8 8 9 9 14 14 15 15 49 189 
5400 11 1 2 3 3 5 5 14 14 15 15 17 17 
5400 12 2 3 3 5 5 13 13 14 14 15 15 17 17 67 
5400 13 5 5 12 12 14 14 15 15 17 17 
5400 14 1 2 3 3 5 5 10 10 11 11 12 12 13 13 15 15 17 17 55 75 247 249 
5400 15 1 2 3 3 5 5 10 10 11 11 12 12 13 13 14 14 17 17 55 75 249 
5400 16 0 
5400 17 2 3 3 5 5 11 11 12 12 13 13 14 14 15 15 19 92 145 
5400 18 202 202 
5400 19 17 222 222 
5400 20 52 52 63 63 228 228 
5400 21 29 29 43 43 150 150 167 167 256 256 286 286 
5400 22 99 99 
5400 23 53 53 117 117 
5400 24 151 151 
5400 25 
5400 26 68 68 155 155 181 181 278 278 
5400 27 
5400 28 
5400 29 21 21 43 43 150 150 167 167 286 286 
5400 30 256 256 
5400 31 61 61 
5400 32 
5400 33 196 196 288 288 
5400 34 37 37 123 123 197 197 
5400 35 47 47 272 272 
5400 36 82 82 102 102 
5400 37 34 34 123 123 
5400 38 162 162 193 193 198 198 
5400 39 76 76 107 107 129 129 154 154 199 199 212 212 215 215 283 283 
5400 40 
5400 41 
5400 42 216 216 227 227 
5400 43 21 21 29 29 54 54 150 150 167 167 286 286 
5400 44 77 77 253 253 258 258 
5400 45 86 86 204 204 290 290 
5400 46 57 57 104 104 144 144 266 266 298 298 
5400 47 35 35 272 272 
5400 48 
5400 49 10 
5400 50 88 88 147 147 174 174 197 197 294 294 
5400 51 
5400 52 20 20 63 63 161 161 228 228 
5400 53 23 23 117 117 
5400 54 43 43 167 167 286 286 
5400 55 14 15 125 125 
5400 56 148 148 
5400 57 46 46 266 266 298 298 
5400 58 
5400 59 139 139 214 214 274 274 
5400 60 
5400 61 31 31 
5400 62 
5400 63 20 20 52 52 64 64 
5400 64 63 63 
5400 65 
5400 66 185 185 
5400 67 12 
5400 68 26 26 278 278 
5400 69 
5400 70 77 77 293 293 
5400 71 232 232 293 293 
5400 72 100 100 173 173 
5400 73 106 106 128 128 160 160 217 217 
5400 74 203 203 
5400 75 14 15 249 249 
5400 76 39 39 107 107 154 154 199 199 212 212 215 215 283 283 
5400 77 44 44 70 70 130 130 293 293 
5400 78 
5400 79 
5400 80 
5400 81 255 255 292 292 
5400 82 36 36 102 102 
5400 83 9 143 143 
5400 84 135 135 289 289 
5400 85 137 137 285 285 
5400 86 45 45 204 204 290 290 
5400 87 229 229 284 284 
5400 88 50 50 133 133 147 147 174 174 250 250 294 294 
5400 89 
5400 90 168 168 231 231 277 277 
5400 91 216 216 227 227 
5400 92 17 222 222 291 291 
5400 93 8 
5400 94 116 116 126 126 218 218 
5400 95 179 179 263 263 
5400 96 109 109 199 199 205 205 
5400 97 
5400 98 
5400 99 22 22 168 168 
5400 100 7 72 72 173 173 176 176 
5400 101 
5400 102 36 36 82 82 
5400 103 170 170 
5400 104 46 46 144 144 155 155 266 266 298 298 
5400 105 
5400 106 73 73 160 160 217 217 
5400 107 39 39 76 76 113 113 154 154 199 199 212 212 215 215 
5400 108 235 235 
5400 109 96 96 129 129 205 205 
5400 110 4 186 186 
5400 111 5 247 247 
5400 112 179 179 
5400 113 107 107 127 127 154 154 175 175 212 212 215 215 
5400 114 206 206 271 271 
5400 115 233 233 
5400 116 94 94 218 218 
5400 117 23 23 53 53 287 287 
5400 118 194 194 261 261 
5400 119 
5400 120 149 149 
5400 121 
5400 122 
5400 123 34 34 37 37 
5400 124 
5400 125 55 55 221 221 
5400 126 94 94 
5400 127 113 113 175 175 212 212 236 236 
5400 128 73 73 
5400 129 39 39 109 109 199 199 283 283 
5400 130 77 77 253 253 
5400 131 176 176 
5400 132 
5400 133 88 88 147 147 174 174 250 250 294 294 
5400 134 4 186 186 
5400 135 84 84 171 171 
5400 136 
5400 137 3 85 85 213 213 285 285 
5400 138 295 295 
5400 139 59 59 214 214 274 274 
5400 140 
5400 141 
5400 142 9 241 241 
5400 143 9 83 83 
5400 144 46 46 104 104 155 155 266 266 298 298 
5400 145 17 
5400 146 210 210 220 220 
5400 147 50 50 88 88 133 133 174 174 250 250 294 294 
5400 148 56 56 288 288 
5400 149 120 120 
5400 150 21 21 29 29 43 43 256 256 286 286 
5400 151 24 24 297 297 
5400 152 169 169 
5400 153 165 165 211 211 
5400 154 39 39 76 76 107 107 113 113 199 199 212 212 215 215 
5400 155 26 26 104 104 144 144 
5400 156 
5400 157 3 213 213 
5400 158 
5400 159 
5400 160 73 73 106 106 217 217 
5400 161 52 52 239 239 
5400 162 38 38 193 193 198 198 255 255 
5400 163 
5400 164 201 201 
5400 165 153 153 211 211 
5400 166 233 233 
5400 167 21 21 29 29 43 43 54 54 286 286 
5400 168 90 90 99 99 231 231 
5400 169 152 152 
5400 170 103 103 
5400 171 135 135 239 239 
5400 172 265 265 
5400 173 7 72 72 100 100 
5400 174 50 50 88 88 133 133 147 147 250 250 294 294 
5400 175 113 113 127 127 
5400 176 100 100 131 131 
5400 177 204 204 279 279 
5400 178 238 238 240 240 254 254 
5400 179 95 95 112 112 
5400 180 220 220 280 280 
5400 181 26 26 219 219 278 278 
5400 182 
5400 183 245 245 276 276 
5400 184 209 209 219 219 
5400 185 66 66 
5400 186 4 110 110 134 134 
5400 187 
5400 188 
5400 189 10 
5400 190 
5400 191 
5400 192 270 270 
5400 193 38 38 162 162 198 198 255 255 
5400 194 118 118 299 299 
5400 195 225 225 273 273 
5400 196 33 33 288 288 
5400 197 34 34 50 50 266 266 294 294 
5400 198 38 38 162 162 193 193 
5400 199 39 39 76 76 96 96 107 107 129 129 154 154 215 215 
5400 200 
5400 201 164 164 
5400 202 18 18 
5400 203 74 74 
5400 204 45 45 86 86 177 177 290 290 
5400 205 96 96 109 109 
5400 206 114 114 271 271 
5400 207 
5400 208 
5400 209 184 184 277 277 
5400 210 146 146 238 238 
5400 211 153 153 165 165 
5400 212 39 39 76 76 107 107 113 113 127 127 154 154 215 215 236 236 283 283 
5400 213 3 137 137 157 157 
5400 214 59 59 139 139 274 274 
5400 215 39 39 76 76 107 107 113 113 154 154 199 199 212 212 
5400 216 42 42 91 91 227 227 
5400 217 73 73 106 106 160 160 
5400 218 94 94 116 116 
5400 219 181 181 184 184 
5400 220 146 146 180 180 280 280 
5400 221 125 125 289 289 
5400 222 19 19 92 92 291 291 296 296 
5400 223 
5400 224 230 230 
5400 225 195 195 
5400 226 
5400 227 42 42 91 91 216 216 
5400 228 20 20 52 52 229 229 
5400 229 87 87 228 228 284 284 
5400 230 224 224 
5400 231 90 90 168 168 
5400 232 71 71 293 293 296 296 
5400 233 115 115 166 166 
5400 234 253 253 
5400 235 108 108 
5400 236 127 127 212 212 
5400 237 
5400 238 178 178 210 210 
5400 239 161 161 171 171 
5400 240 178 178 254 254 278 278 
5400 241 9 142 142 
5400 242 
5400 243 
5400 244 
5400 245 183 183 
5400 246 
5400 247 14 111 111 249 249 
5400 248 267 267 
5400 249 14 15 75 75 247 247 
5400 250 88 88 133 133 147 147 174 174 
5400 251 
5400 252 
5400 253 44 44 130 130 234 234 258 258 
5400 254 178 178 240 240 278 278 
5400 255 81 81 162 162 193 193 292 292 
5400 256 21 21 30 30 150 150 
5400 257 
5400 258 44 44 253 253 
5400 259 
5400 260 
5400 261 118 118 
5400 262 
5400 263 95 95 
5400 264 268 268 
5400 265 172 172 
5400 266 46 46 57 57 104 104 144 144 197 197 298 298 
5400 267 248 248 
5400 268 264 264 
5400 269 
5400 270 192 192 
5400 271 114 114 206 206 
5400 272 35 35 47 47 
5400 273 6 195 195 
5400 274 59 59 139 139 214 214 
5400 275 
5400 276 183 183 
5400 277 90 90 209 209 
5400 278 26 26 68 68 181 181 240 240 254 254 
5400 279 177 177 
5400 280 180 180 220 220 
5400 281 
5400 282 284 284 
5400 283 39 39 76 76 129 129 212 212 
5400 284 87 87 229 229 282 282 
5400 285 85 85 137 137 
5400 286 21 21 29 29 43 43 54 54 150 150 167 167 
5400 287 117 117 
5400 288 33 33 148 148 196 196 
5400 289 84 84 221 221 
5400 290 45 45 86 86 204 204 
5400 291 92 92 222 222 
5400 292 81 81 255 255 
5400 293 70 70 71 71 77 77 232 232 
5400 294 50 50 88 88 133 133 147 147 174 174 197 197 
5400 295 138 138 
5400 296 222 222 232 232 
5400 297 151 151 
5400 298 46 46 57 57 104 104 144 144 266 266 
5400 299 194 194 
6000 0 16 
6000 1 2 2 3 5 11 14 15 
6000 2 1 1 3 5 11 12 14 15 
6000 3 1 2 5 5 11 11 12 12 14 14 15 15 137 157 213 
6000 4 6 6 8 8 9 9 10 10 
6000 5 1 2 3 3 11 11 12 12 13 13 14 14 15 15 111 217 228 
6000 6 4 4 8 8 9 9 10 10 273 
6000 7 100 173 
6000 8 4 4 6 6 9 9 10 10 45 93 
6000 9 4 4 6 6 8 8 10 10 45 83 142 143 196 241 
6000 10 4 4 6 6 8 8 9 9 83 143 
6000 11 1 2 3 3 5 5 14 14 15 15 
6000 12 2 3 3 5 5 13 13 14 14 15 15 67 
6000 13 5 5 12 12 14 14 15 15 17 17 184 
6000 14 1 2 3 3 5 5 11 11 12 12 13 13 15 15 55 75 115 263 
6000 15 1 2 3 3 5 5 11 11 12 12 13 13 14 14 55 75 263 
6000 16 0 
6000 17 13 13 28 165 
6000 18 56 56 202 202 
6000 19 22 22 
6000 20 52 52 63 63 136 136 
6000 21 29 29 43 43 167 167 256 256 286 286 
6000 22 19 19 99 99 
6000 23 117 117 
6000 24 177 177 
6000 25 
6000 26 68 68 155 155 181 181 
6000 27 
6000 28 17 153 153 165 165 
6000 29 21 21 43 43 98 98 167 167 286 286 
6000 30 256 256 
6000 31 61 61 
6000 32 
6000 33 107 107 288 288 
6000 34 37 37 153 153 165 165 197 197 
6000 35 47 47 272 272 
6000 36 82 82 102 102 
6000 37 34 34 153 153 
6000 38 162 162 193 193 299 299 
6000 39 76 76 129 129 154 154 199 199 283 283 
6000 40 
6000 41 
6000 42 66 66 194 194 
6000 43 21 21 29 29 54 54 98 98 167 167 286 286 
6000 44 77 77 221 221 258 258 
6000 45 8 9 142 142 
6000 46 57 57 104 104 144 144 266 266 278 278 280 280 298 298 
6000 47 35 35 243 243 272 272 
6000 48 
6000 49 
6000 50 88 88 147 147 165 165 174 174 197 197 250 250 294 294 
6000 51 
6000 52 20 20 63 63 136 136 161 161 
6000 53 
6000 54 43 43 167 167 286 286 
6000 55 14 15 125 125 
6000 56 18 18 202 202 
6000 57 46 46 266 266 278 278 280 280 298 298 
6000 58 
6000 59 139 139 214 214 274 274 
6000 60 76 76 113 113 127 127 154 154 236 236 
6000 61 31 31 
6000 62 
6000 63 20 20 52 52 64 64 136 136 
6000 64 63 63 
6000 65 181 181 219 219 
6000 66 42 42 185 185 
6000 67 12 
6000 68 26 26 
6000 69 
6000 70 77 77 
6000 71 178 178 232 232 
6000 72 100 100 131 131 176 176 
6000 73 106 106 128 128 160 160 
6000 74 203 203 
6000 75 14 15 263 263 
6000 76 39 39 60 60 98 98 154 154 199 199 283 283 
6000 77 44 44 70 70 130 130 
6000 78 
6000 79 150 150 
6000 80 
6000 81 215 215 255 255 292 292 
6000 82 36 36 102 102 297 297 
6000 83 9 10 143 143 196 196 
6000 84 135 135 229 229 
6000 85 137 137 249 249 285 285 
6000 86 204 204 290 290 
6000 87 284 284 
6000 88 50 50 133 133 147 147 174 174 250 250 294 294 
6000 89 
6000 90 168 168 188 188 231 231 265 265 277 277 
6000 91 227 227 
6000 92 222 222 291 291 293 293 
6000 93 8 
6000 94 116 116 218 218 
6000 95 179 179 
6000 96 109 109 199 199 
6000 97 
6000 98 29 29 43 43 76 76 154 154 199 199 
6000 99 22 22 168 168 
6000 100 7 72 72 173 173 176 176 
6000 101 
6000 102 36 36 82 82 297 297 
6000 103 170 170 
6000 104 46 46 144 144 155 155 266 266 278 278 280 280 298 298 
6000 105 223 223 
6000 106 73 73 160 160 239 239 
6000 107 33 33 288 288 
6000 108 235 235 
6000 109 96 96 129 129 299 299 
6000 110 273 273 
6000 111 5 151 151 217 217 
6000 112 179 179 
6000 113 60 60 127 127 154 154 175 175 
6000 114 
6000 115 14 151 151 217 217 
6000 116 94 94 218 218 
6000 117 23 23 287 287 
6000 118 299 299 
6000 119 
6000 120 149 149 
6000 121 
6000 122 
6000 123 240 240 254 254 
6000 124 
6000 125 55 55 
6000 126 
6000 127 60 60 113 113 175 175 236 236 
6000 128 73 73 
6000 129 39 39 109 109 199 199 283 283 
6000 130 77 77 
6000 131 72 72 176 176 
6000 132 
6000 133 88 88 147 147 174 174 250 250 294 294 
6000 134 281 281 
6000 135 84 84 171 171 229 229 
6000 136 20 20 52 52 63 63 161 161 
6000 137 3 85 85 213 213 249 249 285 285 
6000 138 295 295 
6000 139 59 59 214 214 274 274 
6000 140 
6000 141 
6000 142 9 45 45 196 196 241 241 
6000 143 9 10 83 83 196 196 
6000 144 46 46 104 104 155 155 266 266 280 280 298 298 
6000 145 184 184 
6000 146 210 210 
6000 147 50 50 88 88 133 133 174 174 250 250 294 294 
6000 148 288 288 
6000 149 120 120 
6000 150 79 79 159 159 
6000 151 111 111 115 115 217 217 
6000 152 169 169 
6000 153 28 28 34 34 37 37 165 165 
6000 154 39 39 60 60 76 76 98 98 113 113 199 199 
6000 155 26 26 104 104 144 144 
6000 156 
6000 157 3 213 213 
6000 158 
6000 159 150 150 
6000 160 73 73 106 106 239 239 
6000 161 52 52 136 136 
6000 162 38 38 193 193 255 255 
6000 163 
6000 164 201 201 
6000 165 17 28 28 34 34 50 50 153 153 
6000 166 233 233 
6000 167 21 21 29 29 43 43 54 54 286 286 
6000 168 90 90 99 99 231 231 
6000 169 152 152 
6000 170 103 103 
6000 171 135 135 229 229 
6000 172 
6000 173 7 100 100 
6000 174 50 50 88 88 133 133 147 147 250 250 294 294 
6000 175 113 113 127 127 
6000 176 72 72 100 100 131 131 
6000 177 24 24 
6000 178 71 71 232 232 
6000 179 95 95 112 112 
6000 180 
6000 181 26 26 65 65 219 219 
6000 182 
6000 183 245 245 253 253 276 276 
6000 184 13 145 145 
6000 185 66 66 
6000 186 264 264 268 268 
6000 187 220 220 
6000 188 90 90 231 231 265 265 277 277 
6000 189 
6000 190 
6000 191 
6000 192 270 270 
6000 193 38 38 162 162 255 255 
6000 194 42 42 
6000 195 225 225 273 273 
6000 196 9 83 83 142 142 143 143 241 241 
6000 197 34 34 50 50 266 266 280 280 294 294 
6000 198 205 205 248 248 
6000 199 39 39 76 76 96 96 98 98 129 129 154 154 
6000 200 
6000 201 164 164 
6000 202 18 18 56 56 
6000 203 74 74 
6000 204 86 86 290 290 
6000 205 198 198 248 248 267 267 
6000 206 271 271 
6000 207 
6000 208 
6000 209 265 265 277 277 
6000 210 146 146 238 238 247 247 
6000 211 
6000 212 215 215 
6000 213 3 137 137 157 157 
6000 214 59 59 139 139 274 274 
6000 215 81 81 212 212 292 292 
6000 216 
6000 217 5 111 111 115 115 151 151 
6000 218 94 94 116 116 
6000 219 65 65 181 181 
6000 220 187 187 
6000 221 44 44 258 258 
6000 222 92 92 291 291 293 293 296 296 
6000 223 105 105 
6000 224 230 230 
6000 225 195 195 
6000 226 
6000 227 91 91 
6000 228 5 272 272 
6000 229 84 84 135 135 171 171 
6000 230 224 224 
6000 231 90 90 168 168 188 188 
6000 232 71 71 178 178 296 296 
6000 233 166 166 
6000 234 
6000 235 108 108 
6000 236 60 60 127 127 
6000 237 
6000 238 210 210 247 247 
6000 239 106 106 160 160 
6000 240 123 123 254 254 
6000 241 9 142 142 196 196 
6000 242 
6000 243 47 47 
6000 244 
6000 245 183 183 253 253 
6000 246 
6000 247 210 210 238 238 
6000 248 198 198 205 205 267 267 
6000 249 85 85 137 137 285 285 
6000 250 50 50 88 88 133 133 147 147 174 174 294 294 
6000 251 
6000 252 
6000 253 183 183 245 245 276 276 
6000 254 123 123 240 240 
6000 255 81 81 162 162 193 193 292 292 
6000 256 21 21 30 30 
6000 257 
6000 258 44 44 221 221 
6000 259 
6000 260 
6000 261 
6000 262 
6000 263 14 15 75 75 
6000 264 186 186 268 268 
6000 265 90 90 188 188 209 209 277 277 
6000 266 46 46 57 57 104 104 144 144 197 197 280 280 298 298 
6000 267 205 205 248 248 
6000 268 186 186 264 264 
6000 269 
6000 270 192 192 
6000 271 206 206 
6000 272 35 35 47 47 228 228 
6000 273 6 110 110 195 195 
6000 274 59 59 139 139 214 214 
6000 275 
6000 276 183 183 253 253 
6000 277 90 90 188 188 209 209 265 265 
6000 278 46 46 57 57 104 104 280 280 298 298 
6000 279 
6000 280 46 46 57 57 104 104 144 144 197 197 266 266 278 278 298 298 
6000 281 134 134 
6000 282 284 284 
6000 283 39 39 76 76 129 129 
6000 284 87 87 282 282 
6000 285 85 85 137 137 249 249 
6000 286 21 21 29 29 43 43 54 54 167 167 
6000 287 117 117 
6000 288 33 33 107 107 148 148 
6000 289 
6000 290 86 86 204 204 
6000 291 92 92 222 222 
6000 292 81 81 215 215 255 255 
6000 293 92 92 222 222 
6000 294 50 50 88 88 133 133 147 147 174 174 197 197 250 250 
6000 295 138 138 
6000 296 222 222 232 232 
6000 297 82 82 102 102 
6000 298 46 46 57 57 104 104 144 144 266 266 278 278 280 280 
6000 299 38 38 109 109 118 118 
6600 0 16 
6600 1 2 2 3 5 11 14 15 
6600 2 1 1 3 5 11 12 14 15 
6600 3 1 2 5 5 11 11 12 12 14 14 15 15 137 157 213 
6600 4 6 6 8 8 9 9 10 10 121 
6600 5 1 2 3 3 11 11 12 12 13 13 14 14 15 15 111 217 228 
6600 6 4 4 8 8 9 9 10 10 273 
6600 7 100 173 
6600 8 4 4 6 6 9 9 10 10 45 93 
6600 9 4 4 6 6 8 8 10 10 45 83 142 143 196 241 
6600 10 4 4 6 6 8 8 9 9 83 143 170 
6600 11 1 2 3 3 5 5 14 14 15 15 
6600 12 2 3 3 5 5 13 13 14 14 67 
6600 13 5 5 12 12 14 14 17 17 184 
6600 14 1 2 3 3 5 5 11 11 12 12 13 13 15 15 75 263 
6600 15 1 2 3 3 5 5 11 11 14 14 74 203 
6600 16 0 
6600 17 13 13 34 50 88 147 165 174 
6600 18 56 56 60 60 148 148 175 175 202 202 205 205 
6600 19 22 22 
6600 20 52 52 63 63 136 136 
6600 21 29 29 43 43 167 167 286 286 
6600 22 19 19 99 99 104 104 
6600 23 117 117 
6600 24 177 177 
6600 25 221 221 234 234 258 258 
6600 26 68 68 181 181 232 232 
6600 27 
6600 28 34 34 153 153 165 165 
6600 29 21 21 43 43 98 98 167 167 286 286 
6600 30 
6600 31 61 61 
6600 32 81 81 255 255 292 292 
6600 33 185 185 216 216 
6600 34 17 28 28 165 165 
6600 35 47 47 188 188 206 206 272 272 
6600 36 82 82 102 102 
6600 37 153 153 
6600 38 260 260 
6600 39 299 299 
6600 40 44 44 55 55 70 70 77 77 130 130 
6600 41 
6600 42 66 66 
6600 43 21 21 29 29 54 54 98 98 167 167 286 286 
6600 44 40 40 55 55 77 77 221 221 258 258 
6600 45 8 9 142 142 
6600 46 57 57 123 123 144 144 266 266 
6600 47 35 35 188 188 206 206 272 272 
6600 48 216 216 
6600 49 
6600 50 17 88 88 147 147 165 165 174 174 250 250 294 294 
6600 51 
6600 52 20 20 63 63 136 136 161 161 
6600 53 131 131 
6600 54 43 43 167 167 286 286 
6600 55 40 40 44 44 70 70 77 77 130 130 258 258 
6600 56 18 18 148 148 202 202 205 205 
6600 57 46 46 266 266 
6600 58 205 205 287 287 
6600 59 139 139 214 214 274 274 
6600 60 18 18 107 107 124 124 148 148 175 175 194 194 
6600 61 31 31 
6600 62 
6600 63 20 20 52 52 64 64 136 136 
6600 64 63 63 
6600 65 181 181 219 219 232 232 278 278 
6600 66 42 42 
6600 67 12 
6600 68 26 26 
6600 69 
6600 70 40 40 55 55 77 77 
6600 71 178 178 231 231 
6600 72 100 100 173 173 176 176 215 215 
6600 73 128 128 160 160 
6600 74 15 203 203 
6600 75 14 263 263 
6600 76 98 98 154 154 199 199 283 283 
6600 77 40 40 44 44 55 55 70 70 130 130 
6600 78 134 134 281 281 
6600 79 150 150 
6600 80 
6600 81 32 32 255 255 292 292 
6600 82 36 36 102 102 
6600 83 9 10 143 143 170 170 196 196 
6600 84 135 135 229 229 
6600 85 137 137 249 249 285 285 
6600 86 204 204 290 290 
6600 87 284 284 
6600 88 17 50 50 133 133 147 147 174 174 250 250 291 291 294 294 
6600 89 
6600 90 168 168 218 218 265 265 277 277 298 298 
6600 91 186 186 227 227 
6600 92 265 265 277 277 298 298 
6600 93 8 
6600 94 116 116 
6600 95 179 179 
6600 96 109 109 199 199 
6600 97 266 266 
6600 98 29 29 43 43 76 76 154 154 199 199 
6600 99 22 22 104 104 168 168 
6600 100 7 72 72 173 173 176 176 
6600 101 201 201 243 243 
6600 102 36 36 82 82 
6600 103 138 138 
6600 104 22 22 99 99 
6600 105 
6600 106 235 235 270 270 
6600 107 60 60 288 288 
6600 108 
6600 109 96 96 129 129 
6600 110 273 273 
6600 111 5 151 151 217 217 
6600 112 179 179 
6600 113 
6600 114 
6600 115 183 183 253 253 
6600 116 94 94 
6600 117 23 23 287 287 
6600 118 185 185 
6600 119 
6600 120 149 149 
6600 121 4 260 260 
6600 122 206 206 
6600 123 46 46 
6600 124 60 60 148 148 175 175 194 194 
6600 125 
6600 126 197 197 
6600 127 236 236 
6600 128 73 73 
6600 129 109 109 199 199 283 283 
6600 130 40 40 55 55 77 77 
6600 131 53 53 
6600 132 
6600 133 88 88 147 147 174 174 250 250 291 291 294 294 
6600 134 78 78 281 281 
6600 135 84 84 171 171 229 229 
6600 136 20 20 52 52 63 63 161 161 
6600 137 3 85 85 213 213 249 249 285 285 
6600 138 103 103 
6600 139 59 59 214 214 274 274 
6600 140 
6600 141 
6600 142 9 45 45 196 196 241 241 
6600 143 9 10 83 83 170 170 196 196 
6600 144 46 46 266 266 
6600 145 184 184 
6600 146 210 210 231 231 
6600 147 17 50 50 88 88 133 133 174 174 250 250 291 291 294 294 
6600 148 18 18 56 56 60 60 124 124 175 175 202 202 
6600 149 120 120 
6600 150 79 79 159 159 
6600 151 111 111 217 217 
6600 152 169 169 
6600 153 28 28 37 37 165 165 
6600 154 76 76 98 98 199 199 
6600 155 187 187 211 211 220 220 
6600 156 
6600 157 3 213 213 
6600 158 
6600 159 150 150 
6600 160 73 73 239 239 
6600 161 52 52 136 136 
6600 162 193 193 194 194 255 255 
6600 163 
6600 164 
6600 165 17 28 28 34 34 50 50 153 153 
6600 166 233 233 
6600 167 21 21 29 29 43 43 54 54 286 286 
6600 168 90 90 99 99 218 218 
6600 169 152 152 
6600 170 10 83 83 143 143 196 196 
6600 171 135 135 229 229 
6600 172 
6600 173 7 72 72 100 100 176 176 
6600 174 17 50 50 88 88 133 133 147 147 250 250 291 291 294 294 
6600 175 18 18 60 60 124 124 148 148 202 202 
6600 176 72 72 100 100 173 173 215 215 
6600 177 24 24 
6600 178 71 71 231 231 280 280 
6600 179 95 95 112 112 
6600 180 
6600 181 26 26 65 65 219 219 232 232 278 278 
6600 182 
6600 183 115 115 253 253 276 276 
6600 184 13 145 145 
6600 185 33 33 118 118 
6600 186 91 91 227 227 256 256 
6600 187 155 155 220 220 
6600 188 35 35 47 47 206 206 
6600 189 
6600 190 
6600 191 
6600 192 270 270 
6600 193 162 162 194 194 255 255 
6600 194 60 60 124 124 162 162 193 193 288 288 
6600 195 225 225 273 273 
6600 196 9 83 83 142 142 143 143 170 170 241 241 
6600 197 126 126 
6600 198 248 248 
6600 199 76 76 96 96 98 98 129 129 154 154 
6600 200 
6600 201 101 101 243 243 
6600 202 18 18 56 56 148 148 175 175 
6600 203 15 74 74 
6600 204 86 86 290 290 
6600 205 18 18 56 56 58 58 287 287 
6600 206 35 35 47 47 122 122 188 188 
6600 207 
6600 208 
6600 209 265 265 277 277 278 278 298 298 
6600 210 146 146 238 238 247 247 
6600 211 155 155 
6600 212 
6600 213 3 137 137 157 157 
6600 214 59 59 139 139 274 274 
6600 215 72 72 176 176 
6600 216 33 33 48 48 
6600 217 5 111 111 151 151 
6600 218 90 90 168 168 298 298 
6600 219 65 65 181 181 232 232 278 278 
6600 220 155 155 187 187 
6600 221 25 25 44 44 258 258 
6600 222 293 293 
6600 223 262 262 
6600 224 230 230 296 296 
6600 225 195 195 
6600 226 
6600 227 91 91 186 186 256 256 
6600 228 5 272 272 
6600 229 84 84 135 135 171 171 
6600 230 224 224 296 296 
6600 231 71 71 146 146 178 178 280 280 
6600 232 26 26 65 65 181 181 219 219 
6600 233 166 166 
6600 234 25 25 
6600 235 106 106 
6600 236 127 127 
6600 237 
6600 238 210 210 247 247 
6600 239 160 160 
6600 240 254 254 
6600 241 9 142 142 196 196 
6600 242 
6600 243 101 101 201 201 
6600 244 245 245 
6600 245 244 244 
6600 246 
6600 247 210 210 238 238 
6600 248 198 198 267 267 
6600 249 85 85 137 137 285 285 
6600 250 50 50 88 88 133 133 147 147 174 174 291 291 294 294 
6600 251 257 257 
6600 252 
6600 253 115 115 183 183 276 276 
6600 254 240 240 
6600 255 32 32 81 81 162 162 193 193 292 292 
6600 256 186 186 227 227 
6600 257 251 251 
6600 258 25 25 44 44 55 55 221 221 
6600 259 
6600 260 38 38 121 121 
6600 261 
6600 262 223 223 
6600 263 14 75 75 
6600 264 268 268 
6600 265 90 90 92 92 209 209 277 277 298 298 
6600 266 46 46 57 57 97 97 144 144 
6600 267 248 248 
6600 268 264 264 
6600 269 
6600 270 106 106 192 192 
6600 271 
6600 272 35 35 47 47 228 228 
6600 273 6 110 110 195 195 
6600 274 59 59 139 139 214 214 
6600 275 
6600 276 183 183 253 253 
6600 277 90 90 92 92 209 209 265 265 298 298 
6600 278 65 65 181 181 209 209 219 219 
6600 279 
6600 280 178 178 231 231 
6600 281 78 78 134 134 
6600 282 284 284 
6600 283 76 76 129 129 
6600 284 87 87 282 282 
6600 285 85 85 137 137 249 249 
6600 286 21 21 29 29 43 43 54 54 167 167 
6600 287 58 58 117 117 205 205 
6600 288 107 107 194 194 299 299 
6600 289 
6600 290 86 86 204 204 
6600 291 88 88 133 133 147 147 174 174 250 250 
6600 292 32 32 81 81 255 255 
6600 293 222 222 
6600 294 50 50 88 88 133 133 147 147 174 174 250 250 
6600 295 
6600 296 224 224 230 230 
6600 297 
6600 298 90 90 92 92 209 209 218 218 265 265 277 277 
6600 299 39 39 288 288 
7200 0 
7200 1 2 2 3 5 11 14 15 
7200 2 1 1 3 5 11 12 14 15 16 17 
7200 3 1 2 5 5 8 8 9 9 12 12 14 14 106 270 
7200 4 6 6 7 7 8 8 9 9 10 10 
7200 5 1 2 3 3 11 11 12 12 13 13 14 14 15 15 111 217 228 
7200 6 4 4 7 7 8 8 9 9 10 10 273 
7200 7 4 4 6 6 10 10 53 131 154 212 236 283 
7200 8 3 3 4 4 6 6 9 9 10 10 45 93 227 
7200 9 3 3 4 4 6 6 8 8 10 10 45 83 142 143 196 227 241 
7200 10 4 4 6 6 7 7 8 8 9 9 48 61 138 
7200 11 1 2 5 5 14 14 15 15 16 16 17 17 
7200 12 2 3 3 5 5 13 13 14 14 16 16 
7200 13 5 5 12 12 14 14 16 16 17 17 184 
7200 14 1 2 3 3 5 5 11 11 12 12 13 13 15 15 16 16 17 17 75 263 
7200 15 1 2 5 5 11 11 14 14 16 16 17 17 74 203 
7200 16 2 11 11 12 12 13 13 14 14 15 15 17 17 
7200 17 2 11 11 13 13 14 14 15 15 16 16 68 181 219 
7200 18 60 60 148 148 175 175 202 202 205 205 
7200 19 22 22 
7200 20 52 52 63 63 136 136 
7200 21 29 29 42 42 43 43 58 58 167 167 215 215 286 286 
7200 22 19 19 99 99 104 104 259 259 
7200 23 117 117 
7200 24 177 177 
7200 25 44 44 135 135 221 221 234 234 258 258 
7200 26 40 40 70 70 77 77 232 232 245 245 
7200 27 79 79 
7200 28 34 34 153 153 165 165 
7200 29 21 21 42 42 43 43 58 58 98 98 167 167 215 215 286 286 
7200 30 
7200 31 48 48 61 61 
7200 32 81 81 255 255 292 292 
7200 33 185 185 216 216 
7200 34 28 28 37 37 165 165 180 180 
7200 35 47 47 188 188 206 206 272 272 285 285 
7200 36 82 82 102 102 
7200 37 34 34 50 50 88 88 147 147 174 174 180 180 250 250 291 291 
7200 38 260 260 
7200 39 299 299 
7200 40 26 26 55 55 70 70 77 77 130 130 
7200 41 
7200 42 21 21 29 29 43 43 98 98 167 167 286 286 
7200 43 21 21 29 29 42 42 54 54 58 58 98 98 167 167 286 286 
7200 44 25 25 135 135 221 221 234 234 
7200 45 8 9 142 142 227 227 
7200 46 57 57 123 123 144 144 266 266 
7200 47 35 35 188 188 206 206 272 272 285 285 
7200 48 10 31 31 61 61 
7200 49 
7200 50 37 37 88 88 147 147 165 165 174 174 250 250 294 294 
7200 51 
7200 52 20 20 63 63 136 136 161 161 
7200 53 7 131 131 154 154 212 212 246 246 
7200 54 43 43 58 58 167 167 286 286 
7200 55 40 40 70 70 77 77 130 130 258 258 
7200 56 89 89 107 107 288 288 299 299 
7200 57 46 46 266 266 
7200 58 21 21 29 29 43 43 54 54 167 167 286 286 
7200 59 141 141 
7200 60 18 18 107 107 124 124 148 148 150 150 175 175 194 194 
7200 61 10 31 31 48 48 
7200 62 
7200 63 20 20 52 52 64 64 136 136 
7200 64 63 63 
7200 65 
7200 66 
7200 67 187 187 211 211 
7200 68 17 
7200 69 
7200 70 26 26 40 40 55 55 77 77 232 232 
7200 71 178 178 
7200 72 100 100 173 173 
7200 73 128 128 160 160 
7200 74 15 203 203 
7200 75 14 263 263 
7200 76 98 98 176 176 199 199 283 283 
7200 77 26 26 40 40 55 55 70 70 130 130 
7200 78 134 134 281 281 
7200 79 27 27 
7200 80 
7200 81 32 32 255 255 292 292 
7200 82 36 36 102 102 
7200 83 9 143 143 196 196 
7200 84 229 229 
7200 85 239 239 249 249 296 296 
7200 86 204 204 290 290 
7200 87 271 271 
7200 88 37 37 50 50 133 133 147 147 174 174 250 250 291 291 294 294 
7200 89 56 56 107 107 288 288 299 299 
7200 90 168 168 218 218 265 265 277 277 298 298 
7200 91 186 186 275 275 
7200 92 240 240 265 265 277 277 298 298 
7200 93 8 
7200 94 116 116 145 145 
7200 95 179 179 
7200 96 109 109 176 176 199 199 
7200 97 266 266 
7200 98 29 29 42 42 43 43 76 76 176 176 199 199 
7200 99 22 22 104 104 168 168 259 259 
7200 100 72 72 173 173 
7200 101 182 182 192 192 270 270 
7200 102 36 36 82 82 
7200 103 138 138 
7200 104 22 22 99 99 
7200 105 
7200 106 3 213 213 235 235 270 270 
7200 107 56 56 60 60 89 89 288 288 
7200 108 
7200 109 96 96 129 129 
7200 110 273 273 
7200 111 5 151 151 217 217 
7200 112 179 179 
7200 113 
7200 114 
7200 115 166 166 183 183 253 253 
7200 116 94 94 145 145 
7200 117 23 23 287 287 
7200 118 162 162 185 185 
7200 119 170 170 
7200 120 
7200 121 
7200 122 206 206 
7200 123 46 46 
7200 124 60 60 148 148 150 150 175 175 194 194 
7200 125 192 192 
7200 126 145 145 197 197 
7200 127 236 236 
7200 128 73 73 
7200 129 109 109 199 199 283 283 
7200 130 40 40 55 55 77 77 
7200 131 7 53 53 154 154 212 212 246 246 
7200 132 
7200 133 88 88 147 147 174 174 250 250 291 291 294 294 
7200 134 78 78 281 281 
7200 135 25 25 44 44 234 234 
7200 136 20 20 52 52 63 63 161 161 
7200 137 163 163 201 201 
7200 138 10 103 103 
7200 139 214 214 274 274 
7200 140 261 261 
7200 141 59 59 
7200 142 9 45 45 196 196 241 241 
7200 143 9 83 83 196 196 
7200 144 46 46 266 266 
7200 145 94 94 116 116 126 126 
7200 146 210 210 
7200 147 37 37 50 50 88 88 133 133 174 174 250 250 291 291 294 294 
7200 148 18 18 60 60 124 124 150 150 175 175 202 202 
7200 149 162 162 193 193 194 194 
7200 150 60 60 124 124 148 148 175 175 193 193 194 194 202 202 
7200 151 111 111 217 217 
7200 152 169 169 297 297 
7200 153 28 28 155 155 165 165 
7200 154 7 53 53 131 131 212 212 236 236 
7200 155 153 153 
7200 156 
7200 157 
7200 158 
7200 159 
7200 160 73 73 
7200 161 52 52 136 136 
7200 162 118 118 149 149 185 185 
7200 163 137 137 201 201 
7200 164 
7200 165 28 28 34 34 50 50 153 153 180 180 
7200 166 115 115 253 253 
7200 167 21 21 29 29 42 42 43 43 54 54 58 58 286 286 
7200 168 90 90 99 99 218 218 
7200 169 152 152 
7200 170 119 119 186 186 275 275 
7200 171 229 229 
7200 172 
7200 173 72 72 100 100 
7200 174 37 37 50 50 88 88 133 133 147 147 250 250 291 291 294 294 
7200 175 18 18 60 60 124 124 148 148 150 150 202 202 
7200 176 76 76 96 96 98 98 199 199 
7200 177 24 24 
7200 178 71 71 280 280 
7200 179 95 95 112 112 
7200 180 34 34 37 37 165 165 
7200 181 17 219 219 278 278 
7200 182 101 101 192 192 270 270 
7200 183 115 115 253 253 276 276 
7200 184 13 
7200 185 33 33 118 118 162 162 
7200 186 91 91 170 170 256 256 275 275 
7200 187 67 67 220 220 
7200 188 35 35 47 47 206 206 285 285 
7200 189 
7200 190 245 245 
7200 191 
7200 192 101 101 125 125 182 182 270 270 
7200 193 149 149 150 150 194 194 255 255 
7200 194 60 60 124 124 149 149 150 150 193 193 288 288 
7200 195 264 264 268 268 
7200 196 9 83 83 142 142 143 143 227 227 241 241 
7200 197 126 126 
7200 198 248 248 
7200 199 76 76 96 96 98 98 129 129 176 176 
7200 200 
7200 201 137 137 163 163 
7200 202 18 18 148 148 150 150 175 175 
7200 203 15 74 74 
7200 204 86 86 290 290 
7200 205 18 18 287 287 
7200 206 35 35 47 47 122 122 188 188 285 285 
7200 207 
7200 208 240 240 
7200 209 265 265 277 277 278 278 298 298 
7200 210 146 146 238 238 247 247 
7200 211 67 67 231 231 
7200 212 7 53 53 131 131 154 154 246 246 
7200 213 106 106 235 235 285 285 
7200 214 139 139 274 274 
7200 215 21 21 29 29 
7200 216 33 33 
7200 217 5 111 111 151 151 
7200 218 90 90 168 168 298 298 
7200 219 17 181 181 278 278 
7200 220 187 187 
7200 221 25 25 44 44 258 258 
7200 222 
7200 223 262 262 
7200 224 230 230 
7200 225 
7200 226 
7200 227 8 9 45 45 196 196 
7200 228 5 272 272 
7200 229 84 84 171 171 
7200 230 224 224 
7200 231 211 211 
7200 232 26 26 70 70 245 245 
7200 233 
7200 234 25 25 44 44 135 135 
7200 235 106 106 213 213 285 285 
7200 236 7 127 127 154 154 
7200 237 
7200 238 210 210 247 247 
7200 239 85 85 276 276 296 296 
7200 240 92 92 208 208 265 265 277 277 
7200 241 9 142 142 196 196 
7200 242 
7200 243 
7200 244 
7200 245 26 26 190 190 232 232 293 293 
7200 246 53 53 131 131 212 212 
7200 247 210 210 238 238 
7200 248 198 198 267 267 
7200 249 85 85 
7200 250 37 37 50 50 88 88 133 133 147 147 174 174 291 291 294 294 
7200 251 257 257 
7200 252 
7200 253 115 115 166 166 183 183 276 276 
7200 254 
7200 255 32 32 81 81 193 193 292 292 
7200 256 186 186 275 275 
7200 257 251 251 
7200 258 25 25 55 55 221 221 
7200 259 22 22 99 99 
7200 260 38 38 
7200 261 140 140 
7200 262 223 223 
7200 263 14 75 75 
7200 264 195 195 268 268 
7200 265 90 90 92 92 209 209 240 240 277 277 298 298 
7200 266 46 46 57 57 97 97 144 144 
7200 267 248 248 
7200 268 195 195 264 264 
7200 269 
7200 270 3 101 101 106 106 182 182 192 192 
7200 271 87 87 
7200 272 35 35 47 47 228 228 
7200 273 6 110 110 
7200 274 139 139 214 214 
7200 275 91 91 170 170 186 186 256 256 
7200 276 183 183 239 239 253 253 296 296 
7200 277 90 90 92 92 209 209 240 240 265 265 298 298 
7200 278 181 181 209 209 219 219 
7200 279 
7200 280 178 178 
7200 281 78 78 134 134 
7200 282 284 284 
7200 283 7 76 76 129 129 
7200 284 282 282 
7200 285 35 35 47 47 188 188 206 206 213 213 235 235 
7200 286 21 21 29 29 42 42 43 43 54 54 58 58 167 167 
7200 287 117 117 205 205 
7200 288 56 56 89 89 107 107 194 194 299 299 
7200 289 
7200 290 86 86 204 204 
7200 291 37 37 88 88 133 133 147 147 174 174 250 250 
7200 292 32 32 81 81 255 255 
7200 293 245 245 
7200 294 50 50 88 88 133 133 147 147 174 174 250 250 
7200 295 
7200 296 85 85 239 239 276 276 
7200 297 152 152 
7200 298 90 90 92 92 209 209 218 218 265 265 277 277 
7200 299 39 39 56 56 89 89 288 288 
