0 7200
0 0 171 146 116 21 87 56 185 85 
0 1 68 197 198 39 9 179 180 24 28 
0 2 96 155 102 73 10 141 15 144 59 114 149 27 158 127 
0 3 162 173 
0 4 48 66 115 
0 5 69 140 50 19 121 57 62 
0 6 55 90 183 23 
0 7 64 36 12 45 51 181 183 100 90 
0 8 40 113 136 159 31 
0 9 1 180 
0 10 96 73 2 11 106 
0 11 120 10 122 110 
0 12 64 18 7 77 47 
0 13 122 163 167 127 
0 14 195 75 109 86 88 26 60 94 
0 15 2 124 102 62 149 
0 16 98 99 138 76 81 82 
0 17 193 198 77 47 83 117 89 30 
0 18 97 12 
0 19 74 132 5 118 
0 20 145 138 157 93 161 
0 21 0 40 172 56 185 
0 22 129 25 197 142 111 
0 23 6 190 
0 24 1 150 
0 25 73 22 102 142 
0 26 109 14 
0 27 2 139 114 149 
0 28 1 180 68 
0 29 160 196 103 42 148 52 186 
0 30 17 83 198 47 
0 31 8 40 
0 32 166 78 79 53 154 187 
0 33 168 91 126 167 
0 34 169 150 70 151 
0 35 71 41 46 182 105 92 95 
0 36 7 
0 37 160 42 52 189 103 
0 38 64 133 143 
0 39 1 
0 40 8 107 172 116 21 31 
0 41 35 71 135 110 46 182 152 
0 42 29 37 
0 43 83 156 119 
0 44 161 130 67 101 104 173 80 191 165 
0 45 194 7 
0 46 35 104 41 67 54 191 
0 47 17 170 12 30 193 
0 48 160 186 4 103 
0 49 192 129 84 125 112 
0 50 57 5 69 
0 51 181 7 
0 52 37 29 189 
0 53 32 166 79 
0 54 98 46 95 
0 55 6 
0 56 0 21 174 
0 57 96 50 5 
0 58 137 147 153 
0 59 2 114 149 
0 60 128 176 178 75 14 
0 61 65 147 164 153 
0 62 5 69 15 
0 63 112 137 151 
0 64 12 38 7 
0 65 61 
0 66 4 134 
0 67 104 44 46 
0 68 1 28 197 
0 69 50 5 62 
0 70 108 34 188 
0 71 41 35 182 
0 72 176 177 
0 73 25 2 10 114 
0 74 19 
0 75 60 14 
0 76 16 
0 77 17 12 
0 78 32 123 187 
0 79 32 53 
0 80 44 
0 81 16 
0 82 16 
0 83 17 43 30 
0 84 49 132 
0 85 0 157 93 175 
0 86 152 195 14 
0 87 0 136 116 
0 88 109 14 
0 89 17 117 
0 90 113 7 6 199 
0 91 33 
0 92 105 35 
0 93 138 20 85 157 
0 94 14 
0 95 105 35 54 182 
0 96 57 2 124 10 
0 97 18 
0 98 16 120 54 
0 99 16 
0 100 143 133 7 
0 101 104 44 
0 102 25 2 158 15 
0 103 48 29 37 
0 104 67 44 101 46 165 
0 105 152 35 92 110 95 
0 106 10 158 
0 107 40 
0 108 131 70 
0 109 88 26 14 
0 110 41 122 11 182 105 
0 111 129 22 
0 112 49 63 
0 113 8 90 171 194 
0 114 73 2 27 158 59 
0 115 4 
0 116 0 40 87 159 
0 117 17 170 193 89 
0 118 19 
0 119 43 
0 120 98 11 
0 121 5 
0 122 127 11 13 110 167 
0 123 78 
0 124 96 127 126 15 
0 125 49 129 
0 126 33 124 
0 127 2 122 124 13 
0 128 60 
0 129 49 125 22 111 
0 130 44 
0 131 108 
0 132 19 84 
0 133 100 38 199 
0 134 66 
0 135 41 
0 136 8 87 
0 137 58 63 
0 138 16 20 93 
0 139 27 
0 140 5 
0 141 2 
0 142 25 22 
0 143 170 100 38 
0 144 2 
0 145 20 
0 146 0 171 
0 147 58 61 
0 148 29 
0 149 27 2 59 15 
0 150 24 34 180 
0 151 169 34 188 63 
0 152 41 86 105 
0 153 58 61 
0 154 32 
0 155 2 
0 156 43 
0 157 20 85 93 
0 158 2 114 106 102 
0 159 8 116 
0 160 48 29 37 
0 161 20 44 
0 162 184 3 
0 163 13 167 
0 164 61 
0 165 104 44 
0 166 32 53 
0 167 33 122 163 13 
0 168 33 
0 169 34 188 151 
0 170 193 143 117 47 
0 171 0 113 146 
0 172 40 21 
0 173 3 44 
0 174 56 175 
0 175 85 174 
0 176 72 60 
0 177 72 
0 178 60 
0 179 1 180 197 
0 180 1 179 28 150 9 
0 181 51 7 
0 182 41 71 35 110 95 
0 183 194 6 7 
0 184 162 
0 185 0 21 
0 186 48 29 
0 187 32 78 
0 188 169 70 151 
0 189 52 37 
0 190 23 
0 191 44 46 
0 192 49 
0 193 17 170 117 47 
0 194 113 45 183 
0 195 86 14 
0 196 29 
0 197 1 179 68 22 
0 198 1 30 17 
0 199 90 133 
600 0 101 171 152 146 116 21 87 56 185 85 
600 1 68 197 198 39 9 179 180 24 28 
600 2 96 155 102 73 10 108 141 15 144 59 114 149 27 158 127 
600 3 162 173 150 
600 4 48 67 66 115 
600 5 69 108 140 50 19 121 57 62 
600 6 55 90 183 23 
600 7 64 98 36 182 71 41 11 12 45 51 181 54 183 120 100 92 135 95 
600 8 66 40 113 136 31 159 
600 9 1 68 
600 10 96 2 102 106 11 149 59 127 
600 11 149 10 122 110 7 
600 12 36 7 77 47 18 181 
600 13 122 163 151 191 167 
600 14 195 75 109 86 88 26 60 94 
600 15 2 124 
600 16 98 99 138 76 81 82 
600 17 193 194 198 77 83 117 89 30 
600 18 97 51 12 126 
600 19 74 50 132 5 118 
600 20 145 138 157 93 161 
600 21 0 40 172 
600 22 129 25 197 142 111 
600 23 6 190 
600 24 1 150 
600 25 144 50 22 
600 26 88 14 31 
600 27 73 2 139 158 
600 28 1 179 
600 29 160 196 103 105 42 148 52 186 60 
600 30 17 77 89 193 
600 31 8 26 166 159 
600 32 166 78 79 53 154 187 
600 33 168 91 167 
600 34 169 150 70 
600 35 105 46 118 
600 36 64 51 12 7 
600 37 160 189 
600 38 64 133 143 
600 39 1 
600 40 8 185 107 21 87 
600 41 152 7 
600 42 105 186 60 29 
600 43 83 156 119 
600 44 104 161 130 165 80 
600 45 90 133 7 
600 46 35 118 95 
600 47 170 12 194 
600 48 160 4 
600 49 192 129 111 112 84 125 
600 50 5 102 19 57 25 69 
600 51 18 36 181 7 
600 52 29 
600 53 32 154 79 
600 54 80 7 
600 55 6 
600 56 0 174 
600 57 50 5 127 
600 58 137 147 153 
600 59 2 10 106 
600 60 128 105 42 14 176 178 186 29 94 
600 61 65 147 164 
600 62 5 127 
600 63 112 137 
600 64 36 38 7 
600 65 61 
600 66 8 116 4 134 
600 67 104 130 4 101 173 
600 68 1 9 97 
600 69 50 5 
600 70 34 188 
600 71 152 105 7 
600 72 176 177 
600 73 2 27 114 149 
600 74 19 
600 75 94 86 14 191 
600 76 16 
600 77 17 12 30 
600 78 32 123 166 
600 79 32 53 
600 80 104 44 54 
600 81 16 
600 82 16 138 
600 83 17 43 198 
600 84 137 49 125 153 
600 85 0 152 157 175 
600 86 75 14 
600 87 0 40 116 
600 88 26 195 14 
600 89 17 30 
600 90 45 133 6 199 
600 91 33 
600 92 118 7 
600 93 20 101 175 
600 94 75 60 14 195 
600 95 105 46 7 
600 96 2 108 10 149 
600 97 18 139 68 181 
600 98 16 191 135 7 
600 99 16 138 
600 100 183 7 
600 101 0 130 67 165 173 146 93 
600 102 2 10 50 144 114 149 
600 103 186 29 
600 104 80 67 44 173 150 
600 105 160 35 71 42 110 60 29 95 
600 106 10 59 
600 107 40 
600 108 144 96 2 131 5 
600 109 14 
600 110 105 11 188 
600 111 129 179 22 49 
600 112 49 63 
600 113 8 133 183 
600 114 73 2 149 102 
600 115 4 
600 116 0 66 159 172 87 
600 117 17 193 
600 118 19 92 35 132 46 
600 119 43 
600 120 7 
600 121 5 126 
600 122 11 151 13 127 
600 123 187 78 
600 124 163 15 
600 125 49 84 129 
600 126 121 18 190 
600 127 2 163 10 141 151 57 122 62 
600 128 60 191 
600 129 49 125 22 111 
600 130 67 44 101 
600 131 108 
600 132 19 118 
600 133 113 90 45 38 159 
600 134 66 
600 135 98 182 7 
600 136 8 
600 137 58 84 63 
600 138 16 82 99 20 
600 139 97 27 
600 140 5 
600 141 2 155 127 
600 142 22 
600 143 38 
600 144 25 2 108 102 
600 145 20 
600 146 0 152 199 101 185 
600 147 58 61 
600 148 196 29 
600 149 96 2 102 73 10 11 114 
600 150 24 104 34 3 151 
600 151 122 13 150 127 
600 152 0 41 146 85 71 
600 153 58 84 
600 154 32 53 
600 155 2 141 
600 156 43 
600 157 20 85 175 
600 158 2 27 
600 159 8 31 116 133 199 
600 160 48 189 105 29 37 
600 161 20 44 
600 162 184 3 
600 163 124 13 127 
600 164 61 
600 165 44 101 
600 166 32 78 31 
600 167 33 13 191 
600 168 33 
600 169 34 188 
600 170 47 
600 171 0 
600 172 116 21 
600 173 104 67 3 101 191 
600 174 56 
600 175 157 85 93 
600 176 72 60 
600 177 72 
600 178 60 
600 179 1 180 28 111 
600 180 1 179 
600 181 97 51 12 7 
600 182 135 7 
600 183 113 100 6 7 
600 184 162 
600 185 0 40 146 
600 186 42 103 60 29 189 
600 187 32 123 
600 188 169 110 70 
600 189 160 186 37 
600 190 126 23 
600 191 128 98 167 75 13 173 
600 192 49 
600 193 17 117 30 
600 194 17 47 
600 195 88 94 14 
600 196 148 29 
600 197 1 22 
600 198 1 83 17 
600 199 90 146 159 
1200 0 132 101 171 152 146 116 21 87 56 185 85 
1200 1 68 197 198 39 9 179 180 24 4 28 
1200 2 96 155 102 73 10 108 141 15 144 113 114 149 59 27 158 127 
1200 3 162 173 150 149 
1200 4 1 66 67 36 51 97 9 48 18 115 181 123 126 
1200 5 69 108 140 77 50 19 121 57 62 
1200 6 55 90 183 36 23 
1200 7 64 98 36 182 71 41 11 12 45 54 120 100 92 135 95 
1200 8 66 40 113 136 31 159 
1200 9 1 180 4 39 
1200 10 2 73 106 172 141 149 59 
1200 11 113 122 149 110 7 
1200 12 64 51 7 47 
1200 13 163 167 15 151 190 191 
1200 14 195 75 109 86 88 26 60 122 94 
1200 15 128 2 102 75 13 121 122 124 158 127 
1200 16 98 99 138 76 81 82 
1200 17 193 194 198 77 83 117 89 30 
1200 18 4 
1200 19 140 74 132 5 118 
1200 20 145 138 157 93 161 
1200 21 0 56 172 45 116 
1200 22 129 25 197 142 111 
1200 23 51 36 6 
1200 24 1 
1200 25 22 
1200 26 153 14 31 
1200 27 59 2 139 
1200 28 1 39 
1200 29 160 196 103 105 42 148 52 186 60 
1200 30 17 89 198 47 
1200 31 8 113 26 109 166 
1200 32 166 78 79 53 154 187 
1200 33 168 91 124 126 167 
1200 34 169 150 70 
1200 35 41 46 118 105 
1200 36 64 4 6 7 51 181 23 
1200 37 160 42 189 
1200 38 64 133 143 
1200 39 1 179 28 9 
1200 40 8 153 66 107 171 
1200 41 105 35 7 
1200 42 105 29 37 
1200 43 83 156 119 
1200 44 161 130 67 165 104 80 149 191 
1200 45 133 21 7 
1200 46 80 161 35 92 165 
1200 47 170 12 117 30 
1200 48 52 4 189 
1200 49 192 129 84 125 112 
1200 50 57 5 69 
1200 51 36 123 4 12 23 
1200 52 103 105 29 48 186 189 
1200 53 32 
1200 54 80 7 
1200 55 82 190 6 
1200 56 0 21 174 
1200 57 121 50 5 77 127 
1200 58 137 147 153 
1200 59 2 27 172 10 
1200 60 176 178 29 14 
1200 61 65 147 164 
1200 62 5 102 141 
1200 63 112 
1200 64 36 38 7 12 143 100 
1200 65 61 
1200 66 8 40 4 134 
1200 67 104 44 4 165 134 
1200 68 1 
1200 69 121 50 5 
1200 70 34 188 
1200 71 92 7 
1200 72 176 177 178 
1200 73 144 2 10 
1200 74 19 140 118 
1200 75 128 178 14 15 
1200 76 16 
1200 77 17 194 180 5 57 
1200 78 32 154 
1200 79 32 
1200 80 44 46 54 
1200 81 16 99 
1200 82 16 55 
1200 83 17 43 
1200 84 192 49 
1200 85 0 145 86 175 
1200 86 195 109 14 145 85 184 
1200 87 0 132 146 171 116 
1200 88 109 14 
1200 89 17 170 30 
1200 90 113 6 199 
1200 91 33 177 
1200 92 71 118 46 7 
1200 93 138 99 20 
1200 94 14 
1200 95 135 7 
1200 96 124 2 108 149 
1200 97 4 126 
1200 98 16 191 135 7 
1200 99 16 81 93 
1200 100 64 7 
1200 101 0 165 175 
1200 102 2 141 62 15 
1200 103 52 29 
1200 104 67 44 
1200 105 35 196 41 42 52 29 
1200 106 10 
1200 107 40 
1200 108 96 2 131 5 
1200 109 88 153 86 14 31 
1200 110 122 11 135 
1200 111 129 22 
1200 112 49 63 
1200 113 194 8 11 172 2 90 31 
1200 114 2 141 149 
1200 115 4 
1200 116 0 146 159 21 87 
1200 117 17 194 47 
1200 118 19 74 35 92 
1200 119 43 
1200 120 7 
1200 121 5 15 69 57 126 127 
1200 122 11 151 110 14 15 
1200 123 51 4 126 
1200 124 96 33 151 15 
1200 125 49 
1200 126 97 4 33 139 121 123 
1200 127 57 2 121 15 
1200 128 75 190 15 
1200 129 49 22 111 
1200 130 161 44 
1200 131 108 
1200 132 0 185 19 87 
1200 133 183 45 38 159 
1200 134 66 67 
1200 135 98 95 110 7 
1200 136 8 
1200 137 58 
1200 138 16 20 93 
1200 139 27 126 
1200 140 74 19 5 
1200 141 62 2 10 114 102 
1200 142 22 
1200 143 64 170 38 
1200 144 73 2 
1200 145 20 85 86 
1200 146 0 152 116 87 
1200 147 153 58 61 
1200 148 29 
1200 149 96 2 3 10 11 44 162 114 
1200 150 169 34 3 
1200 151 163 169 13 122 124 190 191 
1200 152 0 146 
1200 153 40 26 147 58 109 
1200 154 32 78 
1200 155 2 
1200 156 43 
1200 157 20 175 
1200 158 2 15 
1200 159 8 116 133 199 
1200 160 29 37 
1200 161 20 130 44 162 46 
1200 162 161 3 149 
1200 163 13 151 
1200 164 61 
1200 165 67 44 101 46 
1200 166 32 31 
1200 167 33 13 190 191 
1200 168 33 
1200 169 34 150 151 
1200 170 89 143 47 
1200 171 0 185 40 87 
1200 172 113 10 59 21 
1200 173 3 191 
1200 174 56 
1200 175 157 85 101 
1200 176 72 178 60 
1200 177 72 91 
1200 178 176 72 75 60 
1200 179 1 39 
1200 180 1 77 9 
1200 181 36 4 
1200 182 7 
1200 183 194 133 6 
1200 184 86 
1200 185 0 171 132 
1200 186 52 29 189 
1200 187 32 
1200 188 70 
1200 189 48 186 52 37 
1200 190 128 55 151 13 167 
1200 191 98 167 44 173 13 151 
1200 192 49 84 
1200 193 17 
1200 194 113 199 77 17 117 183 
1200 195 86 14 
1200 196 105 29 
1200 197 1 22 
1200 198 1 30 17 
1200 199 90 194 159 
1800 0 132 101 171 152 146 116 21 87 56 185 85 
1800 1 68 197 198 39 9 179 180 24 4 28 189 
1800 2 96 155 102 104 73 10 108 141 15 144 113 114 149 59 27 158 127 
1800 3 162 173 150 149 
1800 4 1 66 67 36 51 97 9 48 18 115 181 123 126 
1800 5 69 108 140 77 50 19 89 121 57 122 62 
1800 6 36 55 141 23 153 90 183 
1800 7 64 98 36 182 71 41 11 12 45 143 51 181 54 120 100 92 135 95 
1800 8 66 40 169 136 159 31 
1800 9 1 4 197 39 
1800 10 2 106 172 15 155 158 127 
1800 11 122 110 7 
1800 12 7 75 116 77 47 
1800 13 163 167 15 151 127 190 191 
1800 14 98 195 109 86 88 26 60 94 
1800 15 128 96 2 10 13 141 149 124 127 
1800 16 98 99 138 76 81 82 
1800 17 193 194 198 83 116 117 30 
1800 18 4 181 
1800 19 132 5 74 118 56 89 
1800 20 161 81 138 93 145 157 
1800 21 0 40 
1800 22 129 25 197 142 111 
1800 23 65 130 6 134 148 29 
1800 24 1 28 
1800 25 22 
1800 26 88 109 14 
1800 27 104 2 139 
1800 28 1 38 170 75 179 180 24 
1800 29 160 130 196 103 105 42 52 23 186 
1800 30 17 193 83 47 
1800 31 8 136 166 40 
1800 32 166 78 79 53 154 187 
1800 33 168 91 167 
1800 34 169 70 
1800 35 40 92 46 118 95 
1800 36 64 4 6 7 181 153 
1800 37 160 
1800 38 28 133 183 
1800 39 72 1 111 9 177 
1800 40 35 8 107 172 46 116 21 118 31 
1800 41 71 135 110 118 7 
1800 42 29 198 
1800 43 83 156 45 119 
1800 44 161 67 101 80 149 165 
1800 45 64 100 133 7 43 183 90 119 
1800 46 161 67 182 71 40 35 54 
1800 47 193 194 12 77 117 89 30 
1800 48 4 
1800 49 192 129 84 125 112 
1800 50 144 5 102 77 
1800 51 4 7 
1800 52 29 
1800 53 32 
1800 54 46 7 
1800 55 6 
1800 56 0 19 174 
1800 57 5 69 
1800 58 137 147 153 
1800 59 120 104 2 106 
1800 60 176 160 178 75 14 
1800 61 65 164 196 
1800 62 96 5 
1800 63 112 
1800 64 36 45 7 
1800 65 164 61 23 
1800 66 8 116 91 4 
1800 67 44 91 4 46 
1800 68 1 123 197 
1800 69 57 5 77 
1800 70 34 188 
1800 71 152 41 92 46 7 
1800 72 178 39 
1800 73 144 2 106 158 
1800 74 89 19 
1800 75 116 12 28 60 
1800 76 16 138 
1800 77 5 12 47 50 117 124 69 
1800 78 32 
1800 79 32 
1800 80 44 
1800 81 16 20 
1800 82 16 
1800 83 17 43 117 30 119 
1800 84 192 49 196 
1800 85 0 145 146 175 
1800 86 184 128 14 
1800 87 0 136 171 172 116 159 
1800 88 26 14 
1800 89 5 74 140 47 19 122 
1800 90 194 45 6 199 
1800 91 168 33 66 67 
1800 92 105 71 35 7 
1800 93 20 
1800 94 14 
1800 95 161 35 7 
1800 96 2 124 141 62 15 
1800 97 4 
1800 98 16 191 14 7 
1800 99 16 
1800 100 45 7 
1800 101 0 104 152 44 175 
1800 102 2 50 
1800 103 105 29 
1800 104 2 59 165 27 158 101 
1800 105 92 29 103 
1800 106 73 10 59 
1800 107 40 
1800 108 2 131 5 141 
1800 109 122 26 14 
1800 110 120 41 11 188 135 
1800 111 129 22 39 
1800 112 49 151 63 
1800 113 2 199 172 143 155 158 
1800 114 2 149 
1800 115 4 
1800 116 0 66 171 40 75 12 17 146 87 
1800 117 17 83 77 47 
1800 118 35 40 41 19 182 125 
1800 119 83 43 45 
1800 120 59 110 7 
1800 121 5 
1800 122 89 11 140 5 109 
1800 123 68 4 
1800 124 96 77 15 
1800 125 49 118 
1800 126 139 4 181 190 
1800 127 10 2 15 141 13 
1800 128 86 15 
1800 129 49 22 111 
1800 130 134 173 148 23 29 191 
1800 131 108 
1800 132 0 19 171 
1800 133 45 38 
1800 134 130 23 
1800 135 41 110 7 
1800 136 8 31 87 
1800 137 58 
1800 138 16 76 20 
1800 139 27 126 190 
1800 140 89 122 5 
1800 141 96 2 6 199 108 15 149 127 
1800 142 22 
1800 143 113 155 7 
1800 144 73 2 50 
1800 145 20 85 
1800 146 0 171 116 85 
1800 147 58 
1800 148 130 23 
1800 149 2 3 44 141 15 114 158 
1800 150 169 3 173 
1800 151 112 163 188 13 190 
1800 152 0 71 101 199 
1800 153 58 36 6 
1800 154 32 187 166 
1800 155 113 2 10 143 
1800 156 43 
1800 157 20 175 
1800 158 2 104 73 10 113 149 
1800 159 8 169 87 
1800 160 189 186 60 29 37 
1800 161 20 44 46 95 
1800 162 184 3 
1800 163 151 13 167 
1800 164 65 196 61 
1800 165 104 44 191 
1800 166 32 154 31 
1800 167 33 163 13 
1800 168 33 91 
1800 169 34 199 8 171 150 159 
1800 170 28 
1800 171 0 132 169 146 116 87 
1800 172 40 113 10 87 
1800 173 130 3 150 
1800 174 56 
1800 175 157 85 101 
1800 176 60 
1800 177 39 
1800 178 72 60 
1800 179 1 28 
1800 180 1 28 
1800 181 36 18 4 126 7 
1800 182 118 46 7 
1800 183 38 45 6 
1800 184 162 86 
1800 185 0 
1800 186 160 29 198 
1800 187 32 154 
1800 188 110 70 151 
1800 189 160 1 
1800 190 139 13 126 151 
1800 191 130 98 13 165 
1800 192 49 84 
1800 193 17 30 47 
1800 194 17 90 199 47 
1800 195 14 
1800 196 84 164 29 61 
1800 197 1 68 22 9 
1800 198 1 42 186 17 
1800 199 194 169 141 113 152 90 
2400 0 193 132 101 170 171 17 146 116 85 87 152 185 56 117 30 21 
2400 1 195 68 197 198 39 9 179 180 24 4 28 189 
2400 2 96 155 102 104 73 10 108 141 15 144 113 114 149 59 27 158 127 
2400 3 33 162 67 173 149 150 
2400 4 1 66 67 36 197 51 97 48 18 115 181 123 126 
2400 5 69 108 140 77 50 19 52 89 121 57 122 62 
2400 6 36 55 141 46 23 153 90 183 
2400 7 64 98 36 182 71 41 11 12 45 143 51 54 183 120 100 92 135 95 
2400 8 97 66 40 169 136 31 159 
2400 9 24 1 179 
2400 10 2 106 172 141 15 155 
2400 11 104 155 110 7 
2400 12 36 7 75 47 51 116 
2400 13 32 163 167 15 94 191 79 53 151 154 187 190 127 
2400 14 98 109 86 119 88 26 60 94 
2400 15 128 96 2 163 10 13 149 151 124 
2400 16 98 99 70 138 76 110 81 82 131 188 
2400 17 0 194 83 180 77 
2400 18 68 4 126 
2400 19 56 74 5 118 
2400 20 145 138 157 93 161 
2400 21 0 116 45 
2400 22 129 130 197 65 199 142 111 112 25 175 134 
2400 23 190 148 29 6 134 
2400 24 1 9 
2400 25 56 22 
2400 26 98 94 14 
2400 27 2 139 158 
2400 28 1 170 180 38 
2400 29 160 196 103 105 42 23 186 
2400 30 0 77 
2400 31 8 98 195 166 
2400 32 13 78 
2400 33 3 167 168 149 184 91 
2400 34 169 83 150 
2400 35 118 
2400 36 12 123 4 6 7 
2400 37 160 177 
2400 38 100 28 133 
2400 39 72 1 47 177 111 
2400 40 8 107 92 171 182 
2400 41 105 182 7 
2400 42 160 186 29 
2400 43 83 156 
2400 44 80 161 165 173 
2400 45 119 21 7 
2400 46 161 100 133 6 153 165 
2400 47 39 72 75 12 176 178 116 117 
2400 48 4 
2400 49 192 129 84 125 
2400 50 5 62 
2400 51 12 4 7 
2400 52 160 57 186 5 
2400 53 13 
2400 54 197 7 
2400 55 97 82 6 
2400 56 0 144 19 174 25 
2400 57 52 5 
2400 58 137 147 153 
2400 59 2 149 
2400 60 128 75 14 103 
2400 61 65 164 153 
2400 62 50 108 5 
2400 63 112 192 
2400 64 75 7 
2400 65 61 22 
2400 66 8 4 
2400 67 3 4 168 104 149 91 
2400 68 1 18 123 97 
2400 69 5 
2400 70 16 110 
2400 71 7 
2400 72 47 178 75 39 
2400 73 2 114 
2400 74 19 196 
2400 75 64 72 170 12 47 86 122 60 191 
2400 76 16 
2400 77 17 108 5 30 127 
2400 78 32 
2400 79 13 
2400 80 44 191 
2400 81 16 161 
2400 82 16 99 55 
2400 83 17 34 43 119 
2400 84 49 
2400 85 0 157 145 87 185 93 
2400 86 128 184 75 93 14 
2400 87 0 132 169 171 116 85 
2400 88 122 14 
2400 89 170 5 
2400 90 150 6 
2400 91 168 33 67 
2400 92 40 153 152 95 7 
2400 93 174 175 145 20 85 86 
2400 94 26 195 13 14 
2400 95 161 92 7 
2400 96 2 15 127 
2400 97 8 68 139 4 55 
2400 98 16 26 31 14 7 
2400 99 16 82 
2400 100 38 46 7 
2400 101 0 173 175 
2400 102 2 114 149 
2400 103 60 29 189 
2400 104 11 106 2 67 173 
2400 105 41 148 29 110 
2400 106 104 10 158 
2400 107 40 136 172 
2400 108 121 2 5 62 77 
2400 109 14 119 
2400 110 70 169 11 16 105 120 
2400 111 22 39 
2400 112 130 151 22 63 
2400 113 2 143 183 
2400 114 73 2 158 102 
2400 115 4 
2400 116 0 194 127 12 47 117 87 159 21 
2400 117 0 194 116 198 47 
2400 118 19 153 35 129 
2400 119 83 109 14 45 
2400 120 135 110 7 
2400 121 108 5 
2400 122 88 75 163 5 167 
2400 123 68 4 126 36 
2400 124 15 
2400 125 49 
2400 126 168 18 123 4 190 
2400 127 96 2 163 13 77 116 
2400 128 191 60 86 15 
2400 129 49 118 22 
2400 130 112 161 22 199 
2400 131 16 
2400 132 0 185 87 
2400 133 183 159 46 38 199 
2400 134 22 23 
2400 135 120 182 7 
2400 136 8 107 159 
2400 137 192 58 
2400 138 16 20 
2400 139 97 27 
2400 140 5 
2400 141 2 6 199 10 155 158 
2400 142 22 
2400 143 113 7 
2400 144 56 2 158 
2400 145 20 85 174 93 
2400 146 0 185 171 
2400 147 153 58 
2400 148 105 23 
2400 149 33 2 3 102 173 15 67 59 
2400 150 34 169 90 3 173 
2400 151 112 15 13 190 167 
2400 152 0 171 92 
2400 153 164 6 199 46 147 118 58 92 61 
2400 154 13 166 
2400 155 10 2 11 141 
2400 156 43 
2400 157 20 85 
2400 158 2 106 141 144 114 27 
2400 159 8 136 171 116 133 
2400 160 189 42 52 29 37 
2400 161 130 165 44 46 81 20 95 
2400 162 184 3 
2400 163 167 13 15 122 190 127 
2400 164 153 61 
2400 165 161 44 46 191 
2400 166 154 31 
2400 167 33 122 163 13 151 
2400 168 33 91 67 126 
2400 169 34 8 171 110 150 87 
2400 170 0 193 75 28 89 
2400 171 0 40 169 146 87 152 159 
2400 172 185 10 107 
2400 173 3 101 104 44 149 150 
2400 174 56 145 93 
2400 175 101 22 93 
2400 176 178 47 
2400 177 178 37 39 
2400 178 176 177 72 47 
2400 179 1 197 189 9 
2400 180 1 28 17 
2400 181 4 
2400 182 40 41 135 7 
2400 183 113 194 133 6 7 
2400 184 33 162 86 
2400 185 0 172 146 132 85 
2400 186 42 52 29 189 
2400 187 13 
2400 188 16 
2400 189 160 1 186 179 103 
2400 190 23 163 13 126 151 
2400 191 80 128 75 13 165 
2400 192 49 63 137 
2400 193 0 170 
2400 194 17 116 117 183 
2400 195 1 94 31 
2400 196 74 29 
2400 197 1 179 4 54 22 
2400 198 1 117 
2400 199 153 130 141 22 133 
3000 0 132 5 17 146 21 152 185 170 171 30 56 57 62 193 69 77 85 87 101 116 117 121 
3000 1 195 68 197 198 39 9 179 180 24 4 28 189 
3000 2 96 155 102 104 73 10 108 141 15 144 113 114 19 149 59 186 27 158 127 
3000 3 33 162 67 173 149 150 
3000 4 1 66 67 36 51 97 48 18 115 181 123 126 
3000 5 0 108 140 50 19 52 121 89 122 
3000 6 36 55 46 23 153 90 183 
3000 7 64 98 36 182 71 41 11 12 45 143 51 54 120 100 159 92 135 95 
3000 8 40 97 136 31 169 
3000 9 1 189 
3000 10 96 2 67 102 81 73 106 172 93 145 20 149 184 59 157 158 
3000 11 110 7 
3000 12 7 75 47 
3000 13 32 163 167 94 191 79 52 53 151 154 187 190 127 
3000 14 98 109 86 119 88 26 60 94 
3000 15 128 2 141 155 124 191 
3000 16 98 99 70 138 76 110 82 131 188 
3000 17 0 194 83 198 
3000 18 123 4 181 
3000 19 2 155 74 118 5 
3000 20 161 10 
3000 21 0 132 37 39 40 177 116 56 91 
3000 22 129 130 197 65 199 140 142 111 112 119 25 175 134 
3000 23 64 133 6 199 51 148 181 55 29 134 127 
3000 24 1 179 150 195 
3000 25 73 22 
3000 26 153 122 195 94 14 
3000 27 2 139 178 
3000 28 64 1 38 47 
3000 29 160 196 103 105 42 183 52 23 
3000 30 0 89 180 47 
3000 31 8 166 159 
3000 32 13 78 63 
3000 33 162 67 168 3 149 91 124 
3000 34 169 
3000 35 40 118 95 
3000 36 4 6 7 
3000 37 66 21 
3000 38 100 28 143 
3000 39 72 1 21 
3000 40 35 71 8 107 172 136 21 
3000 41 105 118 7 
3000 42 29 
3000 43 83 156 
3000 44 80 161 165 104 
3000 45 7 
3000 46 104 95 101 6 191 
3000 47 64 193 194 12 176 89 28 30 
3000 48 115 4 
3000 49 192 129 84 125 111 
3000 50 144 5 69 
3000 51 23 123 4 181 7 
3000 52 5 108 13 53 187 29 
3000 53 90 52 13 154 
3000 54 7 
3000 55 190 6 23 
3000 56 0 21 174 142 
3000 57 0 127 
3000 58 137 147 182 153 
3000 59 2 10 172 114 186 
3000 60 130 148 86 14 175 
3000 61 65 164 153 
3000 62 0 121 
3000 63 32 112 192 151 
3000 64 7 170 47 23 28 127 
3000 65 61 22 
3000 66 67 4 37 
3000 67 33 66 3 4 10 91 
3000 68 1 197 126 
3000 69 0 50 102 
3000 70 16 169 76 
3000 71 40 92 7 
3000 72 39 
3000 73 104 25 2 10 158 
3000 74 89 19 
3000 75 116 170 12 94 86 
3000 76 16 138 70 
3000 77 0 194 117 198 
3000 78 32 
3000 79 154 90 13 
3000 80 104 98 44 
3000 81 161 10 
3000 82 16 190 
3000 83 17 43 180 119 
3000 84 49 196 125 153 
3000 85 0 185 152 199 
3000 86 75 60 93 14 174 
3000 87 0 146 
3000 88 195 14 
3000 89 74 143 5 30 47 
3000 90 194 6 140 79 53 122 
3000 91 33 67 21 
3000 92 71 7 
3000 93 145 10 138 86 
3000 94 26 75 13 14 195 
3000 95 161 35 46 110 7 
3000 96 2 10 113 149 121 158 127 
3000 97 8 123 139 4 
3000 98 16 80 128 14 7 
3000 99 16 138 
3000 100 38 7 
3000 101 0 146 46 157 174 
3000 102 10 2 163 141 69 
3000 103 105 186 29 198 
3000 104 2 73 106 44 46 80 155 158 
3000 105 103 41 110 148 182 152 29 
3000 106 104 10 139 172 
3000 107 40 
3000 108 144 121 2 52 5 
3000 109 14 
3000 110 105 11 16 182 188 95 
3000 111 49 195 22 
3000 112 63 199 22 175 
3000 113 96 2 171 141 143 186 
3000 114 136 2 59 
3000 115 48 4 
3000 116 0 75 171 194 21 
3000 117 0 194 77 
3000 118 19 41 35 125 129 
3000 119 128 83 22 14 
3000 120 155 172 7 
3000 121 0 96 5 108 124 62 
3000 122 26 195 90 5 
3000 123 97 18 51 4 197 
3000 124 121 33 15 
3000 125 49 84 118 
3000 126 168 68 163 4 167 
3000 127 64 96 2 13 23 57 
3000 128 119 98 191 15 
3000 129 49 118 22 
3000 130 148 60 150 22 
3000 131 16 
3000 132 0 185 21 
3000 133 194 159 23 
3000 134 22 23 
3000 135 143 7 
3000 136 8 40 114 
3000 137 58 
3000 138 16 99 76 93 
3000 139 97 106 27 190 
3000 140 90 5 22 
3000 141 2 102 15 113 149 157 
3000 142 56 22 
3000 143 89 135 113 38 7 
3000 144 2 108 50 
3000 145 10 93 175 
3000 146 0 101 87 
3000 147 58 
3000 148 105 130 60 23 
3000 149 96 33 2 3 162 10 173 141 150 158 
3000 150 24 130 3 149 151 
3000 151 13 150 63 
3000 152 0 105 171 85 
3000 153 6 61 84 183 58 26 
3000 154 53 13 79 
3000 155 104 120 2 19 15 
3000 156 43 
3000 157 10 141 101 
3000 158 96 2 104 73 10 149 
3000 159 31 172 133 7 
3000 160 186 29 189 
3000 161 20 95 44 182 81 
3000 162 33 3 149 
3000 163 102 167 13 190 126 191 
3000 164 61 
3000 165 44 
3000 166 31 
3000 167 163 13 126 
3000 168 33 126 
3000 169 8 34 70 199 
3000 170 0 64 75 
3000 171 0 185 152 116 113 
3000 172 40 10 120 59 106 159 
3000 173 3 149 
3000 174 56 101 86 
3000 175 112 145 60 22 183 
3000 176 47 
3000 177 178 21 
3000 178 177 27 
3000 179 24 1 180 
3000 180 1 194 179 198 83 30 
3000 181 18 51 4 23 
3000 182 105 58 110 161 7 
3000 183 153 29 6 175 
3000 184 10 
3000 185 0 171 132 85 
3000 186 160 2 103 113 59 189 
3000 187 52 13 
3000 188 16 110 
3000 189 160 1 186 9 
3000 190 163 139 13 82 55 191 
3000 191 128 163 13 46 15 190 
3000 192 49 63 
3000 193 0 47 
3000 194 133 77 47 17 180 117 116 90 
3000 195 1 111 24 88 26 122 94 
3000 196 84 29 
3000 197 1 123 68 22 
3000 198 1 180 17 77 103 
3000 199 112 169 85 22 23 
3600 0 132 5 17 146 21 152 185 170 171 30 56 57 62 193 69 77 85 87 101 106 116 117 121 
3600 1 195 68 197 198 39 9 81 179 180 24 4 28 189 
3600 2 96 131 102 104 73 10 108 141 27 15 144 113 114 19 149 50 186 155 59 158 127 
3600 3 33 162 67 173 149 150 
3600 4 1 66 67 36 97 48 115 18 51 181 22 123 126 
3600 5 0 108 140 50 52 89 122 
3600 6 36 138 139 46 82 183 23 55 90 153 
3600 7 64 98 36 182 71 41 11 12 45 143 51 54 120 100 159 92 135 95 
3600 8 40 97 136 31 169 
3600 9 1 81 
3600 10 2 67 172 93 145 20 184 157 
3600 11 7 172 110 113 19 149 122 159 
3600 12 64 99 36 7 75 47 18 23 
3600 13 32 163 102 167 94 79 53 151 154 187 190 191 
3600 14 98 75 109 86 119 88 26 60 
3600 15 128 96 2 163 75 108 151 124 191 
3600 16 188 98 76 110 70 
3600 17 0 194 83 77 198 
3600 18 12 4 36 
3600 19 96 2 132 74 11 50 118 56 186 155 122 
3600 20 161 10 157 138 93 
3600 21 0 37 40 177 56 91 
3600 22 129 130 4 134 199 142 175 112 25 111 126 65 
3600 23 64 97 133 6 199 12 175 112 51 148 29 
3600 24 1 195 150 
3600 25 56 22 
3600 26 98 60 86 14 119 
3600 27 59 2 139 178 
3600 28 1 100 38 39 75 180 
3600 29 160 196 103 105 42 183 148 23 186 
3600 30 0 89 180 
3600 31 8 109 166 
3600 32 84 13 78 63 
3600 33 168 162 3 124 
3600 34 169 70 
3600 35 40 92 118 
3600 36 4 6 7 12 18 55 
3600 37 160 66 39 177 52 21 186 91 189 
3600 38 64 97 28 
3600 39 1 37 72 111 91 28 
3600 40 35 71 8 107 172 21 87 
3600 41 105 118 7 
3600 42 192 49 63 29 137 
3600 43 83 156 45 119 
3600 44 161 130 67 165 80 101 
3600 45 197 43 100 183 7 
3600 46 141 92 165 6 182 
3600 47 72 170 12 143 176 116 
3600 48 160 115 4 189 
3600 49 192 42 84 125 
3600 50 2 5 108 19 57 186 
3600 51 7 4 23 
3600 52 37 198 77 53 187 5 
3600 53 128 98 52 13 79 
3600 54 120 161 197 110 7 
3600 55 36 6 
3600 56 0 25 19 21 174 
3600 57 0 50 108 
3600 58 137 147 
3600 59 27 104 2 131 
3600 60 26 148 85 14 
3600 61 65 164 
3600 62 0 141 
3600 63 32 42 76 
3600 64 23 12 38 7 
3600 65 61 22 183 
3600 66 116 91 4 37 87 
3600 67 104 44 10 3 4 
3600 68 1 195 181 126 81 
3600 69 0 80 108 
3600 70 16 34 151 
3600 71 40 7 
3600 72 177 47 39 
3600 73 2 186 158 
3600 74 19 118 
3600 75 28 191 12 14 15 
3600 76 16 188 82 172 63 
3600 77 0 17 106 52 
3600 78 32 94 
3600 79 90 13 53 
3600 80 104 98 44 69 
3600 81 68 1 138 180 9 
3600 82 76 6 
3600 83 17 194 43 
3600 84 32 192 132 137 110 49 
3600 85 0 160 87 60 159 
3600 86 195 109 14 145 152 88 26 157 
3600 87 0 40 66 116 85 
3600 88 195 86 14 
3600 89 90 5 30 
3600 90 133 6 173 79 150 89 154 
3600 91 168 66 37 21 39 
3600 92 153 35 46 7 
3600 93 145 10 20 
3600 94 13 78 
3600 95 105 7 
3600 96 2 104 15 113 19 121 
3600 97 4 38 8 169 23 126 
3600 98 80 195 135 7 109 14 16 53 26 
3600 99 12 157 
3600 100 28 45 7 
3600 101 0 104 146 44 141 
3600 102 2 163 13 149 154 158 
3600 103 160 29 
3600 104 96 2 67 101 106 80 150 59 
3600 105 152 41 148 29 95 
3600 106 0 104 77 
3600 107 40 
3600 108 2 131 5 15 50 57 69 
3600 109 98 31 86 14 119 
3600 110 16 11 84 54 
3600 111 129 22 39 
3600 112 183 22 23 
3600 113 96 2 11 171 
3600 114 136 2 158 
3600 115 48 4 
3600 116 0 185 66 47 87 
3600 117 0 
3600 118 35 132 135 41 74 19 182 
3600 119 26 43 140 109 14 
3600 120 172 54 7 
3600 121 0 96 124 127 
3600 122 163 5 167 11 140 19 
3600 123 4 197 126 
3600 124 33 163 121 15 
3600 125 49 132 
3600 126 97 163 68 197 22 4 123 127 
3600 127 121 2 126 
3600 128 171 53 15 
3600 129 187 22 111 
3600 130 191 44 134 22 173 
3600 131 2 59 108 178 
3600 132 0 19 84 125 118 
3600 133 146 90 23 
3600 134 130 22 
3600 135 98 118 7 
3600 136 8 114 
3600 137 42 84 58 
3600 138 81 20 6 
3600 139 27 6 
3600 140 122 5 119 
3600 141 2 101 199 46 174 153 155 62 
3600 142 22 
3600 143 47 159 172 7 
3600 144 2 158 
3600 145 10 93 86 157 
3600 146 0 185 133 101 
3600 147 58 164 182 
3600 148 196 199 105 23 60 29 
3600 149 11 2 3 173 102 
3600 150 104 24 90 3 173 
3600 151 70 167 169 13 15 188 
3600 152 0 105 86 
3600 153 92 141 6 
3600 154 90 13 102 
3600 155 2 19 141 
3600 156 43 
3600 157 99 10 175 145 20 86 
3600 158 144 73 2 114 102 
3600 159 194 11 143 85 7 
3600 160 37 103 48 85 186 29 
3600 161 20 44 54 
3600 162 33 3 
3600 163 102 13 15 190 122 124 126 191 
3600 164 147 61 
3600 165 44 46 
3600 166 31 
3600 167 122 13 190 151 
3600 168 33 91 
3600 169 8 97 34 151 199 
3600 170 0 47 
3600 171 0 128 176 113 190 191 
3600 172 40 10 11 76 143 178 120 
3600 173 90 3 130 150 149 
3600 174 56 141 175 
3600 175 174 157 22 23 
3600 176 171 47 
3600 177 72 178 21 37 
3600 178 172 177 27 131 
3600 179 1 
3600 180 1 28 30 198 81 
3600 181 68 4 
3600 182 147 46 118 7 
3600 183 112 65 45 6 29 
3600 184 10 
3600 185 0 146 116 
3600 186 160 2 37 73 50 19 29 
3600 187 192 129 52 13 
3600 188 16 76 151 
3600 189 48 1 37 
3600 190 171 163 13 167 
3600 191 130 75 171 13 15 163 
3600 192 49 42 187 84 
3600 193 0 
3600 194 17 83 159 
3600 195 1 98 68 24 86 88 
3600 196 148 29 
3600 197 1 123 54 126 45 
3600 198 1 180 52 17 
3600 199 169 148 141 22 23 
4200 0 132 5 17 146 21 152 185 170 171 30 56 57 62 193 69 77 85 87 101 103 106 116 117 121 
4200 1 66 195 68 197 198 39 168 9 130 112 81 179 180 24 4 91 28 189 134 
4200 2 96 131 102 104 73 10 108 141 27 15 144 113 114 19 149 50 186 155 59 158 127 
4200 3 33 162 67 173 149 150 30 
4200 4 1 67 36 81 97 48 115 18 51 181 22 123 126 
4200 5 0 52 122 140 89 
4200 6 36 138 139 141 46 82 183 23 55 90 153 
4200 7 64 98 36 182 71 41 11 12 45 143 54 120 100 159 92 135 95 
4200 8 97 66 40 169 136 114 159 31 
4200 9 198 1 195 197 65 199 105 175 179 148 85 151 60 29 
4200 10 2 69 102 113 172 162 93 145 114 20 184 157 
4200 11 104 110 7 
4200 12 99 7 75 77 47 51 
4200 13 32 163 102 167 94 79 53 151 154 187 188 190 191 
4200 14 129 98 109 142 111 53 86 119 88 26 158 
4200 15 128 177 2 124 190 
4200 16 99 98 131 76 70 
4200 17 0 193 194 83 117 
4200 18 68 4 126 
4200 19 2 140 74 118 
4200 20 161 10 
4200 21 0 66 172 37 
4200 22 112 25 4 183 
4200 23 130 133 6 46 29 190 
4200 24 1 28 189 39 
4200 25 50 22 
4200 26 177 14 
4200 27 104 2 106 178 
4200 28 24 1 64 38 39 
4200 29 160 130 196 199 9 42 23 175 52 105 186 125 
4200 30 0 33 3 116 44 47 180 89 
4200 31 8 98 166 159 
4200 32 84 13 78 63 
4200 33 3 173 149 150 184 30 
4200 34 169 
4200 35 36 118 71 
4200 36 35 4 165 6 7 40 181 55 121 123 102 
4200 37 160 91 21 
4200 38 143 28 126 183 
4200 39 1 72 177 179 24 28 
4200 40 66 171 36 71 8 41 107 172 159 
4200 41 40 95 182 7 
4200 42 192 49 105 29 137 
4200 43 83 156 101 119 
4200 44 194 67 165 104 173 80 30 191 
4200 45 119 107 156 197 7 
4200 46 161 67 100 6 71 135 182 23 183 
4200 47 176 194 12 30 198 
4200 48 52 4 
4200 49 192 42 
4200 50 96 2 69 103 106 25 186 62 
4200 51 12 4 
4200 52 48 186 29 5 53 
4200 53 128 52 13 14 79 
4200 54 120 143 135 197 7 
4200 55 97 36 190 6 
4200 56 0 174 
4200 57 0 77 
4200 58 137 147 
4200 59 2 106 149 
4200 60 9 186 85 86 103 
4200 61 65 164 153 
4200 62 0 121 50 108 77 
4200 63 32 
4200 64 143 28 7 
4200 65 9 183 61 151 
4200 66 8 1 40 21 87 
4200 67 3 4 165 134 44 46 80 184 
4200 68 1 195 97 81 18 126 
4200 69 0 10 50 194 77 
4200 70 16 188 110 
4200 71 35 7 40 138 46 82 152 95 
4200 72 178 39 
4200 73 144 2 
4200 74 19 
4200 75 116 122 12 
4200 76 16 
4200 77 0 69 12 180 57 62 
4200 78 32 
4200 79 188 13 53 
4200 80 67 44 
4200 81 1 68 4 
4200 82 6 71 
4200 83 17 194 43 189 
4200 84 32 196 
4200 85 0 103 9 145 185 60 125 
4200 86 94 60 174 14 
4200 87 0 114 66 146 
4200 88 94 109 14 
4200 89 140 5 30 
4200 90 113 154 140 173 6 
4200 91 168 1 37 
4200 92 95 135 7 
4200 93 10 174 
4200 94 88 13 86 
4200 95 118 71 41 7 182 92 
4200 96 121 2 127 50 103 
4200 97 68 8 183 55 4 159 
4200 98 16 31 14 7 
4200 99 16 12 
4200 100 133 143 183 46 7 
4200 101 0 43 173 174 175 145 156 
4200 102 128 2 36 10 13 114 154 191 
4200 103 0 96 108 50 85 60 
4200 104 161 2 106 11 44 130 186 27 127 
4200 105 9 42 29 110 
4200 106 0 59 104 50 27 158 
4200 107 40 136 45 
4200 108 141 2 186 62 103 
4200 109 88 177 14 
4200 110 70 135 105 11 182 122 
4200 111 129 14 
4200 112 1 22 
4200 113 2 133 199 10 143 152 90 158 
4200 114 2 102 8 10 144 87 
4200 115 4 
4200 116 0 170 75 172 146 30 
4200 117 0 17 198 
4200 118 35 19 95 
4200 119 43 156 45 14 183 
4200 120 54 7 
4200 121 0 96 36 62 
4200 122 75 127 5 110 167 
4200 123 36 187 4 
4200 124 127 15 
4200 125 29 85 
4200 126 68 18 4 38 
4200 127 104 96 2 124 122 
4200 128 171 53 102 15 
4200 129 14 111 
4200 130 104 1 29 161 23 
4200 131 16 144 2 186 
4200 132 0 185 
4200 133 113 146 100 23 
4200 134 1 67 199 
4200 135 54 92 46 110 7 
4200 136 8 107 
4200 137 42 58 
4200 138 157 6 71 
4200 139 6 
4200 140 152 89 90 19 5 
4200 141 2 155 108 6 
4200 142 144 14 
4200 143 64 100 38 7 170 113 54 
4200 144 73 2 131 114 142 
4200 145 10 85 101 
4200 146 0 133 199 116 87 185 
4200 147 196 58 164 
4200 148 9 
4200 149 33 2 3 155 150 59 
4200 150 33 3 149 151 
4200 151 65 9 13 150 183 191 
4200 152 0 113 140 71 
4200 153 61 6 199 
4200 154 90 13 102 
4200 155 2 149 141 
4200 156 119 43 101 45 
4200 157 10 138 
4200 158 113 2 106 14 
4200 159 97 194 7 8 171 40 31 
4200 160 29 37 
4200 161 194 104 130 46 20 182 
4200 162 10 3 
4200 163 13 
4200 164 147 61 
4200 165 44 67 36 191 
4200 166 188 31 
4200 167 122 13 
4200 168 1 91 
4200 169 8 34 171 188 199 
4200 170 0 116 143 
4200 171 0 128 40 169 176 159 
4200 172 40 10 116 178 21 
4200 173 33 3 101 44 90 191 
4200 174 56 93 101 86 175 
4200 175 101 199 9 174 183 29 
4200 176 171 47 
4200 177 26 39 178 109 15 
4200 178 72 177 27 172 
4200 179 1 180 9 39 
4200 180 1 179 77 30 189 
4200 181 36 4 
4200 182 161 7 41 110 46 95 
4200 183 97 100 6 38 65 151 46 175 22 119 
4200 184 33 10 67 
4200 185 0 146 132 85 
4200 186 2 131 104 108 50 52 60 29 
4200 187 192 123 13 
4200 188 169 79 13 70 166 
4200 189 24 1 83 180 
4200 190 15 55 13 23 
4200 191 165 102 44 173 13 151 
4200 192 49 42 187 
4200 193 0 17 
4200 194 161 69 44 47 17 83 159 
4200 195 1 68 9 
4200 196 147 84 29 
4200 197 1 45 54 9 
4200 198 1 9 117 47 
4200 199 134 9 175 113 146 169 153 29 
4800 0 132 5 17 146 21 152 185 170 171 30 56 57 62 193 69 77 85 87 101 103 106 116 117 121 
4800 1 66 195 68 197 198 39 168 9 130 112 81 179 180 24 4 91 28 189 134 
4800 2 131 10 141 15 144 19 149 27 28 158 155 170 175 50 186 59 64 73 96 99 102 104 108 113 114 127 
4800 3 33 162 67 107 173 149 150 
4800 4 1 115 36 97 13 48 18 51 181 22 123 126 
4800 5 0 103 108 140 50 52 89 122 
4800 6 139 36 138 75 141 46 82 183 23 55 90 153 
4800 7 64 98 100 182 71 41 11 12 45 143 181 54 120 135 159 92 95 
4800 8 97 40 169 136 159 31 
4800 9 1 68 65 199 105 39 148 53 151 24 60 29 85 
4800 10 96 2 69 113 104 172 162 93 145 114 20 184 15 188 157 158 
4800 11 113 122 110 7 
4800 12 64 7 75 175 51 181 47 
4800 13 32 163 4 167 122 79 52 94 151 154 187 53 190 191 
4800 14 129 98 75 109 142 111 86 119 88 26 
4800 15 128 2 102 10 177 149 121 124 62 
4800 16 98 76 70 
4800 17 0 194 83 30 
4800 18 4 
4800 19 2 74 140 118 89 186 122 
4800 20 161 10 81 
4800 21 0 87 116 37 39 
4800 22 129 4 197 134 199 183 23 25 
4800 23 133 6 181 22 55 190 127 
4800 24 1 195 9 
4800 25 144 142 22 
4800 26 153 14 38 119 
4800 27 2 178 158 
4800 28 1 2 180 170 47 
4800 29 160 196 9 42 53 105 60 125 
4800 30 0 17 83 44 
4800 31 8 153 195 166 
4800 32 91 166 13 78 84 187 63 
4800 33 121 3 173 151 
4800 34 169 70 
4800 35 40 92 36 118 41 
4800 36 35 4 165 6 40 46 52 181 153 123 117 
4800 37 21 
4800 38 64 26 183 
4800 39 1 72 9 177 179 21 
4800 40 66 35 36 71 8 136 116 185 95 
4800 41 152 35 7 
4800 42 192 198 103 137 49 29 
4800 43 156 101 119 
4800 44 161 165 104 107 80 30 
4800 45 120 64 119 133 7 
4800 46 92 36 101 6 127 
4800 47 64 12 77 176 89 28 
4800 48 4 189 103 
4800 49 192 42 187 125 86 
4800 50 2 5 52 57 186 62 
4800 51 12 4 181 97 
4800 52 96 36 5 166 105 13 50 53 156 69 
4800 53 128 65 98 9 13 79 90 151 52 154 29 
4800 54 120 7 
4800 55 75 6 23 
4800 56 0 90 174 
4800 57 0 69 103 108 50 62 
4800 58 137 147 
4800 59 2 104 172 113 155 159 
4800 60 176 9 29 125 
4800 61 65 164 153 
4800 62 0 57 50 106 15 
4800 63 32 192 137 151 
4800 64 2 38 7 12 45 47 127 
4800 65 9 61 53 
4800 66 136 1 67 40 
4800 67 107 184 66 3 173 
4800 68 1 9 
4800 69 0 10 108 173 52 57 
4800 70 16 34 76 
4800 71 40 105 92 182 7 
4800 72 114 171 39 
4800 73 104 2 
4800 74 140 19 132 
4800 75 122 12 14 6 55 
4800 76 16 82 172 138 70 
4800 77 0 127 47 
4800 78 32 94 
4800 79 154 13 53 
4800 80 194 44 101 130 197 
4800 81 1 138 20 
4800 82 76 190 6 
4800 83 17 189 30 
4800 84 32 192 100 125 
4800 85 0 104 9 171 157 87 185 93 
4800 86 49 109 94 14 141 
4800 87 0 152 85 21 
4800 88 122 14 119 
4800 89 193 19 5 47 117 
4800 90 165 6 53 150 183 56 
4800 91 32 1 114 
4800 92 35 71 7 46 152 95 
4800 93 10 174 175 85 188 138 
4800 94 78 195 156 13 86 
4800 95 40 92 7 
4800 96 2 10 108 141 52 121 
4800 97 8 51 4 
4800 98 128 7 14 16 53 119 158 
4800 99 2 
4800 100 137 127 84 7 
4800 101 0 165 43 46 80 146 156 157 191 
4800 102 2 108 15 
4800 103 0 5 105 42 48 57 124 
4800 104 2 199 73 10 44 85 151 186 59 
4800 105 160 103 9 71 148 151 52 29 
4800 106 0 121 114 62 
4800 107 67 3 44 150 
4800 108 96 2 5 102 141 57 188 69 
4800 109 122 86 158 14 
4800 110 169 11 188 182 
4800 111 129 14 
4800 112 1 151 
4800 113 2 131 199 10 11 172 194 155 59 
4800 114 2 72 10 171 91 106 
4800 115 4 
4800 116 0 139 40 171 146 21 
4800 117 0 89 36 166 
4800 118 35 19 
4800 119 128 98 43 45 14 88 26 
4800 120 143 135 45 54 7 
4800 121 0 33 96 106 15 124 
4800 122 19 163 5 11 109 13 75 195 151 88 
4800 123 36 139 4 181 
4800 124 103 121 127 151 15 
4800 125 49 60 84 29 129 
4800 126 169 4 197 190 167 
4800 127 64 2 100 167 77 46 23 124 
4800 128 98 119 53 190 15 
4800 129 125 22 14 111 
4800 130 80 1 134 199 
4800 131 113 2 
4800 132 0 74 
4800 133 146 199 159 45 23 
4800 134 1 130 22 
4800 135 120 143 7 
4800 136 8 40 66 159 
4800 137 42 100 58 63 
4800 138 81 76 93 6 
4800 139 123 116 6 
4800 140 185 74 19 5 
4800 141 96 2 108 6 86 
4800 142 25 14 
4800 143 120 135 7 
4800 144 25 2 
4800 145 10 
4800 146 0 171 116 101 133 
4800 147 153 58 182 
4800 148 9 105 
4800 149 184 2 3 155 15 
4800 150 3 165 107 173 151 90 
4800 151 33 104 9 13 175 112 53 150 105 122 191 124 63 
4800 152 0 199 41 171 87 185 92 
4800 153 36 6 147 26 61 31 
4800 154 53 13 79 
4800 155 113 2 59 149 186 
4800 156 43 52 101 94 
4800 157 10 101 85 
4800 158 98 2 27 10 109 
4800 159 194 133 199 8 7 172 136 59 
4800 160 105 29 165 
4800 161 44 162 20 194 182 
4800 162 184 161 10 3 
4800 163 122 13 167 
4800 164 61 
4800 165 160 36 101 44 150 90 191 
4800 166 32 52 117 31 
4800 167 163 13 126 127 
4800 168 1 
4800 169 8 34 126 110 
4800 170 0 2 28 
4800 171 0 199 72 114 146 116 85 152 185 
4800 172 113 10 59 76 159 
4800 173 33 67 3 69 150 
4800 174 56 93 
4800 175 2 12 93 151 
4800 176 60 47 
4800 177 39 15 
4800 178 27 
4800 179 1 195 39 
4800 180 1 28 
4800 181 4 7 12 51 23 36 123 
4800 182 161 71 147 110 7 
4800 183 90 38 22 6 
4800 184 10 67 149 162 
4800 185 0 40 171 140 85 152 
4800 186 104 2 19 155 50 
4800 187 32 49 13 
4800 188 10 108 93 110 
4800 189 48 1 83 
4800 190 128 82 13 126 23 
4800 191 165 151 13 101 
4800 192 49 42 84 63 
4800 193 0 89 
4800 194 161 198 113 80 17 159 
4800 195 1 179 24 122 94 31 
4800 196 29 
4800 197 80 1 22 126 
4800 198 1 42 194 
4800 199 130 133 104 9 171 113 22 152 159 
5400 0 132 5 17 146 21 152 4 185 170 171 30 56 57 62 193 69 77 85 87 101 103 106 116 117 121 
5400 1 160 66 195 68 197 198 39 168 9 130 112 81 179 180 24 4 91 28 189 134 
5400 2 131 10 141 15 144 19 149 27 28 158 155 175 50 186 59 64 73 96 99 102 104 108 113 114 127 
5400 3 33 162 67 37 107 173 149 150 
5400 4 0 1 115 36 134 199 9 13 48 18 51 97 22 123 126 181 
5400 5 0 140 52 89 121 122 
5400 6 139 36 138 75 141 46 82 183 23 55 90 153 
5400 7 64 98 100 182 71 41 11 12 45 143 54 120 135 159 92 95 
5400 8 97 40 169 136 126 31 
5400 9 1 195 4 65 105 199 28 148 53 151 24 60 29 
5400 10 2 102 172 162 93 145 114 20 184 59 188 157 
5400 11 120 19 155 110 7 
5400 12 99 7 116 47 
5400 13 32 163 4 102 167 79 94 22 68 154 187 190 191 
5400 14 129 98 109 142 111 86 119 88 26 122 
5400 15 128 2 102 75 177 158 151 121 124 190 
5400 16 98 70 138 76 110 188 
5400 17 0 194 171 139 114 83 180 89 30 
5400 18 36 4 81 39 
5400 19 2 104 74 11 113 118 
5400 20 161 145 10 81 188 138 
5400 21 0 
5400 22 68 129 4 134 199 13 111 23 25 
5400 23 65 36 133 6 51 148 181 22 127 
5400 24 1 150 9 
5400 25 22 
5400 26 153 60 14 38 
5400 27 104 2 178 186 
5400 28 1 2 99 68 9 180 
5400 29 196 9 42 52 53 125 
5400 30 0 67 198 107 44 173 77 17 
5400 31 8 80 86 166 113 
5400 32 13 78 84 53 91 63 
5400 33 3 149 190 167 
5400 34 91 70 
5400 35 36 95 
5400 36 35 4 165 6 18 52 23 153 121 
5400 37 42 3 162 198 
5400 38 26 100 143 
5400 39 1 72 111 81 18 116 47 
5400 40 8 95 
5400 41 118 7 
5400 42 192 160 196 37 137 49 85 105 120 100 29 
5400 43 146 156 101 45 
5400 44 107 30 191 
5400 45 107 43 135 183 7 
5400 46 92 54 100 141 6 
5400 47 64 198 39 75 12 176 89 
5400 48 52 186 4 125 
5400 49 112 42 125 
5400 50 121 2 69 186 
5400 51 192 120 58 4 23 
5400 52 36 5 48 156 29 62 69 
5400 53 128 32 104 9 79 176 151 29 
5400 54 194 7 98 110 80 46 159 
5400 55 6 
5400 56 0 90 174 
5400 57 0 121 77 96 127 
5400 58 137 51 147 
5400 59 113 2 10 186 149 
5400 60 9 75 176 178 148 85 26 
5400 61 65 147 164 196 
5400 62 0 106 52 
5400 63 32 137 76 151 
5400 64 2 7 170 75 47 143 
5400 65 9 183 61 23 
5400 66 1 134 171 113 116 159 
5400 67 130 3 101 80 149 30 69 
5400 68 1 155 28 13 22 
5400 69 0 194 67 80 50 52 
5400 70 16 34 84 
5400 71 105 7 
5400 72 75 93 39 
5400 73 144 2 149 158 
5400 74 122 19 196 
5400 75 64 6 72 178 15 82 86 122 47 60 
5400 76 16 63 
5400 77 0 198 106 139 83 117 57 124 30 
5400 78 32 
5400 79 188 13 53 
5400 80 96 67 69 107 54 31 
5400 81 1 39 18 179 180 20 
5400 82 75 99 6 
5400 83 17 91 180 189 77 
5400 84 32 137 125 70 
5400 85 0 169 42 60 86 
5400 86 129 75 14 85 152 94 31 
5400 87 0 177 148 
5400 88 148 94 14 
5400 89 17 90 47 5 117 
5400 90 133 6 113 150 183 56 89 
5400 91 32 1 34 83 
5400 92 46 7 
5400 93 72 145 10 99 138 
5400 94 88 187 13 86 
5400 95 40 161 35 118 7 
5400 96 80 113 2 108 57 
5400 97 8 4 181 
5400 98 7 135 14 16 177 148 54 120 
5400 99 2 170 12 82 28 93 
5400 100 133 42 46 38 7 
5400 101 0 67 165 104 43 175 
5400 102 144 2 10 13 15 
5400 103 0 186 
5400 104 161 2 101 173 112 19 148 53 183 27 127 
5400 105 9 42 71 
5400 106 0 108 77 158 149 186 62 
5400 107 3 44 45 80 150 30 
5400 108 96 2 106 188 186 
5400 109 152 14 119 
5400 110 16 11 54 135 
5400 111 22 14 39 
5400 112 104 1 130 134 49 
5400 113 96 66 59 199 2 143 19 185 90 159 31 
5400 114 169 2 10 17 
5400 115 4 
5400 116 0 66 39 12 175 146 
5400 117 0 89 118 77 166 
5400 118 129 135 41 19 117 95 
5400 119 109 14 
5400 120 98 197 135 137 42 11 172 51 7 155 
5400 121 0 36 5 15 50 57 
5400 122 5 74 75 14 155 138 
5400 123 4 
5400 124 163 77 190 15 
5400 125 129 132 48 49 84 29 
5400 126 8 4 197 
5400 127 104 57 2 23 167 
5400 128 191 53 15 
5400 129 22 14 157 118 86 125 
5400 130 112 1 67 161 
5400 131 144 2 172 
5400 132 0 125 
5400 133 100 199 23 183 153 90 
5400 134 112 1 66 4 22 
5400 135 98 7 45 110 143 118 120 159 
5400 136 8 160 
5400 137 192 42 84 120 58 63 
5400 138 6 93 16 20 122 157 
5400 139 17 77 6 175 
5400 140 5 
5400 141 2 6 46 145 155 157 
5400 142 14 
5400 143 64 113 135 38 7 
5400 144 73 2 131 186 102 
5400 145 141 10 20 93 157 
5400 146 0 193 43 116 199 
5400 147 58 61 
5400 148 98 104 9 87 175 23 88 60 
5400 149 33 2 67 73 106 3 59 
5400 150 3 169 107 173 180 24 90 
5400 151 163 9 15 53 169 190 63 
5400 152 0 109 86 
5400 153 36 133 6 199 183 26 
5400 154 187 188 13 
5400 155 2 68 11 141 120 122 
5400 156 43 52 166 
5400 157 129 10 141 174 145 138 
5400 158 194 73 2 106 15 
5400 159 66 135 169 7 172 113 54 
5400 160 1 198 136 42 186 189 
5400 161 104 130 20 165 95 
5400 162 10 3 37 
5400 163 124 13 151 
5400 164 196 61 
5400 165 161 36 101 
5400 166 156 188 117 31 
5400 167 33 13 127 
5400 168 1 
5400 169 8 171 114 85 150 151 159 
5400 170 0 64 99 
5400 171 0 66 169 176 17 191 
5400 172 120 10 131 159 
5400 173 104 3 150 30 
5400 174 56 157 
5400 175 2 101 199 139 116 148 
5400 176 178 171 60 53 47 
5400 177 98 87 15 
5400 178 176 75 27 60 
5400 179 1 195 197 81 
5400 180 1 81 17 83 150 28 
5400 181 97 4 23 
5400 182 7 
5400 183 65 133 6 104 45 153 90 
5400 184 10 
5400 185 0 113 
5400 186 160 48 2 27 103 106 108 144 50 59 
5400 187 154 13 94 
5400 188 166 10 108 79 16 20 154 
5400 189 160 1 83 
5400 190 33 13 15 151 124 191 
5400 191 128 171 44 13 190 
5400 192 137 42 51 
5400 193 0 146 
5400 194 69 198 17 54 158 197 
5400 195 1 179 9 
5400 196 42 74 164 29 61 
5400 197 120 1 194 179 126 
5400 198 160 1 194 37 77 47 30 
5400 199 4 133 9 175 113 146 22 153 
6000 0 132 5 17 146 21 152 4 185 170 171 30 56 57 62 193 69 77 85 87 101 103 105 106 116 117 121 
6000 1 160 66 195 68 197 198 39 168 9 130 112 81 179 180 24 4 91 28 189 134 
6000 2 131 10 141 15 144 19 149 27 28 158 155 175 50 186 59 64 73 96 99 102 104 108 113 114 127 
6000 3 33 162 67 37 107 173 149 150 
6000 4 0 1 66 115 36 199 13 48 18 51 97 22 68 123 126 181 
6000 5 0 108 106 140 50 52 89 122 62 
6000 6 139 36 138 75 46 82 55 23 25 90 183 153 
6000 7 64 98 100 182 71 41 11 12 45 143 54 120 135 159 92 95 
6000 8 97 66 40 169 136 126 31 
6000 9 1 65 199 179 148 53 151 60 29 
6000 10 2 37 73 75 172 93 145 20 22 184 15 188 157 158 
6000 11 149 110 7 
6000 12 99 166 7 39 78 47 116 154 79 94 
6000 13 32 163 4 167 81 84 22 68 187 190 191 
6000 14 129 98 109 142 111 86 119 88 26 60 
6000 15 128 2 10 108 177 124 191 
6000 16 98 131 76 82 70 
6000 17 0 89 194 83 175 
6000 18 4 126 
6000 19 2 132 74 77 50 118 56 89 
6000 20 161 10 179 145 
6000 21 0 194 132 172 45 177 87 185 91 
6000 22 4 199 10 119 140 13 111 183 109 
6000 23 64 175 133 6 29 
6000 24 1 180 150 39 
6000 25 82 50 122 6 
6000 26 88 153 14 38 
6000 27 2 114 68 178 149 
6000 28 64 1 2 99 100 197 180 
6000 29 160 196 9 42 183 53 138 23 125 
6000 30 0 193 67 107 44 116 
6000 31 8 80 195 153 
6000 32 91 166 13 78 63 
6000 33 3 37 168 121 124 126 
6000 34 169 70 151 
6000 35 40 105 36 92 71 
6000 36 97 35 4 165 6 107 55 
6000 37 160 33 3 10 52 91 189 
6000 38 26 100 109 183 
6000 39 1 72 12 47 179 116 24 
6000 40 66 35 71 8 107 136 171 87 
6000 41 152 64 95 182 7 
6000 42 192 148 164 103 137 49 52 196 29 63 
6000 43 156 101 
6000 44 80 101 173 30 69 
6000 45 194 90 21 7 
6000 46 104 153 141 6 183 
6000 47 176 72 12 198 39 
6000 48 4 103 
6000 49 42 84 101 125 
6000 50 2 5 106 19 25 186 
6000 51 192 97 164 137 181 4 58 
6000 52 42 53 5 166 37 
6000 53 9 52 148 29 191 
6000 54 161 194 135 7 143 179 159 
6000 55 97 82 36 138 6 
6000 56 0 174 144 19 90 122 157 
6000 57 0 105 77 
6000 58 51 147 
6000 59 104 2 143 
6000 60 160 9 196 14 175 
6000 61 65 124 
6000 62 0 5 102 105 141 121 
6000 63 32 112 42 84 
6000 64 2 7 41 170 143 23 28 127 
6000 65 9 61 183 
6000 66 1 4 134 8 171 40 91 
6000 67 184 3 30 
6000 68 1 123 4 13 131 27 
6000 69 0 194 107 44 102 
6000 70 16 34 
6000 71 35 7 72 105 138 110 40 122 
6000 72 71 47 171 158 39 
6000 73 2 109 10 186 
6000 74 102 105 140 19 119 89 124 
6000 75 10 86 116 138 6 
6000 76 16 172 
6000 77 0 96 163 19 180 57 
6000 78 96 32 12 
6000 79 12 
6000 80 161 98 130 44 194 31 191 
6000 81 1 123 180 181 13 
6000 82 99 6 16 55 25 190 
6000 83 17 194 
6000 84 49 63 13 110 137 
6000 85 0 132 199 138 174 148 86 157 159 
6000 86 75 109 14 175 85 152 
6000 87 0 98 40 169 171 88 114 21 152 
6000 88 26 148 14 87 
6000 89 5 74 143 17 19 117 90 
6000 90 6 105 45 113 183 56 89 122 
6000 91 32 1 66 37 149 21 
6000 92 35 135 105 7 110 182 
6000 93 10 157 174 175 
6000 94 195 12 
6000 95 41 107 105 7 
6000 96 2 149 78 77 
6000 97 36 8 183 51 55 4 126 159 
6000 98 128 80 135 7 109 14 16 87 120 158 
6000 99 28 2 12 82 127 
6000 100 28 188 38 7 
6000 101 0 165 137 43 44 49 152 156 
6000 102 128 2 69 167 74 141 176 114 62 191 
6000 103 0 48 106 42 189 
6000 104 2 59 165 134 46 112 110 151 155 158 
6000 105 0 35 71 74 152 57 90 92 62 95 
6000 106 0 50 172 5 103 
6000 107 161 162 3 36 69 165 40 95 30 159 
6000 108 2 131 5 15 
6000 109 98 86 38 73 14 148 22 153 
6000 110 71 104 11 84 182 92 199 
6000 111 129 22 14 
6000 112 104 1 175 63 119 
6000 113 2 141 114 183 152 90 158 
6000 114 2 163 102 113 87 27 
6000 115 160 4 190 
6000 116 0 194 39 12 75 172 117 30 
6000 117 0 89 194 116 198 
6000 118 153 19 125 159 
6000 119 112 74 124 22 14 
6000 120 98 143 7 
6000 121 0 33 62 
6000 122 197 167 71 56 25 90 5 
6000 123 68 4 126 81 
6000 124 33 167 74 183 15 126 119 61 190 
6000 125 49 29 118 129 
6000 126 33 4 197 97 8 18 123 124 127 
6000 127 64 2 99 126 
6000 128 98 148 102 15 
6000 129 187 111 157 14 125 
6000 130 80 1 
6000 131 16 108 2 144 68 
6000 132 0 185 19 85 21 
6000 133 23 
6000 134 104 1 66 
6000 135 98 143 92 54 7 
6000 136 8 40 190 
6000 137 42 51 84 101 182 
6000 138 6 71 75 85 55 29 
6000 139 6 
6000 140 74 5 22 
6000 141 2 102 46 113 155 62 
6000 142 144 14 
6000 143 64 135 7 54 120 89 59 159 
6000 144 56 2 131 142 
6000 145 10 20 
6000 146 0 185 152 
6000 147 196 58 164 190 
6000 148 128 9 42 171 109 53 151 88 85 159 
6000 149 96 2 3 11 162 91 27 
6000 150 24 3 165 173 
6000 151 104 9 34 188 148 
6000 152 0 101 41 113 146 105 86 87 185 
6000 153 6 199 109 46 118 26 31 
6000 154 12 
6000 155 104 2 141 
6000 156 43 101 
6000 157 129 10 174 85 56 93 
6000 158 2 113 104 10 98 72 
6000 159 97 118 7 169 107 143 148 85 54 
6000 160 1 194 37 161 29 115 60 189 
6000 161 160 194 165 107 80 20 54 
6000 162 107 3 149 
6000 163 114 13 77 
6000 164 51 42 147 188 190 
6000 165 161 36 101 104 107 150 
6000 166 32 52 12 
6000 167 122 124 13 102 
6000 168 1 33 
6000 169 8 34 159 87 
6000 170 0 64 
6000 171 0 66 72 40 148 87 
6000 172 76 10 116 106 21 
6000 173 3 44 150 191 
6000 174 56 157 85 93 
6000 175 193 2 112 17 86 23 60 93 
6000 176 102 47 
6000 177 178 21 15 
6000 178 177 27 
6000 179 1 39 9 20 54 189 
6000 180 24 1 28 77 81 
6000 181 81 51 4 
6000 182 137 92 41 110 7 
6000 183 97 38 6 65 46 113 22 90 124 29 
6000 184 10 67 
6000 185 0 152 146 132 21 
6000 186 73 2 50 
6000 187 192 129 13 
6000 188 100 10 164 151 
6000 189 160 1 179 37 103 
6000 190 194 147 136 13 82 115 164 124 
6000 191 102 13 15 80 173 53 
6000 192 42 51 187 
6000 193 0 30 175 
6000 194 160 161 69 45 80 17 83 116 21 54 190 117 
6000 195 1 94 31 
6000 196 42 147 60 29 
6000 197 1 122 28 126 
6000 198 1 117 47 
6000 199 4 9 110 85 22 153 
6600 0 132 5 17 146 21 152 4 185 170 171 30 56 57 62 193 69 77 85 87 101 103 105 106 116 117 121 
6600 1 160 66 195 68 197 198 39 168 9 130 112 81 179 180 24 4 91 28 189 134 
6600 2 131 5 10 141 15 144 19 149 27 28 158 155 170 175 50 186 59 64 73 96 99 102 104 108 113 114 127 
6600 3 33 162 67 37 39 107 173 139 150 116 30 
6600 4 0 1 115 36 197 199 13 48 18 51 97 22 68 123 126 181 
6600 5 0 2 140 52 57 89 122 28 62 
6600 6 36 138 75 46 82 20 55 23 25 90 183 153 
6600 7 64 98 100 182 71 41 11 12 45 143 54 120 135 159 92 95 
6600 8 40 97 136 31 169 
6600 9 1 130 65 28 39 189 147 148 53 151 60 29 
6600 10 2 70 76 172 162 93 16 145 22 73 184 155 188 157 
6600 11 19 59 143 110 7 
6600 12 166 7 78 47 154 79 94 127 
6600 13 32 163 4 102 167 123 84 187 190 191 
6600 14 129 98 109 142 111 53 86 119 88 26 60 
6600 15 128 2 35 151 177 118 87 122 124 62 159 
6600 16 10 138 70 
6600 17 0 194 83 180 171 
6600 18 84 97 4 
6600 19 11 2 155 132 74 
6600 20 161 22 84 93 6 
6600 21 0 66 37 40 172 194 177 190 
6600 22 4 134 10 142 175 81 20 183 
6600 23 46 55 133 6 175 
6600 24 1 83 180 77 
6600 25 34 6 71 75 55 56 
6600 26 98 38 14 174 86 122 93 94 
6600 27 73 2 178 
6600 28 1 2 100 5 9 170 75 
6600 29 196 103 9 42 199 125 31 
6600 30 0 67 44 3 116 117 
6600 31 166 8 109 110 80 86 29 
6600 32 53 154 13 166 63 
6600 33 184 67 3 37 162 
6600 34 197 169 45 178 181 25 
6600 35 36 134 71 107 15 95 
6600 36 35 4 165 6 107 181 55 188 134 166 
6600 37 160 33 3 198 177 114 149 21 
6600 38 100 26 74 61 133 
6600 39 1 3 72 9 177 179 116 127 
6600 40 8 107 172 116 21 153 
6600 41 152 135 118 7 
6600 42 192 164 198 103 137 49 52 120 148 29 
6600 43 49 156 101 
6600 44 194 69 150 30 173 
6600 45 64 34 7 107 172 179 183 
6600 46 6 141 80 146 23 92 
6600 47 176 12 117 
6600 48 4 189 110 
6600 49 42 43 111 84 86 156 
6600 50 56 96 2 69 
6600 51 120 164 58 4 97 
6600 52 160 5 102 42 187 188 62 
6600 53 32 9 154 147 14 
6600 54 135 7 80 179 120 191 
6600 55 97 36 25 6 23 
6600 56 0 25 50 102 
6600 57 0 108 5 62 
6600 58 51 147 
6600 59 2 11 159 
6600 60 103 9 14 110 105 94 
6600 61 62 190 38 
6600 62 0 5 103 15 52 57 121 61 69 
6600 63 32 137 164 
6600 64 2 7 170 143 45 175 95 127 
6600 65 9 124 
6600 66 1 21 
6600 67 33 3 69 168 173 30 
6600 68 1 4 97 172 144 123 
6600 69 0 50 67 44 62 
6600 70 16 10 108 110 151 
6600 71 152 25 35 92 7 
6600 72 138 188 39 
6600 73 2 10 141 186 27 106 
6600 74 122 19 38 
6600 75 128 6 138 178 25 122 28 191 
6600 76 10 84 
6600 77 0 24 195 189 96 
6600 78 96 12 165 
6600 79 12 
6600 80 130 101 46 54 31 197 
6600 81 1 138 99 22 
6600 82 138 6 
6600 83 24 17 91 180 
6600 84 137 76 13 110 49 18 20 
6600 85 0 105 169 171 174 145 148 87 93 159 
6600 86 49 109 14 145 184 26 31 
6600 87 0 132 169 171 109 15 177 85 152 
6600 88 128 195 14 148 122 94 
6600 89 176 90 5 
6600 90 89 100 157 6 
6600 91 1 114 83 173 150 
6600 92 71 105 7 46 148 95 
6600 93 101 10 20 85 26 157 
6600 94 88 60 26 195 12 
6600 95 64 35 7 148 182 92 159 
6600 96 2 166 77 78 50 149 127 
6600 97 68 8 18 51 55 4 
6600 98 26 135 14 7 
6600 99 81 2 116 
6600 100 188 90 28 38 7 
6600 101 0 104 43 174 93 80 146 147 156 157 
6600 102 2 104 108 13 52 56 
6600 103 0 60 42 124 29 62 
6600 104 2 101 102 130 110 113 186 155 158 
6600 105 0 128 135 92 106 171 85 152 60 
6600 106 0 121 73 105 
6600 107 160 161 162 3 36 40 45 35 117 150 159 
6600 108 2 102 70 141 57 121 
6600 109 142 177 14 86 87 153 31 
6600 110 70 135 104 169 11 48 84 60 199 31 
6600 111 49 14 129 
6600 112 1 140 134 
6600 113 2 104 141 143 183 158 
6600 114 144 169 2 91 37 
6600 115 160 136 4 
6600 116 0 99 39 40 146 3 30 
6600 117 0 154 107 30 47 
6600 118 41 135 148 15 
6600 119 140 14 183 
6600 120 192 54 7 42 51 182 159 
6600 121 0 106 108 134 62 
6600 122 5 74 75 140 15 179 88 26 155 127 
6600 123 68 4 13 181 
6600 124 103 65 151 15 
6600 125 192 130 187 132 29 
6600 126 163 4 133 167 
6600 127 64 96 2 39 12 122 
6600 128 88 105 75 191 15 
6600 129 14 111 
6600 130 1 104 9 80 183 125 191 
6600 131 144 2 
6600 132 0 146 19 87 152 125 
6600 133 146 183 38 126 23 
6600 134 1 35 36 199 112 22 121 
6600 135 98 118 7 105 110 54 41 
6600 136 8 115 159 
6600 137 42 84 182 63 
6600 138 6 72 75 16 81 82 
6600 139 3 
6600 140 112 122 5 119 
6600 141 2 73 108 46 113 157 
6600 142 22 109 14 157 
6600 143 64 113 11 172 7 
6600 144 2 131 68 114 158 
6600 145 10 85 86 
6600 146 0 193 132 133 46 116 185 101 
6600 147 9 58 199 101 53 
6600 148 9 42 175 85 118 151 88 92 95 
6600 149 96 2 173 150 37 
6600 150 3 107 44 180 149 151 91 
6600 151 70 9 15 148 150 124 190 
6600 152 0 132 71 105 41 87 185 
6600 153 40 109 6 
6600 154 32 12 53 166 117 
6600 155 122 104 2 19 10 
6600 156 49 43 101 166 
6600 157 101 10 141 142 90 188 93 
6600 158 144 113 2 104 
6600 159 199 136 107 15 120 85 7 59 95 
6600 160 1 37 161 107 173 115 52 
6600 161 160 107 20 
6600 162 107 33 10 3 
6600 163 13 126 
6600 164 42 51 196 63 
6600 165 36 173 78 191 
6600 166 32 96 36 12 154 156 31 
6600 167 190 13 126 191 
6600 168 1 67 
6600 169 34 199 8 110 114 85 87 
6600 170 0 64 2 28 
6600 171 0 105 17 85 87 
6600 172 68 40 10 45 143 21 
6600 173 160 67 165 44 3 149 91 
6600 174 26 85 101 
6600 175 64 2 148 22 23 
6600 176 185 89 47 
6600 177 37 39 109 15 21 87 
6600 178 75 27 34 
6600 179 1 195 39 45 180 54 122 189 
6600 180 1 83 194 17 179 150 24 189 
6600 181 36 34 123 4 
6600 182 120 137 95 7 
6600 183 130 133 6 45 113 22 119 
6600 184 33 10 86 
6600 185 0 176 152 146 
6600 186 104 73 2 
6600 187 52 13 125 
6600 188 100 72 10 52 36 157 
6600 189 1 9 77 48 179 180 
6600 190 167 151 21 13 61 
6600 191 128 130 165 167 75 13 54 
6600 192 120 42 125 
6600 193 0 146 
6600 194 17 180 44 21 
6600 195 88 1 179 77 94 
6600 196 164 29 
6600 197 80 1 34 4 
6600 198 1 42 37 
6600 199 4 134 169 110 147 29 159 
7200 0 132 5 17 146 21 152 4 185 170 171 30 56 57 62 193 69 77 85 87 101 103 105 106 116 117 121 
7200 1 160 66 195 68 197 198 39 168 9 130 112 81 179 180 73 24 4 91 28 189 134 
7200 2 131 5 10 141 15 144 146 19 149 27 28 158 155 175 50 186 59 64 73 96 99 102 104 108 113 114 127 
7200 3 33 162 67 37 39 136 107 173 139 150 116 189 
7200 4 0 1 115 36 199 73 13 48 18 51 97 22 68 123 126 181 
7200 5 0 2 195 105 140 77 14 111 50 52 121 89 122 
7200 6 36 138 75 46 82 20 55 23 25 90 183 153 
7200 7 64 98 100 182 71 41 11 12 45 143 181 54 120 135 159 92 36 95 
7200 8 97 40 169 176 113 31 
7200 9 1 197 198 65 138 147 148 53 151 60 29 
7200 10 2 59 70 76 75 172 93 16 145 184 25 15 188 157 127 
7200 11 172 110 7 
7200 12 36 166 7 75 78 47 154 79 94 
7200 13 32 163 4 167 84 53 22 151 122 187 188 190 191 
7200 14 129 5 75 109 142 111 179 86 119 88 26 
7200 15 128 2 35 10 141 177 163 148 118 151 124 158 
7200 16 10 82 76 98 
7200 17 0 193 194 198 146 83 116 117 
7200 18 97 123 4 126 
7200 19 2 74 113 118 56 122 
7200 20 161 69 22 6 145 
7200 21 0 160 66 136 45 87 
7200 22 130 4 197 39 199 13 175 20 23 
7200 23 133 134 175 148 22 6 
7200 24 1 179 91 180 77 
7200 25 34 6 10 144 122 157 
7200 26 98 38 14 177 148 174 119 93 31 
7200 27 2 59 178 
7200 28 1 2 100 38 39 47 
7200 29 160 196 104 9 42 183 60 125 
7200 30 0 198 107 44 77 149 150 95 
7200 31 8 80 113 26 60 125 159 
7200 32 79 188 13 63 
7200 33 168 3 133 46 149 
7200 34 197 71 169 45 82 150 151 25 
7200 35 71 41 107 15 148 182 
7200 36 4 165 6 7 12 134 159 
7200 37 168 66 3 189 198 
7200 38 64 196 114 26 28 61 
7200 39 1 3 72 47 179 22 28 158 127 
7200 40 71 8 41 136 116 118 148 
7200 41 98 35 135 40 105 7 46 182 
7200 42 192 128 164 198 137 77 49 52 84 60 29 
7200 43 156 101 
7200 44 130 67 101 107 194 80 30 
7200 45 34 7 179 21 54 119 
7200 46 33 101 6 104 41 95 
7200 47 193 194 161 170 107 12 143 39 28 159 
7200 48 4 103 110 142 186 189 
7200 49 112 42 84 
7200 50 2 5 52 77 186 
7200 51 97 58 4 100 
7200 52 5 198 42 108 50 121 186 187 188 189 166 
7200 53 9 154 67 13 
7200 54 64 98 135 7 45 179 
7200 55 97 6 
7200 56 0 19 157 
7200 57 0 105 96 
7200 58 51 147 
7200 59 2 68 10 113 114 27 
7200 60 103 104 9 42 75 175 138 29 31 
7200 61 65 38 
7200 62 0 141 127 
7200 63 32 112 164 
7200 64 2 99 38 7 107 54 92 127 
7200 65 67 9 119 183 151 124 61 
7200 66 1 37 136 113 116 21 159 
7200 67 65 162 3 168 44 104 53 184 
7200 68 1 4 197 97 172 144 59 
7200 69 0 194 107 80 20 119 
7200 70 169 10 188 
7200 71 34 35 7 40 105 182 
7200 72 178 158 39 
7200 73 104 1 2 4 
7200 74 19 196 
7200 75 6 138 12 14 60 10 
7200 76 16 10 
7200 77 0 163 5 167 42 108 50 83 180 117 24 30 
7200 78 96 156 123 12 
7200 79 32 12 
7200 80 130 101 104 107 44 98 31 156 69 197 
7200 81 1 99 181 161 
7200 82 16 122 34 6 
7200 83 17 91 77 189 
7200 84 196 42 13 110 49 100 123 188 
7200 85 0 199 171 125 148 157 159 
7200 86 128 129 195 141 14 88 187 157 
7200 87 0 132 109 148 21 152 
7200 88 128 98 94 86 14 
7200 89 193 5 157 
7200 90 157 133 6 199 
7200 91 1 173 83 149 150 24 
7200 92 64 105 118 7 
7200 93 161 99 101 10 141 174 26 
7200 94 88 187 12 
7200 95 162 135 7 46 148 118 30 159 
7200 96 57 2 102 78 127 
7200 97 4 8 139 18 51 55 68 123 
7200 98 128 80 7 41 16 54 88 26 191 
7200 99 64 81 2 93 
7200 100 133 7 51 84 181 183 28 
7200 101 0 104 43 44 46 175 80 147 152 93 
7200 102 96 2 163 167 158 190 
7200 103 0 48 186 60 
7200 104 2 67 101 73 46 80 113 114 148 150 151 127 60 29 191 
7200 105 0 196 5 71 41 182 151 57 92 
7200 106 0 178 
7200 107 64 160 35 69 44 47 80 3 150 30 159 
7200 108 52 2 188 77 
7200 109 122 158 14 87 
7200 110 199 169 11 48 84 119 120 
7200 111 5 14 
7200 112 1 63 124 134 49 
7200 113 2 131 132 104 66 8 19 155 59 31 
7200 114 2 38 104 171 149 59 190 191 
7200 115 4 142 
7200 116 0 194 3 40 172 66 17 146 127 
7200 117 0 17 77 198 
7200 118 40 15 19 153 92 95 
7200 119 65 69 45 110 14 26 156 
7200 120 164 110 7 
7200 121 0 185 52 5 126 
7200 122 19 5 167 140 109 13 82 179 25 155 
7200 123 84 97 18 4 78 
7200 124 112 65 127 196 15 
7200 125 31 29 85 199 
7200 126 121 18 4 190 167 
7200 127 96 64 2 39 104 10 141 116 124 62 
7200 128 98 42 15 177 86 88 191 
7200 129 86 14 
7200 130 1 161 199 44 80 22 
7200 131 113 2 186 
7200 132 0 113 87 
7200 133 33 100 183 141 146 23 153 90 
7200 134 112 1 36 23 
7200 135 41 95 54 7 
7200 136 193 66 3 40 180 21 
7200 137 42 
7200 138 9 75 60 147 6 
7200 139 97 3 
7200 140 176 122 5 
7200 141 2 133 15 149 86 155 93 62 127 
7200 142 48 115 14 
7200 143 47 7 
7200 144 25 2 68 186 
7200 145 10 20 175 
7200 146 0 2 133 17 116 152 153 
7200 147 196 101 199 9 138 183 58 
7200 148 35 177 40 9 23 15 104 171 87 26 95 183 85 159 
7200 149 33 2 141 114 30 91 158 
7200 150 34 3 165 104 107 91 30 
7200 151 65 34 104 9 183 13 15 105 191 
7200 152 0 185 146 101 87 
7200 153 118 146 133 6 199 
7200 154 187 12 165 53 
7200 155 2 141 113 178 122 186 
7200 156 80 43 78 119 
7200 157 10 174 85 86 25 56 89 90 188 
7200 158 2 102 39 72 109 15 149 
7200 159 66 107 36 197 199 7 47 148 85 95 31 
7200 160 1 194 107 189 21 29 
7200 161 130 165 47 81 20 182 93 
7200 162 67 3 95 
7200 163 186 15 13 102 77 
7200 164 120 42 196 63 
7200 165 161 154 36 150 
7200 166 52 12 
7200 167 102 122 13 126 77 
7200 168 1 67 37 33 
7200 169 8 34 188 110 70 
7200 170 0 47 
7200 171 0 176 114 148 85 191 
7200 172 68 10 11 116 
7200 173 91 3 
7200 174 26 157 93 
7200 175 2 101 145 22 23 60 
7200 176 8 171 140 
7200 177 128 26 148 15 
7200 178 72 106 27 155 
7200 179 1 39 45 14 54 24 122 
7200 180 24 1 136 77 
7200 181 100 4 81 7 
7200 182 161 35 71 105 7 41 
7200 183 65 100 133 6 147 148 151 29 
7200 184 10 67 
7200 185 0 121 152 
7200 186 48 2 163 103 144 50 131 52 155 
7200 187 52 154 86 13 94 
7200 188 32 70 169 10 108 13 84 52 157 
7200 189 160 1 3 37 48 83 52 
7200 190 114 126 196 13 102 
7200 191 128 98 104 171 13 114 151 
7200 192 42 
7200 193 0 17 136 47 89 
7200 194 160 69 44 47 17 116 
7200 195 1 5 86 
7200 196 164 38 105 74 147 84 124 29 190 
7200 197 1 34 68 9 80 22 159 
7200 198 1 37 9 42 17 52 117 30 
7200 199 130 4 110 147 85 22 153 90 125 159 
