0 7200
0 0 171 146 116 21 87 56 185 85 
0 1 68 197 198 39 9 179 180 24 28 
0 2 96 27 102 73 10 141 15 144 114 155 149 59 158 127 
0 3 162 173 
0 4 48 66 115 
0 5 69 140 50 19 57 121 62 
0 6 23 90 183 55 
0 7 64 36 12 45 51 181 183 100 
0 8 40 113 136 31 159 
0 9 1 
0 10 2 11 106 
0 11 120 10 122 110 
0 12 18 47 77 7 
0 13 127 163 167 
0 14 195 75 109 86 88 26 60 94 
0 15 2 124 62 
0 16 98 99 138 76 81 82 
0 17 193 198 77 83 117 89 30 
0 18 97 12 
0 19 74 132 5 118 
0 20 145 161 138 157 93 
0 21 0 40 172 
0 22 129 111 197 142 25 
0 23 190 6 
0 24 1 150 
0 25 102 22 
0 26 14 
0 27 2 139 
0 28 1 
0 29 160 196 103 42 148 52 186 
0 30 17 
0 31 8 
0 32 166 78 79 53 154 187 
0 33 168 91 126 167 
0 34 169 70 150 151 
0 35 71 41 46 182 105 92 95 
0 36 7 
0 37 160 189 
0 38 64 133 143 
0 39 1 
0 40 8 107 21 
0 41 152 35 110 135 
0 42 29 
0 43 83 156 119 
0 44 161 130 67 101 165 104 173 80 191 
0 45 194 7 
0 46 67 35 54 
0 47 170 12 
0 48 160 4 
0 49 192 129 84 125 112 
0 50 5 
0 51 7 
0 52 29 
0 53 32 
0 54 46 
0 55 6 
0 56 0 174 
0 57 5 
0 58 137 147 153 
0 59 2 
0 60 128 176 178 14 
0 61 65 147 164 
0 62 5 15 
0 63 112 137 
0 64 38 7 
0 65 61 
0 66 4 134 
0 67 44 46 
0 68 1 
0 69 5 
0 70 188 34 108 
0 71 35 
0 72 176 177 
0 73 2 
0 74 19 
0 75 14 
0 76 16 
0 77 17 12 
0 78 32 123 
0 79 32 
0 80 44 
0 81 16 
0 82 16 
0 83 17 43 
0 84 49 
0 85 0 93 175 
0 86 152 14 
0 87 0 
0 88 14 
0 89 17 
0 90 6 199 
0 91 33 
0 92 35 
0 93 20 85 
0 94 14 
0 95 35 
0 96 2 
0 97 18 
0 98 16 
0 99 16 
0 100 7 
0 101 44 
0 102 25 2 
0 103 29 
0 104 44 
0 105 35 
0 106 10 
0 107 40 
0 108 131 70 
0 109 14 
0 110 41 11 
0 111 22 
0 112 49 63 
0 113 8 
0 114 2 
0 115 4 
0 116 0 
0 117 17 
0 118 19 
0 119 43 
0 120 11 
0 121 5 
0 122 11 
0 123 78 
0 124 15 
0 125 49 
0 126 33 
0 127 2 13 
0 128 60 
0 129 49 22 
0 130 44 
0 131 108 
0 132 19 
0 133 38 
0 134 66 
0 135 41 
0 136 8 
0 137 58 63 
0 138 16 20 
0 139 27 
0 140 5 
0 141 2 
0 142 22 
0 143 38 
0 144 2 
0 145 20 
0 146 0 
0 147 58 61 
0 148 29 
0 149 2 
0 150 24 34 
0 151 34 
0 152 41 86 
0 153 58 
0 154 32 
0 155 2 
0 156 43 
0 157 20 
0 158 2 
0 159 8 
0 160 48 29 37 
0 161 44 20 
0 162 184 3 
0 163 13 
0 164 61 
0 165 44 
0 166 32 
0 167 33 13 
0 168 33 
0 169 34 
0 170 47 
0 171 0 
0 172 21 
0 173 3 44 
0 174 56 
0 175 85 
0 176 72 60 
0 177 72 
0 178 60 
0 179 1 
0 180 1 
0 181 7 
0 182 35 
0 183 6 7 
0 184 162 
0 185 0 
0 186 29 
0 187 32 
0 188 70 
0 189 37 
0 190 23 
0 191 44 
0 192 49 
0 193 17 
0 194 45 
0 195 14 
0 196 29 
0 197 1 22 
0 198 1 17 
0 199 90 
600 0 101 171 56 146 116 21 87 152 185 85 
600 1 68 197 198 39 9 179 180 24 28 
600 2 96 27 102 73 10 108 141 15 144 114 155 149 59 158 127 
600 3 162 173 150 
600 4 48 115 66 67 
600 5 69 108 140 50 19 57 121 62 
600 6 23 90 183 55 
600 7 64 98 36 54 71 41 11 12 45 51 181 182 183 120 100 92 135 95 
600 8 66 40 113 136 31 159 
600 9 1 
600 10 2 11 106 
600 11 10 122 110 7 
600 12 18 47 77 7 
600 13 167 122 163 191 151 
600 14 195 75 109 86 88 26 60 94 
600 15 2 124 
600 16 98 99 138 76 81 82 
600 17 193 194 198 77 83 117 89 30 
600 18 97 12 126 
600 19 74 132 5 118 
600 20 145 161 138 157 93 
600 21 0 40 172 
600 22 129 111 197 142 25 
600 23 190 6 
600 24 1 150 
600 25 22 
600 26 14 31 
600 27 2 139 
600 28 1 
600 29 160 196 103 105 42 148 52 186 60 
600 30 17 
600 31 8 26 166 
600 32 166 78 79 53 154 187 
600 33 168 91 167 
600 34 169 70 150 
600 35 105 118 46 
600 36 7 
600 37 160 189 
600 38 64 133 143 
600 39 1 
600 40 8 107 21 
600 41 7 
600 42 29 
600 43 83 156 119 
600 44 104 161 130 165 80 
600 45 7 
600 46 35 
600 47 170 12 
600 48 4 
600 49 192 129 84 125 112 
600 50 5 
600 51 7 
600 52 29 
600 53 32 
600 54 7 
600 55 6 
600 56 0 174 
600 57 5 
600 58 137 147 153 
600 59 2 
600 60 128 176 178 29 14 
600 61 65 147 164 
600 62 5 
600 63 112 137 
600 64 38 7 
600 65 61 
600 66 8 4 134 
600 67 4 
600 68 1 
600 69 5 
600 70 34 188 
600 71 7 
600 72 176 177 
600 73 2 
600 74 19 
600 75 14 
600 76 16 
600 77 17 12 
600 78 32 123 
600 79 32 
600 80 44 
600 81 16 
600 82 16 
600 83 17 43 
600 84 49 
600 85 0 175 
600 86 14 
600 87 0 
600 88 14 
600 89 17 
600 90 6 199 
600 91 33 
600 92 7 
600 93 20 
600 94 14 
600 95 7 
600 96 2 
600 97 18 
600 98 16 7 
600 99 16 
600 100 7 
600 101 0 
600 102 2 
600 103 29 
600 104 44 
600 105 35 29 
600 106 10 
600 107 40 
600 108 2 131 5 
600 109 14 
600 110 11 
600 111 22 
600 112 49 63 
600 113 8 
600 114 2 
600 115 4 
600 116 0 
600 117 17 
600 118 35 19 
600 119 43 
600 120 7 
600 121 5 
600 122 11 13 
600 123 78 
600 124 15 
600 125 49 
600 126 18 
600 127 2 
600 128 60 
600 129 49 22 
600 130 44 
600 131 108 
600 132 19 
600 133 38 
600 134 66 
600 135 7 
600 136 8 
600 137 58 63 
600 138 16 20 
600 139 27 
600 140 5 
600 141 2 
600 142 22 
600 143 38 
600 144 2 
600 145 20 
600 146 0 
600 147 58 61 
600 148 29 
600 149 2 
600 150 24 34 3 
600 151 13 
600 152 0 
600 153 58 
600 154 32 
600 155 2 
600 156 43 
600 157 20 
600 158 2 
600 159 8 
600 160 29 37 
600 161 44 20 
600 162 184 3 
600 163 13 
600 164 61 
600 165 44 
600 166 32 31 
600 167 33 13 
600 168 33 
600 169 34 
600 170 47 
600 171 0 
600 172 21 
600 173 3 
600 174 56 
600 175 85 
600 176 72 60 
600 177 72 
600 178 60 
600 179 1 
600 180 1 
600 181 7 
600 182 7 
600 183 6 7 
600 184 162 
600 185 0 
600 186 29 
600 187 32 
600 188 70 
600 189 37 
600 190 23 
600 191 13 
600 192 49 
600 193 17 
600 194 17 
600 195 14 
600 196 29 
600 197 1 22 
600 198 1 17 
600 199 90 
1200 0 132 101 171 56 146 116 21 87 152 185 85 
1200 1 68 197 198 39 9 179 180 24 4 28 
1200 2 96 27 102 73 10 108 141 15 144 113 114 155 149 59 158 127 
1200 3 162 173 150 149 
1200 4 1 66 67 36 97 48 115 18 51 181 123 126 
1200 5 69 108 140 77 50 19 57 121 62 
1200 6 23 90 183 36 55 
1200 7 64 98 36 54 71 41 11 12 45 182 120 100 92 135 95 
1200 8 66 40 113 136 31 159 
1200 9 1 
1200 10 2 172 106 
1200 11 122 110 7 
1200 12 47 7 
1200 13 163 167 15 151 190 191 
1200 14 195 75 109 86 88 26 60 122 94 
1200 15 128 2 124 13 
1200 16 98 99 138 76 81 82 
1200 17 193 194 198 83 117 89 30 
1200 18 4 
1200 19 74 132 5 118 
1200 20 145 161 138 157 93 
1200 21 0 
1200 22 129 111 197 142 25 
1200 23 6 
1200 24 1 
1200 25 22 
1200 26 153 14 
1200 27 2 139 
1200 28 1 
1200 29 160 196 103 105 42 148 52 186 60 
1200 30 17 
1200 31 8 166 
1200 32 166 78 79 53 154 187 
1200 33 168 91 167 
1200 34 169 70 150 
1200 35 118 46 
1200 36 4 6 7 
1200 37 160 189 
1200 38 64 133 143 
1200 39 1 
1200 40 8 107 
1200 41 7 
1200 42 29 
1200 43 83 156 119 
1200 44 104 161 130 165 80 
1200 45 7 
1200 46 35 
1200 47 170 12 
1200 48 4 
1200 49 192 129 84 125 112 
1200 50 5 
1200 51 4 
1200 52 29 
1200 53 32 
1200 54 7 
1200 55 6 
1200 56 0 174 
1200 57 5 
1200 58 137 147 153 
1200 59 2 
1200 60 176 178 29 14 
1200 61 65 147 164 
1200 62 5 
1200 63 112 
1200 64 38 7 
1200 65 61 
1200 66 8 4 134 
1200 67 4 
1200 68 1 
1200 69 5 
1200 70 34 188 
1200 71 7 
1200 72 176 177 
1200 73 2 
1200 74 19 
1200 75 14 
1200 76 16 
1200 77 5 
1200 78 32 
1200 79 32 
1200 80 44 
1200 81 16 
1200 82 16 
1200 83 17 43 
1200 84 49 
1200 85 0 175 
1200 86 184 14 
1200 87 0 
1200 88 14 
1200 89 17 
1200 90 6 199 
1200 91 33 
1200 92 7 
1200 93 20 
1200 94 14 
1200 95 7 
1200 96 2 
1200 97 4 
1200 98 16 7 
1200 99 16 
1200 100 7 
1200 101 0 
1200 102 2 
1200 103 29 
1200 104 44 
1200 105 29 
1200 106 10 
1200 107 40 
1200 108 2 131 5 
1200 109 14 
1200 110 11 
1200 111 22 
1200 112 49 63 
1200 113 8 2 
1200 114 2 
1200 115 4 
1200 116 0 
1200 117 17 
1200 118 35 19 
1200 119 43 
1200 120 7 
1200 121 5 
1200 122 11 14 
1200 123 4 
1200 124 15 
1200 125 49 
1200 126 4 
1200 127 2 
1200 128 15 
1200 129 49 22 
1200 130 44 
1200 131 108 
1200 132 0 19 
1200 133 38 
1200 134 66 
1200 135 7 
1200 136 8 
1200 137 58 
1200 138 16 20 
1200 139 27 
1200 140 5 
1200 141 2 
1200 142 22 
1200 143 38 
1200 144 2 
1200 145 20 
1200 146 0 
1200 147 58 61 
1200 148 29 
1200 149 2 3 
1200 150 34 3 
1200 151 13 
1200 152 0 
1200 153 26 58 
1200 154 32 
1200 155 2 
1200 156 43 
1200 157 20 
1200 158 2 
1200 159 8 
1200 160 29 37 
1200 161 44 20 
1200 162 3 
1200 163 13 
1200 164 61 
1200 165 44 
1200 166 32 31 
1200 167 33 13 
1200 168 33 
1200 169 34 
1200 170 47 
1200 171 0 
1200 172 10 
1200 173 3 
1200 174 56 
1200 175 85 
1200 176 72 60 
1200 177 72 
1200 178 60 
1200 179 1 
1200 180 1 
1200 181 4 
1200 182 7 
1200 183 6 
1200 184 86 
1200 185 0 
1200 186 29 
1200 187 32 
1200 188 70 
1200 189 37 
1200 190 13 
1200 191 13 
1200 192 49 
1200 193 17 
1200 194 17 
1200 195 14 
1200 196 29 
1200 197 1 22 
1200 198 1 17 
1200 199 90 
1800 0 132 101 171 56 146 116 21 87 152 185 85 
1800 1 68 197 198 39 9 179 180 24 4 28 189 
1800 2 96 27 102 104 73 10 108 141 15 144 113 114 155 149 59 158 127 
1800 3 162 173 150 149 
1800 4 1 66 67 36 97 48 115 18 51 181 123 126 
1800 5 69 108 140 77 50 19 57 121 89 122 62 
1800 6 36 55 141 23 153 90 183 
1800 7 64 98 36 54 71 41 11 12 45 143 182 120 100 92 135 95 
1800 8 66 40 169 136 159 31 
1800 9 1 
1800 10 2 172 106 
1800 11 110 7 
1800 12 75 47 116 7 
1800 13 163 167 15 151 190 191 
1800 14 98 195 109 86 88 26 60 94 
1800 15 128 2 124 13 
1800 16 98 99 138 76 81 82 
1800 17 193 194 198 83 117 30 
1800 18 4 
1800 19 74 5 118 
1800 20 145 161 138 157 93 
1800 21 0 
1800 22 129 111 197 142 25 
1800 23 65 130 6 134 148 29 
1800 24 1 
1800 25 22 
1800 26 14 
1800 27 2 139 
1800 28 1 170 38 
1800 29 160 196 103 105 42 52 23 186 
1800 30 17 
1800 31 8 166 
1800 32 166 78 79 53 154 187 
1800 33 168 91 167 
1800 34 169 70 
1800 35 118 46 
1800 36 4 6 7 
1800 37 160 
1800 38 28 133 
1800 39 72 1 177 
1800 40 8 107 
1800 41 7 
1800 42 29 
1800 43 83 156 119 
1800 44 80 161 165 
1800 45 7 
1800 46 35 
1800 47 12 
1800 48 4 
1800 49 192 129 84 125 112 
1800 50 5 
1800 51 4 
1800 52 29 
1800 53 32 
1800 54 7 
1800 55 6 
1800 56 0 174 
1800 57 5 
1800 58 137 147 153 
1800 59 2 
1800 60 176 178 14 
1800 61 65 164 
1800 62 5 
1800 63 112 
1800 64 7 
1800 65 61 23 
1800 66 8 4 
1800 67 4 
1800 68 1 
1800 69 5 
1800 70 34 188 
1800 71 7 
1800 72 39 
1800 73 2 
1800 74 19 
1800 75 12 
1800 76 16 
1800 77 5 
1800 78 32 
1800 79 32 
1800 80 44 
1800 81 16 
1800 82 16 
1800 83 17 43 
1800 84 49 
1800 85 0 175 
1800 86 184 14 
1800 87 0 
1800 88 14 
1800 89 5 
1800 90 6 199 
1800 91 33 
1800 92 7 
1800 93 20 
1800 94 14 
1800 95 7 
1800 96 2 
1800 97 4 
1800 98 16 14 7 
1800 99 16 
1800 100 7 
1800 101 0 
1800 102 2 
1800 103 29 
1800 104 2 
1800 105 29 
1800 106 10 
1800 107 40 
1800 108 2 131 5 
1800 109 14 
1800 110 11 
1800 111 22 
1800 112 49 63 
1800 113 2 
1800 114 2 
1800 115 4 
1800 116 0 12 
1800 117 17 
1800 118 35 19 
1800 119 43 
1800 120 7 
1800 121 5 
1800 122 5 
1800 123 4 
1800 124 15 
1800 125 49 
1800 126 4 
1800 127 2 
1800 128 15 
1800 129 49 22 
1800 130 23 
1800 131 108 
1800 132 0 
1800 133 38 
1800 134 23 
1800 135 7 
1800 136 8 
1800 137 58 
1800 138 16 20 
1800 139 27 
1800 140 5 
1800 141 2 6 
1800 142 22 
1800 143 7 
1800 144 2 
1800 145 20 
1800 146 0 
1800 147 58 
1800 148 23 
1800 149 2 3 
1800 150 3 
1800 151 13 
1800 152 0 
1800 153 58 6 
1800 154 32 
1800 155 2 
1800 156 43 
1800 157 20 
1800 158 2 
1800 159 8 
1800 160 29 37 
1800 161 44 20 
1800 162 3 
1800 163 13 
1800 164 61 
1800 165 44 
1800 166 32 31 
1800 167 33 13 
1800 168 33 
1800 169 8 34 
1800 170 28 
1800 171 0 
1800 172 10 
1800 173 3 
1800 174 56 
1800 175 85 
1800 176 60 
1800 177 39 
1800 178 60 
1800 179 1 
1800 180 1 
1800 181 4 
1800 182 7 
1800 183 6 
1800 184 86 
1800 185 0 
1800 186 29 
1800 187 32 
1800 188 70 
1800 189 1 
1800 190 13 
1800 191 13 
1800 192 49 
1800 193 17 
1800 194 17 
1800 195 14 
1800 196 29 
1800 197 1 22 
1800 198 1 17 
1800 199 90 
2400 0 193 132 101 170 171 17 146 116 85 87 152 185 56 21 30 117 
2400 1 195 68 197 198 39 9 179 180 24 4 28 189 
2400 2 96 27 102 104 73 10 108 141 15 144 113 114 155 149 59 158 127 
2400 3 33 162 67 173 149 150 
2400 4 1 66 67 36 97 48 115 18 51 181 123 126 
2400 5 69 108 140 77 50 19 52 57 121 89 122 62 
2400 6 36 55 46 23 153 90 183 
2400 7 64 98 36 54 71 41 11 12 45 143 182 120 100 92 135 95 
2400 8 97 40 169 136 159 31 
2400 9 1 
2400 10 2 172 106 
2400 11 110 7 
2400 12 75 47 116 7 
2400 13 32 163 167 127 190 79 53 151 154 187 94 191 
2400 14 98 109 86 119 88 26 60 
2400 15 128 2 124 
2400 16 98 99 70 138 76 81 82 131 188 
2400 17 0 194 83 
2400 18 4 
2400 19 74 5 118 
2400 20 145 161 138 157 93 
2400 21 0 
2400 22 129 130 197 65 199 142 111 112 25 175 134 
2400 23 148 29 6 
2400 24 1 
2400 25 22 
2400 26 14 
2400 27 2 139 
2400 28 1 38 
2400 29 160 196 103 105 42 23 186 
2400 30 0 
2400 31 8 166 
2400 32 13 78 
2400 33 168 184 91 3 
2400 34 169 
2400 35 118 
2400 36 4 6 7 
2400 37 160 177 
2400 38 28 133 
2400 39 72 1 
2400 40 8 107 
2400 41 7 
2400 42 29 
2400 43 83 156 
2400 44 80 161 165 
2400 45 7 
2400 46 6 
2400 47 176 178 12 
2400 48 4 
2400 49 192 129 84 125 
2400 50 5 
2400 51 4 
2400 52 5 
2400 53 13 
2400 54 7 
2400 55 6 
2400 56 0 174 
2400 57 5 
2400 58 137 147 153 
2400 59 2 
2400 60 14 
2400 61 65 164 
2400 62 5 
2400 63 112 
2400 64 7 
2400 65 61 22 
2400 66 4 
2400 67 3 4 
2400 68 1 
2400 69 5 
2400 70 16 
2400 71 7 
2400 72 39 
2400 73 2 
2400 74 19 
2400 75 12 
2400 76 16 
2400 77 5 
2400 78 32 
2400 79 13 
2400 80 44 
2400 81 16 
2400 82 16 
2400 83 17 43 
2400 84 49 
2400 85 0 
2400 86 14 
2400 87 0 
2400 88 14 
2400 89 5 
2400 90 6 
2400 91 33 
2400 92 7 
2400 93 20 
2400 94 13 
2400 95 7 
2400 96 2 
2400 97 8 4 
2400 98 16 14 7 
2400 99 16 
2400 100 7 
2400 101 0 
2400 102 2 
2400 103 29 
2400 104 2 
2400 105 29 
2400 106 10 
2400 107 40 
2400 108 2 5 
2400 109 14 
2400 110 11 
2400 111 22 
2400 112 22 63 
2400 113 2 
2400 114 2 
2400 115 4 
2400 116 0 12 
2400 117 0 
2400 118 35 19 
2400 119 14 
2400 120 7 
2400 121 5 
2400 122 5 
2400 123 4 
2400 124 15 
2400 125 49 
2400 126 4 
2400 127 2 13 
2400 128 15 
2400 129 49 22 
2400 130 22 
2400 131 16 
2400 132 0 
2400 133 38 
2400 134 22 
2400 135 7 
2400 136 8 
2400 137 58 
2400 138 16 20 
2400 139 27 
2400 140 5 
2400 141 2 
2400 142 22 
2400 143 7 
2400 144 2 
2400 145 20 
2400 146 0 
2400 147 58 
2400 148 23 
2400 149 2 3 
2400 150 3 
2400 151 13 
2400 152 0 
2400 153 58 6 
2400 154 13 
2400 155 2 
2400 156 43 
2400 157 20 
2400 158 2 
2400 159 8 
2400 160 29 37 
2400 161 44 20 
2400 162 3 
2400 163 13 
2400 164 61 
2400 165 44 
2400 166 31 
2400 167 13 
2400 168 33 
2400 169 8 34 
2400 170 0 
2400 171 0 
2400 172 10 
2400 173 3 
2400 174 56 
2400 175 22 
2400 176 47 
2400 177 37 
2400 178 47 
2400 179 1 
2400 180 1 
2400 181 4 
2400 182 7 
2400 183 6 
2400 184 33 
2400 185 0 
2400 186 29 
2400 187 13 
2400 188 16 
2400 189 1 
2400 190 13 
2400 191 13 
2400 192 49 
2400 193 0 
2400 194 17 
2400 195 1 
2400 196 29 
2400 197 1 22 
2400 198 1 
2400 199 22 
3000 0 132 5 17 146 21 152 185 170 171 30 56 57 62 193 69 77 85 87 101 116 117 121 
3000 1 195 68 197 198 39 9 179 180 24 4 28 189 
3000 2 96 27 102 104 73 10 108 141 15 144 113 114 19 155 149 186 59 158 127 
3000 3 33 162 67 173 149 150 
3000 4 1 66 67 36 97 48 115 18 51 181 123 126 
3000 5 0 108 140 50 52 89 122 
3000 6 36 55 46 23 153 90 183 
3000 7 64 98 36 54 71 41 11 12 45 143 182 120 100 95 92 135 159 
3000 8 40 97 136 169 31 
3000 9 1 
3000 10 2 81 106 172 157 145 20 184 93 
3000 11 110 7 
3000 12 75 47 7 
3000 13 32 163 167 127 190 79 53 151 154 187 94 191 
3000 14 98 109 86 119 88 26 60 
3000 15 128 2 124 
3000 16 98 99 70 138 76 82 131 188 
3000 17 0 194 83 
3000 18 4 
3000 19 2 74 118 
3000 20 161 10 
3000 21 0 177 91 37 
3000 22 129 130 197 65 199 142 111 112 25 175 134 
3000 23 148 133 6 29 
3000 24 1 
3000 25 22 
3000 26 14 
3000 27 2 139 178 
3000 28 1 38 
3000 29 160 196 103 105 42 23 
3000 30 0 
3000 31 8 166 
3000 32 13 78 63 
3000 33 168 3 
3000 34 169 
3000 35 118 
3000 36 4 6 7 
3000 37 21 
3000 38 28 
3000 39 72 1 
3000 40 8 107 
3000 41 7 
3000 42 29 
3000 43 83 156 
3000 44 80 161 165 
3000 45 7 
3000 46 6 
3000 47 176 12 
3000 48 4 
3000 49 192 129 84 125 
3000 50 5 
3000 51 4 
3000 52 5 
3000 53 13 
3000 54 7 
3000 55 6 
3000 56 0 174 
3000 57 0 
3000 58 137 147 182 
3000 59 2 
3000 60 14 
3000 61 65 164 
3000 62 0 
3000 63 32 
3000 64 7 
3000 65 61 22 
3000 66 4 
3000 67 3 4 
3000 68 1 
3000 69 0 
3000 70 16 
3000 71 7 
3000 72 39 
3000 73 2 
3000 74 19 
3000 75 12 
3000 76 16 
3000 77 0 
3000 78 32 
3000 79 13 
3000 80 44 
3000 81 10 
3000 82 16 
3000 83 17 43 
3000 84 49 
3000 85 0 
3000 86 14 
3000 87 0 
3000 88 14 
3000 89 5 
3000 90 6 
3000 91 21 
3000 92 7 
3000 93 10 
3000 94 13 
3000 95 7 
3000 96 2 
3000 97 8 4 
3000 98 16 14 7 
3000 99 16 
3000 100 7 
3000 101 0 
3000 102 2 
3000 103 29 
3000 104 2 
3000 105 29 
3000 106 10 
3000 107 40 
3000 108 2 5 
3000 109 14 
3000 110 11 
3000 111 22 
3000 112 22 
3000 113 2 
3000 114 2 
3000 115 4 
3000 116 0 
3000 117 0 
3000 118 35 19 
3000 119 14 
3000 120 7 
3000 121 0 
3000 122 5 
3000 123 4 
3000 124 15 
3000 125 49 
3000 126 4 
3000 127 2 13 
3000 128 15 
3000 129 49 22 
3000 130 22 
3000 131 16 
3000 132 0 
3000 133 23 
3000 134 22 
3000 135 7 
3000 136 8 
3000 137 58 
3000 138 16 
3000 139 27 
3000 140 5 
3000 141 2 
3000 142 22 
3000 143 7 
3000 144 2 
3000 145 10 
3000 146 0 
3000 147 58 
3000 148 23 
3000 149 2 3 
3000 150 3 
3000 151 13 
3000 152 0 
3000 153 6 
3000 154 13 
3000 155 2 
3000 156 43 
3000 157 10 
3000 158 2 
3000 159 7 
3000 160 29 
3000 161 44 20 
3000 162 3 
3000 163 13 
3000 164 61 
3000 165 44 
3000 166 31 
3000 167 13 
3000 168 33 
3000 169 8 34 
3000 170 0 
3000 171 0 
3000 172 10 
3000 173 3 
3000 174 56 
3000 175 22 
3000 176 47 
3000 177 21 
3000 178 27 
3000 179 1 
3000 180 1 
3000 181 4 
3000 182 58 7 
3000 183 6 
3000 184 10 
3000 185 0 
3000 186 2 
3000 187 13 
3000 188 16 
3000 189 1 
3000 190 13 
3000 191 13 
3000 192 49 
3000 193 0 
3000 194 17 
3000 195 1 
3000 196 29 
3000 197 1 22 
3000 198 1 
3000 199 22 
3600 0 132 5 17 146 21 152 185 170 171 30 56 57 62 193 69 77 85 87 101 106 116 117 121 
3600 1 195 68 197 198 39 9 81 179 180 24 4 28 189 
3600 2 96 131 102 104 73 10 108 141 15 144 113 114 19 155 149 50 186 59 27 158 127 
3600 3 33 162 67 173 149 150 
3600 4 1 66 67 36 51 97 48 18 115 181 22 123 126 
3600 5 0 108 140 52 89 122 
3600 6 36 138 139 46 82 183 23 55 90 153 
3600 7 64 98 36 54 71 41 11 12 45 143 182 120 100 95 92 135 159 
3600 8 40 97 136 169 31 
3600 9 1 
3600 10 2 172 157 145 20 184 93 
3600 11 110 7 
3600 12 99 75 47 7 
3600 13 32 163 102 167 190 79 53 151 154 187 94 191 
3600 14 98 109 86 119 88 26 60 
3600 15 128 2 124 
3600 16 76 98 188 70 
3600 17 0 194 83 
3600 18 4 
3600 19 2 74 118 
3600 20 161 10 
3600 21 0 177 91 37 
3600 22 129 130 4 134 199 142 175 112 25 111 65 
3600 23 148 133 6 29 
3600 24 1 
3600 25 22 
3600 26 14 
3600 27 2 178 
3600 28 1 38 
3600 29 160 196 103 105 42 23 
3600 30 0 
3600 31 8 166 
3600 32 84 13 78 63 
3600 33 168 3 
3600 34 169 
3600 35 118 
3600 36 4 6 7 
3600 37 21 
3600 38 28 
3600 39 72 1 
3600 40 8 107 
3600 41 7 
3600 42 192 49 29 137 
3600 43 83 156 
3600 44 80 161 165 
3600 45 7 
3600 46 6 
3600 47 176 12 
3600 48 4 
3600 49 42 125 
3600 50 2 
3600 51 4 
3600 52 5 
3600 53 13 
3600 54 7 
3600 55 6 
3600 56 0 174 
3600 57 0 
3600 58 137 147 
3600 59 2 
3600 60 14 
3600 61 65 164 
3600 62 0 
3600 63 32 
3600 64 7 
3600 65 61 22 
3600 66 4 
3600 67 3 4 
3600 68 1 
3600 69 0 
3600 70 16 
3600 71 7 
3600 72 39 
3600 73 2 
3600 74 19 
3600 75 12 
3600 76 16 
3600 77 0 
3600 78 32 
3600 79 13 
3600 80 44 
3600 81 1 
3600 82 6 
3600 83 17 43 
3600 84 32 
3600 85 0 
3600 86 14 
3600 87 0 
3600 88 14 
3600 89 5 
3600 90 6 
3600 91 21 
3600 92 7 
3600 93 10 
3600 94 13 
3600 95 7 
3600 96 2 
3600 97 8 4 
3600 98 16 14 7 
3600 99 12 
3600 100 7 
3600 101 0 
3600 102 2 13 
3600 103 29 
3600 104 2 
3600 105 29 
3600 106 0 
3600 107 40 
3600 108 2 5 
3600 109 14 
3600 110 11 
3600 111 22 
3600 112 22 
3600 113 2 
3600 114 2 
3600 115 4 
3600 116 0 
3600 117 0 
3600 118 35 19 
3600 119 14 
3600 120 7 
3600 121 0 
3600 122 5 
3600 123 4 
3600 124 15 
3600 125 49 
3600 126 4 
3600 127 2 
3600 128 15 
3600 129 22 
3600 130 22 
3600 131 2 
3600 132 0 
3600 133 23 
3600 134 22 
3600 135 7 
3600 136 8 
3600 137 42 58 
3600 138 6 
3600 139 6 
3600 140 5 
3600 141 2 
3600 142 22 
3600 143 7 
3600 144 2 
3600 145 10 
3600 146 0 
3600 147 58 
3600 148 23 
3600 149 2 3 
3600 150 3 
3600 151 13 
3600 152 0 
3600 153 6 
3600 154 13 
3600 155 2 
3600 156 43 
3600 157 10 
3600 158 2 
3600 159 7 
3600 160 29 
3600 161 44 20 
3600 162 3 
3600 163 13 
3600 164 61 
3600 165 44 
3600 166 31 
3600 167 13 
3600 168 33 
3600 169 8 34 
3600 170 0 
3600 171 0 
3600 172 10 
3600 173 3 
3600 174 56 
3600 175 22 
3600 176 47 
3600 177 21 
3600 178 27 
3600 179 1 
3600 180 1 
3600 181 4 
3600 182 7 
3600 183 6 
3600 184 10 
3600 185 0 
3600 186 2 
3600 187 13 
3600 188 16 
3600 189 1 
3600 190 13 
3600 191 13 
3600 192 42 
3600 193 0 
3600 194 17 
3600 195 1 
3600 196 29 
3600 197 1 
3600 198 1 
3600 199 22 
4200 0 132 5 17 146 21 152 185 170 171 30 56 57 62 193 69 77 85 87 101 103 106 116 117 121 
4200 1 66 195 68 197 198 39 168 9 130 112 81 179 180 24 4 91 28 189 134 
4200 2 96 131 102 104 73 10 108 141 15 144 113 114 19 155 149 50 186 59 27 158 127 
4200 3 33 162 67 173 149 150 30 
4200 4 1 67 36 51 97 48 18 115 181 22 123 126 
4200 5 0 140 122 52 89 
4200 6 36 138 139 46 82 183 23 55 90 153 
4200 7 64 98 36 54 71 41 11 12 45 143 182 120 100 95 92 135 159 
4200 8 40 97 136 169 31 
4200 9 1 65 199 105 175 148 151 60 29 
4200 10 2 172 157 145 20 184 93 
4200 11 110 7 
4200 12 99 75 47 7 
4200 13 32 163 102 167 190 79 53 154 187 188 94 191 
4200 14 129 98 109 142 111 86 119 88 26 
4200 15 128 177 2 124 
4200 16 98 76 70 
4200 17 0 194 83 
4200 18 4 
4200 19 2 74 118 
4200 20 161 10 
4200 21 0 37 
4200 22 25 4 
4200 23 133 6 
4200 24 1 
4200 25 22 
4200 26 14 
4200 27 2 178 
4200 28 1 38 
4200 29 160 9 42 196 125 
4200 30 0 3 44 
4200 31 8 166 
4200 32 84 13 78 63 
4200 33 3 
4200 34 169 
4200 35 36 
4200 36 35 4 165 6 7 
4200 37 21 
4200 38 28 
4200 39 72 1 
4200 40 8 107 
4200 41 7 
4200 42 192 49 29 137 
4200 43 156 119 
4200 44 80 30 
4200 45 7 
4200 46 6 
4200 47 176 12 
4200 48 4 
4200 49 42 
4200 50 2 
4200 51 4 
4200 52 5 
4200 53 13 
4200 54 7 
4200 55 6 
4200 56 0 174 
4200 57 0 
4200 58 137 147 
4200 59 2 
4200 60 9 
4200 61 65 164 
4200 62 0 
4200 63 32 
4200 64 7 
4200 65 9 61 
4200 66 1 
4200 67 3 4 
4200 68 1 
4200 69 0 
4200 70 16 
4200 71 7 
4200 72 39 
4200 73 2 
4200 74 19 
4200 75 12 
4200 76 16 
4200 77 0 
4200 78 32 
4200 79 13 
4200 80 44 
4200 81 1 
4200 82 6 
4200 83 17 
4200 84 32 
4200 85 0 
4200 86 14 
4200 87 0 
4200 88 14 
4200 89 5 
4200 90 6 
4200 91 1 
4200 92 7 
4200 93 10 
4200 94 13 
4200 95 7 
4200 96 2 
4200 97 8 4 
4200 98 16 14 7 
4200 99 12 
4200 100 7 
4200 101 0 
4200 102 2 13 
4200 103 0 
4200 104 2 
4200 105 9 
4200 106 0 
4200 107 40 
4200 108 2 
4200 109 14 
4200 110 11 
4200 111 14 
4200 112 1 
4200 113 2 
4200 114 2 
4200 115 4 
4200 116 0 
4200 117 0 
4200 118 19 
4200 119 43 14 
4200 120 7 
4200 121 0 
4200 122 5 
4200 123 4 
4200 124 15 
4200 125 29 
4200 126 4 
4200 127 2 
4200 128 15 
4200 129 14 
4200 130 1 
4200 131 2 
4200 132 0 
4200 133 23 
4200 134 1 
4200 135 7 
4200 136 8 
4200 137 42 58 
4200 138 6 
4200 139 6 
4200 140 5 
4200 141 2 
4200 142 14 
4200 143 7 
4200 144 2 
4200 145 10 
4200 146 0 
4200 147 58 
4200 148 9 
4200 149 2 3 
4200 150 3 
4200 151 9 
4200 152 0 
4200 153 6 
4200 154 13 
4200 155 2 
4200 156 43 
4200 157 10 
4200 158 2 
4200 159 7 
4200 160 29 
4200 161 20 
4200 162 3 
4200 163 13 
4200 164 61 
4200 165 36 
4200 166 31 
4200 167 13 
4200 168 1 
4200 169 8 34 
4200 170 0 
4200 171 0 
4200 172 10 
4200 173 3 
4200 174 56 
4200 175 9 
4200 176 47 
4200 177 15 
4200 178 27 
4200 179 1 
4200 180 1 
4200 181 4 
4200 182 7 
4200 183 6 
4200 184 10 
4200 185 0 
4200 186 2 
4200 187 13 
4200 188 13 
4200 189 1 
4200 190 13 
4200 191 13 
4200 192 42 
4200 193 0 
4200 194 17 
4200 195 1 
4200 196 29 
4200 197 1 
4200 198 1 
4200 199 9 
4800 0 132 5 17 146 21 152 185 170 171 30 56 57 62 193 69 77 85 87 101 103 106 116 117 121 
4800 1 66 195 68 197 198 39 168 9 130 112 81 179 180 24 4 91 28 189 134 
4800 2 131 10 141 15 144 19 149 155 28 158 27 170 175 50 186 59 64 73 96 99 102 104 108 113 114 127 
4800 3 33 162 67 107 173 149 150 
4800 4 1 36 51 97 13 48 18 115 181 22 123 126 
4800 5 0 140 122 52 89 
4800 6 139 36 138 75 46 82 183 23 55 90 153 
4800 7 64 98 100 54 71 41 11 12 45 143 92 182 120 95 135 159 
4800 8 40 97 136 169 31 
4800 9 1 65 199 105 148 53 151 60 29 
4800 10 2 172 157 145 20 184 188 93 
4800 11 110 7 
4800 12 47 7 
4800 13 32 163 4 167 79 190 154 187 94 191 
4800 14 129 98 109 142 111 86 119 88 26 
4800 15 128 177 2 124 
4800 16 98 76 70 
4800 17 0 194 83 
4800 18 4 
4800 19 2 74 118 
4800 20 161 10 
4800 21 0 37 
4800 22 25 4 
4800 23 133 6 
4800 24 1 
4800 25 22 
4800 26 38 14 
4800 27 2 178 
4800 28 1 2 
4800 29 160 9 42 196 125 
4800 30 0 44 
4800 31 8 166 
4800 32 84 13 78 63 
4800 33 3 
4800 34 70 
4800 35 36 
4800 36 35 4 165 6 
4800 37 21 
4800 38 26 
4800 39 72 1 
4800 40 8 
4800 41 7 
4800 42 192 49 29 137 
4800 43 156 101 
4800 44 80 30 
4800 45 7 
4800 46 6 
4800 47 176 12 
4800 48 4 
4800 49 42 
4800 50 2 
4800 51 4 
4800 52 5 
4800 53 9 
4800 54 7 
4800 55 6 
4800 56 0 174 
4800 57 0 
4800 58 137 147 
4800 59 2 
4800 60 9 
4800 61 65 164 
4800 62 0 
4800 63 32 
4800 64 2 7 
4800 65 9 61 
4800 66 1 
4800 67 3 
4800 68 1 
4800 69 0 
4800 70 16 34 
4800 71 7 
4800 72 39 
4800 73 2 
4800 74 19 
4800 75 6 
4800 76 16 
4800 77 0 
4800 78 32 
4800 79 13 
4800 80 44 
4800 81 1 
4800 82 6 
4800 83 17 
4800 84 32 
4800 85 0 
4800 86 14 
4800 87 0 
4800 88 14 
4800 89 5 
4800 90 6 
4800 91 1 
4800 92 7 
4800 93 10 
4800 94 13 
4800 95 7 
4800 96 2 
4800 97 8 4 
4800 98 16 14 7 
4800 99 2 
4800 100 7 
4800 101 0 43 
4800 102 2 
4800 103 0 
4800 104 2 
4800 105 9 
4800 106 0 
4800 107 3 
4800 108 2 
4800 109 14 
4800 110 11 
4800 111 14 
4800 112 1 
4800 113 2 
4800 114 2 
4800 115 4 
4800 116 0 
4800 117 0 
4800 118 19 
4800 119 14 
4800 120 7 
4800 121 0 
4800 122 5 
4800 123 4 
4800 124 15 
4800 125 29 
4800 126 4 
4800 127 2 
4800 128 15 
4800 129 14 
4800 130 1 
4800 131 2 
4800 132 0 
4800 133 23 
4800 134 1 
4800 135 7 
4800 136 8 
4800 137 42 58 
4800 138 6 
4800 139 6 
4800 140 5 
4800 141 2 
4800 142 14 
4800 143 7 
4800 144 2 
4800 145 10 
4800 146 0 
4800 147 58 
4800 148 9 
4800 149 2 3 
4800 150 3 
4800 151 9 
4800 152 0 
4800 153 6 
4800 154 13 
4800 155 2 
4800 156 43 
4800 157 10 
4800 158 2 
4800 159 7 
4800 160 29 
4800 161 20 
4800 162 3 
4800 163 13 
4800 164 61 
4800 165 36 
4800 166 31 
4800 167 13 
4800 168 1 
4800 169 8 
4800 170 0 2 
4800 171 0 
4800 172 10 
4800 173 3 
4800 174 56 
4800 175 2 
4800 176 47 
4800 177 15 
4800 178 27 
4800 179 1 
4800 180 1 
4800 181 4 
4800 182 7 
4800 183 6 
4800 184 10 
4800 185 0 
4800 186 2 
4800 187 13 
4800 188 10 
4800 189 1 
4800 190 13 
4800 191 13 
4800 192 42 
4800 193 0 
4800 194 17 
4800 195 1 
4800 196 29 
4800 197 1 
4800 198 1 
4800 199 9 
5400 0 132 5 17 146 21 152 4 185 170 171 30 56 57 62 193 69 77 85 87 101 103 106 116 117 121 
5400 1 160 66 195 68 197 198 39 168 9 130 112 81 179 180 24 4 91 28 189 134 
5400 2 131 10 141 15 144 19 149 155 28 158 27 175 50 186 59 64 73 96 99 102 104 108 113 114 127 
5400 3 33 162 67 37 107 173 149 150 
5400 4 0 1 36 51 97 199 13 48 18 115 181 22 123 126 
5400 5 0 140 122 52 89 
5400 6 139 36 138 75 46 82 183 23 55 90 153 
5400 7 64 98 100 54 71 41 11 12 45 143 92 182 120 95 135 159 
5400 8 40 97 136 169 31 
5400 9 1 65 105 148 53 151 60 29 
5400 10 2 172 157 145 20 184 188 93 
5400 11 110 7 
5400 12 47 7 
5400 13 32 163 4 167 79 190 154 187 94 191 
5400 14 129 98 109 142 111 86 119 88 26 
5400 15 128 177 2 124 
5400 16 98 76 70 
5400 17 0 194 83 
5400 18 4 
5400 19 2 74 118 
5400 20 161 10 
5400 21 0 
5400 22 25 4 
5400 23 133 6 
5400 24 1 
5400 25 22 
5400 26 38 14 
5400 27 2 178 
5400 28 1 2 
5400 29 9 42 196 125 
5400 30 0 44 
5400 31 8 80 166 
5400 32 84 13 78 63 
5400 33 3 
5400 34 70 
5400 35 36 
5400 36 35 4 165 6 
5400 37 3 
5400 38 26 
5400 39 72 1 
5400 40 8 
5400 41 7 
5400 42 192 137 29 49 
5400 43 156 101 
5400 44 30 
5400 45 7 
5400 46 6 
5400 47 176 12 
5400 48 4 
5400 49 42 
5400 50 2 
5400 51 58 4 
5400 52 5 
5400 53 9 
5400 54 7 
5400 55 6 
5400 56 0 174 
5400 57 0 
5400 58 51 147 
5400 59 2 
5400 60 9 
5400 61 65 164 
5400 62 0 
5400 63 32 
5400 64 2 7 
5400 65 9 61 
5400 66 1 
5400 67 3 
5400 68 1 
5400 69 0 
5400 70 16 34 
5400 71 7 
5400 72 39 
5400 73 2 
5400 74 19 
5400 75 6 
5400 76 16 
5400 77 0 
5400 78 32 
5400 79 13 
5400 80 31 
5400 81 1 
5400 82 6 
5400 83 17 
5400 84 32 
5400 85 0 
5400 86 14 
5400 87 0 
5400 88 14 
5400 89 5 
5400 90 6 
5400 91 1 
5400 92 7 
5400 93 10 
5400 94 13 
5400 95 7 
5400 96 2 
5400 97 8 4 
5400 98 16 14 7 
5400 99 2 
5400 100 7 
5400 101 0 43 
5400 102 2 
5400 103 0 
5400 104 2 
5400 105 9 
5400 106 0 
5400 107 3 
5400 108 2 
5400 109 14 
5400 110 11 
5400 111 14 
5400 112 1 
5400 113 2 
5400 114 2 
5400 115 4 
5400 116 0 
5400 117 0 
5400 118 19 
5400 119 14 
5400 120 7 
5400 121 0 
5400 122 5 
5400 123 4 
5400 124 15 
5400 125 29 
5400 126 4 
5400 127 2 
5400 128 15 
5400 129 14 
5400 130 1 
5400 131 2 
5400 132 0 
5400 133 23 
5400 134 1 
5400 135 7 
5400 136 8 
5400 137 42 
5400 138 6 
5400 139 6 
5400 140 5 
5400 141 2 
5400 142 14 
5400 143 7 
5400 144 2 
5400 145 10 
5400 146 0 
5400 147 58 
5400 148 9 
5400 149 2 3 
5400 150 3 
5400 151 9 
5400 152 0 
5400 153 6 
5400 154 13 
5400 155 2 
5400 156 43 
5400 157 10 
5400 158 2 
5400 159 7 
5400 160 1 
5400 161 20 
5400 162 3 
5400 163 13 
5400 164 61 
5400 165 36 
5400 166 31 
5400 167 13 
5400 168 1 
5400 169 8 
5400 170 0 
5400 171 0 
5400 172 10 
5400 173 3 
5400 174 56 
5400 175 2 
5400 176 47 
5400 177 15 
5400 178 27 
5400 179 1 
5400 180 1 
5400 181 4 
5400 182 7 
5400 183 6 
5400 184 10 
5400 185 0 
5400 186 2 
5400 187 13 
5400 188 10 
5400 189 1 
5400 190 13 
5400 191 13 
5400 192 42 
5400 193 0 
5400 194 17 
5400 195 1 
5400 196 29 
5400 197 1 
5400 198 1 
5400 199 4 
6000 0 132 5 17 146 21 152 4 185 170 171 30 56 57 62 193 69 77 85 87 101 103 105 106 116 117 121 
6000 1 160 66 195 68 197 198 39 168 9 130 112 81 179 180 24 4 91 28 189 134 
6000 2 131 10 141 15 144 19 149 155 28 158 27 175 50 186 59 64 73 96 99 102 104 108 113 114 127 
6000 3 33 162 67 37 107 173 149 150 
6000 4 0 1 36 51 97 199 13 48 18 115 181 22 123 126 
6000 5 0 140 122 52 89 
6000 6 139 36 138 75 46 82 55 183 23 25 90 153 
6000 7 64 98 100 54 71 41 11 12 45 143 92 182 120 95 135 159 
6000 8 40 97 136 169 31 
6000 9 1 65 148 53 151 60 29 
6000 10 2 172 157 145 20 184 188 93 
6000 11 110 7 
6000 12 166 7 78 79 154 47 94 
6000 13 32 163 4 167 84 187 190 191 
6000 14 129 98 109 142 111 86 119 88 26 
6000 15 128 177 2 124 
6000 16 98 76 70 
6000 17 0 194 83 
6000 18 4 
6000 19 2 74 118 
6000 20 161 10 
6000 21 0 
6000 22 4 
6000 23 133 6 
6000 24 1 
6000 25 6 
6000 26 38 14 
6000 27 2 178 
6000 28 1 2 
6000 29 9 42 196 125 
6000 30 0 44 
6000 31 8 80 
6000 32 13 63 
6000 33 3 
6000 34 70 
6000 35 36 
6000 36 35 4 165 6 
6000 37 3 
6000 38 26 
6000 39 72 1 
6000 40 8 
6000 41 7 
6000 42 192 137 164 29 49 
6000 43 156 101 
6000 44 30 
6000 45 7 
6000 46 6 
6000 47 176 12 
6000 48 4 
6000 49 42 
6000 50 2 
6000 51 58 4 
6000 52 5 
6000 53 9 
6000 54 7 
6000 55 6 
6000 56 0 174 
6000 57 0 
6000 58 51 147 
6000 59 2 
6000 60 9 
6000 61 65 
6000 62 0 
6000 63 32 
6000 64 2 7 
6000 65 9 61 
6000 66 1 
6000 67 3 
6000 68 1 
6000 69 0 
6000 70 16 34 
6000 71 7 
6000 72 39 
6000 73 2 
6000 74 19 
6000 75 6 
6000 76 16 
6000 77 0 
6000 78 12 
6000 79 12 
6000 80 31 
6000 81 1 
6000 82 6 
6000 83 17 
6000 84 13 
6000 85 0 
6000 86 14 
6000 87 0 
6000 88 14 
6000 89 5 
6000 90 6 
6000 91 1 
6000 92 7 
6000 93 10 
6000 94 12 
6000 95 7 
6000 96 2 
6000 97 8 4 
6000 98 16 14 7 
6000 99 2 
6000 100 7 
6000 101 0 43 
6000 102 2 
6000 103 0 
6000 104 2 
6000 105 0 
6000 106 0 
6000 107 3 
6000 108 2 
6000 109 14 
6000 110 11 
6000 111 14 
6000 112 1 
6000 113 2 
6000 114 2 
6000 115 4 
6000 116 0 
6000 117 0 
6000 118 19 
6000 119 14 
6000 120 7 
6000 121 0 
6000 122 5 
6000 123 4 
6000 124 15 
6000 125 29 
6000 126 4 
6000 127 2 
6000 128 15 
6000 129 14 
6000 130 1 
6000 131 2 
6000 132 0 
6000 133 23 
6000 134 1 
6000 135 7 
6000 136 8 
6000 137 42 
6000 138 6 
6000 139 6 
6000 140 5 
6000 141 2 
6000 142 14 
6000 143 7 
6000 144 2 
6000 145 10 
6000 146 0 
6000 147 58 
6000 148 9 
6000 149 2 3 
6000 150 3 
6000 151 9 
6000 152 0 
6000 153 6 
6000 154 12 
6000 155 2 
6000 156 43 
6000 157 10 
6000 158 2 
6000 159 7 
6000 160 1 
6000 161 20 
6000 162 3 
6000 163 13 
6000 164 42 
6000 165 36 
6000 166 12 
6000 167 13 
6000 168 1 
6000 169 8 
6000 170 0 
6000 171 0 
6000 172 10 
6000 173 3 
6000 174 56 
6000 175 2 
6000 176 47 
6000 177 15 
6000 178 27 
6000 179 1 
6000 180 1 
6000 181 4 
6000 182 7 
6000 183 6 
6000 184 10 
6000 185 0 
6000 186 2 
6000 187 13 
6000 188 10 
6000 189 1 
6000 190 13 
6000 191 13 
6000 192 42 
6000 193 0 
6000 194 17 
6000 195 1 
6000 196 29 
6000 197 1 
6000 198 1 
6000 199 4 
6600 0 132 5 17 146 21 152 4 185 170 171 30 56 57 62 193 69 77 85 87 101 103 105 106 116 117 121 
6600 1 160 66 195 68 197 198 39 168 9 130 112 81 179 180 24 4 91 28 189 134 
6600 2 131 5 10 141 15 144 19 149 155 158 27 175 50 186 59 64 73 96 99 102 104 108 113 114 127 
6600 3 33 162 67 37 39 107 173 139 150 
6600 4 0 1 36 51 97 199 13 48 18 115 181 22 123 126 
6600 5 0 2 140 52 89 122 
6600 6 36 55 138 75 46 82 20 183 23 25 90 153 
6600 7 64 98 100 54 71 41 11 12 45 143 92 182 120 95 135 159 
6600 8 40 97 136 169 31 
6600 9 1 65 147 148 53 151 60 29 
6600 10 2 70 76 172 157 16 145 184 188 93 
6600 11 110 7 
6600 12 166 7 78 79 154 47 94 
6600 13 32 163 4 167 84 187 190 191 
6600 14 129 98 109 142 111 86 119 88 26 
6600 15 128 2 35 177 118 124 
6600 16 10 
6600 17 0 194 83 
6600 18 4 
6600 19 2 74 
6600 20 161 6 
6600 21 0 
6600 22 4 
6600 23 133 6 
6600 24 1 
6600 25 34 6 
6600 26 38 14 174 
6600 27 2 178 
6600 28 1 
6600 29 9 42 196 125 
6600 30 0 44 
6600 31 8 80 
6600 32 13 63 
6600 33 3 
6600 34 25 
6600 35 15 
6600 36 4 165 6 
6600 37 3 
6600 38 26 61 
6600 39 72 1 3 
6600 40 8 
6600 41 7 
6600 42 192 137 164 29 49 
6600 43 156 101 
6600 44 30 
6600 45 7 
6600 46 6 
6600 47 176 12 
6600 48 4 
6600 49 42 
6600 50 2 
6600 51 58 4 
6600 52 5 
6600 53 9 
6600 54 7 
6600 55 6 
6600 56 0 
6600 57 0 
6600 58 51 
6600 59 2 
6600 60 9 
6600 61 38 
6600 62 0 
6600 63 32 
6600 64 2 7 
6600 65 9 
6600 66 1 
6600 67 3 
6600 68 1 
6600 69 0 
6600 70 10 
6600 71 7 
6600 72 39 
6600 73 2 
6600 74 19 
6600 75 6 
6600 76 10 
6600 77 0 
6600 78 12 
6600 79 12 
6600 80 31 
6600 81 1 
6600 82 6 
6600 83 17 
6600 84 13 
6600 85 0 
6600 86 14 
6600 87 0 
6600 88 14 
6600 89 5 
6600 90 6 
6600 91 1 
6600 92 7 
6600 93 10 
6600 94 12 
6600 95 7 
6600 96 2 
6600 97 8 4 
6600 98 14 7 
6600 99 2 
6600 100 7 
6600 101 0 43 
6600 102 2 
6600 103 0 
6600 104 2 
6600 105 0 
6600 106 0 
6600 107 3 
6600 108 2 
6600 109 14 
6600 110 11 
6600 111 14 
6600 112 1 
6600 113 2 
6600 114 2 
6600 115 4 
6600 116 0 
6600 117 0 
6600 118 15 
6600 119 14 
6600 120 7 
6600 121 0 
6600 122 5 
6600 123 4 
6600 124 15 
6600 125 29 
6600 126 4 
6600 127 2 
6600 128 15 
6600 129 14 
6600 130 1 
6600 131 2 
6600 132 0 
6600 133 23 
6600 134 1 
6600 135 7 
6600 136 8 
6600 137 42 
6600 138 6 
6600 139 3 
6600 140 5 
6600 141 2 
6600 142 14 
6600 143 7 
6600 144 2 
6600 145 10 
6600 146 0 
6600 147 9 
6600 148 9 
6600 149 2 
6600 150 3 
6600 151 9 
6600 152 0 
6600 153 6 
6600 154 12 
6600 155 2 
6600 156 43 
6600 157 10 
6600 158 2 
6600 159 7 
6600 160 1 
6600 161 20 
6600 162 3 
6600 163 13 
6600 164 42 
6600 165 36 
6600 166 12 
6600 167 13 
6600 168 1 
6600 169 8 
6600 170 0 
6600 171 0 
6600 172 10 
6600 173 3 
6600 174 26 
6600 175 2 
6600 176 47 
6600 177 15 
6600 178 27 
6600 179 1 
6600 180 1 
6600 181 4 
6600 182 7 
6600 183 6 
6600 184 10 
6600 185 0 
6600 186 2 
6600 187 13 
6600 188 10 
6600 189 1 
6600 190 13 
6600 191 13 
6600 192 42 
6600 193 0 
6600 194 17 
6600 195 1 
6600 196 29 
6600 197 1 
6600 198 1 
6600 199 4 
7200 0 132 5 17 146 21 152 4 185 170 171 30 56 57 62 193 69 77 85 87 101 103 105 106 116 117 121 
7200 1 160 66 195 68 197 198 39 168 9 130 112 81 179 180 73 24 4 91 28 189 134 
7200 2 131 5 10 141 15 144 19 149 155 158 27 175 50 186 59 64 96 99 102 104 108 113 114 127 
7200 3 33 162 67 37 39 136 107 173 139 150 
7200 4 0 1 36 51 97 199 13 48 18 115 181 22 123 126 
7200 5 0 2 140 14 111 52 89 122 
7200 6 36 55 138 75 46 82 20 183 23 25 90 153 
7200 7 64 98 100 54 71 41 11 12 45 143 92 182 120 95 135 159 
7200 8 40 97 176 169 31 
7200 9 1 65 147 148 53 151 60 29 
7200 10 2 70 76 172 157 16 145 184 188 93 
7200 11 110 7 
7200 12 166 7 78 79 154 47 94 
7200 13 32 163 4 167 84 187 190 191 
7200 14 129 5 109 142 86 119 88 26 
7200 15 128 2 35 177 118 124 
7200 16 10 
7200 17 0 194 83 
7200 18 4 
7200 19 2 74 
7200 20 161 6 
7200 21 0 
7200 22 4 
7200 23 133 6 
7200 24 1 
7200 25 34 6 
7200 26 38 14 174 
7200 27 2 178 
7200 28 1 
7200 29 9 42 196 125 
7200 30 0 44 
7200 31 8 80 
7200 32 13 63 
7200 33 3 
7200 34 25 
7200 35 15 
7200 36 4 165 6 
7200 37 3 
7200 38 26 61 
7200 39 72 1 3 
7200 40 8 
7200 41 7 
7200 42 192 137 164 29 49 
7200 43 156 101 
7200 44 30 
7200 45 7 
7200 46 6 
7200 47 12 
7200 48 4 
7200 49 42 
7200 50 2 
7200 51 58 4 
7200 52 5 
7200 53 9 
7200 54 7 
7200 55 6 
7200 56 0 
7200 57 0 
7200 58 51 
7200 59 2 
7200 60 9 
7200 61 38 
7200 62 0 
7200 63 32 
7200 64 2 7 
7200 65 9 
7200 66 1 
7200 67 3 
7200 68 1 
7200 69 0 
7200 70 10 
7200 71 7 
7200 72 39 
7200 73 1 
7200 74 19 
7200 75 6 
7200 76 10 
7200 77 0 
7200 78 12 
7200 79 12 
7200 80 31 
7200 81 1 
7200 82 6 
7200 83 17 
7200 84 13 
7200 85 0 
7200 86 14 
7200 87 0 
7200 88 14 
7200 89 5 
7200 90 6 
7200 91 1 
7200 92 7 
7200 93 10 
7200 94 12 
7200 95 7 
7200 96 2 
7200 97 8 4 
7200 98 7 
7200 99 2 
7200 100 7 
7200 101 0 43 
7200 102 2 
7200 103 0 
7200 104 2 
7200 105 0 
7200 106 0 
7200 107 3 
7200 108 2 
7200 109 14 
7200 110 11 
7200 111 5 
7200 112 1 
7200 113 2 
7200 114 2 
7200 115 4 
7200 116 0 
7200 117 0 
7200 118 15 
7200 119 14 
7200 120 7 
7200 121 0 
7200 122 5 
7200 123 4 
7200 124 15 
7200 125 29 
7200 126 4 
7200 127 2 
7200 128 15 
7200 129 14 
7200 130 1 
7200 131 2 
7200 132 0 
7200 133 23 
7200 134 1 
7200 135 7 
7200 136 3 
7200 137 42 
7200 138 6 
7200 139 3 
7200 140 5 
7200 141 2 
7200 142 14 
7200 143 7 
7200 144 2 
7200 145 10 
7200 146 0 
7200 147 9 
7200 148 9 
7200 149 2 
7200 150 3 
7200 151 9 
7200 152 0 
7200 153 6 
7200 154 12 
7200 155 2 
7200 156 43 
7200 157 10 
7200 158 2 
7200 159 7 
7200 160 1 
7200 161 20 
7200 162 3 
7200 163 13 
7200 164 42 
7200 165 36 
7200 166 12 
7200 167 13 
7200 168 1 
7200 169 8 
7200 170 0 
7200 171 0 
7200 172 10 
7200 173 3 
7200 174 26 
7200 175 2 
7200 176 8 
7200 177 15 
7200 178 27 
7200 179 1 
7200 180 1 
7200 181 4 
7200 182 7 
7200 183 6 
7200 184 10 
7200 185 0 
7200 186 2 
7200 187 13 
7200 188 10 
7200 189 1 
7200 190 13 
7200 191 13 
7200 192 42 
7200 193 0 
7200 194 17 
7200 195 1 
7200 196 29 
7200 197 1 
7200 198 1 
7200 199 4 
