0 0 
0 1 17 2 3 4 220 
0 2 
0 3 1 2 4 6 45 14 
0 4 8 1 12 
0 5 2 4 
0 6 1 2 148 
0 7 10 2 
0 8 3 14 6 
0 9 1 2 
0 10 224 1 2 4 6 17 220 
0 11 224 19 
0 12 14 7 
0 13 1 2 3 4 6 14 20 287 
0 14 10 4 
0 15 20 287 
0 16 
0 17 14 6 
0 18 
0 19 0 11 
0 20 18 287 
0 21 
0 22 18 2 45 14 7 
0 23 251 254 
0 24 225 15 
0 25 2 45 14 
0 26 0 3 
0 27 224 0 107 8 41 10 11 15 19 21 284 
0 28 19 13 21 
0 29 0 2 
0 30 224 1 2 3 4 0 103 10 11 12 15 
0 31 0 5 7 10 15 18 19 
0 32 1 2 3 6 7 
0 33 2 3 6 14 20 287 
0 34 
0 35 3 7 
0 37 1 2 3 6 10 12 
0 38 0 2 
0 39 0 4 21 
0 40 0 1 5 6 8 9 
0 41 
0 42 0 8 196 
0 43 0 34 196 5 7 8 9 13 15 21 
0 44 20 11 148 
0 45 
0 46 0 5 
0 47 2 20 6 
0 48 4 5 
0 49 8 19 15 
0 50 0 3 
0 51 225 5 
0 52 1 2 3 4 6 45 
0 53 1 3 4 7 17 18 21 
0 54 1 18 220 92 21 
0 55 9 3 6 
0 56 18 3 7 
0 57 193 2 3 4 1 10 12 14 17 18 20 
0 58 1 2 3 6 10 12 20 
0 59 0 15 
0 60 0 7 
0 61 224 0 103 41 10 15 
0 62 0 5 
0 63 1 4 7 8 21 92 
0 64 148 5 7 
0 65 0 9 3 5 13 
0 66 3 2 15 5 7 
0 67 1 20 
0 68 0 1 34 4 5 7 8 9 11 13 15 16 19 
0 69 0 1 4 5 9 11 15 16 19 
0 70 2 148 6 
0 71 0 196 9 11 13 173 19 41 250 191 
0 72 254 71 
0 73 0 9 
0 74 0 8 3 5 
0 75 0 8 
0 76 1 13 6 
0 77 1 2 3 6 10 12 20 
0 78 15 19 103 
0 79 225 18 
0 80 0 8 
0 81 0 9 6 
0 82 1 10 3 148 2 
0 83 0 1 34 107 4 5 3 7 8 9 10 11 13 15 16 19 21 196 284 
0 84 8 17 21 7 
0 86 16 5 7 
0 87 0 220 3 4 287 
0 88 0 11 
0 89 3 14 6 
0 90 0 1 4 5 9 11 15 16 19 
0 91 225 21 
0 92 
0 93 1 8 11 12 19 148 284 
0 94 0 5 
0 95 0 9 
0 97 1 2 3 4 6 7 10 12 14 17 25 220 
0 98 0 9 3 5 7 
0 99 2 15 20 287 
0 100 1 2 4 6 7 17 25 220 
0 101 0 191 
0 102 0 9 6 
0 103 
0 104 0 8 
0 105 0 1 3 4 5 7 8 9 10 11 13 15 19 284 
0 106 0 5 7 
0 107 
0 108 0 5 
0 110 225 11 
0 111 0 34 3 196 5 7 8 9 13 15 21 
0 112 1 3 14 6 
0 113 1 2 3 193 11 12 18 21 92 
0 114 0 9 
0 115 8 11 19 
0 116 0 25 12 6 1 
0 117 41 2 7 5 13 
0 118 225 13 
0 119 1 2 3 4 10 45 14 17 18 21 25 
0 120 5 254 173 
0 121 0 14 
0 122 3 18 2 13 7 
0 123 0 1 5 6 8 9 
0 124 0 18 12 2 
0 126 0 1 4 5 7 8 9 10 11 13 16 18 284 
0 129 0 34 3 5 8 13 284 
0 130 16 2 5 7 
0 131 2 220 45 
0 132 2 15 5 7 
0 133 224 193 34 107 196 5 0 7 8 9 10 11 13 15 19 21 41 284 
0 134 225 2 5 6 8 15 
0 136 8 225 18 5 
0 137 0 1 3 4 5 11 13 15 16 
0 138 1 2 3 
0 139 12 4 6 
0 140 0 6 
0 141 1 20 
0 142 0 1 
0 143 2 12 14 
0 144 0 11 
0 145 0 5 
0 146 8 1 10 12 45 
0 147 8 1 4 
0 148 
0 149 5 14 
0 150 0 5 7 103 15 16 
0 151 1 2 3 4 6 10 12 14 17 25 251 220 
0 152 1 2 14 
0 153 3 287 
0 154 1 2 11 12 13 14 21 284 
0 155 250 5 103 
0 156 0 196 103 9 11 13 16 19 41 250 
0 157 0 17 
0 158 0 225 
0 159 0 5 
0 160 1 18 4 7 
0 161 1 2 
0 162 8 20 132 45 
0 163 1 3 4 6 
0 164 224 1 11 8 16 
0 165 1 2 3 4 6 12 14 
0 166 196 18 4 13 7 
0 167 0 196 9 11 13 15 41 
0 169 225 11 
0 170 0 34 5 6 7 8 9 13 
0 171 1 2 3 4 6 10 12 13 14 45 17 148 220 
0 172 1 2 3 4 12 14 17 148 20 
0 173 8 11 284 103 
0 174 1 2 3 193 11 12 16 18 21 92 
0 175 225 5 
0 176 193 2 3 4 6 1 12 17 20 25 287 
0 177 0 2 
0 178 1 2 7 
0 179 0 8 
0 180 1 2 4 6 13 45 17 148 220 
0 181 3 12 14 6 287 
0 182 1 10 3 12 2 
0 183 0 9 5 
0 184 1 2 4 5 225 10 12 20 
0 185 1 2 3 4 6 10 12 20 
0 186 0 14 
0 187 0 1 4 5 7 8 9 10 11 13 16 18 284 
0 188 1 2 7 
0 189 0 1 34 3 4 5 7 9 10 11 13 19 284 
0 190 1 2 3 4 6 7 17 18 
0 191 
0 192 224 1 2 4 5 0 10 11 15 19 
0 193 2 3 
0 194 8 1 2 6 
0 195 1 2 3 4 6 12 45 
0 196 
0 197 0 3 15 5 13 
0 198 0 16 
0 199 8 250 254 191 
0 200 1 2 3 4 6 12 17 18 25 220 287 
0 201 225 1 
0 202 1 2 6 
0 203 0 17 10 3 14 
0 204 191 251 173 71 
0 205 0 34 5 6 7 8 9 
0 206 225 2 3 92 5 
0 207 0 1 4 5 9 11 15 16 19 
0 209 0 10 
0 210 1 2 3 6 
0 211 2 3 4 6 17 148 
0 212 0 1 9 
0 213 0 4 
0 214 193 2 3 4 6 1 10 12 14 17 18 25 287 
0 215 0 8 5 9 
0 216 0 8 5 21 
0 217 0 13 
0 218 0 9 
0 219 196 5 7 13 18 4 
0 220 
0 221 0 17 
0 222 17 225 
0 223 20 2 148 14 287 
0 224 
0 225 1 5 
0 226 0 2 
0 227 8 3 20 
0 228 1 2 3 6 10 12 14 
0 229 0 8 5 
0 230 0 196 103 9 11 13 173 16 19 41 250 191 
0 231 8 15 19 103 
0 232 1 2 3 11 45 20 287 
0 233 1 3 4 
0 234 0 4 
0 235 1 2 4 8 220 19 21 92 
0 236 0 14 
0 237 4 6 14 
0 238 0 9 6 
0 239 0 5 
0 240 0 225 
0 241 0 1 34 3 4 5 7 8 9 10 11 13 15 19 196 284 
0 242 0 284 
0 243 8 6 
0 244 18 2 7 
0 245 0 1 34 4 5 7 8 9 10 11 13 15 16 19 284 
0 246 1 2 3 6 12 14 
0 247 1 10 4 
0 248 1 220 4 21 7 
0 249 8 25 10 12 1 
0 250 
0 251 0 196 9 11 15 41 191 
0 252 1 2 3 4 10 12 14 17 148 25 
0 253 2 4 6 14 
0 254 0 196 9 11 13 15 41 
0 255 1 4 21 
0 256 0 8 3 
0 257 0 9 
0 258 287 20 15 
0 259 2 12 14 
0 260 0 1 4 5 45 19 
0 261 1 2 4 6 7 17 25 220 
0 262 0 2 
0 263 0 5 8 9 11 13 15 284 
0 265 1 2 6 10 12 20 
0 266 0 6 
0 268 0 7 
0 269 0 1 5 7 8 9 10 11 13 16 284 
0 270 224 0 
0 271 8 1 12 45 
0 272 0 7 
0 273 0 8 5 9 
0 274 20 10 4 2 12 
0 275 224 0 15 25 103 
0 276 2 20 14 6 287 
0 277 1 2 4 6 7 17 25 220 
0 278 1 2 3 4 7 17 
0 279 225 7 
0 281 0 9 5 
0 282 1 2 3 4 6 10 17 18 20 25 
0 283 1 10 4 
0 284 
0 285 0 220 
0 286 0 15 
0 287 
0 288 17 148 4 21 
0 289 0 9 3 5 
0 290 0 21 
0 291 0 225 
0 292 0 15 
0 293 1 2 3 14 6 
0 294 0 4 
0 295 2 148 14 6 
0 296 0 14 
0 297 8 1 10 12 45 
0 298 0 1 34 3 4 5 7 8 9 10 11 13 15 19 21 196 284 
0 299 8 1 12 14 6 
900 0 
900 1 17 2 3 4 220 
900 2 
900 3 1 2 4 6 45 14 
900 4 8 1 12 
900 5 2 4 
900 6 1 2 148 
900 7 10 2 
900 8 3 14 6 
900 9 1 2 
900 10 1 2 4 6 17 220 
900 11 19 
900 12 14 7 
900 13 1 2 3 4 6 14 20 287 
900 14 10 4 
900 15 20 287 
900 16 
900 17 14 6 
900 18 
900 19 0 11 
900 20 18 287 
900 21 
900 22 18 2 45 14 7 
900 23 251 254 
900 24 225 15 
900 25 2 45 14 
900 27 0 107 8 41 10 11 15 19 21 284 
900 28 19 13 21 
900 29 0 2 
900 30 0 1 2 3 4 103 10 11 12 15 
900 31 0 5 7 10 15 18 19 
900 32 1 2 3 6 7 
900 33 2 3 6 14 20 287 
900 34 
900 35 3 7 
900 37 1 2 3 6 10 12 
900 38 0 2 
900 39 0 4 21 
900 40 0 1 5 6 8 9 
900 41 
900 42 0 8 196 
900 43 0 34 196 5 7 8 9 13 15 21 
900 44 20 11 148 
900 45 
900 46 0 5 
900 47 2 20 6 
900 48 4 5 
900 50 0 3 
900 51 225 5 
900 52 1 2 3 4 6 45 
900 53 1 3 4 7 17 18 21 
900 54 1 18 220 92 21 
900 55 9 3 6 
900 56 18 3 7 
900 57 193 2 3 4 1 10 12 14 17 18 20 
900 58 1 2 3 6 10 12 20 
900 59 0 15 
900 60 0 7 
900 61 0 41 10 15 103 
900 62 0 5 
900 63 1 4 7 8 21 92 
900 64 148 5 7 
900 65 0 9 3 5 13 
900 67 1 20 
900 68 0 1 34 4 5 7 8 9 11 13 15 16 19 
900 69 0 1 4 5 9 11 15 16 19 
900 70 2 148 6 
900 71 0 196 9 11 13 173 19 41 250 191 
900 72 254 71 
900 73 0 9 
900 74 0 8 3 5 
900 75 0 8 
900 76 1 13 6 
900 78 15 19 103 
900 79 225 18 
900 80 0 8 
900 81 0 9 6 
900 82 1 10 3 148 2 
900 83 0 1 34 107 4 5 3 7 8 9 10 11 13 15 16 19 21 196 284 
900 86 16 5 7 
900 87 0 220 3 4 287 
900 88 0 11 
900 89 3 14 6 
900 90 0 1 4 5 9 11 15 16 19 
900 91 225 21 
900 92 
900 93 1 8 11 12 19 148 284 
900 94 0 5 
900 95 0 9 
900 97 1 2 3 4 6 7 10 12 14 17 25 220 
900 99 2 15 20 287 
900 100 1 2 4 6 7 17 25 220 
900 101 0 191 
900 102 0 9 6 
900 103 
900 104 0 8 
900 105 0 1 3 4 5 7 8 9 10 11 13 15 19 284 
900 106 0 5 7 
900 107 
900 108 0 5 
900 110 225 11 
900 111 0 34 3 196 5 7 8 9 13 15 21 
900 112 1 3 14 6 
900 113 1 2 3 193 11 12 18 21 92 
900 114 0 9 
900 115 8 11 19 
900 116 0 25 12 6 1 
900 117 41 2 7 5 13 
900 118 225 13 
900 119 1 2 3 4 10 45 14 17 18 21 25 
900 120 5 254 173 
900 121 0 14 
900 122 3 18 2 13 7 
900 123 0 1 5 6 8 9 
900 124 0 18 12 2 
900 126 0 1 4 5 7 8 9 10 11 13 16 18 284 
900 129 0 34 3 5 8 13 284 
900 130 16 2 5 7 
900 131 2 220 45 
900 132 2 15 5 7 
900 133 0 193 34 107 196 5 7 8 9 10 11 13 15 19 21 41 284 
900 134 225 2 5 6 8 15 
900 136 8 225 18 5 
900 137 0 1 3 4 5 11 13 15 16 
900 138 1 2 3 
900 139 12 4 6 
900 140 0 6 
900 141 1 20 
900 142 0 1 
900 143 2 12 14 
900 144 0 11 
900 145 0 5 
900 146 8 1 10 12 45 
900 147 8 1 4 
900 148 
900 149 5 14 
900 150 0 5 7 103 15 16 
900 151 1 2 3 4 6 10 12 14 17 25 251 220 
900 152 1 2 14 
900 153 3 287 
900 154 1 2 11 12 13 14 21 284 
900 155 250 5 103 
900 156 0 196 103 9 11 13 16 19 41 250 
900 157 0 17 
900 158 0 225 
900 159 0 5 
900 160 1 18 4 7 
900 161 1 2 
900 162 8 20 132 45 
900 163 1 3 4 6 
900 164 8 1 11 16 
900 165 1 2 3 4 6 12 14 
900 166 196 18 4 13 7 
900 167 0 196 9 11 13 15 41 
900 169 225 11 
900 170 0 34 5 6 7 8 9 13 
900 172 1 2 3 4 12 14 17 148 20 
900 173 8 11 284 103 
900 174 1 2 3 193 11 12 16 18 21 92 
900 175 225 5 
900 176 193 2 3 4 6 1 12 17 20 25 287 
900 177 0 2 
900 178 1 2 7 
900 179 0 8 
900 180 1 2 4 6 13 45 17 148 220 
900 181 3 12 14 6 287 
900 182 1 10 3 12 2 
900 183 0 9 5 
900 184 1 2 4 5 225 10 12 20 
900 185 1 2 3 4 6 10 12 20 
900 186 0 14 
900 187 0 1 4 5 7 8 9 10 11 13 16 18 284 
900 188 1 2 7 
900 189 0 1 34 3 4 5 7 9 10 11 13 19 284 
900 190 1 2 3 4 6 7 17 18 
900 191 
900 192 0 1 2 4 5 10 11 15 19 
900 193 2 3 
900 195 1 2 3 4 6 12 45 
900 196 
900 197 0 3 15 5 13 
900 198 0 16 
900 199 8 250 254 191 
900 200 1 2 3 4 6 12 17 18 25 220 287 
900 201 225 1 
900 202 1 2 6 
900 203 0 17 10 3 14 
900 204 191 251 173 71 
900 205 0 34 5 6 7 8 9 
900 206 225 2 3 92 5 
900 207 0 1 4 5 9 11 15 16 19 
900 209 0 10 
900 210 1 2 3 6 
900 211 2 3 4 6 17 148 
900 212 0 1 9 
900 213 0 4 
900 214 193 2 3 4 6 1 10 12 14 17 18 25 287 
900 215 0 8 5 9 
900 216 0 8 5 21 
900 217 0 13 
900 218 0 9 
900 219 196 5 7 13 18 4 
900 220 
900 221 0 17 
900 222 17 225 
900 223 20 2 148 14 287 
900 225 1 5 
900 226 0 2 
900 227 8 3 20 
900 229 0 8 5 
900 230 0 196 103 9 11 13 173 16 19 41 250 191 
900 231 8 15 19 103 
900 232 1 2 3 11 45 20 287 
900 233 1 3 4 
900 234 0 4 
900 235 1 2 4 8 220 19 21 92 
900 236 0 14 
900 237 4 6 14 
900 238 0 9 6 
900 239 0 5 
900 240 0 225 
900 241 0 1 34 3 4 5 7 8 9 10 11 13 15 19 196 284 
900 242 0 284 
900 243 8 6 
900 244 18 2 7 
900 245 0 1 34 4 5 7 8 9 10 11 13 15 16 19 284 
900 246 1 2 3 6 12 14 
900 247 1 10 4 
900 248 1 220 4 21 7 
900 249 8 25 10 12 1 
900 250 
900 251 0 196 9 11 15 41 191 
900 252 1 2 3 4 10 12 14 17 148 25 
900 253 2 4 6 14 
900 254 0 196 9 11 13 15 41 
900 255 1 4 21 
900 256 0 8 3 
900 257 0 9 
900 258 287 20 15 
900 259 2 12 14 
900 260 0 1 4 5 45 19 
900 261 1 2 4 6 7 17 25 220 
900 262 0 2 
900 265 1 2 6 10 12 20 
900 266 0 6 
900 268 0 7 
900 269 0 1 5 7 8 9 10 11 13 16 284 
900 270 0 
900 271 8 1 12 45 
900 272 0 7 
900 273 0 8 5 9 
900 274 20 10 4 2 12 
900 275 0 25 15 103 
900 276 2 20 14 6 287 
900 277 1 2 4 6 7 17 25 220 
900 278 1 2 3 4 7 17 
900 279 225 7 
900 281 0 9 5 
900 282 1 2 3 4 6 10 17 18 20 25 
900 283 1 10 4 
900 284 
900 285 0 220 
900 287 
900 289 0 9 3 5 
900 290 0 21 
900 291 0 225 
900 292 0 15 
900 293 1 2 3 14 6 
900 294 0 4 
900 295 2 148 14 6 
900 296 0 14 
900 297 8 1 10 12 45 
900 298 0 1 34 3 4 5 7 8 9 10 11 13 15 19 21 196 284 
900 299 8 1 12 14 6 
1800 0 
1800 1 17 2 3 4 220 
1800 2 
1800 3 1 2 4 6 45 14 
1800 4 8 1 12 
1800 5 2 4 
1800 6 1 2 148 
1800 7 10 2 
1800 8 3 14 6 
1800 9 1 2 
1800 10 1 2 4 6 17 220 
1800 11 19 
1800 12 14 7 
1800 13 1 2 3 4 6 14 20 287 
1800 14 10 4 
1800 15 20 287 
1800 16 
1800 17 14 6 
1800 18 
1800 19 0 11 
1800 20 18 287 
1800 21 
1800 22 18 2 45 14 7 
1800 23 251 
1800 24 225 15 
1800 25 2 45 14 
1800 27 0 107 8 41 10 11 15 19 21 
1800 28 19 13 21 
1800 29 0 2 
1800 30 0 1 2 3 4 103 10 11 12 15 
1800 31 0 5 7 10 15 18 19 
1800 32 1 2 3 6 7 
1800 33 2 3 6 14 20 287 
1800 34 
1800 35 3 7 
1800 37 1 2 3 6 10 12 
1800 38 0 2 
1800 39 0 4 21 
1800 40 0 1 5 6 8 9 
1800 41 
1800 42 0 8 196 
1800 43 0 34 196 5 7 8 9 13 15 21 
1800 44 20 11 148 
1800 45 
1800 46 0 5 
1800 47 2 20 6 
1800 48 4 5 
1800 50 0 3 
1800 51 225 5 
1800 52 1 2 3 4 6 45 
1800 53 1 3 4 7 17 18 21 
1800 54 1 18 220 92 21 
1800 55 9 3 6 
1800 56 18 3 7 
1800 57 193 2 3 4 1 10 12 14 17 18 20 
1800 58 1 2 3 6 10 12 20 
1800 59 0 15 
1800 60 0 7 
1800 61 0 41 10 15 103 
1800 62 0 5 
1800 63 1 4 7 8 21 92 
1800 64 148 5 7 
1800 65 0 9 3 5 13 
1800 67 1 20 
1800 68 0 1 34 4 5 7 8 9 11 13 15 16 19 
1800 69 0 1 4 5 9 11 15 16 19 
1800 70 2 148 6 
1800 71 0 196 9 11 13 173 19 41 250 191 
1800 72 71 
1800 73 0 9 
1800 74 0 8 3 5 
1800 75 0 8 
1800 76 1 13 6 
1800 78 15 19 103 
1800 79 225 18 
1800 80 0 8 
1800 81 0 9 6 
1800 82 1 10 3 148 2 
1800 83 0 1 34 107 4 5 3 7 8 9 10 11 13 15 16 19 21 196 
1800 86 16 5 7 
1800 87 0 220 3 4 287 
1800 88 0 11 
1800 89 3 14 6 
1800 90 0 1 4 5 9 11 15 16 19 
1800 91 225 21 
1800 92 
1800 93 1 8 11 12 19 148 
1800 94 0 5 
1800 95 0 9 
1800 97 1 2 3 4 6 7 10 12 14 17 25 220 
1800 99 2 15 20 287 
1800 100 1 2 4 6 7 17 25 220 
1800 101 0 191 
1800 102 0 9 6 
1800 103 
1800 104 0 8 
1800 105 0 1 3 4 5 7 8 9 10 11 13 15 19 
1800 106 0 5 7 
1800 107 
1800 108 0 5 
1800 111 0 34 3 196 5 7 8 9 13 15 21 
1800 112 1 3 14 6 
1800 113 1 2 3 193 11 12 18 21 92 
1800 114 0 9 
1800 115 8 11 19 
1800 116 0 25 12 6 1 
1800 117 41 2 7 5 13 
1800 118 225 13 
1800 119 1 2 3 4 10 45 14 17 18 21 25 
1800 120 5 173 
1800 121 0 14 
1800 122 3 18 2 13 7 
1800 123 0 1 5 6 8 9 
1800 124 0 18 12 2 
1800 126 0 1 4 5 7 8 9 10 11 13 16 18 
1800 129 0 34 3 5 8 13 
1800 130 16 2 5 7 
1800 131 2 220 45 
1800 132 2 15 5 7 
1800 133 0 193 34 107 196 5 7 8 9 10 11 13 15 19 21 41 
1800 134 225 2 5 6 8 15 
1800 136 8 225 18 5 
1800 137 0 1 3 4 5 11 13 15 16 
1800 138 1 2 3 
1800 139 12 4 6 
1800 140 0 6 
1800 141 1 20 
1800 142 0 1 
1800 143 2 12 14 
1800 144 0 11 
1800 146 8 1 10 12 45 
1800 147 8 1 4 
1800 148 
1800 149 5 14 
1800 150 0 5 7 103 15 16 
1800 151 1 2 3 4 6 10 12 14 17 25 251 220 
1800 152 1 2 14 
1800 153 3 287 
1800 154 1 2 11 12 13 14 21 
1800 155 250 5 103 
1800 156 0 196 103 9 11 13 16 19 41 250 
1800 157 0 17 
1800 158 0 225 
1800 159 0 5 
1800 160 1 18 4 7 
1800 161 1 2 
1800 163 1 3 4 6 
1800 164 8 1 11 16 
1800 165 1 2 3 4 6 12 14 
1800 166 196 18 4 13 7 
1800 167 0 196 9 11 13 15 41 
1800 169 225 11 
1800 170 0 34 5 6 7 8 9 13 
1800 172 1 2 3 4 12 14 17 148 20 
1800 173 8 11 103 
1800 174 1 2 3 193 11 12 16 18 21 92 
1800 175 225 5 
1800 176 193 2 3 4 6 1 12 17 20 25 287 
1800 177 0 2 
1800 178 1 2 7 
1800 179 0 8 
1800 180 1 2 4 6 13 45 17 148 220 
1800 181 3 12 14 6 287 
1800 182 1 10 3 12 2 
1800 183 0 9 5 
1800 184 1 2 4 5 225 10 12 20 
1800 185 1 2 3 4 6 10 12 20 
1800 186 0 14 
1800 187 0 1 4 5 7 8 9 10 11 13 16 18 
1800 188 1 2 7 
1800 189 0 1 34 3 4 5 7 9 10 11 13 19 
1800 190 1 2 3 4 6 7 17 18 
1800 191 
1800 192 0 1 2 4 5 10 11 15 19 
1800 193 2 3 
1800 195 1 2 3 4 6 12 45 
1800 196 
1800 197 0 3 15 5 13 
1800 199 8 250 191 
1800 200 1 2 3 4 6 12 17 18 25 220 287 
1800 201 225 1 
1800 203 0 17 10 3 14 
1800 204 191 251 173 71 
1800 205 0 34 5 6 7 8 9 
1800 206 225 2 3 92 5 
1800 207 0 1 4 5 9 11 15 16 19 
1800 209 0 10 
1800 210 1 2 3 6 
1800 211 2 3 4 6 17 148 
1800 212 0 1 9 
1800 213 0 4 
1800 215 0 8 5 9 
1800 216 0 8 5 21 
1800 217 0 13 
1800 218 0 9 
1800 220 
1800 221 0 17 
1800 223 20 2 148 14 287 
1800 225 1 5 
1800 226 0 2 
1800 227 8 3 20 
1800 229 0 8 5 
1800 230 0 196 103 9 11 13 173 16 19 41 250 191 
1800 232 1 2 3 11 45 20 287 
1800 233 1 3 4 
1800 234 0 4 
1800 235 1 2 4 8 220 19 21 92 
1800 236 0 14 
1800 237 4 6 14 
1800 238 0 9 6 
1800 239 0 5 
1800 240 0 225 
1800 241 0 1 34 3 4 5 7 8 9 10 11 13 15 19 196 
1800 242 0 
1800 243 8 6 
1800 244 18 2 7 
1800 245 0 1 34 4 5 7 8 9 10 11 13 15 16 19 
1800 246 1 2 3 6 12 14 
1800 247 1 10 4 
1800 248 1 220 4 21 7 
1800 249 8 25 10 12 1 
1800 250 
1800 251 0 196 9 11 15 41 191 
1800 252 1 2 3 4 10 12 14 17 148 25 
1800 253 2 4 6 14 
1800 255 1 4 21 
1800 256 0 8 3 
1800 257 0 9 
1800 258 287 20 15 
1800 259 2 12 14 
1800 260 0 1 4 5 45 19 
1800 261 1 2 4 6 7 17 25 220 
1800 262 0 2 
1800 265 1 2 6 10 12 20 
1800 266 0 6 
1800 268 0 7 
1800 269 0 1 5 7 8 9 10 11 13 16 
1800 271 8 1 12 45 
1800 272 0 7 
1800 273 0 8 5 9 
1800 274 20 10 4 2 12 
1800 275 0 25 15 103 
1800 276 2 20 14 6 287 
1800 277 1 2 4 6 7 17 25 220 
1800 278 1 2 3 4 7 17 
1800 279 225 7 
1800 281 0 9 5 
1800 282 1 2 3 4 6 10 17 18 20 25 
1800 283 1 10 4 
1800 285 0 220 
1800 287 
1800 289 0 9 3 5 
1800 290 0 21 
1800 292 0 15 
1800 293 1 2 3 14 6 
1800 294 0 4 
1800 295 2 148 14 6 
1800 296 0 14 
1800 297 8 1 10 12 45 
1800 298 0 1 34 3 4 5 7 8 9 10 11 13 15 19 21 196 
1800 299 8 1 12 14 6 
2700 0 
2700 1 17 2 3 4 
2700 2 
2700 3 1 2 4 6 45 14 
2700 4 8 1 12 
2700 5 2 4 
2700 6 1 2 148 
2700 7 10 2 
2700 8 3 14 6 
2700 9 1 2 
2700 10 17 2 4 6 1 
2700 11 19 
2700 12 14 7 
2700 13 1 2 3 4 6 14 20 287 
2700 14 10 4 
2700 15 20 287 
2700 16 
2700 17 14 6 
2700 18 
2700 19 0 11 
2700 20 18 287 
2700 21 
2700 22 18 2 45 14 7 
2700 23 251 
2700 24 225 15 
2700 25 2 45 14 
2700 27 0 107 8 41 10 11 15 19 21 
2700 28 19 13 21 
2700 29 0 2 
2700 30 0 1 2 3 4 103 10 11 12 15 
2700 31 0 5 7 10 15 18 19 
2700 32 1 2 3 6 7 
2700 33 2 3 6 14 20 287 
2700 34 
2700 35 3 7 
2700 37 1 2 3 6 10 12 
2700 38 0 2 
2700 39 0 4 21 
2700 40 0 1 5 6 8 9 
2700 41 
2700 42 0 8 196 
2700 43 0 34 196 5 7 8 9 13 15 21 
2700 44 20 11 148 
2700 45 
2700 46 0 5 
2700 47 2 20 6 
2700 48 4 5 
2700 50 0 3 
2700 51 225 5 
2700 52 1 2 3 4 6 45 
2700 53 1 3 4 7 17 18 21 
2700 54 1 18 92 21 
2700 55 9 3 6 
2700 56 18 3 7 
2700 57 193 2 3 4 1 10 12 14 17 18 20 
2700 58 1 2 3 6 10 12 20 
2700 59 0 15 
2700 60 0 7 
2700 61 0 41 10 15 103 
2700 63 1 4 7 8 21 92 
2700 64 148 5 7 
2700 65 0 9 3 5 13 
2700 67 1 20 
2700 68 0 1 34 4 5 7 8 9 11 13 15 16 19 
2700 69 0 1 4 5 9 11 15 16 19 
2700 70 2 148 6 
2700 71 0 196 9 11 13 173 19 41 191 
2700 72 71 
2700 73 0 9 
2700 74 0 8 3 5 
2700 75 0 8 
2700 76 1 13 6 
2700 78 15 19 103 
2700 79 225 18 
2700 80 0 8 
2700 81 0 9 6 
2700 82 1 10 3 148 2 
2700 83 0 1 34 107 4 5 3 7 8 9 10 11 13 15 16 19 21 196 
2700 86 16 5 7 
2700 87 0 3 4 287 
2700 88 0 11 
2700 89 3 14 6 
2700 90 0 1 4 5 9 11 15 16 19 
2700 91 225 21 
2700 92 
2700 93 1 8 11 12 19 148 
2700 94 0 5 
2700 95 0 9 
2700 99 2 15 20 287 
2700 100 1 2 4 6 7 17 25 
2700 101 0 191 
2700 102 0 9 6 
2700 103 
2700 104 0 8 
2700 106 0 5 7 
2700 107 
2700 108 0 5 
2700 112 1 3 14 6 
2700 113 1 2 3 193 11 12 18 21 92 
2700 114 0 9 
2700 115 8 11 19 
2700 116 0 25 12 6 1 
2700 117 41 2 7 5 13 
2700 118 225 13 
2700 119 1 2 3 4 10 45 14 17 18 21 25 
2700 120 5 173 
2700 121 0 14 
2700 122 3 18 2 13 7 
2700 123 0 1 5 6 8 9 
2700 124 0 18 12 2 
2700 129 0 34 3 5 8 13 
2700 130 16 2 5 7 
2700 132 2 15 5 7 
2700 133 0 193 34 107 196 5 7 8 9 10 11 13 15 19 21 41 
2700 134 225 2 5 6 8 15 
2700 136 8 225 18 5 
2700 137 0 1 3 4 5 11 13 15 16 
2700 138 1 2 3 
2700 139 12 4 6 
2700 140 0 6 
2700 141 1 20 
2700 142 0 1 
2700 143 2 12 14 
2700 144 0 11 
2700 146 8 1 10 12 45 
2700 147 8 1 4 
2700 148 
2700 149 5 14 
2700 150 0 5 7 103 15 16 
2700 151 1 2 3 4 6 10 12 14 17 25 251 
2700 152 1 2 14 
2700 153 3 287 
2700 154 1 2 11 12 13 14 21 
2700 155 5 103 
2700 156 0 196 103 9 11 13 16 19 41 
2700 157 0 17 
2700 158 0 225 
2700 159 0 5 
2700 160 1 18 4 7 
2700 161 1 2 
2700 163 1 3 4 6 
2700 164 8 1 11 16 
2700 165 1 2 3 4 6 12 14 
2700 166 196 18 4 13 7 
2700 167 0 196 9 11 13 15 41 
2700 170 0 34 5 6 7 8 9 13 
2700 172 1 2 3 4 12 14 17 148 20 
2700 173 8 11 103 
2700 174 1 2 3 193 11 12 16 18 21 92 
2700 175 225 5 
2700 176 193 2 3 4 6 1 12 17 20 25 287 
2700 177 0 2 
2700 178 1 2 7 
2700 179 0 8 
2700 180 1 2 4 6 13 45 17 148 
2700 181 3 12 14 6 287 
2700 182 1 10 3 12 2 
2700 183 0 9 5 
2700 184 1 2 4 5 225 10 12 20 
2700 185 1 2 3 4 6 10 12 20 
2700 186 0 14 
2700 187 0 1 4 5 7 8 9 10 11 13 16 18 
2700 188 1 2 7 
2700 189 0 1 34 3 4 5 7 9 10 11 13 19 
2700 190 1 2 3 4 6 7 17 18 
2700 191 
2700 192 0 1 2 4 5 10 11 15 19 
2700 193 2 3 
2700 195 1 2 3 4 6 12 45 
2700 196 
2700 197 0 3 15 5 13 
2700 199 8 191 
2700 200 1 2 3 4 6 12 17 18 25 287 
2700 201 225 1 
2700 203 0 17 10 3 14 
2700 204 191 251 173 71 
2700 206 225 2 3 92 5 
2700 207 0 1 4 5 9 11 15 16 19 
2700 209 0 10 
2700 210 1 2 3 6 
2700 211 2 3 4 6 17 148 
2700 212 0 1 9 
2700 213 0 4 
2700 215 0 8 5 9 
2700 216 0 8 5 21 
2700 217 0 13 
2700 218 0 9 
2700 221 0 17 
2700 223 20 2 148 14 287 
2700 225 1 5 
2700 227 8 3 20 
2700 229 0 8 5 
2700 230 0 196 103 9 11 13 173 16 19 41 191 
2700 232 1 2 3 11 45 20 287 
2700 233 1 3 4 
2700 234 0 4 
2700 235 1 2 4 8 19 21 92 
2700 236 0 14 
2700 237 4 6 14 
2700 238 0 9 6 
2700 239 0 5 
2700 241 0 1 34 3 4 5 7 8 9 10 11 13 15 19 196 
2700 242 0 
2700 243 8 6 
2700 244 18 2 7 
2700 245 0 1 34 4 5 7 8 9 10 11 13 15 16 19 
2700 246 1 2 3 6 12 14 
2700 247 1 10 4 
2700 248 1 4 21 7 
2700 249 8 25 10 12 1 
2700 251 0 196 9 11 15 41 191 
2700 252 1 2 3 4 10 12 14 17 148 25 
2700 255 1 4 21 
2700 256 0 8 3 
2700 257 0 9 
2700 258 287 20 15 
2700 259 2 12 14 
2700 260 0 1 4 5 45 19 
2700 261 1 2 4 6 7 17 25 
2700 262 0 2 
2700 265 1 2 6 10 12 20 
2700 266 0 6 
2700 268 0 7 
2700 269 0 1 5 7 8 9 10 11 13 16 
2700 271 8 1 12 45 
2700 272 0 7 
2700 273 0 8 5 9 
2700 274 20 10 4 2 12 
2700 275 0 25 15 103 
2700 276 2 20 14 6 287 
2700 277 1 2 4 6 7 17 25 
2700 278 1 2 3 4 7 17 
2700 279 225 7 
2700 281 0 9 5 
2700 282 1 2 3 4 6 10 17 18 20 25 
2700 283 1 10 4 
2700 285 0 
2700 287 
2700 289 0 9 3 5 
2700 290 0 21 
2700 292 0 15 
2700 293 1 2 3 14 6 
2700 294 0 4 
2700 295 2 148 14 6 
2700 296 0 14 
2700 297 8 1 10 12 45 
2700 298 0 1 34 3 4 5 7 8 9 10 11 13 15 19 21 196 
2700 299 8 1 12 14 6 
3600 0 
3600 1 17 2 3 4 
3600 2 
3600 3 1 2 4 6 45 14 
3600 4 8 1 12 
3600 5 2 4 
3600 6 1 2 148 
3600 7 10 2 
3600 8 3 14 6 
3600 9 1 2 
3600 10 17 2 4 6 1 
3600 11 19 
3600 12 14 7 
3600 13 1 2 3 4 6 14 20 287 
3600 14 10 4 
3600 15 20 287 
3600 16 
3600 17 14 6 
3600 18 
3600 19 0 11 
3600 20 18 287 
3600 21 
3600 22 18 2 45 14 7 
3600 23 251 
3600 24 225 15 
3600 25 2 45 14 
3600 27 0 107 8 41 10 11 15 19 21 
3600 28 19 13 21 
3600 29 0 2 
3600 30 0 1 2 3 4 103 10 11 12 15 
3600 31 0 5 7 10 15 18 19 
3600 32 1 2 3 6 7 
3600 34 
3600 35 3 7 
3600 37 1 2 3 6 10 12 
3600 39 0 4 21 
3600 40 0 1 5 6 8 9 
3600 41 
3600 42 0 8 196 
3600 43 0 34 196 5 7 8 9 13 15 21 
3600 44 20 11 148 
3600 45 
3600 46 0 5 
3600 47 2 20 6 
3600 48 4 5 
3600 50 0 3 
3600 51 225 5 
3600 52 1 2 3 4 6 45 
3600 53 1 3 4 7 17 18 21 
3600 54 1 18 92 21 
3600 55 9 3 6 
3600 56 18 3 7 
3600 57 193 2 3 4 1 10 12 14 17 18 20 
3600 59 0 15 
3600 60 0 7 
3600 61 0 41 10 15 103 
3600 63 1 4 7 8 21 92 
3600 64 148 5 7 
3600 65 0 9 3 5 13 
3600 67 1 20 
3600 68 0 1 34 4 5 7 8 9 11 13 15 16 19 
3600 69 0 1 4 5 9 11 15 16 19 
3600 70 2 148 6 
3600 71 0 196 9 11 13 173 19 41 191 
3600 72 71 
3600 73 0 9 
3600 74 0 8 3 5 
3600 75 0 8 
3600 76 1 13 6 
3600 79 225 18 
3600 80 0 8 
3600 81 0 9 6 
3600 82 1 10 3 148 2 
3600 83 0 1 34 107 4 5 3 7 8 9 10 11 13 15 16 19 21 196 
3600 86 16 5 7 
3600 87 0 3 4 287 
3600 88 0 11 
3600 89 3 14 6 
3600 90 0 1 4 5 9 11 15 16 19 
3600 91 225 21 
3600 92 
3600 93 1 8 11 12 19 148 
3600 94 0 5 
3600 95 0 9 
3600 99 2 15 20 287 
3600 100 1 2 4 6 7 17 25 
3600 101 0 191 
3600 102 0 9 6 
3600 103 
3600 104 0 8 
3600 106 0 5 7 
3600 107 
3600 112 1 3 14 6 
3600 113 1 2 3 193 11 12 18 21 92 
3600 114 0 9 
3600 115 8 11 19 
3600 116 0 25 12 6 1 
3600 117 41 2 7 5 13 
3600 118 225 13 
3600 121 0 14 
3600 122 3 18 2 13 7 
3600 123 0 1 5 6 8 9 
3600 124 0 18 12 2 
3600 129 0 34 3 5 8 13 
3600 130 16 2 5 7 
3600 132 2 15 5 7 
3600 134 225 2 5 6 8 15 
3600 136 8 225 18 5 
3600 137 0 1 3 4 5 11 13 15 16 
3600 138 1 2 3 
3600 139 12 4 6 
3600 140 0 6 
3600 141 1 20 
3600 142 0 1 
3600 144 0 11 
3600 146 8 1 10 12 45 
3600 147 8 1 4 
3600 148 
3600 149 5 14 
3600 150 0 5 7 103 15 16 
3600 151 1 2 3 4 6 10 12 14 17 25 251 
3600 152 1 2 14 
3600 153 3 287 
3600 154 1 2 11 12 13 14 21 
3600 155 5 103 
3600 156 0 196 103 9 11 13 16 19 41 
3600 157 0 17 
3600 158 0 225 
3600 159 0 5 
3600 160 1 18 4 7 
3600 161 1 2 
3600 163 1 3 4 6 
3600 164 8 1 11 16 
3600 165 1 2 3 4 6 12 14 
3600 166 196 18 4 13 7 
3600 167 0 196 9 11 13 15 41 
3600 170 0 34 5 6 7 8 9 13 
3600 172 1 2 3 4 12 14 17 148 20 
3600 173 8 11 103 
3600 174 1 2 3 193 11 12 16 18 21 92 
3600 175 225 5 
3600 176 193 2 3 4 6 1 12 17 20 25 287 
3600 177 0 2 
3600 178 1 2 7 
3600 179 0 8 
3600 181 3 12 14 6 287 
3600 182 1 10 3 12 2 
3600 183 0 9 5 
3600 184 1 2 4 5 225 10 12 20 
3600 185 1 2 3 4 6 10 12 20 
3600 186 0 14 
3600 187 0 1 4 5 7 8 9 10 11 13 16 18 
3600 188 1 2 7 
3600 189 0 1 34 3 4 5 7 9 10 11 13 19 
3600 190 1 2 3 4 6 7 17 18 
3600 191 
3600 192 0 1 2 4 5 10 11 15 19 
3600 193 2 3 
3600 195 1 2 3 4 6 12 45 
3600 196 
3600 197 0 3 15 5 13 
3600 199 8 191 
3600 201 225 1 
3600 203 0 17 10 3 14 
3600 204 191 251 173 71 
3600 206 225 2 3 92 5 
3600 207 0 1 4 5 9 11 15 16 19 
3600 209 0 10 
3600 210 1 2 3 6 
3600 211 2 3 4 6 17 148 
3600 212 0 1 9 
3600 213 0 4 
3600 215 0 8 5 9 
3600 216 0 8 5 21 
3600 217 0 13 
3600 218 0 9 
3600 221 0 17 
3600 223 20 2 148 14 287 
3600 225 1 5 
3600 227 8 3 20 
3600 229 0 8 5 
3600 230 0 196 103 9 11 13 173 16 19 41 191 
3600 232 1 2 3 11 45 20 287 
3600 233 1 3 4 
3600 234 0 4 
3600 235 1 2 4 8 19 21 92 
3600 236 0 14 
3600 237 4 6 14 
3600 238 0 9 6 
3600 239 0 5 
3600 241 0 1 34 3 4 5 7 8 9 10 11 13 15 19 196 
3600 242 0 
3600 243 8 6 
3600 244 18 2 7 
3600 245 0 1 34 4 5 7 8 9 10 11 13 15 16 19 
3600 246 1 2 3 6 12 14 
3600 247 1 10 4 
3600 248 1 4 21 7 
3600 249 8 25 10 12 1 
3600 251 0 196 9 11 15 41 191 
3600 252 1 2 3 4 10 12 14 17 148 25 
3600 255 1 4 21 
3600 256 0 8 3 
3600 257 0 9 
3600 258 287 20 15 
3600 259 2 12 14 
3600 260 0 1 4 5 45 19 
3600 261 1 2 4 6 7 17 25 
3600 262 0 2 
3600 265 1 2 6 10 12 20 
3600 266 0 6 
3600 268 0 7 
3600 269 0 1 5 7 8 9 10 11 13 16 
3600 271 8 1 12 45 
3600 272 0 7 
3600 273 0 8 5 9 
3600 274 20 10 4 2 12 
3600 275 0 25 15 103 
3600 277 1 2 4 6 7 17 25 
3600 279 225 7 
3600 281 0 9 5 
3600 282 1 2 3 4 6 10 17 18 20 25 
3600 283 1 10 4 
3600 285 0 
3600 287 
3600 289 0 9 3 5 
3600 290 0 21 
3600 292 0 15 
3600 293 1 2 3 14 6 
3600 294 0 4 
3600 295 2 148 14 6 
3600 296 0 14 
3600 297 8 1 10 12 45 
3600 298 0 1 34 3 4 5 7 8 9 10 11 13 15 19 21 196 
3600 299 8 1 12 14 6 
4500 0 
4500 1 17 2 3 4 
4500 2 
4500 3 1 2 4 6 45 14 
4500 4 8 1 12 
4500 5 2 4 
4500 6 1 2 148 
4500 7 10 2 
4500 8 3 14 6 
4500 9 1 2 
4500 10 17 2 4 6 1 
4500 11 19 
4500 12 14 7 
4500 13 1 2 3 4 6 14 20 287 
4500 14 10 4 
4500 15 20 287 
4500 16 
4500 17 14 6 
4500 18 
4500 19 0 11 
4500 20 18 287 
4500 21 
4500 22 18 2 45 14 7 
4500 23 251 
4500 24 225 15 
4500 25 2 45 14 
4500 27 0 107 8 41 10 11 15 19 21 
4500 28 19 13 21 
4500 29 0 2 
4500 30 0 1 2 3 4 103 10 11 12 15 
4500 31 0 5 7 10 15 18 19 
4500 34 
4500 35 3 7 
4500 37 1 2 3 6 10 12 
4500 40 0 1 5 6 8 9 
4500 41 
4500 42 0 8 196 
4500 43 0 34 196 5 7 8 9 13 15 21 
4500 44 20 11 148 
4500 45 
4500 46 0 5 
4500 47 2 20 6 
4500 48 4 5 
4500 50 0 3 
4500 51 225 5 
4500 52 1 2 3 4 6 45 
4500 54 1 18 92 21 
4500 55 9 3 6 
4500 57 193 2 3 4 1 10 12 14 17 18 20 
4500 59 0 15 
4500 63 1 4 7 8 21 92 
4500 64 148 5 7 
4500 65 0 9 3 5 13 
4500 67 1 20 
4500 68 0 1 34 4 5 7 8 9 11 13 15 16 19 
4500 69 0 1 4 5 9 11 15 16 19 
4500 70 2 148 6 
4500 71 0 196 9 11 13 173 19 41 191 
4500 72 71 
4500 73 0 9 
4500 74 0 8 3 5 
4500 75 0 8 
4500 76 1 13 6 
4500 79 225 18 
4500 80 0 8 
4500 81 0 9 6 
4500 82 1 10 3 148 2 
4500 83 0 1 34 107 4 5 3 7 8 9 10 11 13 15 16 19 21 196 
4500 86 16 5 7 
4500 87 0 3 4 287 
4500 88 0 11 
4500 89 3 14 6 
4500 90 0 1 4 5 9 11 15 16 19 
4500 91 225 21 
4500 92 
4500 93 1 8 11 12 19 148 
4500 94 0 5 
4500 95 0 9 
4500 99 2 15 20 287 
4500 100 1 2 4 6 7 17 25 
4500 101 0 191 
4500 102 0 9 6 
4500 103 
4500 104 0 8 
4500 106 0 5 7 
4500 107 
4500 112 1 3 14 6 
4500 113 1 2 3 193 11 12 18 21 92 
4500 114 0 9 
4500 116 0 25 12 6 1 
4500 117 41 2 7 5 13 
4500 118 225 13 
4500 121 0 14 
4500 122 3 18 2 13 7 
4500 123 0 1 5 6 8 9 
4500 124 0 18 12 2 
4500 129 0 34 3 5 8 13 
4500 130 16 2 5 7 
4500 132 2 15 5 7 
4500 134 225 2 5 6 8 15 
4500 136 8 225 18 5 
4500 137 0 1 3 4 5 11 13 15 16 
4500 138 1 2 3 
4500 139 12 4 6 
4500 140 0 6 
4500 141 1 20 
4500 142 0 1 
4500 144 0 11 
4500 146 8 1 10 12 45 
4500 147 8 1 4 
4500 148 
4500 149 5 14 
4500 150 0 5 7 103 15 16 
4500 151 1 2 3 4 6 10 12 14 17 25 251 
4500 152 1 2 14 
4500 153 3 287 
4500 154 1 2 11 12 13 14 21 
4500 155 5 103 
4500 156 0 196 103 9 11 13 16 19 41 
4500 157 0 17 
4500 158 0 225 
4500 159 0 5 
4500 160 1 18 4 7 
4500 161 1 2 
4500 163 1 3 4 6 
4500 164 8 1 11 16 
4500 165 1 2 3 4 6 12 14 
4500 166 196 18 4 13 7 
4500 167 0 196 9 11 13 15 41 
4500 170 0 34 5 6 7 8 9 13 
4500 172 1 2 3 4 12 14 17 148 20 
4500 173 8 11 103 
4500 174 1 2 3 193 11 12 16 18 21 92 
4500 175 225 5 
4500 176 193 2 3 4 6 1 12 17 20 25 287 
4500 177 0 2 
4500 178 1 2 7 
4500 179 0 8 
4500 181 3 12 14 6 287 
4500 182 1 10 3 12 2 
4500 183 0 9 5 
4500 184 1 2 4 5 225 10 12 20 
4500 185 1 2 3 4 6 10 12 20 
4500 186 0 14 
4500 187 0 1 4 5 7 8 9 10 11 13 16 18 
4500 188 1 2 7 
4500 189 0 1 34 3 4 5 7 9 10 11 13 19 
4500 190 1 2 3 4 6 7 17 18 
4500 191 
4500 192 0 1 2 4 5 10 11 15 19 
4500 193 2 3 
4500 195 1 2 3 4 6 12 45 
4500 196 
4500 197 0 3 15 5 13 
4500 199 8 191 
4500 201 225 1 
4500 203 0 17 10 3 14 
4500 204 191 251 173 71 
4500 206 225 2 3 92 5 
4500 209 0 10 
4500 210 1 2 3 6 
4500 211 2 3 4 6 17 148 
4500 212 0 1 9 
4500 213 0 4 
4500 215 0 8 5 9 
4500 216 0 8 5 21 
4500 217 0 13 
4500 218 0 9 
4500 221 0 17 
4500 223 20 2 148 14 287 
4500 225 1 5 
4500 227 8 3 20 
4500 229 0 8 5 
4500 230 0 196 103 9 11 13 173 16 19 41 191 
4500 232 1 2 3 11 45 20 287 
4500 233 1 3 4 
4500 234 0 4 
4500 235 1 2 4 8 19 21 92 
4500 236 0 14 
4500 237 4 6 14 
4500 238 0 9 6 
4500 239 0 5 
4500 241 0 1 34 3 4 5 7 8 9 10 11 13 15 19 196 
4500 242 0 
4500 243 8 6 
4500 244 18 2 7 
4500 245 0 1 34 4 5 7 8 9 10 11 13 15 16 19 
4500 246 1 2 3 6 12 14 
4500 247 1 10 4 
4500 248 1 4 21 7 
4500 249 8 25 10 12 1 
4500 251 0 196 9 11 15 41 191 
4500 252 1 2 3 4 10 12 14 17 148 25 
4500 255 1 4 21 
4500 256 0 8 3 
4500 257 0 9 
4500 258 287 20 15 
4500 260 0 1 4 5 45 19 
4500 261 1 2 4 6 7 17 25 
4500 262 0 2 
4500 265 1 2 6 10 12 20 
4500 266 0 6 
4500 268 0 7 
4500 269 0 1 5 7 8 9 10 11 13 16 
4500 271 8 1 12 45 
4500 272 0 7 
4500 274 20 10 4 2 12 
4500 275 0 25 15 103 
4500 279 225 7 
4500 281 0 9 5 
4500 282 1 2 3 4 6 10 17 18 20 25 
4500 283 1 10 4 
4500 285 0 
4500 287 
4500 289 0 9 3 5 
4500 290 0 21 
4500 293 1 2 3 14 6 
4500 294 0 4 
4500 296 0 14 
4500 297 8 1 10 12 45 
4500 298 0 1 34 3 4 5 7 8 9 10 11 13 15 19 21 196 
4500 299 8 1 12 14 6 
5400 0 
5400 1 17 2 3 4 
5400 2 
5400 3 1 2 4 6 45 14 
5400 4 8 1 12 
5400 5 2 4 
5400 6 1 2 148 
5400 7 10 2 
5400 8 3 14 6 
5400 9 1 2 
5400 10 17 2 4 6 1 
5400 11 19 
5400 12 14 7 
5400 13 1 2 3 4 6 14 20 287 
5400 14 10 4 
5400 15 20 287 
5400 16 
5400 17 14 6 
5400 18 
5400 19 0 11 
5400 20 18 287 
5400 21 
5400 22 18 2 45 14 7 
5400 23 251 
5400 24 225 15 
5400 25 2 45 14 
5400 27 0 107 8 41 10 11 15 19 21 
5400 28 19 13 21 
5400 29 0 2 
5400 30 0 1 2 3 4 103 10 11 12 15 
5400 31 0 5 7 10 15 18 19 
5400 34 
5400 35 3 7 
5400 37 1 2 3 6 10 12 
5400 40 0 1 5 6 8 9 
5400 41 
5400 42 0 8 196 
5400 43 0 34 196 5 7 8 9 13 15 21 
5400 44 20 11 148 
5400 45 
5400 46 0 5 
5400 47 2 20 6 
5400 48 4 5 
5400 50 0 3 
5400 51 225 5 
5400 52 1 2 3 4 6 45 
5400 54 1 18 92 21 
5400 55 9 3 6 
5400 57 193 2 3 4 1 10 12 14 17 18 20 
5400 59 0 15 
5400 63 1 4 7 8 21 92 
5400 64 148 5 7 
5400 65 0 9 3 5 13 
5400 67 1 20 
5400 68 0 1 34 4 5 7 8 9 11 13 15 16 19 
5400 69 0 1 4 5 9 11 15 16 19 
5400 70 2 148 6 
5400 71 0 196 9 11 13 173 19 41 191 
5400 72 71 
5400 73 0 9 
5400 74 0 8 3 5 
5400 75 0 8 
5400 76 1 13 6 
5400 79 225 18 
5400 80 0 8 
5400 81 0 9 6 
5400 82 1 10 3 148 2 
5400 83 0 1 34 107 4 5 3 7 8 9 10 11 13 15 16 19 21 196 
5400 86 16 5 7 
5400 87 0 3 4 287 
5400 89 3 14 6 
5400 90 0 1 4 5 9 11 15 16 19 
5400 91 225 21 
5400 92 
5400 94 0 5 
5400 95 0 9 
5400 99 2 15 20 287 
5400 100 1 2 4 6 7 17 25 
5400 101 0 191 
5400 102 0 9 6 
5400 103 
5400 104 0 8 
5400 107 
5400 112 1 3 14 6 
5400 113 1 2 3 193 11 12 18 21 92 
5400 114 0 9 
5400 116 0 25 12 6 1 
5400 117 41 2 7 5 13 
5400 118 225 13 
5400 121 0 14 
5400 122 3 18 2 13 7 
5400 123 0 1 5 6 8 9 
5400 124 0 18 12 2 
5400 129 0 34 3 5 8 13 
5400 132 2 15 5 7 
5400 134 225 2 5 6 8 15 
5400 137 0 1 3 4 5 11 13 15 16 
5400 139 12 4 6 
5400 140 0 6 
5400 141 1 20 
5400 142 0 1 
5400 144 0 11 
5400 146 8 1 10 12 45 
5400 148 
5400 149 5 14 
5400 150 0 5 7 103 15 16 
5400 151 1 2 3 4 6 10 12 14 17 25 251 
5400 152 1 2 14 
5400 153 3 287 
5400 154 1 2 11 12 13 14 21 
5400 155 5 103 
5400 156 0 196 103 9 11 13 16 19 41 
5400 157 0 17 
5400 158 0 225 
5400 159 0 5 
5400 160 1 18 4 7 
5400 161 1 2 
5400 165 1 2 3 4 6 12 14 
5400 166 196 18 4 13 7 
5400 167 0 196 9 11 13 15 41 
5400 170 0 34 5 6 7 8 9 13 
5400 172 1 2 3 4 12 14 17 148 20 
5400 173 8 11 103 
5400 174 1 2 3 193 11 12 16 18 21 92 
5400 175 225 5 
5400 176 193 2 3 4 6 1 12 17 20 25 287 
5400 177 0 2 
5400 178 1 2 7 
5400 179 0 8 
5400 181 3 12 14 6 287 
5400 182 1 10 3 12 2 
5400 183 0 9 5 
5400 184 1 2 4 5 225 10 12 20 
5400 185 1 2 3 4 6 10 12 20 
5400 186 0 14 
5400 187 0 1 4 5 7 8 9 10 11 13 16 18 
5400 188 1 2 7 
5400 189 0 1 34 3 4 5 7 9 10 11 13 19 
5400 190 1 2 3 4 6 7 17 18 
5400 191 
5400 192 0 1 2 4 5 10 11 15 19 
5400 193 2 3 
5400 195 1 2 3 4 6 12 45 
5400 196 
5400 197 0 3 15 5 13 
5400 199 8 191 
5400 201 225 1 
5400 203 0 17 10 3 14 
5400 204 191 251 173 71 
5400 206 225 2 3 92 5 
5400 209 0 10 
5400 211 2 3 4 6 17 148 
5400 212 0 1 9 
5400 213 0 4 
5400 215 0 8 5 9 
5400 216 0 8 5 21 
5400 217 0 13 
5400 218 0 9 
5400 221 0 17 
5400 223 20 2 148 14 287 
5400 225 1 5 
5400 227 8 3 20 
5400 229 0 8 5 
5400 230 0 196 103 9 11 13 173 16 19 41 191 
5400 232 1 2 3 11 45 20 287 
5400 233 1 3 4 
5400 234 0 4 
5400 235 1 2 4 8 19 21 92 
5400 236 0 14 
5400 237 4 6 14 
5400 238 0 9 6 
5400 239 0 5 
5400 241 0 1 34 3 4 5 7 8 9 10 11 13 15 19 196 
5400 242 0 
5400 243 8 6 
5400 245 0 1 34 4 5 7 8 9 10 11 13 15 16 19 
5400 246 1 2 3 6 12 14 
5400 247 1 10 4 
5400 248 1 4 21 7 
5400 249 8 25 10 12 1 
5400 251 0 196 9 11 15 41 191 
5400 252 1 2 3 4 10 12 14 17 148 25 
5400 255 1 4 21 
5400 256 0 8 3 
5400 257 0 9 
5400 258 287 20 15 
5400 260 0 1 4 5 45 19 
5400 261 1 2 4 6 7 17 25 
5400 262 0 2 
5400 265 1 2 6 10 12 20 
5400 266 0 6 
5400 268 0 7 
5400 269 0 1 5 7 8 9 10 11 13 16 
5400 271 8 1 12 45 
5400 272 0 7 
5400 274 20 10 4 2 12 
5400 275 0 25 15 103 
5400 279 225 7 
5400 281 0 9 5 
5400 282 1 2 3 4 6 10 17 18 20 25 
5400 283 1 10 4 
5400 285 0 
5400 287 
5400 289 0 9 3 5 
5400 290 0 21 
5400 293 1 2 3 14 6 
5400 294 0 4 
5400 296 0 14 
5400 297 8 1 10 12 45 
6300 0 
6300 1 17 2 3 4 
6300 2 
6300 3 1 2 4 6 45 14 
6300 4 8 1 12 
6300 5 2 4 
6300 6 1 2 148 
6300 7 10 2 
6300 8 3 14 6 
6300 9 1 2 
6300 10 17 2 4 6 1 
6300 11 19 
6300 12 14 7 
6300 13 1 2 3 4 6 14 20 287 
6300 14 10 4 
6300 15 20 287 
6300 16 
6300 17 14 6 
6300 18 
6300 19 0 11 
6300 20 18 287 
6300 21 
6300 22 18 2 45 14 7 
6300 23 
6300 24 225 15 
6300 25 2 45 14 
6300 28 19 13 21 
6300 29 0 2 
6300 30 0 1 2 3 4 103 10 11 12 15 
6300 31 0 5 7 10 15 18 19 
6300 34 
6300 35 3 7 
6300 37 1 2 3 6 10 12 
6300 40 0 1 5 6 8 9 
6300 41 
6300 42 0 8 196 
6300 43 0 34 196 5 7 8 9 13 15 21 
6300 44 20 11 148 
6300 45 
6300 46 0 5 
6300 47 2 20 6 
6300 48 4 5 
6300 50 0 3 
6300 51 225 5 
6300 52 1 2 3 4 6 45 
6300 54 1 18 92 21 
6300 55 9 3 6 
6300 57 193 2 3 4 1 10 12 14 17 18 20 
6300 59 0 15 
6300 63 1 4 7 8 21 92 
6300 64 148 5 7 
6300 65 0 9 3 5 13 
6300 67 1 20 
6300 69 0 1 4 5 9 11 15 16 19 
6300 70 2 148 6 
6300 71 0 196 9 11 13 173 19 41 191 
6300 72 71 
6300 73 0 9 
6300 74 0 8 3 5 
6300 76 1 13 6 
6300 79 225 18 
6300 80 0 8 
6300 81 0 9 6 
6300 82 1 10 3 148 2 
6300 83 0 1 34 107 4 5 3 7 8 9 10 11 13 15 16 19 21 196 
6300 86 16 5 7 
6300 87 0 3 4 287 
6300 89 3 14 6 
6300 90 0 1 4 5 9 11 15 16 19 
6300 91 225 21 
6300 92 
6300 94 0 5 
6300 95 0 9 
6300 99 2 15 20 287 
6300 100 1 2 4 6 7 17 25 
6300 101 0 191 
6300 102 0 9 6 
6300 103 
6300 104 0 8 
6300 107 
6300 112 1 3 14 6 
6300 113 1 2 3 193 11 12 18 21 92 
6300 116 0 25 12 6 1 
6300 117 41 2 7 5 13 
6300 118 225 13 
6300 121 0 14 
6300 122 3 18 2 13 7 
6300 123 0 1 5 6 8 9 
6300 124 0 18 12 2 
6300 129 0 34 3 5 8 13 
6300 132 2 15 5 7 
6300 137 0 1 3 4 5 11 13 15 16 
6300 139 12 4 6 
6300 140 0 6 
6300 141 1 20 
6300 142 0 1 
6300 144 0 11 
6300 146 8 1 10 12 45 
6300 148 
6300 149 5 14 
6300 150 0 5 7 103 15 16 
6300 151 1 2 3 4 6 10 12 14 17 25 
6300 152 1 2 14 
6300 153 3 287 
6300 154 1 2 11 12 13 14 21 
6300 155 5 103 
6300 156 0 196 103 9 11 13 16 19 41 
6300 157 0 17 
6300 158 0 225 
6300 159 0 5 
6300 161 1 2 
6300 165 1 2 3 4 6 12 14 
6300 166 196 18 4 13 7 
6300 167 0 196 9 11 13 15 41 
6300 170 0 34 5 6 7 8 9 13 
6300 172 1 2 3 4 12 14 17 148 20 
6300 173 8 11 103 
6300 174 1 2 3 193 11 12 16 18 21 92 
6300 175 225 5 
6300 176 193 2 3 4 6 1 12 17 20 25 287 
6300 177 0 2 
6300 178 1 2 7 
6300 181 3 12 14 6 287 
6300 182 1 10 3 12 2 
6300 183 0 9 5 
6300 185 1 2 3 4 6 10 12 20 
6300 186 0 14 
6300 187 0 1 4 5 7 8 9 10 11 13 16 18 
6300 188 1 2 7 
6300 189 0 1 34 3 4 5 7 9 10 11 13 19 
6300 190 1 2 3 4 6 7 17 18 
6300 191 
6300 192 0 1 2 4 5 10 11 15 19 
6300 193 2 3 
6300 195 1 2 3 4 6 12 45 
6300 196 
6300 197 0 3 15 5 13 
6300 199 8 191 
6300 201 225 1 
6300 203 0 17 10 3 14 
6300 204 191 173 71 
6300 206 225 2 3 92 5 
6300 209 0 10 
6300 211 2 3 4 6 17 148 
6300 212 0 1 9 
6300 213 0 4 
6300 215 0 8 5 9 
6300 216 0 8 5 21 
6300 217 0 13 
6300 218 0 9 
6300 221 0 17 
6300 223 20 2 148 14 287 
6300 225 1 5 
6300 227 8 3 20 
6300 229 0 8 5 
6300 230 0 196 103 9 11 13 173 16 19 41 191 
6300 232 1 2 3 11 45 20 287 
6300 233 1 3 4 
6300 234 0 4 
6300 236 0 14 
6300 237 4 6 14 
6300 238 0 9 6 
6300 239 0 5 
6300 241 0 1 34 3 4 5 7 8 9 10 11 13 15 19 196 
6300 242 0 
6300 243 8 6 
6300 245 0 1 34 4 5 7 8 9 10 11 13 15 16 19 
6300 246 1 2 3 6 12 14 
6300 247 1 10 4 
6300 248 1 4 21 7 
6300 249 8 25 10 12 1 
6300 252 1 2 3 4 10 12 14 17 148 25 
6300 255 1 4 21 
6300 256 0 8 3 
6300 257 0 9 
6300 258 287 20 15 
6300 260 0 1 4 5 45 19 
6300 262 0 2 
6300 265 1 2 6 10 12 20 
6300 268 0 7 
6300 269 0 1 5 7 8 9 10 11 13 16 
6300 271 8 1 12 45 
6300 272 0 7 
6300 274 20 10 4 2 12 
6300 275 0 25 15 103 
6300 279 225 7 
6300 281 0 9 5 
6300 282 1 2 3 4 6 10 17 18 20 25 
6300 283 1 10 4 
6300 287 
6300 289 0 9 3 5 
6300 290 0 21 
6300 293 1 2 3 14 6 
6300 294 0 4 
6300 296 0 14 
6300 297 8 1 10 12 45 
