0 0 259 219 147 269 190 
0 1 99 4 167 40 269 152 
0 2 272 87 99 237 167 
0 3 137 234 259 269 113 
0 4 18 99 
0 5 74 87 4 221 167 
0 6 296 114 99 
0 7 167 
0 8 167 
0 9 259 100 167 137 298 87 269 221 99 233 152 234 219 74 4 
0 10 167 
0 11 4 222 
0 12 222 167 
0 13 234 222 
0 14 
0 15 99 4 298 299 14 221 
0 16 99 4 167 137 234 87 269 233 221 
0 17 18 114 269 87 
0 18 
0 19 193 74 167 137 234 14 120 274 116 41 152 221 
0 20 296 114 269 87 
0 21 222 
0 22 111 99 167 
0 23 18 219 147 269 87 
0 24 99 100 167 298 44 269 221 146 152 234 219 74 4 
0 25 167 
0 26 99 299 269 111 272 220 
0 27 4 167 233 298 299 152 219 
0 28 167 
0 29 296 114 147 237 87 
0 30 296 18 114 214 
0 31 99 296 114 269 18 147 87 
0 32 259 74 87 4 167 
0 33 299 18 147 167 
0 34 193 259 100 167 137 234 44 111 112 113 233 152 219 
0 35 74 114 167 
0 37 167 
0 38 298 234 87 
0 39 259 100 167 298 137 234 87 44 269 14 221 146 99 219 233 152 4 111 74 
0 40 
0 41 
0 42 222 
0 43 114 99 269 87 
0 44 
0 45 40 259 219 147 269 
0 46 18 114 269 
0 47 167 
0 48 99 219 269 
0 49 193 167 233 113 41 219 
0 50 18 84 114 
0 51 167 
0 52 234 222 
0 53 40 296 18 299 298 
0 54 99 261 298 18 269 272 114 190 
0 55 296 87 219 261 167 
0 56 84 237 87 
0 57 233 18 84 237 
0 58 259 4 14 167 
0 59 99 298 299 269 
0 60 259 4 167 
0 61 259 100 167 233 234 221 4 219 74 
0 62 74 87 114 167 
0 63 167 
0 64 259 4 167 233 298 14 221 146 111 74 
0 65 4 167 
0 66 114 259 87 
0 67 99 261 299 114 269 18 84 87 219 190 
0 68 99 261 40 114 269 272 18 214 221 
0 69 40 259 219 147 269 
0 70 99 114 18 147 269 
0 71 296 114 269 18 147 87 
0 72 137 234 299 269 111 112 18 147 87 220 
0 73 193 167 233 74 14 221 274 188 234 
0 74 18 
0 75 18 84 269 
0 76 167 
0 77 296 114 4 
0 78 167 
0 79 99 100 167 137 298 269 221 146 87 152 234 219 74 4 
0 80 193 74 167 137 234 14 116 41 152 221 
0 81 237 99 261 114 269 112 18 147 84 87 190 
0 82 99 261 298 299 269 111 87 
0 83 74 4 167 
0 84 237 
0 86 18 219 269 214 87 
0 87 99 40 114 269 296 18 
0 88 99 261 214 111 
0 89 167 
0 90 137 298 114 269 18 87 
0 91 259 99 269 
0 92 167 
0 93 99 261 296 299 269 112 18 147 84 87 219 
0 94 167 
0 95 259 269 111 272 18 99 152 220 
0 97 99 298 269 111 259 220 
0 98 99 261 298 18 269 272 114 190 
0 99 259 147 269 
0 100 
0 101 74 4 167 
0 102 259 4 233 114 18 222 
0 103 18 167 
0 104 220 18 4 222 87 
0 105 167 
0 106 167 
0 107 18 299 167 
0 108 222 
0 110 137 298 4 18 113 
0 111 
0 112 18 87 
0 113 
0 114 18 269 214 
0 115 233 167 
0 116 
0 117 99 4 167 137 234 269 233 152 74 
0 118 99 261 40 114 269 272 296 18 147 214 87 219 221 
0 119 167 
0 120 41 234 259 100 
0 121 233 87 4 221 167 
0 122 99 167 233 234 269 113 18 147 41 87 219 
0 123 114 269 18 147 84 87 219 
0 124 167 
0 126 18 298 269 
0 129 152 41 233 
0 130 167 
0 131 167 
0 132 137 298 4 18 113 
0 133 222 
0 134 99 4 167 137 234 269 233 152 74 
0 136 259 4 167 298 146 221 114 74 
0 137 
0 138 18 269 87 
0 139 99 261 296 269 18 147 84 214 87 219 
0 140 152 41 259 233 
0 141 114 147 269 190 167 
0 142 167 
0 143 167 
0 144 167 
0 145 272 298 99 269 111 
0 146 
0 147 296 298 
0 148 18 299 298 221 
0 149 233 18 4 298 87 
0 150 99 4 167 137 234 269 113 18 233 152 219 
0 151 99 261 296 298 18 269 272 114 147 87 219 190 
0 152 234 
0 153 99 296 114 269 18 147 87 
0 154 296 114 269 18 147 87 219 
0 155 99 261 298 299 114 269 18 87 
0 156 4 167 233 298 113 41 137 
0 157 259 100 167 298 137 234 87 269 14 221 146 99 219 233 152 4 111 74 
0 158 299 259 4 222 
0 159 222 167 
0 160 40 234 237 269 18 84 87 
0 161 99 114 269 18 147 84 87 219 
0 162 87 18 299 298 221 
0 163 74 259 4 167 
0 164 167 
0 165 222 
0 166 259 100 167 137 298 299 269 221 99 234 219 74 4 
0 167 
0 169 296 114 87 
0 170 233 18 4 298 
0 171 99 269 18 147 84 219 
0 172 99 298 299 269 111 
0 173 74 259 4 167 
0 174 99 4 269 18 147 84 219 222 
0 175 99 219 269 
0 176 99 40 114 269 18 147 87 
0 177 167 
0 178 18 84 269 
0 179 74 114 167 
0 180 259 167 
0 181 18 298 269 
0 182 167 
0 183 222 
0 184 120 73 274 286 
0 185 259 18 114 269 
0 186 167 
0 187 167 
0 188 193 167 233 234 14 221 74 
0 189 116 4 41 
0 190 40 296 18 
0 191 99 261 296 269 18 147 214 87 219 190 
0 192 167 
0 193 
0 194 167 
0 195 167 
0 196 167 
0 197 234 84 214 
0 198 298 4 269 214 
0 199 167 
0 200 99 114 269 18 214 87 261 
0 201 259 40 170 237 84 190 
0 202 167 
0 203 167 
0 204 99 40 114 269 272 18 87 
0 205 298 87 4 74 167 
0 206 298 87 4 74 167 
0 207 259 100 167 137 298 299 269 221 99 234 219 74 4 
0 209 296 18 269 
0 210 73 188 286 
0 211 233 84 237 
0 212 167 
0 213 237 99 261 299 114 269 272 18 147 87 190 
0 214 
0 215 41 167 113 190 233 
0 216 99 4 298 299 14 221 
0 217 99 261 296 73 114 269 272 18 147 87 219 190 
0 218 296 18 84 237 214 
0 219 99 114 269 272 113 18 261 
0 220 
0 221 99 114 296 237 269 18 84 87 
0 222 4 
0 223 259 100 167 137 298 299 269 221 99 234 219 74 4 
0 224 137 234 299 269 111 112 18 147 87 220 
0 225 259 100 137 234 269 147 214 152 
0 226 298 259 261 111 
0 227 74 4 167 
0 228 298 4 167 
0 229 193 167 233 234 14 221 74 
0 230 259 4 167 74 269 114 
0 231 237 99 261 296 299 114 269 112 18 147 87 219 190 
0 232 114 269 18 147 84 87 219 
0 233 84 237 
0 234 152 
0 235 99 261 296 269 18 147 84 214 87 219 
0 236 259 4 167 298 146 221 114 74 
0 237 
0 238 152 221 111 
0 239 114 296 237 18 84 87 
0 240 259 298 111 4 167 
0 241 259 4 167 74 269 114 
0 242 167 
0 243 296 18 147 
0 244 259 4 167 74 146 87 100 221 
0 245 18 114 214 
0 246 167 
0 247 99 4 167 40 269 152 
0 248 188 274 259 116 
0 249 87 74 259 167 
0 250 167 
0 251 74 114 167 
0 252 296 259 114 147 269 
0 253 167 
0 254 152 41 259 233 
0 255 99 261 40 299 269 111 296 18 87 219 190 
0 256 120 188 4 
0 257 114 269 18 147 87 219 
0 258 40 259 219 147 269 
0 259 296 114 87 
0 260 259 4 167 137 298 269 221 146 99 233 152 234 74 
0 261 296 114 
0 262 167 
0 263 259 4 167 
0 265 167 
0 266 222 
0 268 259 100 167 137 298 269 221 146 99 233 152 234 219 74 4 
0 269 272 18 99 261 87 
0 270 296 18 114 84 237 
0 271 298 234 87 
0 272 
0 273 298 299 87 
0 274 
0 275 74 87 114 167 
0 276 100 296 137 234 269 111 18 147 221 
0 277 99 4 221 
0 278 114 221 269 
0 279 259 84 87 
0 281 137 234 269 222 87 
0 282 87 74 259 167 
0 283 167 
0 284 114 269 18 147 84 219 
0 285 259 4 167 233 298 14 221 146 87 111 74 
0 286 193 74 167 137 234 14 120 274 116 41 152 221 
0 287 74 269 167 
0 288 296 18 99 114 
0 289 167 
0 290 74 269 167 
0 291 152 234 259 
0 292 222 
0 293 167 
0 294 18 114 269 
0 295 296 18 147 
0 296 99 
0 297 259 100 167 137 298 87 269 14 221 146 99 233 152 234 219 74 4 
0 298 219 
0 299 
900 0 259 219 147 269 190 
900 1 99 4 167 40 269 152 
900 2 272 87 99 237 167 
900 3 137 234 259 269 113 
900 4 18 99 
900 5 74 87 4 221 167 
900 6 296 114 99 
900 7 167 
900 8 167 
900 9 259 100 167 137 298 87 269 221 99 233 152 234 219 74 4 
900 10 167 
900 11 4 222 
900 12 222 167 
900 13 234 222 
900 14 
900 15 99 4 298 299 14 221 
900 16 99 4 167 137 234 87 269 233 221 
900 17 18 114 269 87 
900 18 
900 19 193 74 167 137 234 14 120 274 116 41 152 221 
900 20 296 114 269 87 
900 21 222 
900 22 111 99 167 
900 23 18 219 147 269 87 
900 24 99 100 167 298 44 269 221 146 152 234 219 74 4 
900 25 167 
900 27 4 167 233 298 299 152 219 
900 28 167 
900 29 296 114 147 237 87 
900 30 296 18 114 214 
900 31 99 296 114 269 18 147 87 
900 32 259 74 87 4 167 
900 33 299 18 147 167 
900 34 193 259 100 167 137 234 44 111 112 113 233 152 219 
900 35 74 114 167 
900 37 167 
900 38 298 234 87 
900 39 259 100 167 298 137 234 87 44 269 14 221 146 99 219 233 152 4 111 74 
900 40 
900 41 
900 42 222 
900 43 114 99 269 87 
900 44 
900 45 40 259 219 147 269 
900 46 18 114 269 
900 47 167 
900 48 99 219 269 
900 50 18 114 
900 51 167 
900 52 234 222 
900 53 40 296 18 299 298 
900 54 99 261 298 18 269 272 114 190 
900 55 296 87 219 261 167 
900 56 237 87 
900 57 233 18 237 
900 58 259 4 14 167 
900 59 99 298 299 269 
900 60 259 4 167 
900 61 259 100 167 233 234 221 4 219 74 
900 62 74 87 114 167 
900 63 167 
900 64 259 4 167 233 298 14 221 146 111 74 
900 65 4 167 
900 67 99 261 299 114 269 18 87 219 190 
900 68 99 261 40 114 269 272 18 214 221 
900 69 40 259 219 147 269 
900 70 99 114 18 147 269 
900 71 296 114 269 18 147 87 
900 72 137 234 299 269 111 112 18 147 87 220 
900 73 193 167 233 74 14 221 274 188 234 
900 74 18 
900 75 18 269 
900 76 167 
900 78 167 
900 79 99 100 167 137 298 269 221 146 87 152 234 219 74 4 
900 80 193 74 167 137 234 14 116 41 152 221 
900 81 237 99 261 114 269 112 18 147 87 190 
900 82 99 261 298 299 269 111 87 
900 83 74 4 167 
900 86 18 219 269 214 87 
900 87 99 40 114 269 296 18 
900 88 99 261 214 111 
900 89 167 
900 90 137 298 114 269 18 87 
900 91 259 99 269 
900 92 167 
900 93 99 261 296 299 269 112 18 147 87 219 
900 94 167 
900 95 259 269 111 272 18 99 152 220 
900 97 99 298 269 111 259 220 
900 99 259 147 269 
900 100 
900 101 74 4 167 
900 102 259 4 233 114 18 222 
900 103 18 167 
900 104 220 18 4 222 87 
900 105 167 
900 106 167 
900 107 18 299 167 
900 108 222 
900 110 137 298 4 18 113 
900 111 
900 112 18 87 
900 113 
900 114 18 269 214 
900 115 233 167 
900 116 
900 117 99 4 167 137 234 269 233 152 74 
900 118 99 261 40 114 269 272 296 18 147 214 87 219 221 
900 119 167 
900 120 41 234 259 100 
900 121 233 87 4 221 167 
900 122 99 167 233 234 269 113 18 147 41 87 219 
900 123 114 269 18 147 87 219 
900 124 167 
900 126 18 298 269 
900 129 152 41 233 
900 130 167 
900 131 167 
900 132 137 298 4 18 113 
900 133 222 
900 134 99 4 167 137 234 269 233 152 74 
900 136 259 4 167 298 146 221 114 74 
900 137 
900 138 18 269 87 
900 139 99 261 296 269 18 147 214 87 219 
900 140 152 41 259 233 
900 141 114 147 269 190 167 
900 142 167 
900 143 167 
900 144 167 
900 145 272 298 99 269 111 
900 146 
900 147 296 298 
900 148 18 299 298 221 
900 149 233 18 4 298 87 
900 150 99 4 167 137 234 269 113 18 233 152 219 
900 151 99 261 296 298 18 269 272 114 147 87 219 190 
900 152 234 
900 153 99 296 114 269 18 147 87 
900 154 296 114 269 18 147 87 219 
900 155 99 261 298 299 114 269 18 87 
900 156 4 167 233 298 113 41 137 
900 157 259 100 167 298 137 234 87 269 14 221 146 99 219 233 152 4 111 74 
900 158 299 259 4 222 
900 159 222 167 
900 160 40 234 237 269 18 87 
900 161 99 114 269 18 147 87 219 
900 162 87 18 299 298 221 
900 163 74 259 4 167 
900 164 167 
900 165 222 
900 166 259 100 167 137 298 299 269 221 99 234 219 74 4 
900 167 
900 169 296 114 87 
900 170 233 18 4 298 
900 172 99 298 299 269 111 
900 173 74 259 4 167 
900 174 99 4 269 18 147 219 222 
900 175 99 219 269 
900 176 99 40 114 269 18 147 87 
900 177 167 
900 178 18 269 
900 179 74 114 167 
900 180 259 167 
900 181 18 298 269 
900 182 167 
900 183 222 
900 184 120 73 274 
900 185 259 18 114 269 
900 186 167 
900 187 167 
900 188 193 167 233 234 14 221 74 
900 189 116 4 41 
900 190 40 296 18 
900 191 99 261 296 269 18 147 214 87 219 190 
900 192 167 
900 193 
900 195 167 
900 196 167 
900 197 234 214 
900 198 298 4 269 214 
900 199 167 
900 200 99 114 269 18 214 87 261 
900 201 40 170 259 237 190 
900 202 167 
900 203 167 
900 204 99 40 114 269 272 18 87 
900 205 298 87 4 74 167 
900 206 298 87 4 74 167 
900 207 259 100 167 137 298 299 269 221 99 234 219 74 4 
900 209 296 18 269 
900 210 73 188 
900 211 233 237 
900 212 167 
900 213 237 99 261 299 114 269 272 18 147 87 190 
900 214 
900 215 41 167 113 190 233 
900 216 99 4 298 299 14 221 
900 217 99 261 296 73 114 269 272 18 147 87 219 190 
900 218 296 18 237 214 
900 219 99 114 269 272 113 18 261 
900 220 
900 221 99 114 296 237 269 18 87 
900 222 4 
900 223 259 100 167 137 298 299 269 221 99 234 219 74 4 
900 225 259 100 137 234 269 147 214 152 
900 226 298 259 261 111 
900 227 74 4 167 
900 229 193 167 233 234 14 221 74 
900 230 259 4 167 74 269 114 
900 231 237 99 261 296 299 114 269 112 18 147 87 219 190 
900 232 114 269 18 147 87 219 
900 233 237 
900 234 152 
900 235 99 261 296 269 18 147 214 87 219 
900 236 259 4 167 298 146 221 114 74 
900 237 
900 238 152 221 111 
900 239 296 18 114 237 87 
900 240 259 298 111 4 167 
900 241 259 4 167 74 269 114 
900 242 167 
900 243 296 18 147 
900 244 259 4 167 74 146 87 100 221 
900 245 18 114 214 
900 246 167 
900 247 99 4 167 40 269 152 
900 248 188 274 259 116 
900 249 87 74 259 167 
900 250 167 
900 251 74 114 167 
900 252 296 259 114 147 269 
900 253 167 
900 254 152 41 259 233 
900 255 99 261 40 299 269 111 296 18 87 219 190 
900 256 120 188 4 
900 257 114 269 18 147 87 219 
900 258 40 259 219 147 269 
900 259 296 114 87 
900 260 259 4 167 137 298 269 221 146 99 233 152 234 74 
900 261 296 114 
900 262 167 
900 265 167 
900 266 222 
900 268 259 100 167 137 298 269 221 146 99 233 152 234 219 74 4 
900 269 272 18 99 261 87 
900 270 296 18 114 237 
900 271 298 234 87 
900 272 
900 273 298 299 87 
900 274 
900 275 74 87 114 167 
900 276 100 296 137 234 269 111 18 147 221 
900 277 99 4 221 
900 278 114 221 269 
900 279 259 87 
900 281 137 234 269 222 87 
900 282 87 74 259 167 
900 283 167 
900 284 114 18 219 147 269 
900 285 259 4 167 233 298 14 221 146 87 111 74 
900 287 74 269 167 
900 289 167 
900 290 74 269 167 
900 291 152 234 259 
900 292 222 
900 293 167 
900 294 18 114 269 
900 295 296 18 147 
900 296 99 
900 297 259 100 167 137 298 87 269 14 221 146 99 233 152 234 219 74 4 
900 298 219 
900 299 
1800 0 259 147 269 190 
1800 1 99 4 167 40 269 152 
1800 2 272 87 99 237 167 
1800 3 137 234 259 269 113 
1800 4 18 99 
1800 5 74 87 4 221 167 
1800 6 296 114 99 
1800 7 167 
1800 8 167 
1800 9 259 100 167 137 298 87 269 221 99 233 152 234 74 4 
1800 10 167 
1800 11 4 
1800 12 167 
1800 13 234 
1800 14 
1800 15 99 4 298 299 14 221 
1800 16 99 4 167 137 234 87 269 233 221 
1800 17 18 114 269 87 
1800 18 
1800 19 193 74 167 137 234 14 120 274 116 41 152 221 
1800 20 296 114 269 87 
1800 21 
1800 22 111 99 167 
1800 23 18 147 269 87 
1800 24 99 100 167 298 44 269 221 146 152 234 74 4 
1800 25 167 
1800 27 4 167 233 298 299 152 
1800 28 167 
1800 29 296 114 147 237 87 
1800 30 296 18 114 
1800 31 99 296 114 269 18 147 87 
1800 32 259 74 87 4 167 
1800 33 299 18 147 167 
1800 34 193 259 100 167 137 234 44 111 112 113 233 152 
1800 35 74 114 167 
1800 37 167 
1800 38 298 234 87 
1800 39 259 100 167 298 137 234 87 44 269 14 221 146 99 233 152 4 111 74 
1800 40 
1800 41 
1800 42 
1800 43 114 99 269 87 
1800 44 
1800 45 40 259 147 269 
1800 46 18 114 269 
1800 47 167 
1800 48 99 269 
1800 50 18 114 
1800 51 167 
1800 52 234 
1800 53 40 296 18 299 298 
1800 54 99 261 298 18 269 272 114 190 
1800 55 296 87 261 167 
1800 56 237 87 
1800 57 233 18 237 
1800 58 259 4 14 167 
1800 59 99 298 299 269 
1800 60 259 4 167 
1800 61 259 100 167 233 234 221 4 74 
1800 62 74 87 114 167 
1800 63 167 
1800 64 259 4 167 233 298 14 221 146 111 74 
1800 65 4 167 
1800 67 99 261 299 114 269 18 87 190 
1800 68 99 261 40 114 269 272 18 221 
1800 69 40 259 147 269 
1800 70 99 114 18 147 269 
1800 71 296 114 269 18 147 87 
1800 72 137 234 299 269 111 112 18 147 87 220 
1800 73 193 167 233 74 14 221 274 188 234 
1800 74 18 
1800 75 18 269 
1800 76 167 
1800 78 167 
1800 79 99 100 167 137 298 269 221 146 87 152 234 74 4 
1800 80 193 74 167 137 234 14 116 41 152 221 
1800 81 237 99 261 114 269 112 18 147 87 190 
1800 82 99 261 298 299 269 111 87 
1800 83 74 4 167 
1800 86 18 269 87 
1800 87 99 40 114 269 296 18 
1800 88 99 261 111 
1800 89 167 
1800 90 137 298 114 269 18 87 
1800 91 259 99 269 
1800 92 167 
1800 93 99 261 296 299 269 112 18 147 87 
1800 94 167 
1800 95 259 269 111 272 18 99 152 220 
1800 97 99 298 269 111 259 220 
1800 99 259 147 269 
1800 100 
1800 101 74 4 167 
1800 102 233 18 259 4 114 
1800 103 18 167 
1800 104 220 18 4 87 
1800 105 167 
1800 106 167 
1800 107 18 299 167 
1800 108 
1800 111 
1800 112 18 87 
1800 113 
1800 114 18 269 
1800 115 233 167 
1800 116 
1800 117 99 4 167 137 234 269 233 152 74 
1800 118 99 261 40 114 269 272 296 18 147 87 221 
1800 119 167 
1800 120 41 234 259 100 
1800 121 233 87 4 221 167 
1800 122 99 167 233 234 269 113 18 147 41 87 
1800 123 114 18 147 269 87 
1800 124 167 
1800 126 18 298 269 
1800 129 152 41 233 
1800 130 167 
1800 131 167 
1800 132 137 298 4 18 113 
1800 133 
1800 134 99 4 167 137 234 269 233 152 74 
1800 136 259 4 167 298 146 221 114 74 
1800 137 
1800 138 18 269 87 
1800 139 99 261 296 269 18 147 87 
1800 140 152 41 259 233 
1800 141 114 147 269 190 167 
1800 142 167 
1800 143 167 
1800 144 167 
1800 146 
1800 147 296 298 
1800 148 18 299 298 221 
1800 149 233 18 4 298 87 
1800 150 99 4 167 137 234 269 113 18 233 152 
1800 151 99 261 296 298 18 269 272 114 147 87 190 
1800 152 234 
1800 153 99 296 114 269 18 147 87 
1800 154 296 114 269 18 147 87 
1800 155 99 261 298 299 114 269 18 87 
1800 156 4 167 233 298 113 41 137 
1800 157 259 100 167 298 137 234 87 269 14 221 146 99 233 152 4 111 74 
1800 158 299 259 4 
1800 159 167 
1800 160 40 234 237 269 18 87 
1800 161 99 114 269 18 147 87 
1800 163 74 259 4 167 
1800 164 167 
1800 165 
1800 166 259 100 167 137 298 299 269 221 99 234 74 4 
1800 167 
1800 169 296 114 87 
1800 170 233 18 4 298 
1800 172 99 298 299 269 111 
1800 173 74 259 4 167 
1800 174 99 18 147 4 269 
1800 175 99 269 
1800 176 99 40 114 269 18 147 87 
1800 177 167 
1800 178 18 269 
1800 179 74 114 167 
1800 180 259 167 
1800 181 18 298 269 
1800 182 167 
1800 183 
1800 184 120 73 274 
1800 185 259 18 114 269 
1800 186 167 
1800 187 167 
1800 188 193 167 233 234 14 221 74 
1800 189 116 4 41 
1800 190 40 296 18 
1800 191 99 261 296 269 18 147 87 190 
1800 192 167 
1800 193 
1800 195 167 
1800 196 167 
1800 197 234 
1800 199 167 
1800 200 99 114 269 18 87 261 
1800 201 40 170 259 237 190 
1800 203 167 
1800 204 99 40 114 269 272 18 87 
1800 205 298 87 4 74 167 
1800 206 298 87 4 74 167 
1800 207 259 100 167 137 298 299 269 221 99 234 74 4 
1800 209 296 18 269 
1800 210 73 188 
1800 211 233 237 
1800 212 167 
1800 213 237 99 261 299 114 269 272 18 147 87 190 
1800 215 41 167 113 190 233 
1800 216 99 4 298 299 14 221 
1800 217 99 261 296 73 114 269 272 18 147 87 190 
1800 218 296 18 237 
1800 220 
1800 221 99 114 296 237 269 18 87 
1800 223 259 100 167 137 298 299 269 221 99 234 74 4 
1800 225 259 100 137 234 269 147 152 
1800 226 298 259 261 111 
1800 227 74 4 167 
1800 229 193 167 233 234 14 221 74 
1800 230 259 4 167 74 269 114 
1800 232 114 18 147 269 87 
1800 233 237 
1800 234 152 
1800 235 99 261 296 269 18 147 87 
1800 236 259 4 167 298 146 221 114 74 
1800 237 
1800 238 152 221 111 
1800 239 296 18 114 237 87 
1800 240 259 298 111 4 167 
1800 241 259 4 167 74 269 114 
1800 242 167 
1800 243 296 18 147 
1800 244 259 4 167 74 146 87 100 221 
1800 245 18 114 
1800 246 167 
1800 247 99 4 167 40 269 152 
1800 248 188 274 259 116 
1800 249 87 74 259 167 
1800 250 167 
1800 251 74 114 167 
1800 252 296 259 114 147 269 
1800 253 167 
1800 255 99 261 40 299 269 111 296 18 87 190 
1800 256 120 188 4 
1800 257 114 18 147 269 87 
1800 258 40 259 147 269 
1800 259 296 114 87 
1800 260 259 4 167 137 298 269 221 146 99 233 152 234 74 
1800 261 296 114 
1800 262 167 
1800 265 167 
1800 266 
1800 268 259 100 167 137 298 269 221 146 99 233 152 234 74 4 
1800 269 272 18 99 261 87 
1800 271 298 234 87 
1800 272 
1800 273 298 299 87 
1800 274 
1800 275 74 87 114 167 
1800 276 100 296 137 234 269 111 18 147 221 
1800 277 99 4 221 
1800 278 114 221 269 
1800 279 259 87 
1800 281 137 234 269 87 
1800 282 87 74 259 167 
1800 283 167 
1800 285 259 4 167 233 298 14 221 146 87 111 74 
1800 287 74 269 167 
1800 289 167 
1800 290 74 269 167 
1800 292 
1800 293 167 
1800 294 18 114 269 
1800 295 296 18 147 
1800 296 99 
1800 297 259 100 167 137 298 87 269 14 221 146 99 233 152 234 74 4 
1800 298 
1800 299 
2700 0 259 147 269 190 
2700 1 99 4 167 40 269 152 
2700 2 272 87 99 237 167 
2700 3 137 234 259 269 113 
2700 4 18 99 
2700 5 74 87 4 221 167 
2700 6 296 114 99 
2700 7 167 
2700 8 167 
2700 9 259 100 167 137 298 87 269 221 99 233 152 234 74 4 
2700 10 167 
2700 11 4 
2700 12 167 
2700 13 234 
2700 14 
2700 15 99 4 298 299 14 221 
2700 16 99 4 167 137 234 87 269 233 221 
2700 17 18 114 269 87 
2700 18 
2700 19 193 74 167 137 234 14 120 274 116 41 152 221 
2700 20 296 114 269 87 
2700 21 
2700 22 99 167 
2700 23 18 147 269 87 
2700 24 99 100 167 298 44 269 221 146 152 234 74 4 
2700 25 167 
2700 27 4 167 233 298 299 152 
2700 28 167 
2700 29 296 114 147 237 87 
2700 30 296 18 114 
2700 31 99 296 114 269 18 147 87 
2700 32 259 74 87 4 167 
2700 33 299 18 147 167 
2700 34 193 259 100 167 137 234 44 112 113 233 152 
2700 35 74 114 167 
2700 37 167 
2700 38 298 234 87 
2700 39 259 100 167 137 234 87 44 269 14 221 146 99 233 152 4 298 74 
2700 40 
2700 41 
2700 42 
2700 43 114 99 269 87 
2700 44 
2700 45 40 259 147 269 
2700 46 18 114 269 
2700 47 167 
2700 48 99 269 
2700 50 18 114 
2700 51 167 
2700 52 234 
2700 53 40 296 18 299 298 
2700 54 99 261 298 18 269 272 114 190 
2700 55 296 87 261 167 
2700 56 237 87 
2700 57 233 18 237 
2700 58 259 4 14 167 
2700 59 99 298 299 269 
2700 60 259 4 167 
2700 61 259 100 167 233 234 221 4 74 
2700 63 167 
2700 64 259 4 167 233 298 14 221 146 74 
2700 65 4 167 
2700 67 99 261 299 114 269 18 87 190 
2700 68 99 261 40 114 269 272 18 221 
2700 69 40 259 147 269 
2700 70 99 114 18 147 269 
2700 71 296 114 269 18 147 87 
2700 72 137 234 299 269 112 18 147 87 
2700 73 193 167 233 74 14 221 274 188 234 
2700 74 18 
2700 75 18 269 
2700 76 167 
2700 78 167 
2700 79 99 100 167 137 298 269 221 146 87 152 234 74 4 
2700 80 193 74 167 137 234 14 116 41 152 221 
2700 81 237 99 261 114 269 112 18 147 87 190 
2700 82 99 261 298 299 269 87 
2700 83 74 4 167 
2700 86 18 269 87 
2700 87 99 40 114 269 296 18 
2700 88 99 261 
2700 89 167 
2700 90 137 298 114 269 18 87 
2700 91 259 99 269 
2700 92 167 
2700 93 99 261 296 299 269 112 18 147 87 
2700 94 167 
2700 95 259 269 272 18 99 152 
2700 99 259 147 269 
2700 100 
2700 101 74 4 167 
2700 102 233 18 259 4 114 
2700 103 18 167 
2700 104 18 4 87 
2700 106 167 
2700 107 18 299 167 
2700 108 
2700 112 18 87 
2700 113 
2700 114 18 269 
2700 115 233 167 
2700 116 
2700 117 99 4 167 137 234 269 233 152 74 
2700 118 99 261 40 114 269 272 296 18 147 87 221 
2700 119 167 
2700 120 41 234 259 100 
2700 121 233 87 4 221 167 
2700 122 99 167 233 234 269 113 18 147 41 87 
2700 123 114 18 147 269 87 
2700 124 167 
2700 129 152 41 233 
2700 130 167 
2700 132 137 298 4 18 113 
2700 133 
2700 134 99 4 167 137 234 269 233 152 74 
2700 136 259 4 167 298 146 221 114 74 
2700 137 
2700 138 18 269 87 
2700 139 99 261 296 269 18 147 87 
2700 140 152 41 259 233 
2700 141 114 147 269 190 167 
2700 142 167 
2700 143 167 
2700 144 167 
2700 146 
2700 147 296 298 
2700 148 18 299 298 221 
2700 149 233 18 4 298 87 
2700 150 99 4 167 137 234 269 113 18 233 152 
2700 151 99 261 296 298 18 269 272 114 147 87 190 
2700 152 234 
2700 153 99 296 114 269 18 147 87 
2700 154 296 114 269 18 147 87 
2700 155 99 261 298 299 114 269 18 87 
2700 156 4 167 233 298 113 41 137 
2700 157 259 100 167 137 298 87 269 14 221 146 99 74 233 152 4 234 
2700 158 299 259 4 
2700 159 167 
2700 160 40 234 237 269 18 87 
2700 161 99 114 269 18 147 87 
2700 163 74 259 4 167 
2700 164 167 
2700 165 
2700 166 259 100 167 137 298 299 269 221 99 234 74 4 
2700 167 
2700 170 233 18 4 298 
2700 172 99 298 299 269 
2700 173 74 259 4 167 
2700 174 99 18 147 4 269 
2700 175 99 269 
2700 176 99 40 114 269 18 147 87 
2700 177 167 
2700 178 18 269 
2700 179 74 114 167 
2700 180 259 167 
2700 181 18 298 269 
2700 182 167 
2700 183 
2700 184 120 73 274 
2700 185 259 18 114 269 
2700 186 167 
2700 187 167 
2700 188 193 167 233 234 14 221 74 
2700 189 116 4 41 
2700 190 40 296 18 
2700 191 99 261 296 269 18 147 87 190 
2700 192 167 
2700 193 
2700 195 167 
2700 196 167 
2700 197 234 
2700 199 167 
2700 200 99 114 269 18 87 261 
2700 201 40 170 259 237 190 
2700 203 167 
2700 204 99 40 114 269 272 18 87 
2700 206 298 87 4 74 167 
2700 207 259 100 167 137 298 299 269 221 99 234 74 4 
2700 209 296 18 269 
2700 210 73 188 
2700 211 233 237 
2700 212 167 
2700 213 237 99 261 299 114 269 272 18 147 87 190 
2700 215 41 167 113 190 233 
2700 216 99 4 298 299 14 221 
2700 217 99 261 296 73 114 269 272 18 147 87 190 
2700 218 296 18 237 
2700 221 99 114 296 237 269 18 87 
2700 223 259 100 167 137 298 299 269 221 99 234 74 4 
2700 225 259 100 137 234 269 147 152 
2700 227 74 4 167 
2700 229 193 167 233 234 14 221 74 
2700 230 259 4 167 74 269 114 
2700 232 114 18 147 269 87 
2700 233 237 
2700 234 152 
2700 235 99 261 296 269 18 147 87 
2700 236 259 4 167 298 146 221 114 74 
2700 237 
2700 238 152 221 
2700 239 296 18 114 237 87 
2700 241 259 4 167 74 269 114 
2700 242 167 
2700 243 296 18 147 
2700 244 259 4 167 74 146 87 100 221 
2700 245 18 114 
2700 246 167 
2700 247 99 4 167 40 269 152 
2700 248 188 274 259 116 
2700 249 87 74 259 167 
2700 251 74 114 167 
2700 252 296 259 114 147 269 
2700 255 99 261 40 299 269 296 18 87 190 
2700 256 120 188 4 
2700 257 114 18 147 269 87 
2700 258 40 259 147 269 
2700 259 296 114 87 
2700 260 259 4 167 137 298 269 221 146 99 233 152 234 74 
2700 261 296 114 
2700 262 167 
2700 265 167 
2700 266 
2700 268 259 100 167 137 298 269 221 146 99 233 152 234 74 4 
2700 269 272 18 99 261 87 
2700 271 298 234 87 
2700 272 
2700 273 298 299 87 
2700 274 
2700 275 74 87 114 167 
2700 276 100 296 137 234 269 18 147 221 
2700 277 99 4 221 
2700 278 114 221 269 
2700 279 259 87 
2700 281 137 234 269 87 
2700 282 87 74 259 167 
2700 283 167 
2700 285 259 4 167 233 298 14 221 146 87 74 
2700 287 74 269 167 
2700 289 167 
2700 290 74 269 167 
2700 292 
2700 293 167 
2700 294 18 114 269 
2700 295 296 18 147 
2700 296 99 
2700 297 259 100 167 137 298 87 269 14 221 146 99 233 152 234 74 4 
2700 298 
2700 299 
3600 0 259 147 269 190 
3600 1 99 4 167 40 269 152 
3600 2 272 87 99 237 167 
3600 3 137 234 259 269 113 
3600 4 18 99 
3600 5 74 87 4 221 167 
3600 6 296 114 99 
3600 7 167 
3600 8 167 
3600 9 259 100 167 137 298 87 269 221 99 233 152 234 74 4 
3600 10 167 
3600 11 4 
3600 12 167 
3600 13 234 
3600 14 
3600 15 99 4 298 299 14 221 
3600 16 99 4 167 137 234 87 269 233 221 
3600 17 18 114 269 87 
3600 18 
3600 19 193 74 167 137 234 14 274 116 41 152 221 
3600 20 296 114 269 87 
3600 21 
3600 22 99 167 
3600 23 18 147 269 87 
3600 24 99 100 167 298 44 269 221 146 152 234 74 4 
3600 25 167 
3600 27 4 167 233 298 299 152 
3600 28 167 
3600 29 296 114 147 237 87 
3600 30 296 18 114 
3600 31 99 296 114 269 18 147 87 
3600 32 259 74 87 4 167 
3600 34 193 259 100 167 137 234 44 112 113 233 152 
3600 35 74 114 167 
3600 37 167 
3600 39 259 100 167 137 234 87 44 269 14 221 146 99 233 152 4 298 74 
3600 40 
3600 41 
3600 42 
3600 43 114 99 269 87 
3600 44 
3600 45 40 259 147 269 
3600 46 18 114 269 
3600 47 167 
3600 48 99 269 
3600 50 18 114 
3600 51 167 
3600 52 234 
3600 53 40 296 18 299 298 
3600 54 99 261 298 18 269 272 114 190 
3600 55 296 87 261 167 
3600 56 237 87 
3600 57 233 18 237 
3600 59 99 298 299 269 
3600 60 259 4 167 
3600 61 259 100 167 233 234 221 4 74 
3600 63 167 
3600 64 259 4 167 233 298 14 221 146 74 
3600 65 4 167 
3600 67 99 261 299 114 269 18 87 190 
3600 68 99 261 40 114 269 272 18 221 
3600 69 40 259 147 269 
3600 70 99 114 18 147 269 
3600 71 296 114 269 18 147 87 
3600 72 137 234 299 269 112 18 147 87 
3600 73 193 167 233 74 14 221 274 188 234 
3600 74 18 
3600 75 18 269 
3600 76 167 
3600 79 99 100 167 137 298 269 221 146 87 152 234 74 4 
3600 80 193 74 167 137 234 14 116 41 152 221 
3600 81 237 99 261 114 269 112 18 147 87 190 
3600 82 99 261 298 299 269 87 
3600 83 74 4 167 
3600 86 18 269 87 
3600 87 99 40 114 269 296 18 
3600 88 99 261 
3600 89 167 
3600 90 137 298 114 269 18 87 
3600 91 259 99 269 
3600 92 167 
3600 93 99 261 296 299 269 112 18 147 87 
3600 94 167 
3600 95 259 269 272 18 99 152 
3600 99 259 147 269 
3600 100 
3600 101 74 4 167 
3600 102 233 18 259 4 114 
3600 103 18 167 
3600 104 18 4 87 
3600 106 167 
3600 107 18 299 167 
3600 112 18 87 
3600 113 
3600 114 18 269 
3600 115 233 167 
3600 116 
3600 117 99 4 167 137 234 269 233 152 74 
3600 118 99 261 40 114 269 272 296 18 147 87 221 
3600 121 233 87 4 221 167 
3600 122 99 167 233 234 269 113 18 147 41 87 
3600 123 114 18 147 269 87 
3600 124 167 
3600 129 152 41 233 
3600 130 167 
3600 132 137 298 4 18 113 
3600 134 99 4 167 137 234 269 233 152 74 
3600 136 259 4 167 298 146 221 114 74 
3600 137 
3600 138 18 269 87 
3600 139 99 261 296 269 18 147 87 
3600 140 152 41 259 233 
3600 141 114 147 269 190 167 
3600 142 167 
3600 144 167 
3600 146 
3600 147 296 298 
3600 148 18 299 298 221 
3600 149 233 18 4 298 87 
3600 150 99 4 167 137 234 269 113 18 233 152 
3600 151 99 261 296 298 18 269 272 114 147 87 190 
3600 152 234 
3600 153 99 296 114 269 18 147 87 
3600 154 296 114 269 18 147 87 
3600 155 99 261 298 299 114 269 18 87 
3600 156 4 167 233 298 113 41 137 
3600 157 259 100 167 137 298 87 269 14 221 146 99 74 233 152 4 234 
3600 158 299 259 4 
3600 159 167 
3600 160 40 234 237 269 18 87 
3600 161 99 114 269 18 147 87 
3600 163 74 259 4 167 
3600 164 167 
3600 165 
3600 166 259 100 167 137 298 299 269 221 99 234 74 4 
3600 167 
3600 170 233 18 4 298 
3600 172 99 298 299 269 
3600 173 74 259 4 167 
3600 174 99 18 147 4 269 
3600 175 99 269 
3600 176 99 40 114 269 18 147 87 
3600 177 167 
3600 178 18 269 
3600 179 74 114 167 
3600 181 18 298 269 
3600 182 167 
3600 183 
3600 184 73 274 
3600 185 259 18 114 269 
3600 186 167 
3600 187 167 
3600 188 193 167 233 234 14 221 74 
3600 189 116 4 41 
3600 190 40 296 18 
3600 191 99 261 296 269 18 147 87 190 
3600 192 167 
3600 193 
3600 195 167 
3600 196 167 
3600 197 234 
3600 199 167 
3600 201 40 170 259 237 190 
3600 203 167 
3600 204 99 40 114 269 272 18 87 
3600 206 298 87 4 74 167 
3600 207 259 100 167 137 298 299 269 221 99 234 74 4 
3600 209 296 18 269 
3600 210 73 188 
3600 211 233 237 
3600 212 167 
3600 213 237 99 261 299 114 269 272 18 147 87 190 
3600 215 41 167 113 190 233 
3600 216 99 4 298 299 14 221 
3600 217 99 261 296 73 114 269 272 18 147 87 190 
3600 218 296 18 237 
3600 221 99 114 296 237 269 18 87 
3600 223 259 100 167 137 298 299 269 221 99 234 74 4 
3600 225 259 100 137 234 269 147 152 
3600 227 74 4 167 
3600 229 193 167 233 234 14 221 74 
3600 230 259 4 167 74 269 114 
3600 232 114 18 147 269 87 
3600 233 237 
3600 234 152 
3600 235 99 261 296 269 18 147 87 
3600 236 259 4 167 298 146 221 114 74 
3600 237 
3600 238 152 221 
3600 239 296 18 114 237 87 
3600 241 259 4 167 74 269 114 
3600 242 167 
3600 243 296 18 147 
3600 244 259 4 167 74 146 87 100 221 
3600 245 18 114 
3600 246 167 
3600 247 99 4 167 40 269 152 
3600 248 188 274 259 116 
3600 249 87 74 259 167 
3600 251 74 114 167 
3600 252 296 259 114 147 269 
3600 255 99 261 40 299 269 296 18 87 190 
3600 256 188 4 
3600 257 114 18 147 269 87 
3600 258 40 259 147 269 
3600 259 296 114 87 
3600 260 259 4 167 137 298 269 221 146 99 233 152 234 74 
3600 261 296 114 
3600 262 167 
3600 265 167 
3600 266 
3600 268 259 100 167 137 298 269 221 146 99 233 152 234 74 4 
3600 269 272 18 99 261 87 
3600 271 298 234 87 
3600 272 
3600 273 298 299 87 
3600 274 
3600 275 74 87 114 167 
3600 277 99 4 221 
3600 279 259 87 
3600 281 137 234 269 87 
3600 282 87 74 259 167 
3600 283 167 
3600 285 259 4 167 233 298 14 221 146 87 74 
3600 287 74 269 167 
3600 289 167 
3600 290 74 269 167 
3600 292 
3600 293 167 
3600 294 18 114 269 
3600 295 296 18 147 
3600 296 99 
3600 297 259 100 167 137 298 87 269 14 221 146 99 233 152 234 74 4 
3600 298 
3600 299 
4500 0 147 269 190 
4500 1 99 4 167 40 269 152 
4500 2 272 87 99 237 167 
4500 3 137 234 269 113 
4500 4 18 99 
4500 5 74 87 4 221 167 
4500 6 296 114 99 
4500 7 167 
4500 8 167 
4500 9 99 100 167 137 298 87 269 221 233 152 234 74 4 
4500 10 167 
4500 11 4 
4500 12 167 
4500 13 234 
4500 14 
4500 15 99 4 298 299 14 221 
4500 16 99 4 167 137 234 87 269 233 221 
4500 17 18 114 269 87 
4500 18 
4500 19 193 74 167 137 234 14 274 116 41 152 221 
4500 20 296 114 269 87 
4500 21 
4500 22 99 167 
4500 23 18 147 269 87 
4500 24 99 100 167 298 44 269 221 146 152 234 74 4 
4500 25 167 
4500 27 4 167 233 298 299 152 
4500 28 167 
4500 29 296 114 147 237 87 
4500 30 296 18 114 
4500 31 99 296 114 269 18 147 87 
4500 34 193 100 167 137 234 44 112 113 233 152 
4500 35 74 114 167 
4500 37 167 
4500 40 
4500 41 
4500 42 
4500 43 114 99 269 87 
4500 44 
4500 45 40 147 269 
4500 46 18 114 269 
4500 47 167 
4500 48 99 269 
4500 50 18 114 
4500 51 167 
4500 52 234 
4500 54 99 261 298 18 269 272 114 190 
4500 55 296 87 261 167 
4500 57 233 18 237 
4500 59 99 298 299 269 
4500 63 167 
4500 64 4 167 233 74 14 221 146 298 
4500 65 4 167 
4500 67 99 261 299 114 269 18 87 190 
4500 68 99 261 40 114 269 272 18 221 
4500 69 40 147 269 
4500 70 99 114 18 147 269 
4500 71 296 114 269 18 147 87 
4500 72 137 234 299 269 112 18 147 87 
4500 73 193 167 233 74 14 221 274 188 234 
4500 74 18 
4500 75 18 269 
4500 76 167 
4500 79 99 100 167 137 298 269 221 146 87 152 234 74 4 
4500 80 193 74 167 137 234 14 116 41 152 221 
4500 81 237 99 261 114 269 112 18 147 87 190 
4500 82 99 261 298 299 269 87 
4500 83 74 4 167 
4500 86 18 269 87 
4500 87 99 40 114 269 296 18 
4500 88 99 261 
4500 89 167 
4500 90 137 298 114 269 18 87 
4500 91 99 269 
4500 92 167 
4500 93 99 261 296 299 269 112 18 147 87 
4500 94 167 
4500 95 152 272 18 99 269 
4500 99 147 269 
4500 100 
4500 101 74 4 167 
4500 102 233 18 4 114 
4500 103 18 167 
4500 104 18 4 87 
4500 106 167 
4500 107 18 299 167 
4500 112 18 87 
4500 113 
4500 114 18 269 
4500 116 
4500 117 99 4 167 137 234 269 233 152 74 
4500 118 99 261 40 114 269 272 296 18 147 87 221 
4500 121 233 87 4 221 167 
4500 122 99 167 233 234 269 113 18 147 41 87 
4500 123 114 18 147 269 87 
4500 124 167 
4500 129 152 41 233 
4500 130 167 
4500 132 137 298 4 18 113 
4500 134 99 4 167 137 234 269 233 152 74 
4500 136 4 167 298 146 221 114 74 
4500 137 
4500 138 18 269 87 
4500 139 99 261 296 269 18 147 87 
4500 140 152 41 233 
4500 141 114 147 269 190 167 
4500 142 167 
4500 144 167 
4500 146 
4500 147 296 298 
4500 148 18 299 298 221 
4500 149 233 18 4 298 87 
4500 150 99 4 167 137 234 269 113 18 233 152 
4500 151 99 261 296 298 18 269 272 114 147 87 190 
4500 152 234 
4500 153 99 296 114 269 18 147 87 
4500 154 296 114 269 18 147 87 
4500 155 99 261 298 299 114 269 18 87 
4500 156 4 167 233 298 113 41 137 
4500 157 99 100 167 137 234 87 269 14 221 146 74 233 152 4 298 
4500 158 299 4 
4500 159 167 
4500 160 40 234 237 269 18 87 
4500 161 99 114 269 18 147 87 
4500 163 74 4 167 
4500 164 167 
4500 165 
4500 166 99 100 167 137 298 299 269 221 234 74 4 
4500 167 
4500 170 233 18 4 298 
4500 172 99 298 299 269 
4500 173 74 4 167 
4500 174 99 18 147 4 269 
4500 175 99 269 
4500 176 99 40 114 269 18 147 87 
4500 177 167 
4500 178 18 269 
4500 179 74 114 167 
4500 181 18 298 269 
4500 182 167 
4500 183 
4500 184 73 274 
4500 185 18 114 269 
4500 186 167 
4500 187 167 
4500 188 193 167 233 234 14 221 74 
4500 189 116 4 41 
4500 190 40 296 18 
4500 191 99 261 296 269 18 147 87 190 
4500 192 167 
4500 193 
4500 195 167 
4500 196 167 
4500 197 234 
4500 199 167 
4500 201 40 170 237 190 
4500 203 167 
4500 204 99 40 114 269 272 18 87 
4500 206 298 87 4 74 167 
4500 209 296 18 269 
4500 210 73 188 
4500 211 233 237 
4500 212 167 
4500 213 237 99 261 299 114 269 272 18 147 87 190 
4500 215 41 167 113 190 233 
4500 216 99 4 298 299 14 221 
4500 217 99 261 296 73 114 269 272 18 147 87 190 
4500 218 296 18 237 
4500 221 99 114 296 237 269 18 87 
4500 223 99 100 167 137 298 299 269 221 234 74 4 
4500 225 100 137 234 269 147 152 
4500 227 74 4 167 
4500 229 193 167 233 234 14 221 74 
4500 230 74 114 4 269 167 
4500 232 114 18 147 269 87 
4500 233 237 
4500 234 152 
4500 235 99 261 296 269 18 147 87 
4500 236 4 167 298 146 221 114 74 
4500 237 
4500 238 152 221 
4500 239 296 18 114 237 87 
4500 241 74 114 4 269 167 
4500 242 167 
4500 243 296 18 147 
4500 244 4 167 74 146 87 100 221 
4500 245 18 114 
4500 246 167 
4500 247 99 4 167 40 269 152 
4500 248 188 274 116 
4500 249 74 87 167 
4500 251 74 114 167 
4500 252 296 114 147 269 
4500 255 99 261 40 299 269 296 18 87 190 
4500 256 188 4 
4500 257 114 18 147 269 87 
4500 258 40 147 269 
4500 260 99 4 167 137 298 269 221 146 233 152 234 74 
4500 261 296 114 
4500 262 167 
4500 265 167 
4500 266 
4500 268 99 100 167 137 298 269 221 146 233 152 234 74 4 
4500 269 272 18 99 261 87 
4500 271 298 234 87 
4500 272 
4500 274 
4500 275 74 87 114 167 
4500 279 87 
4500 281 137 234 269 87 
4500 282 74 87 167 
4500 283 167 
4500 285 4 167 233 74 14 221 146 87 298 
4500 287 74 269 167 
4500 289 167 
4500 290 74 269 167 
4500 293 167 
4500 294 18 114 269 
4500 296 99 
4500 297 99 100 167 137 298 87 269 14 221 146 233 152 234 74 4 
4500 298 
4500 299 
5400 0 269 190 
5400 1 99 4 167 40 269 152 
5400 2 272 87 99 237 167 
5400 3 137 234 269 113 
5400 4 18 99 
5400 5 74 87 4 221 167 
5400 6 296 114 99 
5400 7 167 
5400 8 167 
5400 9 99 100 167 137 234 87 269 221 233 152 4 74 
5400 10 167 
5400 11 4 
5400 12 167 
5400 13 234 
5400 14 
5400 15 99 4 221 14 
5400 16 99 4 167 137 234 87 269 233 221 
5400 17 18 114 269 87 
5400 18 
5400 19 193 74 167 137 234 14 274 116 41 152 221 
5400 20 296 114 269 87 
5400 21 
5400 22 99 167 
5400 23 18 269 87 
5400 24 99 100 167 234 44 269 221 146 152 4 74 
5400 25 167 
5400 27 152 233 4 167 
5400 28 167 
5400 29 296 114 237 87 
5400 30 296 18 114 
5400 31 99 296 114 269 18 87 
5400 34 193 100 167 137 234 44 112 113 233 152 
5400 35 74 114 167 
5400 37 167 
5400 40 
5400 41 
5400 42 
5400 43 114 99 269 87 
5400 44 
5400 45 40 269 
5400 46 18 114 269 
5400 47 167 
5400 48 99 269 
5400 50 18 114 
5400 51 167 
5400 52 234 
5400 54 99 261 114 269 272 18 190 
5400 55 296 87 261 167 
5400 57 233 18 237 
5400 59 99 269 
5400 63 167 
5400 64 4 167 233 74 14 146 221 
5400 65 4 167 
5400 67 99 261 114 269 18 87 190 
5400 68 99 261 40 114 269 272 18 221 
5400 69 40 269 
5400 70 114 18 99 269 
5400 71 296 18 114 269 87 
5400 72 137 234 269 112 18 87 
5400 73 193 167 233 74 14 221 274 188 234 
5400 74 18 
5400 75 18 269 
5400 76 167 
5400 79 99 100 167 137 234 269 221 146 87 152 4 74 
5400 80 193 74 167 137 234 14 116 41 152 221 
5400 81 99 261 114 269 112 18 237 87 190 
5400 82 87 99 269 261 
5400 83 74 4 167 
5400 86 18 269 87 
5400 87 99 40 114 269 296 18 
5400 89 167 
5400 90 137 18 114 269 87 
5400 91 99 269 
5400 92 167 
5400 94 167 
5400 95 152 272 18 99 269 
5400 99 269 
5400 100 
5400 101 74 4 167 
5400 102 233 18 4 114 
5400 103 18 167 
5400 104 18 4 87 
5400 107 18 167 
5400 112 18 87 
5400 113 
5400 114 18 269 
5400 116 
5400 117 99 4 167 137 234 269 233 152 74 
5400 118 99 261 40 114 269 272 296 18 87 221 
5400 121 233 87 4 221 167 
5400 122 99 167 233 234 269 113 18 41 87 
5400 123 18 114 269 87 
5400 124 167 
5400 129 152 41 233 
5400 132 137 18 4 113 
5400 134 99 4 167 137 234 269 233 152 74 
5400 137 
5400 139 99 261 296 269 18 87 
5400 140 152 41 233 
5400 141 114 269 190 167 
5400 142 167 
5400 144 167 
5400 146 
5400 148 18 221 
5400 149 233 18 4 87 
5400 150 99 4 167 137 234 269 113 18 233 152 
5400 151 99 261 296 114 269 272 18 87 190 
5400 152 234 
5400 153 99 296 114 269 18 87 
5400 154 296 18 114 269 87 
5400 155 99 114 269 18 87 261 
5400 156 4 167 233 113 41 137 
5400 157 99 100 167 233 234 87 269 14 221 146 137 152 4 74 
5400 158 4 
5400 159 167 
5400 160 40 234 237 269 18 87 
5400 161 114 18 99 269 87 
5400 165 
5400 166 99 100 167 137 234 269 221 4 74 
5400 167 
5400 170 233 18 4 
5400 172 99 269 
5400 173 74 4 167 
5400 174 18 99 4 269 
5400 175 99 269 
5400 176 99 40 114 269 18 87 
5400 177 167 
5400 178 18 269 
5400 179 74 114 167 
5400 181 18 269 
5400 182 167 
5400 183 
5400 184 73 274 
5400 185 18 114 269 
5400 186 167 
5400 187 167 
5400 188 193 167 233 234 14 221 74 
5400 189 116 4 41 
5400 190 40 296 18 
5400 191 99 261 296 269 18 87 190 
5400 192 167 
5400 193 
5400 195 167 
5400 196 167 
5400 197 234 
5400 199 167 
5400 201 40 170 237 190 
5400 203 167 
5400 204 99 40 114 269 272 18 87 
5400 206 74 87 4 167 
5400 209 296 18 269 
5400 211 233 237 
5400 212 167 
5400 213 99 261 114 269 272 18 237 87 190 
5400 215 41 167 113 190 233 
5400 216 99 4 221 14 
5400 217 99 261 296 73 114 269 272 18 87 190 
5400 218 296 18 237 
5400 221 99 114 296 237 269 18 87 
5400 223 99 100 167 137 234 269 221 4 74 
5400 225 152 137 234 100 269 
5400 227 74 4 167 
5400 229 193 167 233 234 14 221 74 
5400 230 74 114 4 269 167 
5400 232 18 114 269 87 
5400 233 237 
5400 234 152 
5400 235 99 261 296 269 18 87 
5400 236 4 167 74 146 114 221 
5400 237 
5400 238 152 221 
5400 239 296 18 114 237 87 
5400 241 74 114 4 269 167 
5400 242 167 
5400 243 296 18 
5400 245 18 114 
5400 246 167 
5400 247 99 4 167 40 269 152 
5400 248 188 274 116 
5400 249 74 87 167 
5400 251 74 114 167 
5400 252 296 114 269 
5400 255 99 261 40 269 296 18 87 190 
5400 256 188 4 
5400 257 18 114 269 87 
5400 258 40 269 
5400 260 99 4 167 233 234 269 221 146 137 152 74 
5400 261 296 114 
5400 262 167 
5400 265 167 
5400 266 
5400 268 99 100 167 233 234 269 221 146 137 152 4 74 
5400 269 272 18 99 261 87 
5400 271 234 87 
5400 272 
5400 274 
5400 275 74 87 114 167 
5400 279 87 
5400 281 137 234 269 87 
5400 282 74 87 167 
5400 283 167 
5400 285 4 167 233 74 14 146 87 221 
5400 287 74 269 167 
5400 289 167 
5400 290 74 269 167 
5400 293 167 
5400 294 18 114 269 
5400 296 99 
5400 297 99 100 167 233 234 87 269 14 221 146 137 152 4 74 
6300 0 269 190 
6300 1 99 4 167 40 269 152 
6300 2 272 87 99 237 167 
6300 3 137 234 269 113 
6300 4 18 99 
6300 5 74 87 4 221 167 
6300 6 296 99 
6300 7 167 
6300 8 167 
6300 9 99 100 167 137 234 87 269 221 233 152 4 74 
6300 10 167 
6300 11 4 
6300 12 167 
6300 13 234 
6300 14 
6300 15 99 4 221 14 
6300 16 99 4 167 137 234 87 269 233 221 
6300 17 18 269 87 
6300 18 
6300 19 193 74 167 137 234 14 274 116 41 152 221 
6300 20 296 269 87 
6300 21 
6300 22 99 167 
6300 23 18 269 87 
6300 24 99 100 167 234 44 269 221 146 152 4 74 
6300 25 167 
6300 28 167 
6300 29 296 237 87 
6300 30 296 18 
6300 31 296 18 99 269 87 
6300 34 193 100 167 137 234 44 112 113 233 152 
6300 35 74 167 
6300 37 167 
6300 40 
6300 41 
6300 42 
6300 43 99 269 87 
6300 44 
6300 45 40 269 
6300 46 18 269 
6300 47 167 
6300 48 99 269 
6300 50 18 
6300 51 167 
6300 52 234 
6300 54 272 18 99 269 190 
6300 55 296 87 167 
6300 57 233 18 237 
6300 59 99 269 
6300 63 167 
6300 64 4 167 233 74 14 146 221 
6300 65 4 167 
6300 67 18 99 269 190 87 
6300 69 40 269 
6300 70 18 99 269 
6300 71 296 18 269 87 
6300 72 137 234 269 112 18 87 
6300 73 193 167 233 74 14 221 274 188 234 
6300 74 18 
6300 76 167 
6300 79 99 100 167 137 234 269 221 146 87 152 4 74 
6300 80 193 74 167 137 234 14 116 41 152 221 
6300 81 99 237 269 112 18 87 190 
6300 82 99 269 87 
6300 83 74 4 167 
6300 86 18 269 87 
6300 87 40 296 18 99 269 
6300 89 167 
6300 90 137 18 269 87 
6300 91 99 269 
6300 92 167 
6300 94 167 
6300 95 152 272 18 99 269 
6300 99 269 
6300 100 
6300 101 74 4 167 
6300 102 233 18 4 
6300 103 18 167 
6300 104 18 4 87 
6300 107 18 167 
6300 112 18 87 
6300 113 
6300 116 
6300 117 99 4 167 137 234 269 233 152 74 
6300 118 99 40 269 272 296 18 87 221 
6300 121 233 87 4 221 167 
6300 122 99 167 233 234 269 113 18 41 87 
6300 123 18 269 87 
6300 124 167 
6300 129 152 41 233 
6300 132 137 18 4 113 
6300 137 
6300 139 296 18 99 269 87 
6300 140 152 41 233 
6300 141 269 190 167 
6300 142 167 
6300 144 167 
6300 146 
6300 148 18 221 
6300 149 233 18 4 87 
6300 150 99 4 167 137 234 269 113 18 233 152 
6300 151 99 296 269 272 18 87 190 
6300 152 234 
6300 153 296 18 99 269 87 
6300 154 296 18 269 87 
6300 155 18 99 269 87 
6300 156 4 167 233 113 41 137 
6300 157 99 100 167 233 234 87 269 14 221 146 137 152 4 74 
6300 158 4 
6300 159 167 
6300 161 18 99 269 87 
6300 165 
6300 166 99 100 167 137 234 269 221 4 74 
6300 167 
6300 170 233 18 4 
6300 172 99 269 
6300 173 74 4 167 
6300 174 18 99 4 269 
6300 175 99 269 
6300 176 40 18 99 269 87 
6300 177 167 
6300 178 18 269 
6300 181 18 269 
6300 182 167 
6300 183 
6300 185 18 269 
6300 186 167 
6300 187 167 
6300 188 193 167 233 234 14 221 74 
6300 189 116 4 41 
6300 190 40 296 18 
6300 191 99 296 269 18 87 190 
6300 192 167 
6300 193 
6300 195 167 
6300 196 167 
6300 197 234 
6300 199 167 
6300 201 40 170 237 190 
6300 203 167 
6300 204 99 40 269 272 18 87 
6300 206 74 87 4 167 
6300 209 296 18 269 
6300 211 233 237 
6300 212 167 
6300 213 99 237 269 272 18 87 190 
6300 215 41 167 113 190 233 
6300 216 99 4 221 14 
6300 217 99 296 73 269 272 18 87 190 
6300 218 296 18 237 
6300 221 99 296 237 269 18 87 
6300 223 99 100 167 137 234 269 221 4 74 
6300 225 152 137 234 100 269 
6300 227 74 4 167 
6300 229 193 167 233 234 14 221 74 
6300 230 74 4 269 167 
6300 232 18 269 87 
6300 233 237 
6300 234 152 
6300 236 74 4 221 146 167 
6300 237 
6300 238 152 221 
6300 239 296 18 237 87 
6300 241 74 4 269 167 
6300 242 167 
6300 243 296 18 
6300 245 18 
6300 246 167 
6300 247 99 4 167 40 269 152 
6300 248 188 274 116 
6300 249 74 87 167 
6300 252 296 269 
6300 255 99 40 269 296 18 87 190 
6300 256 188 4 
6300 257 18 269 87 
6300 258 40 269 
6300 260 99 4 167 233 234 269 221 146 137 152 74 
6300 262 167 
6300 265 167 
6300 268 99 100 167 233 234 269 221 146 137 152 4 74 
6300 269 272 18 99 87 
6300 271 234 87 
6300 272 
6300 274 
6300 275 74 87 167 
6300 279 87 
6300 281 137 234 269 87 
6300 282 74 87 167 
6300 283 167 
6300 287 74 269 167 
6300 289 167 
6300 290 74 269 167 
6300 293 167 
6300 294 18 269 
6300 296 99 
6300 297 99 100 167 233 234 87 269 14 221 146 137 152 4 74 
