0 0 130 293 6 9 273 88 29 30 
0 1 217 146 214 
0 2 80 289 133 86 238 
0 3 159 45 71 
0 4 55 221 103 
0 5 34 171 30 15 
0 6 132 46 95 
0 7 155 268 195 
0 8 67 137 43 20 180 252 31 
0 9 137 188 
0 10 192 103 72 9 83 154 
0 11 265 170 180 
0 12 112 259 43 13 16 19 213 
0 13 68 293 198 244 181 118 91 94 
0 14 224 141 229 
0 15 227 60 246 38 
0 16 184 50 147 124 
0 17 242 133 7 
0 18 50 
0 19 59 243 156 269 231 
0 20 129 260 69 289 202 13 179 119 89 285 62 
0 21 106 29 54 
0 22 216 189 213 78 245 
0 23 43 84 93 
0 24 11 49 35 252 
0 25 224 259 294 227 200 51 
0 26 296 225 250 24 
0 27 179 260 230 126 229 
0 28 60 194 203 131 293 
0 29 291 55 
0 30 144 265 51 
0 31 296 202 291 221 165 
0 32 217 124 
0 33 17 274 22 62 31 
0 34 262 15 113 244 21 84 
0 35 187 136 14 200 22 88 59 
0 37 54 76 46 182 27 229 
0 38 81 132 
0 39 98 3 260 198 266 173 249 251 95 
0 40 65 10 75 181 88 138 
0 41 240 49 275 117 175 
0 42 288 225 164 72 266 148 94 62 
0 43 169 6 
0 44 224 188 178 235 292 
0 45 72 157 279 
0 46 1 171 260 37 174 
0 47 99 7 
0 48 81 276 
0 49 161 34 180 97 
0 50 5 266 107 141 112 123 285 
0 51 4 31 
0 52 16 226 290 165 86 
0 53 136 296 283 278 72 
0 54 165 210 159 13 79 
0 55 129 37 80 266 173 237 176 286 261 
0 56 185 147 205 111 
0 57 74 76 13 238 7 
0 58 260 69 174 
0 59 258 42 243 212 117 24 
0 60 141 214 151 
0 61 35 164 117 166 223 
0 62 131 4 6 170 207 19 
0 63 147 139 102 
0 64 247 76 253 199 
0 65 245 95 
0 66 265 195 
0 67 265 179 196 
0 68 192 113 41 139 17 255 
0 69 241 34 268 113 207 
0 70 224 49 138 99 244 
0 71 246 162 182 239 214 247 89 
0 72 97 196 206 53 55 184 
0 73 263 132 174 151 
0 74 235 188 255 
0 75 1 5 42 108 14 20 89 249 283 
0 76 160 289 3 137 181 56 121 63 
0 77 80 297 275 94 
0 78 234 139 51 86 152 92 
0 79 104 11 117 142 
0 80 
0 81 296 59 134 63 
0 82 98 68 298 205 88 27 
0 83 226 259 261 41 143 180 
0 84 19 123 203 150 
0 86 170 14 
0 87 259 107 12 207 50 19 247 155 156 
0 88 194 232 298 15 49 242 122 
0 89 9 63 
0 90 193 162 261 299 273 21 191 
0 91 257 197 72 92 110 28 221 
0 92 48 299 222 
0 93 24 167 239 207 143 
0 94 277 119 
0 95 290 148 
0 97 88 9 34 84 253 
0 98 99 146 259 
0 99 225 130 201 140 273 118 9 56 27 190 
0 100 200 1 190 
0 101 288 41 10 52 154 92 
0 102 222 24 253 278 
0 103 160 49 221 
0 104 136 297 10 82 22 
0 105 73 124 28 159 
0 106 297 67 63 
0 107 202 124 266 
0 108 
0 110 240 184 141 
0 111 272 209 186 279 
0 112 88 81 279 
0 113 249 298 284 
0 114 40 298 
0 115 41 266 83 207 31 
0 116 104 156 133 238 
0 117 210 114 14 102 150 
0 118 225 74 75 269 179 183 187 62 
0 119 0 4 233 205 178 182 
0 120 
0 121 1 74 187 181 134 
0 122 257 2 90 222 
0 123 145 219 229 
0 124 0 132 40 105 171 83 22 
0 126 290 105 266 81 41 184 
0 129 146 67 108 287 
0 130 97 199 41 18 86 55 282 218 
0 131 30 86 
0 132 108 54 166 
0 133 9 58 244 157 14 
0 134 45 130 266 34 199 
0 136 263 43 13 117 22 281 154 
0 137 229 230 9 203 207 48 
0 138 53 149 
0 139 256 229 
0 140 275 144 227 6 
0 141 224 288 142 
0 142 122 155 90 191 
0 143 216 100 
0 144 51 179 286 
0 145 265 131 89 
0 146 218 278 23 
0 147 226 211 21 222 287 
0 148 227 69 232 241 243 285 286 
0 149 108 53 
0 150 97 284 159 
0 151 47 111 
0 152 103 171 210 121 26 188 
0 153 1 136 298 142 86 219 266 94 
0 154 92 278 
0 155 283 141 215 69 
0 156 19 5 22 237 
0 157 16 2 154 198 
0 158 28 292 
0 159 60 260 153 
0 160 294 73 113 52 118 123 
0 161 1 67 110 146 214 89 95 
0 162 196 140 278 248 27 93 
0 163 193 73 203 110 210 19 
0 164 64 196 107 269 214 223 
0 165 79 91 223 254 119 
0 166 55 
0 167 88 64 202 54 119 
0 169 32 91 79 114 118 59 
0 170 33 206 93 114 186 26 191 
0 171 288 1 172 272 19 181 
0 172 165 295 299 12 240 92 
0 173 218 11 
0 174 34 165 236 190 183 157 126 63 
0 175 100 210 43 173 47 82 182 152 221 
0 176 289 263 149 58 220 157 
0 177 288 26 115 242 141 
0 178 120 65 
0 179 262 41 144 145 180 214 24 191 
0 180 226 228 175 150 218 222 
0 181 198 265 141 84 246 60 
0 182 40 89 197 
0 183 227 299 46 273 87 152 158 
0 184 80 202 259 190 
0 185 44 180 198 
0 186 162 70 73 18 249 158 
0 187 179 255 
0 188 200 
0 189 33 131 
0 190 48 124 198 
0 191 227 144 209 218 286 31 
0 192 290 21 158 
0 193 152 257 74 22 30 
0 194 40 223 100 133 159 
0 195 97 130 225 72 129 204 161 
0 196 218 90 78 
0 197 172 237 13 274 79 223 
0 198 100 
0 199 248 67 166 263 
0 200 123 147 198 182 
0 201 298 51 213 
0 202 69 70 40 236 213 91 252 223 
0 203 126 
0 204 97 4 167 144 21 120 252 
0 205 68 260 253 278 
0 206 202 235 158 
0 207 299 274 291 221 13 
0 209 254 
0 210 67 163 
0 211 57 151 37 262 285 
0 212 0 238 
0 213 292 77 146 19 52 222 
0 214 136 276 2 164 
0 215 161 115 196 239 
0 216 88 233 43 200 166 
0 217 232 105 240 72 95 
0 218 0 50 59 269 270 
0 219 180 231 
0 220 123 284 166 
0 221 165 166 295 45 147 119 283 261 
0 222 25 242 213 78 247 
0 223 104 73 293 119 
0 224 192 42 186 278 
0 225 104 152 51 93 33 
0 226 256 242 198 
0 227 75 11 50 217 281 158 255 
0 228 88 152 298 290 65 
0 229 68 232 297 206 120 216 
0 230 197 
0 231 144 232 162 20 
0 232 187 42 2 45 
0 233 80 194 
0 234 257 194 235 294 198 107 191 
0 235 185 286 165 102 
0 236 194 68 118 175 
0 237 89 
0 238 164 
0 239 220 60 133 
0 240 69 54 6 165 
0 241 225 230 263 136 209 56 184 157 
0 242 24 202 90 261 39 
0 243 192 57 67 177 175 
0 244 2 265 111 81 217 92 63 
0 245 192 204 206 
0 246 137 26 276 146 
0 247 10 227 198 
0 248 136 234 266 184 237 
0 249 1 162 25 39 136 43 147 180 151 281 
0 250 177 26 75 282 
0 251 279 174 117 89 25 285 
0 252 259 91 215 
0 253 291 42 44 83 52 23 
0 254 197 265 145 118 137 57 91 
0 255 161 134 202 205 238 143 
0 256 112 90 52 149 
0 257 256 65 46 55 250 254 
0 258 233 59 270 
0 259 48 73 291 220 229 
0 260 299 283 
0 261 193 69 12 22 183 28 
0 262 209 21 
0 263 160 252 133 
0 265 144 217 176 139 279 
0 266 192 270 143 
0 268 161 186 30 45 62 
0 269 240 90 270 
0 270 0 281 186 260 
0 271 263 218 107 199 
0 272 169 69 190 
0 273 236 191 
0 274 257 
0 275 192 171 77 238 
0 276 288 98 7 240 215 88 
0 277 272 226 13 246 159 
0 278 256 76 
0 279 249 
0 281 192 100 294 203 205 179 
0 282 81 58 30 
0 283 144 218 163 29 
0 284 87 108 206 175 
0 285 230 72 237 78 143 94 154 190 
0 286 133 71 
0 287 130 235 4 
0 288 25 175 149 215 199 
0 289 32 0 242 81 18 24 223 
0 290 145 123 269 
0 291 33 167 72 50 276 245 151 91 284 
0 292 130 101 232 78 116 287 
0 293 90 
0 294 172 93 
0 295 129 268 10 108 238 253 78 279 155 202 
0 296 115 298 19 114 
0 297 64 44 242 148 213 214 251 
0 298 260 72 252 49 4 251 284 
0 299 258 260 234 45 241 245 246 
900 0 130 293 6 9 273 88 29 30 
900 1 217 146 214 
900 2 80 289 133 86 238 
900 3 159 45 71 
900 4 55 221 103 
900 5 34 30 15 
900 6 132 46 95 
900 7 155 268 195 
900 8 67 137 43 20 180 252 31 
900 9 137 188 
900 10 192 103 72 9 83 154 
900 11 265 170 180 
900 12 112 259 43 13 16 19 213 
900 13 68 293 198 244 181 118 91 94 
900 14 141 229 
900 15 227 60 246 38 
900 16 184 50 147 124 
900 17 242 133 7 
900 18 50 
900 19 59 243 156 269 231 
900 20 129 260 69 289 202 13 179 119 89 285 62 
900 21 106 29 54 
900 22 216 189 213 78 245 
900 23 43 93 
900 24 35 11 252 
900 25 259 51 227 200 294 
900 27 179 260 230 126 229 
900 28 60 203 131 293 
900 29 291 55 
900 30 144 265 51 
900 31 296 202 291 221 165 
900 32 217 124 
900 33 17 274 22 62 31 
900 34 113 244 21 262 15 
900 35 187 136 14 200 22 88 59 
900 37 54 76 46 182 27 229 
900 38 81 132 
900 39 3 260 198 266 173 249 251 95 
900 40 65 10 75 181 88 138 
900 41 240 275 117 175 
900 42 225 164 72 266 148 94 62 
900 43 169 6 
900 44 188 178 235 292 
900 45 72 157 279 
900 46 1 260 37 174 
900 47 99 7 
900 48 81 276 
900 50 5 266 107 141 112 123 285 
900 51 4 31 
900 52 16 226 290 165 86 
900 53 136 296 283 278 72 
900 54 165 210 159 13 79 
900 55 129 37 80 266 173 237 176 261 
900 56 185 147 205 111 
900 57 74 76 13 238 7 
900 58 260 69 174 
900 59 258 42 243 212 117 24 
900 60 141 214 151 
900 61 35 164 117 166 223 
900 62 131 4 6 170 207 19 
900 63 147 139 102 
900 64 247 76 253 199 
900 65 245 95 
900 67 265 179 196 
900 68 192 113 41 139 17 255 
900 69 241 34 268 113 207 
900 70 138 99 244 
900 71 246 162 182 239 214 247 89 
900 72 97 196 206 53 55 184 
900 73 132 174 151 
900 74 235 188 255 
900 75 1 5 42 108 14 20 89 249 283 
900 76 160 289 3 137 181 56 121 63 
900 78 234 139 51 86 152 92 
900 79 104 11 117 142 
900 80 
900 81 296 59 134 63 
900 82 88 298 27 68 205 
900 83 226 259 261 41 143 180 
900 86 170 14 
900 87 259 107 12 207 50 19 247 155 156 
900 88 232 122 298 242 15 
900 89 9 63 
900 90 193 162 261 299 273 21 191 
900 91 257 197 72 92 110 28 221 
900 92 48 299 222 
900 93 24 167 239 207 143 
900 94 277 119 
900 95 290 148 
900 97 88 9 34 253 
900 99 225 130 201 140 273 118 9 56 27 190 
900 100 200 1 190 
900 101 41 10 92 154 52 
900 102 222 24 253 278 
900 103 160 221 
900 104 136 297 10 82 22 
900 105 73 124 28 159 
900 106 297 67 63 
900 107 202 124 266 
900 108 
900 110 240 184 141 
900 111 272 209 186 279 
900 112 88 81 279 
900 113 249 298 284 
900 114 40 298 
900 115 41 266 83 207 31 
900 116 104 156 133 238 
900 117 210 114 14 102 150 
900 118 225 74 75 269 179 183 187 62 
900 119 0 4 233 205 178 182 
900 120 
900 121 1 74 187 181 134 
900 122 257 2 90 222 
900 123 145 219 229 
900 124 0 132 40 105 83 22 
900 126 290 105 266 81 41 184 
900 129 146 67 108 287 
900 130 97 199 41 18 86 55 282 218 
900 131 30 86 
900 132 108 54 166 
900 133 9 58 244 157 14 
900 134 45 130 266 34 199 
900 136 43 13 117 22 281 154 
900 137 229 230 9 203 207 48 
900 138 53 149 
900 139 256 229 
900 140 275 144 227 6 
900 141 142 
900 142 122 155 90 191 
900 143 216 100 
900 144 51 179 
900 145 265 131 89 
900 146 218 278 23 
900 147 226 211 21 222 287 
900 148 227 69 232 241 243 285 
900 149 108 53 
900 150 97 284 159 
900 151 47 111 
900 152 121 210 188 103 
900 153 1 136 298 142 86 219 266 94 
900 154 92 278 
900 155 283 141 215 69 
900 156 19 5 22 237 
900 157 16 2 154 198 
900 158 28 292 
900 159 60 260 153 
900 160 294 73 113 52 118 123 
900 161 1 67 110 146 214 89 95 
900 162 196 140 278 248 27 93 
900 163 193 73 203 110 210 19 
900 164 64 196 107 269 214 223 
900 165 79 91 223 254 119 
900 166 55 
900 167 88 64 202 54 119 
900 169 32 91 79 114 118 59 
900 170 33 206 114 186 93 191 
900 172 165 295 299 12 240 92 
900 173 218 11 
900 174 34 165 236 190 183 157 126 63 
900 175 100 210 43 173 47 82 182 152 221 
900 176 289 58 220 157 149 
900 177 242 115 141 
900 178 120 65 
900 179 262 41 144 145 180 214 24 191 
900 180 218 226 150 222 175 
900 181 265 60 141 198 246 
900 182 40 89 197 
900 183 227 299 46 273 87 152 158 
900 184 80 202 259 190 
900 185 44 180 198 
900 186 162 70 73 18 249 158 
900 187 179 255 
900 188 200 
900 189 33 131 
900 190 48 124 198 
900 191 144 209 218 227 31 
900 192 290 21 158 
900 193 152 257 74 22 30 
900 195 97 130 225 72 129 204 161 
900 196 218 90 78 
900 197 172 237 13 274 79 223 
900 198 100 
900 199 248 67 166 
900 200 123 147 198 182 
900 201 298 51 213 
900 202 69 70 40 236 213 91 252 223 
900 203 126 
900 204 97 4 167 144 21 120 252 
900 205 68 260 253 278 
900 206 202 235 158 
900 207 299 274 291 221 13 
900 209 254 
900 210 67 163 
900 211 57 151 37 262 285 
900 212 0 238 
900 213 52 146 19 292 222 
900 214 136 276 2 164 
900 215 161 115 196 239 
900 216 88 233 43 200 166 
900 217 232 105 240 72 95 
900 218 0 50 59 269 270 
900 219 180 231 
900 220 123 284 166 
900 221 165 166 295 45 147 119 283 261 
900 222 25 242 213 78 247 
900 223 104 73 293 119 
900 225 104 152 51 93 33 
900 226 256 242 198 
900 227 75 11 50 217 281 158 255 
900 229 68 232 297 206 120 216 
900 230 197 
900 231 144 232 162 20 
900 232 187 42 2 45 
900 233 80 
900 234 257 235 294 198 107 191 
900 235 185 165 102 
900 236 68 118 175 
900 237 89 
900 238 164 
900 239 220 60 133 
900 240 69 54 6 165 
900 241 225 230 136 209 56 184 157 
900 242 24 202 90 261 39 
900 243 192 57 67 177 175 
900 244 2 265 111 81 217 92 63 
900 245 192 204 206 
900 246 137 146 276 
900 247 10 227 198 
900 248 136 234 266 184 237 
900 249 1 162 25 39 136 43 147 180 151 281 
900 250 177 282 75 
900 251 279 174 117 89 25 285 
900 252 259 91 215 
900 253 291 42 44 83 52 23 
900 254 197 265 145 118 137 57 91 
900 255 161 134 202 205 238 143 
900 256 112 90 52 149 
900 257 256 65 46 55 250 254 
900 258 233 59 270 
900 259 48 73 291 220 229 
900 260 299 283 
900 261 193 69 12 22 183 28 
900 262 209 21 
900 265 144 217 176 139 279 
900 266 192 270 143 
900 268 161 186 30 45 62 
900 269 240 90 270 
900 270 0 281 186 260 
900 271 218 107 199 
900 272 169 69 190 
900 273 236 191 
900 274 257 
900 275 192 238 
900 276 88 240 215 7 
900 277 272 226 13 246 159 
900 278 256 76 
900 279 249 
900 281 192 100 294 203 205 179 
900 282 81 58 30 
900 283 144 218 163 29 
900 284 87 108 206 175 
900 285 230 72 237 78 143 94 154 190 
900 287 130 235 4 
900 289 32 0 242 81 18 24 223 
900 290 145 123 269 
900 291 33 167 72 50 276 245 151 91 284 
900 292 130 101 232 78 116 287 
900 293 90 
900 294 172 93 
900 295 129 268 10 108 238 253 78 279 155 202 
900 296 115 298 19 114 
900 297 64 44 242 148 213 214 251 
900 298 260 72 252 4 251 284 
900 299 258 260 234 45 241 245 246 
1800 0 130 293 6 9 273 88 29 30 
1800 1 217 146 
1800 2 80 289 133 86 238 
1800 3 159 45 71 
1800 4 55 221 103 
1800 5 34 30 15 
1800 6 132 46 95 
1800 7 155 268 195 
1800 8 67 137 43 20 180 252 31 
1800 9 137 188 
1800 10 192 103 72 9 83 154 
1800 11 265 170 180 
1800 12 112 259 43 13 16 19 213 
1800 13 68 293 244 181 118 91 94 
1800 14 141 229 
1800 15 227 60 246 38 
1800 16 184 50 147 124 
1800 17 242 133 7 
1800 18 50 
1800 19 59 243 156 269 
1800 20 129 260 69 289 13 179 119 89 285 62 
1800 21 106 29 54 
1800 22 216 189 213 78 245 
1800 23 43 93 
1800 24 35 11 252 
1800 25 259 51 227 200 294 
1800 27 179 260 230 126 229 
1800 28 60 203 131 293 
1800 29 55 
1800 30 144 265 51 
1800 31 296 221 165 
1800 32 217 124 
1800 33 17 274 22 62 31 
1800 34 113 244 21 262 15 
1800 35 187 136 14 200 22 88 59 
1800 37 54 76 46 182 27 229 
1800 38 81 132 
1800 39 3 260 266 173 249 251 95 
1800 40 65 10 75 181 88 138 
1800 41 240 275 117 175 
1800 42 225 164 72 266 148 94 62 
1800 43 169 6 
1800 44 188 178 235 292 
1800 45 72 157 279 
1800 46 1 260 37 174 
1800 47 99 7 
1800 48 81 276 
1800 50 5 266 107 141 112 123 285 
1800 51 4 31 
1800 52 16 226 290 165 86 
1800 53 136 296 283 278 72 
1800 54 165 210 159 13 79 
1800 55 129 37 80 266 173 237 176 261 
1800 56 185 147 205 111 
1800 57 74 76 13 238 7 
1800 58 260 69 174 
1800 59 258 42 243 212 117 24 
1800 60 141 151 
1800 61 35 164 117 166 223 
1800 62 131 4 6 170 207 19 
1800 63 147 139 102 
1800 64 247 76 253 199 
1800 65 245 95 
1800 67 265 179 196 
1800 68 192 113 41 139 17 255 
1800 69 241 34 268 113 207 
1800 70 138 99 244 
1800 71 89 239 246 182 247 
1800 72 97 196 206 53 55 184 
1800 73 132 174 151 
1800 74 235 188 255 
1800 75 1 5 42 108 14 20 89 249 283 
1800 76 160 289 3 137 181 56 121 63 
1800 78 234 139 51 86 152 92 
1800 79 104 11 117 142 
1800 80 
1800 81 296 59 134 63 
1800 82 88 298 27 68 205 
1800 83 226 259 261 41 143 180 
1800 86 170 14 
1800 87 259 107 12 207 50 19 247 155 156 
1800 88 232 122 298 242 15 
1800 89 9 63 
1800 90 193 261 299 273 21 191 
1800 91 257 197 72 92 28 221 
1800 92 48 299 
1800 93 24 167 239 207 143 
1800 94 277 119 
1800 95 290 148 
1800 97 88 9 34 253 
1800 99 225 130 201 140 273 118 9 56 27 190 
1800 100 200 1 190 
1800 101 41 10 92 154 52 
1800 102 24 253 278 
1800 103 160 221 
1800 104 136 297 10 82 22 
1800 105 73 124 28 159 
1800 106 297 67 63 
1800 107 266 124 
1800 108 
1800 111 272 209 186 279 
1800 112 88 81 279 
1800 113 249 298 
1800 114 40 298 
1800 115 41 266 83 207 31 
1800 116 104 156 133 238 
1800 117 210 114 14 102 150 
1800 118 225 74 75 269 179 183 187 62 
1800 119 0 4 233 205 178 182 
1800 120 
1800 121 1 74 187 181 134 
1800 122 257 2 90 
1800 123 229 
1800 124 0 132 40 105 83 22 
1800 126 290 105 266 81 41 184 
1800 129 146 67 108 287 
1800 130 97 199 41 18 86 55 282 218 
1800 131 30 86 
1800 132 108 54 166 
1800 133 9 58 244 157 14 
1800 134 45 130 266 34 199 
1800 136 43 13 117 22 281 154 
1800 137 229 230 9 203 207 48 
1800 138 53 149 
1800 139 256 229 
1800 140 275 144 227 6 
1800 141 142 
1800 142 122 155 90 191 
1800 143 216 100 
1800 144 51 179 
1800 146 218 278 23 
1800 147 226 211 21 287 
1800 148 227 69 232 241 243 285 
1800 149 108 53 
1800 150 97 159 
1800 151 47 111 
1800 152 121 210 188 103 
1800 153 1 136 298 142 86 266 94 
1800 154 92 278 
1800 155 283 141 215 69 
1800 156 19 5 22 237 
1800 157 16 2 154 
1800 158 28 292 
1800 159 60 260 153 
1800 160 294 73 113 52 118 123 
1800 161 67 1 146 95 89 
1800 163 19 193 210 203 73 
1800 164 64 107 196 269 223 
1800 165 79 91 223 119 
1800 166 55 
1800 167 88 64 54 119 
1800 169 32 91 79 114 118 59 
1800 170 33 206 114 186 93 191 
1800 172 165 295 299 12 240 92 
1800 173 218 11 
1800 174 34 165 236 190 183 157 126 63 
1800 175 100 210 43 173 47 82 182 152 221 
1800 176 289 58 220 157 149 
1800 177 242 115 141 
1800 178 120 65 
1800 179 262 41 144 180 24 191 
1800 180 226 218 150 175 
1800 181 265 60 141 246 
1800 182 40 89 197 
1800 183 227 299 46 273 87 152 158 
1800 184 80 259 190 
1800 185 44 180 
1800 186 249 18 158 70 73 
1800 187 179 255 
1800 188 200 
1800 189 33 131 
1800 190 48 124 
1800 191 144 209 218 227 31 
1800 192 290 21 158 
1800 193 152 257 74 22 30 
1800 195 97 130 225 72 129 204 161 
1800 196 218 90 78 
1800 197 172 237 13 274 79 223 
1800 199 248 67 166 
1800 200 123 147 182 
1800 201 298 51 213 
1800 203 126 
1800 204 97 4 167 144 21 120 252 
1800 205 68 260 253 278 
1800 206 235 158 
1800 207 274 299 221 13 
1800 209 
1800 210 67 163 
1800 211 57 151 37 262 285 
1800 212 0 238 
1800 213 52 146 19 292 
1800 215 161 115 196 239 
1800 216 88 233 43 200 166 
1800 217 232 105 240 72 95 
1800 218 0 50 59 269 
1800 220 123 166 
1800 221 165 166 295 45 147 119 283 261 
1800 223 104 73 293 119 
1800 225 104 152 51 93 33 
1800 226 256 242 
1800 227 75 11 50 217 281 158 255 
1800 229 68 232 297 206 120 216 
1800 230 197 
1800 232 187 42 2 45 
1800 233 80 
1800 234 257 107 191 294 235 
1800 235 185 165 102 
1800 236 68 118 175 
1800 237 89 
1800 238 164 
1800 239 220 60 133 
1800 240 69 54 6 165 
1800 241 225 230 136 209 56 184 157 
1800 242 24 90 261 39 
1800 243 192 57 67 177 175 
1800 244 2 265 111 81 217 92 63 
1800 245 192 204 206 
1800 246 137 146 276 
1800 247 10 227 
1800 248 136 234 266 184 237 
1800 249 1 25 39 136 43 147 180 151 281 
1800 250 177 282 75 
1800 251 279 174 117 89 25 285 
1800 252 259 91 215 
1800 253 52 42 83 44 23 
1800 255 161 134 205 238 143 
1800 256 112 90 52 149 
1800 257 256 65 250 46 55 
1800 258 233 59 
1800 259 48 73 220 229 
1800 260 299 283 
1800 261 193 69 12 22 183 28 
1800 262 209 21 
1800 265 144 217 176 139 279 
1800 266 192 143 
1800 268 161 186 30 45 62 
1800 269 240 90 
1800 271 218 107 199 
1800 272 169 69 190 
1800 273 236 191 
1800 274 257 
1800 275 192 238 
1800 276 88 240 215 7 
1800 277 272 226 13 246 159 
1800 278 256 76 
1800 279 249 
1800 281 192 100 294 203 205 179 
1800 282 81 58 30 
1800 283 144 218 163 29 
1800 285 230 72 237 78 143 94 154 190 
1800 287 130 235 4 
1800 289 32 0 242 81 18 24 223 
1800 290 123 269 
1800 292 130 101 232 78 116 287 
1800 293 90 
1800 294 172 93 
1800 295 129 268 10 108 238 78 279 155 253 
1800 296 115 298 19 114 
1800 297 64 44 242 148 213 251 
1800 298 72 4 251 260 252 
1800 299 258 260 234 45 241 245 246 
2700 0 130 293 6 9 273 88 29 30 
2700 1 217 146 
2700 2 80 289 133 86 238 
2700 3 159 45 71 
2700 4 55 221 103 
2700 5 34 30 15 
2700 6 132 46 95 
2700 7 155 268 195 
2700 8 67 137 43 20 180 252 31 
2700 9 137 188 
2700 10 192 103 72 9 83 154 
2700 11 265 170 180 
2700 12 112 259 43 13 16 19 213 
2700 13 68 293 244 181 118 91 94 
2700 14 141 229 
2700 15 227 60 246 38 
2700 16 184 50 147 124 
2700 17 242 133 7 
2700 18 50 
2700 19 59 243 156 269 
2700 20 129 260 69 289 13 179 119 89 285 
2700 21 106 29 54 
2700 22 216 189 213 78 245 
2700 23 43 93 
2700 24 35 11 252 
2700 25 259 51 227 200 294 
2700 27 179 260 229 230 
2700 28 203 60 293 
2700 29 55 
2700 30 144 265 51 
2700 31 296 221 165 
2700 32 217 124 
2700 33 17 274 22 31 
2700 34 113 244 21 262 15 
2700 35 187 136 14 200 22 88 59 
2700 37 54 76 46 182 27 229 
2700 38 81 132 
2700 39 3 260 266 173 249 251 95 
2700 40 65 10 75 181 88 138 
2700 41 275 117 175 
2700 42 225 164 72 266 148 94 
2700 43 6 
2700 44 188 178 235 292 
2700 45 72 157 279 
2700 46 1 260 37 174 
2700 47 99 7 
2700 48 81 276 
2700 50 5 266 107 141 112 123 285 
2700 51 4 31 
2700 52 16 290 165 86 
2700 53 136 296 283 278 72 
2700 54 165 210 159 13 79 
2700 55 129 37 80 266 173 237 176 261 
2700 56 185 147 
2700 57 74 76 13 238 7 
2700 58 260 69 174 
2700 59 258 42 243 212 117 24 
2700 60 141 151 
2700 61 35 164 117 166 223 
2700 63 147 139 102 
2700 64 247 76 199 
2700 65 245 95 
2700 67 265 179 196 
2700 68 192 113 41 139 17 255 
2700 69 241 34 268 113 207 
2700 70 138 99 244 
2700 71 89 239 246 182 247 
2700 72 184 196 53 206 55 
2700 73 132 174 151 
2700 74 235 188 255 
2700 75 1 5 42 108 14 20 89 249 283 
2700 76 160 289 3 137 181 56 121 63 
2700 78 234 139 51 86 152 92 
2700 79 104 11 117 142 
2700 80 
2700 81 296 59 134 63 
2700 82 88 298 27 68 
2700 83 41 259 180 261 143 
2700 86 170 14 
2700 87 259 107 12 207 50 19 247 155 156 
2700 88 232 122 298 242 15 
2700 89 9 63 
2700 90 193 261 299 273 21 191 
2700 91 257 197 72 92 28 221 
2700 92 48 299 
2700 93 24 167 239 207 143 
2700 94 277 119 
2700 95 290 148 
2700 99 225 130 201 140 273 118 9 56 27 190 
2700 100 200 1 190 
2700 101 41 10 92 154 52 
2700 102 24 278 
2700 103 160 221 
2700 104 136 297 10 82 22 
2700 106 297 67 63 
2700 107 266 124 
2700 108 
2700 112 88 81 279 
2700 113 249 298 
2700 114 40 298 
2700 115 41 266 83 207 31 
2700 116 104 156 133 238 
2700 117 210 114 14 102 150 
2700 118 225 74 75 269 179 183 187 
2700 119 0 233 178 4 182 
2700 120 
2700 121 1 74 187 181 134 
2700 122 257 2 90 
2700 123 229 
2700 124 40 0 83 132 22 
2700 129 146 67 108 287 
2700 130 199 41 18 86 55 282 218 
2700 132 108 54 166 
2700 133 9 58 244 157 14 
2700 134 45 130 266 34 199 
2700 136 43 13 117 22 281 154 
2700 137 229 230 9 203 207 48 
2700 138 53 149 
2700 139 256 229 
2700 140 275 144 227 6 
2700 141 142 
2700 142 122 155 90 191 
2700 143 216 100 
2700 144 51 179 
2700 146 218 278 23 
2700 147 211 21 287 
2700 148 227 69 232 241 243 285 
2700 149 108 53 
2700 150 159 
2700 151 47 
2700 152 121 210 188 103 
2700 153 1 136 298 142 86 266 94 
2700 154 92 278 
2700 155 283 141 215 69 
2700 156 19 5 22 237 
2700 157 16 2 154 
2700 158 28 292 
2700 159 60 260 153 
2700 160 294 73 113 52 118 123 
2700 161 67 1 146 95 89 
2700 163 19 193 210 203 73 
2700 164 64 107 196 269 223 
2700 165 79 91 223 119 
2700 166 55 
2700 167 88 64 54 119 
2700 170 33 206 114 186 93 191 
2700 172 12 299 92 165 295 
2700 173 218 11 
2700 174 34 165 236 183 157 190 63 
2700 175 100 210 43 173 47 82 182 152 221 
2700 176 289 58 149 157 
2700 177 242 115 141 
2700 178 120 65 
2700 179 262 41 144 180 24 191 
2700 180 218 150 175 
2700 181 265 60 141 246 
2700 182 40 89 197 
2700 183 227 299 46 273 87 152 158 
2700 184 80 259 190 
2700 185 44 180 
2700 186 249 18 158 70 73 
2700 187 179 255 
2700 188 200 
2700 189 33 
2700 190 48 124 
2700 191 144 209 218 227 31 
2700 192 290 21 158 
2700 193 152 257 74 22 30 
2700 195 129 130 161 72 225 204 
2700 196 218 90 78 
2700 197 172 237 13 274 79 223 
2700 199 248 67 166 
2700 200 123 147 182 
2700 201 298 51 213 
2700 203 
2700 204 4 167 144 21 120 252 
2700 206 235 158 
2700 207 274 299 221 13 
2700 209 
2700 210 67 163 
2700 211 57 151 37 262 285 
2700 212 0 238 
2700 213 52 146 19 292 
2700 215 161 115 196 239 
2700 216 88 233 43 200 166 
2700 217 232 72 95 
2700 218 0 50 59 269 
2700 221 165 166 295 45 147 119 283 261 
2700 223 104 73 293 119 
2700 225 104 152 51 93 33 
2700 227 75 11 50 217 281 158 255 
2700 229 68 232 297 206 120 216 
2700 230 197 
2700 232 187 42 2 45 
2700 233 80 
2700 234 257 107 191 294 235 
2700 235 185 165 102 
2700 236 68 118 175 
2700 237 89 
2700 238 164 
2700 239 60 133 
2700 241 225 230 136 209 56 184 157 
2700 242 24 90 261 39 
2700 243 192 57 67 177 175 
2700 244 2 265 81 217 92 63 
2700 245 192 204 206 
2700 246 137 146 276 
2700 247 10 227 
2700 248 136 234 266 184 237 
2700 249 1 25 39 136 43 147 180 151 281 
2700 251 279 174 117 89 25 285 
2700 252 259 91 215 
2700 255 161 134 238 143 
2700 256 112 90 52 149 
2700 257 256 65 46 55 
2700 258 233 59 
2700 259 48 73 229 
2700 260 299 283 
2700 261 193 69 12 22 183 28 
2700 262 209 21 
2700 265 144 217 176 139 279 
2700 266 192 143 
2700 268 161 186 45 30 
2700 269 90 
2700 271 218 107 199 
2700 272 69 190 
2700 273 236 191 
2700 274 257 
2700 275 192 238 
2700 276 88 215 7 
2700 277 272 13 246 159 
2700 278 256 76 
2700 279 249 
2700 281 192 203 100 179 294 
2700 282 81 58 30 
2700 283 144 218 163 29 
2700 285 230 72 237 78 143 94 154 190 
2700 287 130 235 4 
2700 289 32 0 242 81 18 24 223 
2700 290 123 269 
2700 292 130 101 232 78 116 287 
2700 293 90 
2700 294 172 93 
2700 295 129 268 10 108 238 78 279 155 
2700 296 115 298 19 114 
2700 297 64 44 242 148 213 251 
2700 298 72 4 251 260 252 
2700 299 258 260 234 45 241 245 246 
3600 0 130 293 6 9 273 88 29 30 
3600 1 217 146 
3600 2 80 289 238 86 
3600 3 159 45 71 
3600 4 55 221 103 
3600 5 34 30 15 
3600 6 132 46 95 
3600 7 155 268 195 
3600 8 67 137 43 20 252 31 
3600 9 137 188 
3600 10 192 103 72 9 83 154 
3600 11 265 170 
3600 12 112 259 43 13 16 19 213 
3600 13 68 293 244 181 118 91 94 
3600 14 141 229 
3600 15 227 60 246 
3600 16 184 50 147 124 
3600 17 242 7 
3600 18 50 
3600 19 59 243 156 269 
3600 20 129 260 69 289 13 179 89 285 
3600 21 106 29 54 
3600 22 216 189 213 245 
3600 23 43 93 
3600 24 35 11 252 
3600 25 259 51 227 294 
3600 27 179 260 229 230 
3600 28 203 60 293 
3600 29 55 
3600 30 144 265 51 
3600 31 296 221 165 
3600 32 217 124 
3600 34 113 244 21 262 15 
3600 35 187 136 14 22 88 59 
3600 37 54 76 46 182 27 229 
3600 39 3 260 266 173 249 251 95 
3600 40 65 10 75 181 88 138 
3600 41 275 117 175 
3600 42 225 164 72 266 148 94 
3600 43 6 
3600 44 188 178 235 292 
3600 45 72 157 279 
3600 46 1 260 37 174 
3600 47 99 7 
3600 48 81 
3600 50 5 266 107 141 112 123 285 
3600 51 4 31 
3600 52 16 290 165 86 
3600 53 136 296 283 72 
3600 54 165 210 159 13 79 
3600 55 129 37 80 266 173 237 176 261 
3600 56 185 147 
3600 57 74 76 13 238 7 
3600 59 258 42 243 212 117 24 
3600 60 141 151 
3600 61 35 164 117 166 223 
3600 63 147 139 102 
3600 64 247 76 199 
3600 65 245 95 
3600 67 265 179 196 
3600 68 192 113 41 139 17 255 
3600 69 241 34 268 113 207 
3600 70 138 99 244 
3600 71 89 239 246 182 247 
3600 72 184 196 53 206 55 
3600 73 132 174 151 
3600 74 235 188 255 
3600 75 1 5 42 14 20 89 249 283 
3600 76 160 289 3 137 181 56 121 63 
3600 79 104 11 117 142 
3600 80 
3600 81 296 59 134 63 
3600 82 88 298 27 68 
3600 83 41 259 261 
3600 86 170 14 
3600 87 259 107 12 207 50 19 247 155 156 
3600 88 232 122 298 242 15 
3600 89 9 63 
3600 90 193 261 299 273 21 191 
3600 91 257 197 72 92 28 221 
3600 92 48 299 
3600 93 24 239 207 167 
3600 94 277 
3600 95 290 148 
3600 99 225 130 201 140 273 118 9 56 27 190 
3600 100 1 190 
3600 101 41 10 92 154 52 
3600 102 24 
3600 103 160 221 
3600 104 136 297 10 82 22 
3600 106 297 67 63 
3600 107 266 124 
3600 112 88 81 279 
3600 113 249 298 
3600 114 40 298 
3600 115 41 266 83 207 31 
3600 116 104 156 238 
3600 117 210 114 14 102 150 
3600 118 225 74 75 269 179 183 187 
3600 121 1 74 187 181 134 
3600 122 257 2 90 
3600 123 229 
3600 124 40 0 83 132 22 
3600 129 146 67 287 
3600 130 199 41 18 86 55 282 218 
3600 132 54 166 
3600 134 45 130 266 34 199 
3600 136 43 13 117 22 281 154 
3600 137 229 230 9 203 207 48 
3600 138 53 149 
3600 139 256 229 
3600 140 275 144 227 6 
3600 141 142 
3600 142 122 155 90 191 
3600 144 51 179 
3600 146 218 23 
3600 147 211 21 287 
3600 148 227 69 232 241 243 285 
3600 149 53 
3600 150 159 
3600 151 47 
3600 152 121 210 188 103 
3600 153 1 136 298 142 86 266 94 
3600 154 92 
3600 155 283 141 215 69 
3600 156 19 5 22 237 
3600 157 16 2 154 
3600 158 28 292 
3600 159 60 260 153 
3600 160 294 73 113 52 118 123 
3600 161 67 1 146 95 89 
3600 163 19 193 210 203 73 
3600 164 64 107 196 269 223 
3600 165 91 223 79 
3600 166 55 
3600 167 88 64 54 
3600 170 186 114 93 206 191 
3600 172 12 299 92 165 295 
3600 173 218 11 
3600 174 34 165 236 183 157 190 63 
3600 175 100 210 43 173 47 82 182 152 221 
3600 176 289 149 157 
3600 177 242 115 141 
3600 178 65 
3600 179 144 24 191 262 41 
3600 181 265 60 141 246 
3600 182 40 89 197 
3600 183 227 299 46 273 87 152 158 
3600 184 80 259 190 
3600 185 44 
3600 186 249 18 158 70 73 
3600 187 179 255 
3600 188 
3600 189 
3600 190 48 124 
3600 191 144 209 218 227 31 
3600 192 290 21 158 
3600 193 152 257 74 22 30 
3600 195 129 130 161 72 225 204 
3600 196 218 90 
3600 197 172 237 13 274 79 223 
3600 199 248 67 166 
3600 201 298 51 213 
3600 203 
3600 204 144 4 252 21 167 
3600 206 235 158 
3600 207 274 299 221 13 
3600 209 
3600 210 67 163 
3600 211 57 151 37 262 285 
3600 212 0 238 
3600 213 52 146 19 292 
3600 215 161 115 196 239 
3600 216 88 233 43 166 
3600 217 232 72 95 
3600 218 0 50 59 269 
3600 221 165 166 295 45 147 283 261 
3600 223 104 73 293 
3600 225 104 152 51 93 
3600 227 75 11 50 217 281 158 255 
3600 229 216 232 68 206 297 
3600 230 197 
3600 232 187 42 2 45 
3600 233 80 
3600 234 257 107 191 294 235 
3600 235 185 165 102 
3600 236 68 118 175 
3600 237 89 
3600 238 164 
3600 239 60 
3600 241 225 230 136 209 56 184 157 
3600 242 24 90 261 39 
3600 243 192 57 67 177 175 
3600 244 2 265 81 217 92 63 
3600 245 192 204 206 
3600 246 137 146 
3600 247 10 227 
3600 248 136 234 266 184 237 
3600 249 1 39 136 43 147 25 281 151 
3600 251 279 174 117 89 25 285 
3600 252 259 91 215 
3600 255 161 134 238 
3600 256 112 90 52 149 
3600 257 256 65 46 55 
3600 258 233 59 
3600 259 48 73 229 
3600 260 299 283 
3600 261 193 69 12 22 183 28 
3600 262 209 21 
3600 265 144 217 176 139 279 
3600 266 192 
3600 268 161 186 45 30 
3600 269 90 
3600 271 218 107 199 
3600 272 69 190 
3600 273 236 191 
3600 274 257 
3600 275 192 238 
3600 277 272 13 246 159 
3600 279 249 
3600 281 192 203 100 179 294 
3600 282 81 30 
3600 283 144 218 163 29 
3600 285 230 72 237 94 154 190 
3600 287 130 235 4 
3600 289 32 0 242 81 18 24 223 
3600 290 123 269 
3600 292 232 130 116 101 287 
3600 293 90 
3600 294 172 93 
3600 295 129 10 268 238 279 155 
3600 296 115 298 19 114 
3600 297 64 44 242 148 213 251 
3600 298 72 4 251 260 252 
3600 299 258 260 234 45 241 245 246 
4500 0 130 293 6 9 88 29 30 
4500 1 217 146 
4500 2 80 289 238 86 
4500 3 159 45 71 
4500 4 55 221 103 
4500 5 34 30 15 
4500 6 132 46 95 
4500 7 155 268 195 
4500 8 67 137 43 20 252 31 
4500 9 137 188 
4500 10 192 103 72 9 83 154 
4500 11 265 170 
4500 12 112 43 13 16 19 213 
4500 13 68 293 244 181 118 91 94 
4500 14 141 229 
4500 15 227 246 
4500 16 184 50 147 124 
4500 17 242 7 
4500 18 50 
4500 19 59 243 156 269 
4500 20 129 260 69 289 13 179 89 285 
4500 21 106 29 54 
4500 22 216 189 213 245 
4500 23 43 93 
4500 24 35 11 252 
4500 25 51 227 294 
4500 27 179 260 229 230 
4500 28 203 293 
4500 29 55 
4500 30 144 265 51 
4500 31 296 221 165 
4500 34 113 244 21 262 15 
4500 35 187 136 14 22 88 59 
4500 37 54 76 46 182 27 229 
4500 40 65 10 75 181 88 138 
4500 41 275 117 175 
4500 42 225 164 72 266 148 94 
4500 43 6 
4500 44 178 235 188 
4500 45 72 157 279 
4500 46 1 260 37 174 
4500 47 99 7 
4500 48 81 
4500 50 5 266 107 141 112 123 285 
4500 51 4 31 
4500 52 16 290 165 86 
4500 54 165 210 159 13 79 
4500 55 129 37 80 266 173 237 176 261 
4500 57 74 76 13 238 7 
4500 59 258 42 243 212 117 24 
4500 63 147 139 102 
4500 64 247 76 199 
4500 65 245 95 
4500 67 265 179 196 
4500 68 192 113 41 139 17 255 
4500 69 241 34 268 113 
4500 70 138 99 244 
4500 71 89 239 246 182 247 
4500 72 184 196 206 55 
4500 73 132 174 151 
4500 74 235 188 255 
4500 75 1 5 42 14 20 89 249 283 
4500 76 160 289 3 137 181 121 63 
4500 79 104 11 117 142 
4500 80 
4500 81 296 59 134 63 
4500 82 88 298 27 68 
4500 83 41 261 
4500 86 170 14 
4500 87 107 12 50 19 247 155 156 
4500 88 232 122 298 242 15 
4500 89 9 63 
4500 90 193 299 21 261 191 
4500 91 257 197 72 92 28 221 
4500 92 48 299 
4500 93 24 239 167 
4500 94 
4500 95 290 148 
4500 99 225 130 201 140 118 9 27 190 
4500 100 1 190 
4500 101 41 10 92 154 52 
4500 102 24 
4500 103 160 221 
4500 104 136 297 10 82 22 
4500 106 297 67 63 
4500 107 266 124 
4500 112 88 81 279 
4500 113 249 298 
4500 114 40 298 
4500 116 104 156 238 
4500 117 210 114 14 102 150 
4500 118 225 74 75 269 179 183 187 
4500 121 1 74 187 181 134 
4500 122 257 2 90 
4500 123 229 
4500 124 40 0 83 132 22 
4500 129 146 67 287 
4500 130 199 41 18 86 55 282 218 
4500 132 54 166 
4500 134 45 130 266 34 199 
4500 136 43 13 117 22 281 154 
4500 137 48 9 203 229 230 
4500 138 149 
4500 139 256 229 
4500 140 275 144 227 6 
4500 141 142 
4500 142 122 155 90 191 
4500 144 51 179 
4500 146 218 23 
4500 147 211 21 287 
4500 148 227 69 232 241 243 285 
4500 149 
4500 150 159 
4500 151 47 
4500 152 121 210 188 103 
4500 153 1 136 298 142 86 266 94 
4500 154 92 
4500 155 283 141 215 69 
4500 156 19 5 22 237 
4500 157 16 2 154 
4500 158 28 
4500 159 153 260 
4500 160 294 73 113 52 118 123 
4500 161 67 1 146 95 89 
4500 163 19 193 210 203 73 
4500 164 64 107 196 269 223 
4500 165 91 223 79 
4500 166 55 
4500 167 88 64 54 
4500 170 186 114 93 206 191 
4500 172 12 299 92 165 
4500 173 218 11 
4500 174 34 165 236 183 157 190 63 
4500 175 100 210 43 173 47 82 182 152 221 
4500 176 289 149 157 
4500 177 242 141 
4500 178 65 
4500 179 144 24 191 262 41 
4500 181 265 141 246 
4500 182 40 89 197 
4500 183 227 299 46 87 152 158 
4500 184 80 190 
4500 185 44 
4500 186 249 18 158 70 73 
4500 187 179 255 
4500 188 
4500 189 
4500 190 48 124 
4500 191 144 209 218 227 31 
4500 192 290 21 158 
4500 193 152 257 74 22 30 
4500 195 129 130 161 72 225 204 
4500 196 218 90 
4500 197 172 237 13 274 79 223 
4500 199 248 67 166 
4500 201 298 51 213 
4500 203 
4500 204 144 4 252 21 167 
4500 206 235 158 
4500 209 
4500 210 67 163 
4500 211 57 151 37 262 285 
4500 212 0 238 
4500 213 146 19 52 
4500 215 161 196 239 
4500 216 88 233 43 166 
4500 217 232 72 95 
4500 218 0 50 59 269 
4500 221 165 166 45 147 283 261 
4500 223 104 73 293 
4500 225 104 152 51 93 
4500 227 75 11 50 217 281 158 255 
4500 229 216 232 68 206 297 
4500 230 197 
4500 232 187 42 2 45 
4500 233 80 
4500 234 257 107 191 294 235 
4500 235 185 165 102 
4500 236 68 118 175 
4500 237 89 
4500 238 164 
4500 239 
4500 241 225 230 136 209 184 157 
4500 242 24 90 261 
4500 243 192 57 67 177 175 
4500 244 2 265 81 217 92 63 
4500 245 192 204 206 
4500 246 137 146 
4500 247 10 227 
4500 248 136 234 266 184 237 
4500 249 1 136 43 147 25 281 151 
4500 251 279 174 117 89 25 285 
4500 252 91 215 
4500 255 161 134 238 
4500 256 112 90 52 149 
4500 257 256 65 46 55 
4500 258 233 59 
4500 260 299 283 
4500 261 193 69 12 22 183 28 
4500 262 209 21 
4500 265 144 217 176 139 279 
4500 266 192 
4500 268 161 186 45 30 
4500 269 90 
4500 271 218 107 199 
4500 272 69 190 
4500 274 257 
4500 275 192 238 
4500 279 249 
4500 281 192 203 100 179 294 
4500 282 81 30 
4500 283 144 218 163 29 
4500 285 230 72 237 94 154 190 
4500 287 130 235 4 
4500 289 0 242 81 18 24 223 
4500 290 123 269 
4500 293 90 
4500 294 172 93 
4500 296 298 19 114 
4500 297 64 44 242 148 213 251 
4500 298 72 4 251 260 252 
4500 299 258 260 234 45 241 245 246 
5400 0 9 293 6 30 29 
5400 1 217 146 
5400 2 80 289 238 86 
5400 3 159 45 71 
5400 4 55 221 103 
5400 5 34 30 15 
5400 6 132 46 95 
5400 7 155 268 195 
5400 8 67 137 43 20 252 31 
5400 9 137 188 
5400 10 192 103 72 9 83 154 
5400 11 265 170 
5400 12 112 43 13 16 19 213 
5400 13 68 293 181 118 91 94 
5400 14 141 229 
5400 15 227 246 
5400 16 184 50 124 
5400 17 242 7 
5400 18 50 
5400 19 59 243 156 269 
5400 20 129 260 69 289 13 179 89 285 
5400 21 29 54 
5400 22 216 189 213 245 
5400 23 43 
5400 24 35 11 252 
5400 25 51 227 294 
5400 27 179 260 229 230 
5400 28 203 293 
5400 29 55 
5400 30 144 265 51 
5400 31 296 221 165 
5400 34 113 21 262 15 
5400 35 59 187 22 14 
5400 37 54 76 46 182 27 229 
5400 40 65 10 75 181 
5400 41 275 117 175 
5400 42 72 225 266 148 94 
5400 43 6 
5400 44 178 235 188 
5400 45 72 157 279 
5400 46 1 260 37 174 
5400 47 99 7 
5400 48 81 
5400 50 5 266 107 141 112 123 285 
5400 51 4 31 
5400 52 16 290 165 86 
5400 54 79 159 13 165 
5400 55 129 37 80 266 173 237 176 261 
5400 57 74 76 13 238 7 
5400 59 258 42 243 212 117 24 
5400 63 139 102 
5400 64 247 76 199 
5400 65 245 95 
5400 67 265 179 196 
5400 68 192 113 41 139 17 255 
5400 69 241 34 268 113 
5400 70 99 
5400 71 89 239 246 182 247 
5400 72 184 196 206 55 
5400 73 132 174 151 
5400 74 235 188 255 
5400 75 1 5 42 14 20 89 249 283 
5400 76 160 289 3 137 181 121 63 
5400 79 104 11 117 142 
5400 80 
5400 81 296 59 134 63 
5400 82 27 68 
5400 83 41 261 
5400 86 170 14 
5400 87 107 12 50 19 247 155 156 
5400 89 9 63 
5400 90 193 21 261 191 
5400 91 257 197 72 92 28 221 
5400 92 48 
5400 94 
5400 95 290 148 
5400 99 225 201 140 118 9 27 190 
5400 100 1 190 
5400 101 41 10 92 154 52 
5400 102 24 
5400 103 160 221 
5400 104 297 10 82 22 
5400 107 266 124 
5400 112 81 279 
5400 113 249 
5400 114 40 
5400 116 104 156 238 
5400 117 114 14 102 150 
5400 118 225 74 75 269 179 183 187 
5400 121 1 74 187 181 134 
5400 122 257 2 90 
5400 123 229 
5400 124 40 0 83 132 22 
5400 129 146 67 287 
5400 132 54 166 
5400 134 34 266 45 199 
5400 137 48 9 203 229 230 
5400 139 256 229 
5400 140 275 144 227 6 
5400 141 142 
5400 142 122 155 90 191 
5400 144 51 179 
5400 146 218 23 
5400 148 227 69 232 241 243 285 
5400 149 
5400 150 159 
5400 151 47 
5400 152 121 188 103 
5400 153 1 266 86 94 142 
5400 154 92 
5400 155 283 141 215 69 
5400 156 19 5 22 237 
5400 157 16 2 154 
5400 158 28 
5400 159 153 260 
5400 160 294 73 113 52 118 123 
5400 161 67 1 146 95 89 
5400 165 91 223 79 
5400 166 55 
5400 167 64 54 
5400 170 186 114 206 191 
5400 172 12 92 165 
5400 173 218 11 
5400 174 34 165 236 183 157 190 63 
5400 175 100 43 173 47 82 182 152 221 
5400 176 289 149 157 
5400 177 242 141 
5400 178 65 
5400 179 144 24 191 262 41 
5400 181 265 141 246 
5400 182 40 89 197 
5400 183 152 227 158 46 87 
5400 184 80 190 
5400 185 44 
5400 186 249 18 158 70 73 
5400 187 179 255 
5400 188 
5400 189 
5400 190 48 124 
5400 191 144 209 218 227 31 
5400 192 290 21 158 
5400 193 152 257 74 22 30 
5400 195 72 161 225 204 129 
5400 196 218 90 
5400 197 172 237 13 274 79 223 
5400 199 248 67 166 
5400 201 51 213 
5400 203 
5400 204 144 4 252 21 167 
5400 206 235 158 
5400 209 
5400 211 57 151 37 262 285 
5400 212 0 238 
5400 213 146 19 52 
5400 215 161 196 239 
5400 216 233 43 166 
5400 217 232 72 95 
5400 218 0 50 59 269 
5400 221 283 261 45 166 165 
5400 223 104 73 293 
5400 225 104 152 51 
5400 227 75 11 50 217 281 158 255 
5400 229 216 232 68 206 297 
5400 230 197 
5400 232 187 42 2 45 
5400 233 80 
5400 234 257 107 191 294 235 
5400 235 185 165 102 
5400 236 68 118 175 
5400 237 89 
5400 238 
5400 239 
5400 241 184 225 157 230 209 
5400 242 24 90 261 
5400 243 192 57 67 177 175 
5400 245 192 204 206 
5400 246 137 146 
5400 247 10 227 
5400 248 184 234 266 237 
5400 249 281 151 25 43 1 
5400 251 279 174 117 89 25 285 
5400 252 91 215 
5400 255 161 134 238 
5400 256 112 90 52 149 
5400 257 256 65 46 55 
5400 258 233 59 
5400 260 283 
5400 261 193 69 12 22 183 28 
5400 262 209 21 
5400 265 144 217 176 139 279 
5400 266 192 
5400 268 161 186 45 30 
5400 269 90 
5400 271 218 107 199 
5400 272 69 190 
5400 274 257 
5400 275 192 238 
5400 279 249 
5400 281 192 203 100 179 294 
5400 282 81 30 
5400 283 144 218 29 
5400 285 230 72 237 94 154 190 
5400 287 235 4 
5400 289 0 242 81 18 24 223 
5400 290 123 269 
5400 293 90 
5400 294 172 
5400 296 114 19 
5400 297 64 44 242 148 213 251 
6300 0 9 293 6 30 29 
6300 1 217 146 
6300 2 80 289 238 86 
6300 3 159 45 71 
6300 4 55 221 103 
6300 5 34 30 15 
6300 6 132 46 95 
6300 7 155 268 195 
6300 8 67 137 43 20 252 31 
6300 9 137 188 
6300 10 192 103 72 9 83 154 
6300 11 265 170 
6300 12 112 43 13 16 19 213 
6300 13 293 91 94 118 181 
6300 14 141 229 
6300 15 227 246 
6300 16 50 124 
6300 17 242 7 
6300 18 50 
6300 19 59 243 156 269 
6300 20 129 260 69 289 13 89 
6300 21 29 54 
6300 22 216 189 213 245 
6300 23 43 
6300 24 35 11 252 
6300 25 51 227 294 
6300 28 203 293 
6300 29 55 
6300 30 144 265 51 
6300 31 296 221 165 
6300 34 113 21 262 15 
6300 35 59 187 22 14 
6300 37 229 76 46 54 182 
6300 40 65 10 181 
6300 41 275 117 175 
6300 42 72 225 148 94 
6300 43 6 
6300 44 178 188 
6300 45 72 157 279 
6300 46 1 260 37 174 
6300 47 99 7 
6300 48 81 
6300 50 112 123 107 5 141 
6300 51 4 31 
6300 52 16 290 165 86 
6300 54 79 159 13 165 
6300 55 129 37 80 237 173 176 
6300 57 74 76 13 238 7 
6300 59 258 42 243 212 117 24 
6300 63 139 102 
6300 64 247 76 199 
6300 65 245 95 
6300 67 265 196 
6300 69 241 34 268 113 
6300 70 99 
6300 71 89 239 246 182 247 
6300 72 196 206 55 
6300 73 132 174 151 
6300 74 188 255 
6300 76 289 3 137 181 121 63 
6300 79 104 11 117 142 
6300 80 
6300 81 296 59 63 
6300 82 
6300 83 41 
6300 86 170 14 
6300 87 107 12 50 19 247 155 156 
6300 89 9 63 
6300 90 193 21 191 
6300 91 257 197 72 92 28 221 
6300 92 48 
6300 94 
6300 95 290 148 
6300 99 225 201 140 118 9 190 
6300 100 1 190 
6300 101 41 10 92 154 52 
6300 102 24 
6300 103 221 
6300 104 297 10 82 22 
6300 107 124 
6300 112 81 279 
6300 113 249 
6300 116 104 156 238 
6300 117 14 150 102 
6300 118 225 74 187 269 183 
6300 121 1 74 187 181 
6300 122 257 2 90 
6300 123 229 
6300 124 40 0 83 132 22 
6300 129 146 67 287 
6300 132 54 166 
6300 137 48 9 203 229 230 
6300 139 256 229 
6300 140 275 144 227 6 
6300 141 142 
6300 142 122 155 90 191 
6300 144 51 
6300 146 218 23 
6300 148 232 241 227 69 243 
6300 149 
6300 150 159 
6300 151 47 
6300 152 121 188 103 
6300 153 1 86 94 142 
6300 154 92 
6300 155 283 141 215 69 
6300 156 19 5 22 237 
6300 157 16 2 154 
6300 158 28 
6300 159 153 260 
6300 161 67 1 146 95 89 
6300 165 91 223 79 
6300 166 55 
6300 167 64 54 
6300 170 186 206 191 
6300 172 12 92 165 
6300 173 218 11 
6300 174 34 165 236 183 157 190 63 
6300 175 100 43 173 47 82 182 152 221 
6300 176 289 149 157 
6300 177 242 141 
6300 178 65 
6300 181 265 141 246 
6300 182 40 89 197 
6300 183 152 227 158 46 87 
6300 185 44 
6300 186 249 18 158 70 73 
6300 187 255 
6300 188 
6300 189 
6300 190 48 124 
6300 191 144 209 218 227 31 
6300 192 290 21 158 
6300 193 152 257 74 22 30 
6300 195 72 161 225 204 129 
6300 196 218 90 
6300 197 172 237 13 274 79 223 
6300 199 248 67 166 
6300 201 51 213 
6300 203 
6300 204 144 4 252 21 167 
6300 206 158 
6300 209 
6300 211 57 37 262 151 
6300 212 0 238 
6300 213 146 19 52 
6300 215 161 196 239 
6300 216 233 43 166 
6300 217 232 72 95 
6300 218 0 50 59 269 
6300 221 283 45 166 165 
6300 223 104 73 293 
6300 225 104 152 51 
6300 227 11 50 217 281 158 255 
6300 229 216 232 206 297 
6300 230 197 
6300 232 187 42 2 45 
6300 233 80 
6300 234 257 107 294 191 
6300 236 118 175 
6300 237 89 
6300 238 
6300 239 
6300 241 225 157 230 209 
6300 242 24 90 
6300 243 192 57 67 177 175 
6300 245 192 204 206 
6300 246 137 146 
6300 247 10 227 
6300 248 234 237 
6300 249 281 151 25 43 1 
6300 252 91 215 
6300 255 161 238 
6300 256 112 90 52 149 
6300 257 256 65 46 55 
6300 258 233 59 
6300 260 283 
6300 262 209 21 
6300 265 144 217 176 139 279 
6300 268 161 186 45 30 
6300 269 90 
6300 271 218 107 199 
6300 272 69 190 
6300 274 257 
6300 275 192 238 
6300 279 249 
6300 281 192 203 100 294 
6300 282 81 30 
6300 283 144 218 29 
6300 287 4 
6300 289 0 242 81 18 24 223 
6300 290 123 269 
6300 293 90 
6300 294 172 
6300 296 19 
6300 297 64 44 242 148 213 
