0 0 27 68 30 225 254 140 142 143 144 145 146 147 87 148 149 150 98 153 104 154 155 156 158 160 212 213 15 216 218 220 80 248 224 246 253 228 242 251 188 222 227 232 245 256 252 214 226 190 111 90 95 116 217 244 247 249 257 221 238 240 169 179 237 255 187 193 194 196 202 204 206 209 236 243 258 130 131 132 136 215 219 21 223 10 229 230 231 233 234 235 239 241 250 
0 1 36 68 
0 2 34 46 163 88 96 183 263 265 
0 3 34 38 46 49 55 138 
0 4 34 38 46 163 88 96 183 263 
0 5 34 55 259 
0 6 34 36 38 46 259 163 96 186 263 265 
0 7 36 96 
0 8 139 68 
0 9 55 68 
0 10 0 68 
0 11 157 36 96 183 261 263 265 266 267 268 
0 12 259 163 88 263 267 
0 13 36 96 183 263 265 266 267 268 
0 14 34 36 38 46 259 163 88 96 183 181 186 263 265 
0 15 34 36 38 46 55 259 163 0 68 88 96 183 186 263 265 
0 16 139 34 36 38 46 55 259 163 68 96 183 181 186 263 265 
0 17 139 157 36 96 183 261 263 265 266 267 268 64 185 67 254 
0 18 34 46 163 88 96 183 263 265 
0 19 139 34 36 46 55 163 68 88 96 263 
0 20 34 36 46 259 163 88 96 183 181 263 265 
0 21 0 96 183 
0 22 34 36 38 46 259 163 96 186 263 265 
0 23 68 183 
0 24 183 
0 25 139 68 
0 26 38 182 88 96 183 186 263 264 266 
0 27 139 55 0 68 263 
0 28 34 46 163 88 96 183 263 265 
0 29 34 36 38 46 55 259 163 68 88 96 183 181 186 263 264 265 268 
0 30 34 36 38 46 55 259 163 0 68 88 96 183 181 186 263 265 268 
0 31 36 38 259 163 182 88 96 183 181 186 263 264 265 266 268 
0 32 139 34 36 38 46 55 259 163 68 88 96 183 181 186 263 265 268 
0 33 34 36 38 46 259 163 96 186 263 265 
0 34 22 46 55 138 36 38 28 29 30 32 33 16 49 19 35 4 37 5 6 14 39 40 41 15 42 43 44 45 47 18 48 20 50 51 3 52 53 2 54 56 57 58 59 60 61 62 216 218 220 
0 35 34 46 163 183 263 
0 36 22 34 46 55 29 30 31 32 33 17 63 66 16 19 155 6 14 15 43 20 119 74 165 13 262 80 180 269 171 7 173 176 175 125 11 1 248 127 224 246 253 
0 37 34 38 46 55 88 96 263 267 
0 38 22 34 46 138 259 163 26 29 30 31 32 33 16 49 159 4 37 6 14 39 40 15 42 43 45 3 52 53 54 56 57 62 119 118 228 242 251 
0 39 34 38 46 55 182 138 
0 40 34 38 46 
0 41 34 163 68 263 265 
0 42 34 38 46 163 
0 43 34 36 38 46 259 163 68 96 183 181 186 263 264 265 
0 44 34 46 163 183 263 
0 45 34 38 46 55 182 138 
0 46 22 34 36 38 267 163 55 28 29 30 32 33 16 19 35 4 37 6 14 39 40 15 42 43 44 45 47 18 48 20 51 3 52 53 2 54 56 57 58 59 61 62 262 171 176 175 92 188 93 210 222 227 232 245 256 135 
0 47 34 46 55 
0 48 34 46 55 138 
0 49 147 34 38 156 129 3 107 252 184 113 214 226 
0 50 34 163 263 265 
0 51 34 46 55 259 138 
0 52 34 38 46 
0 53 34 38 46 55 138 
0 54 34 38 46 55 259 138 
0 55 34 36 182 27 139 46 29 30 32 141 142 16 19 87 104 37 5 39 15 45 47 48 51 3 53 54 56 57 58 60 61 62 74 262 80 72 86 189 190 84 260 89 91 77 94 191 105 192 110 111 195 90 197 76 198 199 200 79 9 123 95 101 103 203 109 205 112 114 115 116 69 70 73 207 208 78 85 211 82 100 217 244 247 249 257 137 
0 56 34 38 46 55 163 
0 57 34 38 46 55 
0 58 34 46 55 138 
0 59 34 46 259 
0 60 34 55 68 263 
0 61 34 46 55 259 138 
0 62 34 38 46 55 66 138 
0 63 64 36 88 96 263 265 266 268 66 67 65 
0 64 17 63 66 
0 65 139 157 63 163 
0 66 64 36 63 88 96 261 263 265 266 268 67 62 
0 67 17 63 66 
0 68 96 88 27 0 29 30 32 71 81 16 19 87 8 98 25 104 108 41 15 43 60 74 80 1 92 93 107 113 72 86 84 89 91 77 94 105 110 111 90 76 79 9 95 101 103 109 112 114 115 116 69 70 73 78 85 82 100 97 106 99 219 10 230 75 83 23 102 117 
0 69 55 163 68 263 265 
0 70 55 68 263 265 
0 71 139 68 
0 72 55 68 
0 73 55 68 
0 74 36 55 163 68 181 186 263 265 
0 75 68 263 
0 76 55 68 
0 77 55 68 263 
0 78 55 68 
0 79 55 68 
0 80 36 55 259 163 0 68 88 181 263 265 268 
0 81 139 68 
0 82 55 68 
0 83 68 267 
0 84 55 68 
0 85 55 68 
0 86 55 68 263 265 
0 87 139 55 0 68 263 
0 88 26 68 263 28 29 30 31 32 63 66 19 4 37 14 15 18 20 2 119 80 125 127 118 123 12 121 128 215 231 239 102 120 122 124 126 
0 89 55 68 
0 90 55 259 163 0 68 263 265 
0 91 55 68 263 265 
0 92 46 68 
0 93 46 68 
0 94 55 68 
0 95 55 259 163 0 68 263 265 
0 96 22 68 183 26 28 29 30 31 32 33 17 157 63 66 16 19 4 37 6 14 15 43 18 20 2 119 13 7 125 11 184 260 201 21 250 
0 97 163 68 
0 98 139 0 68 
0 99 129 68 
0 100 55 68 
0 101 55 68 
0 102 68 88 
0 103 55 68 
0 104 139 55 0 68 263 266 
0 105 55 68 263 
0 106 68 
0 107 49 68 266 
0 108 139 68 
0 109 55 68 263 
0 110 55 68 263 265 
0 111 55 0 68 263 
0 112 55 68 263 
0 113 49 68 266 
0 114 55 68 
0 115 55 68 263 265 
0 116 55 0 68 263 
0 117 68 263 
0 118 38 259 163 88 183 263 
0 119 36 38 163 88 96 186 263 265 
0 120 88 183 267 
0 121 163 88 
0 122 88 183 267 
0 123 55 259 163 88 
0 124 88 183 267 
0 125 36 88 96 263 265 266 268 
0 126 88 263 
0 127 36 259 163 88 181 263 265 268 
0 128 88 
0 129 139 49 135 137 130 131 132 99 133 134 136 
0 130 129 0 
0 131 129 0 
0 132 129 0 
0 133 129 265 
0 134 129 186 
0 135 129 46 
0 136 129 0 
0 137 129 55 
0 138 34 38 39 45 48 51 3 53 54 58 61 62 
0 139 27 17 55 32 157 140 71 141 142 81 143 16 144 145 146 147 19 87 8 148 149 150 151 152 98 25 153 104 154 155 156 158 108 159 160 65 161 162 129 212 213 
0 140 139 0 
0 141 139 55 
0 142 139 55 0 263 
0 143 139 0 263 
0 144 139 0 
0 145 139 0 
0 146 139 0 
0 147 139 49 0 
0 148 139 0 
0 149 139 0 
0 150 139 0 
0 151 139 
0 152 139 
0 153 139 0 
0 154 139 0 
0 155 139 36 0 
0 156 139 49 0 
0 157 17 139 96 186 267 65 11 
0 158 139 0 
0 159 139 38 
0 160 139 0 263 
0 161 139 263 
0 162 139 263 
0 163 22 38 46 28 29 30 31 32 33 16 19 65 35 4 6 14 41 15 42 43 44 18 20 50 2 56 119 74 165 80 180 171 173 176 175 127 118 90 123 95 69 12 166 167 168 172 164 121 169 170 174 97 177 178 179 237 255 
0 164 259 163 
0 165 36 259 163 181 263 265 
0 166 259 163 263 
0 167 259 163 
0 168 259 163 
0 169 163 0 263 265 
0 170 163 263 265 
0 171 36 46 259 163 268 
0 172 259 163 263 
0 173 36 259 163 181 263 265 
0 174 163 263 
0 175 36 46 163 
0 176 36 46 259 163 268 
0 177 163 263 265 
0 178 163 263 265 
0 179 163 0 263 265 
0 180 36 259 163 266 
0 181 29 30 31 32 16 14 43 20 74 165 80 173 127 235 
0 182 26 55 263 31 39 45 
0 183 96 26 268 28 29 30 31 32 17 185 16 35 4 14 15 43 44 18 20 2 13 11 118 184 24 21 23 120 122 124 
0 184 49 96 183 
0 185 17 183 
0 186 22 26 29 30 31 32 33 157 16 6 14 15 43 119 74 134 
0 187 0 
0 188 46 0 
0 189 55 
0 190 55 0 
0 191 55 
0 192 55 
0 193 0 
0 194 0 
0 195 55 
0 196 0 
0 197 55 
0 198 55 
0 199 55 
0 200 55 
0 201 96 
0 202 0 
0 203 55 
0 204 0 
0 205 55 
0 206 0 
0 207 55 
0 208 55 
0 209 0 
0 210 46 
0 211 55 
0 212 139 0 
0 213 139 0 
0 214 49 0 
0 215 0 88 
0 216 34 0 
0 217 55 0 
0 218 34 0 
0 219 0 68 
0 220 34 0 
0 221 259 0 
0 222 46 0 
0 223 0 261 
0 224 36 0 
0 225 0 
0 226 49 0 
0 227 46 0 
0 228 38 0 
0 229 0 268 
0 230 0 68 
0 231 0 88 
0 232 46 0 
0 233 0 265 
0 234 0 263 
0 235 0 181 
0 236 0 
0 237 163 0 
0 238 259 0 
0 239 0 88 
0 240 259 0 
0 241 0 263 
0 242 38 0 
0 243 0 
0 244 55 0 
0 245 46 0 
0 246 36 0 
0 247 55 0 
0 248 36 0 
0 249 55 0 
0 250 0 96 
0 251 38 0 
0 252 49 0 266 
0 253 36 0 
0 254 17 0 
0 255 163 0 
0 256 46 0 
0 257 55 0 
0 258 0 
0 259 22 38 267 29 30 31 32 33 16 5 6 14 15 43 20 51 54 59 61 165 80 180 171 173 176 127 118 260 90 123 95 12 166 167 168 172 164 221 238 240 
0 260 55 259 96 
0 261 17 66 11 223 
0 262 36 46 55 
0 263 22 26 182 88 27 28 29 30 31 32 33 17 63 66 142 143 16 19 87 104 160 161 162 35 4 37 6 14 41 15 43 44 18 20 50 2 60 119 74 165 13 80 173 125 11 127 118 86 91 77 105 110 111 90 95 109 112 115 116 69 70 12 166 172 169 170 174 177 178 179 234 241 75 117 126 
0 264 26 29 31 43 
0 265 22 28 29 30 31 32 33 17 63 66 16 6 14 41 15 43 18 20 50 2 119 74 165 13 80 173 125 11 127 86 91 110 90 95 115 69 70 169 170 177 178 179 133 233 
0 266 26 31 17 63 66 104 13 180 125 11 107 252 113 
0 267 46 259 17 157 37 13 11 12 83 120 122 124 
0 268 183 29 30 31 32 17 63 66 13 80 269 171 176 125 11 127 229 
0 269 36 268 
900 0 25 62 28 204 229 129 131 132 133 134 135 136 79 137 138 139 90 142 95 143 144 146 147 192 193 15 196 198 200 72 224 203 222 228 218 226 174 202 205 208 221 231 227 194 175 101 82 87 106 197 220 223 232 201 214 216 155 165 213 230 173 178 179 181 186 188 212 219 233 119 120 121 125 195 199 20 10 206 207 209 210 211 215 217 225 
900 1 62 
900 2 32 41 150 80 88 169 238 240 
900 3 32 35 41 44 50 127 
900 4 32 35 41 150 80 88 169 238 
900 5 32 50 234 
900 6 32 35 41 234 150 88 172 238 240 
900 7 88 
900 8 128 62 
900 9 50 62 
900 10 0 62 
900 11 145 88 169 236 238 240 241 242 243 
900 12 234 150 80 238 242 
900 13 88 169 238 240 241 242 243 
900 14 32 35 41 234 150 80 88 169 167 172 238 240 
900 15 32 35 41 50 234 150 0 62 80 88 169 172 238 240 
900 16 128 32 35 41 50 234 150 62 88 169 167 172 238 240 
900 17 128 145 88 169 236 238 240 241 242 243 59 171 229 
900 18 128 32 41 50 150 62 80 88 238 
900 19 32 41 234 150 80 88 169 167 238 240 
900 20 0 88 169 
900 21 32 35 41 234 150 88 172 238 240 
900 22 62 169 
900 23 169 
900 24 35 168 80 88 169 172 238 239 241 
900 25 128 50 0 62 238 
900 26 32 41 150 80 88 169 238 240 
900 27 32 35 41 50 234 150 62 80 88 169 167 172 238 239 240 243 
900 28 32 35 41 50 234 150 0 62 80 88 169 167 172 238 240 243 
900 29 35 234 150 168 80 88 169 167 172 238 239 240 241 243 
900 30 128 32 35 41 50 234 150 62 80 88 169 167 172 238 240 243 
900 31 32 35 41 234 150 88 172 238 240 
900 32 21 41 50 127 35 26 27 28 30 31 16 44 18 33 4 34 5 6 14 36 37 15 38 39 40 42 43 19 45 46 3 47 48 2 49 51 52 53 54 55 56 57 196 198 200 
900 33 32 41 150 169 238 
900 34 32 35 41 50 80 88 238 242 
900 35 21 32 41 127 234 150 24 27 28 29 30 31 16 44 4 34 6 14 36 15 38 39 3 47 48 49 51 52 57 109 108 218 226 
900 36 32 35 41 50 168 127 
900 37 32 150 62 238 240 
900 38 32 35 41 150 
900 39 32 35 41 234 150 62 88 169 167 172 238 239 240 
900 40 32 41 150 169 238 
900 41 21 32 35 242 150 50 26 27 28 30 31 16 18 33 4 34 6 14 36 15 38 39 40 42 43 19 46 3 47 48 2 49 51 52 53 54 56 57 237 157 162 161 84 174 85 202 205 208 221 231 124 
900 42 32 41 50 
900 43 32 41 50 127 
900 44 136 32 35 144 118 3 98 227 170 103 194 
900 45 32 150 238 240 
900 46 32 41 50 234 127 
900 47 32 35 41 
900 48 32 35 41 50 127 
900 49 32 35 41 50 234 127 
900 50 32 168 25 128 41 27 28 30 130 131 16 18 79 95 34 5 36 15 42 43 46 3 48 49 51 52 53 55 56 57 67 237 72 66 78 175 76 235 81 83 69 86 176 96 177 100 101 180 82 68 182 183 184 71 9 112 87 93 94 185 187 102 104 105 106 63 64 189 190 70 77 191 74 92 197 220 223 232 126 
900 51 32 35 41 50 150 
900 52 32 35 41 50 
900 53 32 41 50 127 
900 54 32 41 234 
900 55 32 50 62 238 
900 56 32 41 50 234 127 
900 57 32 35 41 50 61 127 
900 58 59 80 88 238 240 241 243 61 60 
900 59 17 58 61 
900 60 128 145 58 150 
900 61 59 58 80 88 236 238 240 241 243 57 
900 62 88 80 25 0 27 28 30 65 73 16 18 79 8 90 95 99 37 15 39 55 67 72 1 84 85 98 103 66 78 76 81 83 69 86 96 100 101 82 68 71 9 87 93 94 102 104 105 106 63 64 70 77 74 92 89 97 91 199 10 207 75 22 107 
900 63 50 150 62 238 240 
900 64 50 62 238 240 
900 65 128 62 
900 66 50 62 
900 67 50 150 62 167 172 238 240 
900 68 50 62 
900 69 50 62 238 
900 70 50 62 
900 71 50 62 
900 72 50 234 150 0 62 80 167 238 240 243 
900 73 128 62 
900 74 50 62 
900 75 62 242 
900 76 50 62 
900 77 50 62 
900 78 50 62 238 240 
900 79 128 50 0 62 238 
900 80 24 62 238 26 27 28 29 30 58 61 18 4 34 14 15 19 2 109 72 114 116 108 112 12 111 117 195 215 110 113 115 
900 81 50 62 
900 82 50 234 150 0 62 238 240 
900 83 50 62 238 240 
900 84 41 62 
900 85 41 62 
900 86 50 62 
900 87 50 234 150 0 62 238 240 
900 88 21 62 169 24 26 27 28 29 30 31 17 145 58 61 16 18 4 34 6 14 15 39 19 2 109 13 7 114 11 170 235 20 225 
900 89 150 62 
900 90 128 0 62 
900 91 118 62 
900 92 50 62 
900 93 50 62 
900 94 50 62 
900 95 128 50 0 62 238 241 
900 96 50 62 238 
900 97 62 
900 98 44 62 241 
900 99 128 62 
900 100 50 62 238 240 
900 101 50 0 62 238 
900 102 50 62 238 
900 103 44 62 241 
900 104 50 62 
900 105 50 62 238 240 
900 106 50 0 62 238 
900 107 62 238 
900 108 35 234 150 80 169 238 
900 109 35 150 80 88 172 238 240 
900 110 80 169 242 
900 111 150 80 
900 112 50 234 150 80 
900 113 80 169 242 
900 114 80 88 238 240 241 243 
900 115 80 238 
900 116 234 150 80 167 238 240 243 
900 117 80 
900 118 128 44 124 126 119 120 121 91 122 123 125 
900 119 118 0 
900 120 118 0 
900 121 118 0 
900 122 118 240 
900 123 118 172 
900 124 118 41 
900 125 118 0 
900 126 118 50 
900 127 32 35 36 43 46 3 48 49 53 56 57 
900 128 25 17 50 30 145 129 65 130 131 73 132 16 133 134 135 136 18 79 8 137 138 139 140 141 90 142 95 143 144 146 99 147 60 148 149 118 192 193 
900 129 128 0 
900 130 128 50 
900 131 128 50 0 238 
900 132 128 0 238 
900 133 128 0 
900 134 128 0 
900 135 128 0 
900 136 128 44 0 
900 137 128 0 
900 138 128 0 
900 139 128 0 
900 140 128 
900 141 128 
900 142 128 0 
900 143 128 0 
900 144 128 44 0 
900 145 17 128 88 172 242 60 11 
900 146 128 0 
900 147 128 0 238 
900 148 128 238 
900 149 128 238 
900 150 21 35 41 26 27 28 29 30 31 16 18 60 33 4 6 14 37 15 38 39 40 19 45 2 51 109 67 152 72 166 157 159 162 161 116 108 82 112 87 63 12 153 154 158 151 111 155 156 160 89 163 164 165 213 230 
900 151 234 150 
900 152 234 150 167 238 240 
900 153 234 150 238 
900 154 234 150 
900 155 150 0 238 240 
900 156 150 238 240 
900 157 41 234 150 243 
900 158 234 150 238 
900 159 234 150 167 238 240 
900 160 150 238 
900 161 41 150 
900 162 41 234 150 243 
900 163 150 238 240 
900 164 150 238 240 
900 165 150 0 238 240 
900 166 234 150 241 
900 167 27 28 29 30 16 14 39 19 67 152 72 159 116 211 
900 168 24 50 238 29 36 
900 169 88 24 243 26 27 28 29 30 17 171 16 33 4 14 15 39 40 19 2 13 11 108 170 23 20 22 110 113 
900 170 44 88 169 
900 171 17 169 
900 172 21 24 27 28 29 30 31 145 16 6 14 15 39 109 67 123 
900 173 0 
900 174 41 0 
900 175 50 0 
900 176 50 
900 177 50 
900 178 0 
900 179 0 
900 180 50 
900 181 0 
900 182 50 
900 183 50 
900 184 50 
900 185 50 
900 186 0 
900 187 50 
900 188 0 
900 189 50 
900 190 50 
900 191 50 
900 192 128 0 
900 193 128 0 
900 194 44 0 
900 195 0 80 
900 196 32 0 
900 197 50 0 
900 198 32 0 
900 199 0 62 
900 200 32 0 
900 201 234 0 
900 202 41 0 
900 203 0 
900 204 0 
900 205 41 0 
900 206 0 243 
900 207 0 62 
900 208 41 0 
900 209 0 240 
900 210 0 238 
900 211 0 167 
900 212 0 
900 213 150 0 
900 214 234 0 
900 215 0 80 
900 216 234 0 
900 217 0 238 
900 218 35 0 
900 219 0 
900 220 50 0 
900 221 41 0 
900 222 0 
900 223 50 0 
900 224 0 
900 225 0 88 
900 226 35 0 
900 227 44 0 241 
900 228 0 
900 229 17 0 
900 230 150 0 
900 231 41 0 
900 232 50 0 
900 233 0 
900 234 21 35 242 27 28 29 30 31 16 5 6 14 15 39 19 46 49 54 56 152 72 166 157 159 162 116 108 235 82 112 87 12 153 154 158 151 201 214 216 
900 235 50 234 88 
900 236 17 61 11 
900 237 41 50 
900 238 21 24 168 80 25 26 27 28 29 30 31 17 58 61 131 132 16 18 79 95 147 148 149 33 4 34 6 14 37 15 39 40 19 45 2 55 109 67 152 13 72 159 114 11 116 108 78 83 69 96 100 101 82 87 102 105 106 63 64 12 153 158 155 156 160 163 164 165 210 217 107 115 
900 239 24 27 29 39 
900 240 21 26 27 28 29 30 31 17 58 61 16 6 14 37 15 39 19 45 2 109 67 152 13 72 159 114 11 116 78 83 100 82 87 105 63 64 155 156 163 164 165 122 209 
900 241 24 29 17 58 61 95 13 166 114 11 98 227 103 
900 242 41 234 17 145 34 13 11 12 75 110 113 
900 243 169 27 28 29 30 17 58 61 13 72 244 157 162 114 11 116 206 
900 244 243 
1800 0 21 23 184 207 113 115 116 117 118 119 120 67 121 122 123 76 126 81 127 128 130 131 172 173 12 176 178 180 61 202 183 201 206 197 204 155 182 185 188 200 209 205 174 156 87 70 91 177 199 181 193 195 147 192 208 154 159 160 161 166 168 198 103 104 105 109 175 179 16 10 186 187 189 190 191 194 196 203 
1800 1 
1800 2 27 35 134 68 75 150 214 216 
1800 3 27 30 35 38 43 111 
1800 4 27 30 35 134 68 75 150 214 
1800 5 27 43 210 
1800 6 27 30 35 210 134 75 153 214 216 
1800 7 75 
1800 8 112 
1800 9 43 
1800 10 0 
1800 11 75 150 214 216 217 218 219 
1800 12 27 30 35 43 210 134 0 68 75 150 153 214 216 
1800 13 112 27 30 35 43 210 134 75 150 149 153 214 216 
1800 14 112 27 35 43 134 68 75 214 
1800 15 27 35 210 134 68 75 150 149 214 216 
1800 16 0 75 150 
1800 17 27 30 35 210 134 75 153 214 216 
1800 18 150 
1800 19 150 
1800 20 30 68 75 150 153 214 215 217 
1800 21 112 43 0 214 
1800 22 27 30 35 43 210 134 68 75 150 149 153 214 215 216 219 
1800 23 27 30 35 43 210 134 0 68 75 150 149 153 214 216 219 
1800 24 30 210 134 68 75 150 149 153 214 215 216 217 219 
1800 25 112 27 30 35 43 210 134 68 75 150 149 153 214 216 219 
1800 26 27 30 35 210 134 75 153 214 216 
1800 27 17 35 43 111 30 22 23 25 26 13 38 14 28 4 29 5 6 31 32 12 33 34 36 37 15 39 40 3 41 42 2 44 45 46 47 48 49 50 176 178 180 
1800 28 27 35 134 150 214 
1800 29 27 30 35 43 68 75 214 218 
1800 30 17 27 35 111 210 134 20 22 23 24 25 26 13 38 4 29 6 31 12 33 3 41 42 44 45 50 93 92 197 204 
1800 31 27 30 35 43 111 
1800 32 27 134 214 216 
1800 33 27 30 35 134 
1800 34 27 35 134 150 214 
1800 35 17 27 30 218 134 43 22 23 25 26 13 14 28 4 29 6 31 12 33 34 36 37 15 40 3 41 42 2 44 45 46 47 49 50 213 139 144 143 72 155 73 182 185 188 200 209 108 
1800 36 27 35 43 
1800 37 27 35 43 111 
1800 38 120 27 30 128 102 3 84 205 151 88 174 
1800 39 27 134 214 216 
1800 40 27 35 43 210 111 
1800 41 27 30 35 
1800 42 27 30 35 43 111 
1800 43 27 21 112 35 22 23 25 114 115 13 14 67 81 29 5 31 12 36 37 40 3 42 44 45 46 48 49 50 58 213 61 57 66 156 64 211 69 71 59 74 157 82 158 86 87 70 162 163 164 9 96 79 80 165 167 89 90 91 54 55 169 170 60 65 171 63 78 177 199 110 
1800 44 27 30 35 43 134 
1800 45 27 30 35 43 
1800 46 27 35 43 111 
1800 47 27 35 210 
1800 48 27 43 214 
1800 49 27 35 43 210 111 
1800 50 27 30 35 43 53 111 
1800 51 52 68 75 214 216 217 219 53 
1800 52 112 129 51 134 
1800 53 50 51 68 75 212 214 216 217 219 
1800 54 43 134 214 216 
1800 55 43 214 216 
1800 56 112 
1800 57 43 
1800 58 43 134 149 153 214 216 
1800 59 43 214 
1800 60 43 
1800 61 43 210 134 0 68 149 214 216 219 
1800 62 112 
1800 63 43 
1800 64 43 
1800 65 43 
1800 66 43 214 216 
1800 67 112 43 0 214 
1800 68 20 214 22 23 24 25 14 51 4 29 12 15 2 53 93 61 98 100 92 96 95 101 175 194 94 97 99 
1800 69 43 
1800 70 43 210 134 0 214 216 
1800 71 43 214 216 
1800 72 35 
1800 73 35 
1800 74 43 
1800 75 17 150 20 22 23 24 25 26 13 14 129 51 4 29 6 12 15 2 53 93 11 7 98 151 211 16 203 
1800 76 112 0 
1800 77 102 
1800 78 43 
1800 79 43 
1800 80 43 
1800 81 112 43 0 214 217 
1800 82 43 214 
1800 83 
1800 84 38 217 
1800 85 112 
1800 86 43 214 216 
1800 87 43 0 214 
1800 88 38 217 
1800 89 43 
1800 90 43 214 216 
1800 91 43 0 214 
1800 92 30 210 134 68 150 214 
1800 93 30 134 68 75 153 214 216 
1800 94 68 150 218 
1800 95 134 68 
1800 96 43 210 134 68 
1800 97 68 150 218 
1800 98 68 75 214 216 217 219 
1800 99 68 214 
1800 100 210 134 68 149 214 216 219 
1800 101 68 
1800 102 112 38 108 110 103 104 105 77 106 107 109 
1800 103 102 0 
1800 104 102 0 
1800 105 102 0 
1800 106 102 216 
1800 107 102 153 
1800 108 102 35 
1800 109 102 0 
1800 110 102 43 
1800 111 27 30 31 37 40 3 42 46 49 50 
1800 112 21 43 25 113 56 114 115 62 116 13 117 118 119 120 14 67 8 121 122 123 124 125 76 126 81 127 128 129 130 85 131 52 132 133 102 172 173 
1800 113 112 0 
1800 114 112 43 
1800 115 112 43 0 214 
1800 116 112 0 214 
1800 117 112 0 
1800 118 112 0 
1800 119 112 0 
1800 120 112 38 0 
1800 121 112 0 
1800 122 112 0 
1800 123 112 0 
1800 124 112 
1800 125 112 
1800 126 112 0 
1800 127 112 0 
1800 128 112 38 0 
1800 129 112 75 153 218 52 
1800 130 112 0 
1800 131 112 0 214 
1800 132 112 214 
1800 133 112 214 
1800 134 17 30 35 22 23 24 25 26 13 14 52 28 4 6 32 12 33 34 15 39 2 44 93 58 136 61 148 139 141 144 143 100 92 70 96 54 137 140 135 95 138 142 145 146 147 192 208 
1800 135 210 134 
1800 136 210 134 149 214 216 
1800 137 210 134 
1800 138 134 214 216 
1800 139 35 210 134 219 
1800 140 210 134 214 
1800 141 210 134 149 214 216 
1800 142 134 214 
1800 143 35 134 
1800 144 35 210 134 219 
1800 145 134 214 216 
1800 146 134 214 216 
1800 147 134 0 214 216 
1800 148 210 134 217 
1800 149 22 23 24 25 13 15 58 136 61 141 100 191 
1800 150 75 20 219 22 23 24 25 152 13 28 4 12 34 15 2 11 92 151 19 16 18 94 97 
1800 151 38 75 150 
1800 152 150 
1800 153 17 20 22 23 24 25 26 13 129 6 12 93 58 107 
1800 154 0 
1800 155 35 0 
1800 156 43 0 
1800 157 43 
1800 158 43 
1800 159 0 
1800 160 0 
1800 161 0 
1800 162 43 
1800 163 43 
1800 164 43 
1800 165 43 
1800 166 0 
1800 167 43 
1800 168 0 
1800 169 43 
1800 170 43 
1800 171 43 
1800 172 112 0 
1800 173 112 0 
1800 174 38 0 
1800 175 0 68 
1800 176 27 0 
1800 177 43 0 
1800 178 27 0 
1800 179 0 
1800 180 27 0 
1800 181 210 0 
1800 182 35 0 
1800 183 0 
1800 184 0 
1800 185 35 0 
1800 186 0 219 
1800 187 0 
1800 188 35 0 
1800 189 0 216 
1800 190 0 214 
1800 191 0 149 
1800 192 134 0 
1800 193 210 0 
1800 194 0 68 
1800 195 210 0 
1800 196 0 214 
1800 197 30 0 
1800 198 0 
1800 199 43 0 
1800 200 35 0 
1800 201 0 
1800 202 0 
1800 203 0 75 
1800 204 30 0 
1800 205 38 0 217 
1800 206 0 
1800 207 0 
1800 208 134 0 
1800 209 35 0 
1800 210 17 30 218 22 23 24 25 26 13 5 6 12 15 40 47 49 136 61 148 139 141 144 100 92 211 70 96 137 140 135 181 193 195 
1800 211 43 210 75 
1800 212 53 
1800 213 35 43 
1800 214 17 20 68 21 22 23 24 25 26 115 116 13 14 67 81 131 51 132 133 28 4 29 6 32 12 34 15 39 2 48 53 93 58 136 11 61 141 98 100 92 66 71 59 82 86 87 70 90 91 54 55 140 138 142 145 146 147 190 196 99 
1800 215 20 22 24 
1800 216 17 22 23 24 25 26 13 51 6 32 12 15 39 2 53 93 58 136 11 61 141 98 100 66 71 86 70 90 54 55 138 145 146 147 106 189 
1800 217 20 24 81 51 53 11 148 98 84 205 88 
1800 218 35 210 129 29 11 94 97 
1800 219 150 22 23 24 25 51 53 11 61 220 139 144 98 100 186 
1800 220 219 
2700 0 20 22 163 185 100 102 103 104 105 106 107 62 108 109 70 112 74 113 114 116 117 152 153 12 156 158 160 56 180 179 184 175 182 162 164 167 178 187 183 154 141 79 82 157 177 161 171 173 133 170 186 140 143 144 147 149 176 93 94 97 155 159 16 10 165 166 168 169 172 174 181 
2700 1 
2700 2 26 34 120 63 69 136 191 193 
2700 3 26 29 34 37 41 99 
2700 4 26 29 34 120 63 69 136 191 
2700 5 26 41 188 
2700 6 26 29 34 188 120 69 139 191 193 
2700 7 69 
2700 8 
2700 9 41 
2700 10 0 
2700 11 69 136 191 193 194 195 196 
2700 12 26 29 34 41 188 120 0 63 69 136 139 191 193 
2700 13 26 29 34 41 188 120 69 136 135 139 191 193 
2700 14 26 34 41 120 63 69 191 
2700 15 26 34 188 120 63 69 136 135 191 193 
2700 16 0 69 136 
2700 17 136 
2700 18 136 
2700 19 29 63 69 136 139 191 192 194 
2700 20 41 0 191 
2700 21 26 29 34 41 188 120 63 69 136 135 139 191 192 193 196 
2700 22 26 29 34 41 188 120 0 63 69 136 135 139 191 193 196 
2700 23 29 188 120 63 69 136 135 139 191 192 193 194 196 
2700 24 26 29 34 41 188 120 63 69 136 135 139 191 193 196 
2700 25 26 29 34 188 120 69 139 191 193 
2700 26 29 41 21 34 99 22 24 25 13 37 14 27 4 28 5 6 30 31 12 32 33 35 36 15 38 3 39 40 2 42 43 44 45 46 47 156 158 160 
2700 27 26 34 120 136 191 
2700 28 26 29 34 41 63 69 191 195 
2700 29 19 26 34 99 21 188 120 22 23 24 25 13 37 4 28 6 30 12 32 3 39 40 42 47 83 175 182 
2700 30 26 29 34 41 99 
2700 31 26 120 191 193 
2700 32 26 29 34 120 
2700 33 26 34 120 136 191 
2700 34 29 41 21 26 195 120 22 24 25 13 14 27 4 28 6 30 12 32 33 35 36 15 3 39 40 2 42 43 44 46 47 190 125 130 129 66 67 162 164 167 178 187 96 
2700 35 26 34 41 
2700 36 26 34 41 99 
2700 37 107 26 29 114 92 3 76 183 137 154 
2700 38 26 120 191 193 
2700 39 26 29 34 
2700 40 26 29 34 41 99 
2700 41 20 26 34 21 22 24 101 102 13 14 62 74 28 5 30 12 35 36 3 40 42 43 45 46 47 53 190 56 61 141 59 189 64 65 54 68 142 78 79 145 9 86 73 146 148 80 81 82 50 51 150 151 55 60 58 72 157 177 98 
2700 42 26 29 34 41 
2700 43 26 34 41 99 
2700 44 26 34 188 
2700 45 26 41 191 
2700 46 26 34 41 188 99 
2700 47 26 29 34 41 99 
2700 48 49 63 69 191 193 194 196 
2700 49 115 48 120 
2700 50 41 120 191 193 
2700 51 41 191 193 
2700 52 
2700 53 41 120 135 139 191 193 
2700 54 41 191 
2700 55 41 
2700 56 41 188 120 0 63 135 191 193 196 
2700 57 
2700 58 41 
2700 59 41 
2700 60 41 
2700 61 41 191 193 
2700 62 41 0 191 
2700 63 19 191 21 22 23 24 14 48 4 28 12 15 2 56 88 90 83 86 85 91 155 172 84 87 89 
2700 64 41 
2700 65 41 191 193 
2700 66 34 
2700 67 34 
2700 68 41 
2700 69 19 136 21 22 23 24 25 13 14 115 48 4 28 6 12 15 2 11 7 88 137 189 16 181 
2700 70 0 
2700 71 92 
2700 72 41 
2700 73 41 
2700 74 41 0 191 194 
2700 75 
2700 76 37 194 
2700 77 
2700 78 41 191 193 
2700 79 41 0 191 
2700 80 41 
2700 81 41 191 193 
2700 82 41 0 191 
2700 83 29 188 120 63 136 191 
2700 84 63 136 195 
2700 85 120 63 
2700 86 41 188 120 63 
2700 87 63 136 195 
2700 88 63 69 191 193 194 196 
2700 89 63 191 
2700 90 188 120 63 135 191 193 196 
2700 91 63 
2700 92 37 96 98 93 94 71 95 97 
2700 93 92 0 
2700 94 92 0 
2700 95 92 139 
2700 96 92 34 
2700 97 92 0 
2700 98 92 41 
2700 99 29 26 30 36 3 40 43 46 47 
2700 100 0 
2700 101 41 
2700 102 41 0 191 
2700 103 0 191 
2700 104 0 
2700 105 0 
2700 106 0 
2700 107 37 0 
2700 108 0 
2700 109 0 
2700 110 
2700 111 
2700 112 0 
2700 113 0 
2700 114 37 0 
2700 115 69 139 195 49 
2700 116 0 
2700 117 0 191 
2700 118 191 
2700 119 191 
2700 120 21 29 34 22 23 24 25 13 14 49 27 4 6 31 12 32 33 15 38 2 53 122 56 134 125 127 130 129 90 83 86 50 123 126 121 85 124 128 131 132 133 170 186 
2700 121 188 120 
2700 122 188 120 135 191 193 
2700 123 188 120 
2700 124 120 191 193 
2700 125 34 188 120 196 
2700 126 188 120 191 
2700 127 188 120 135 191 193 
2700 128 120 191 
2700 129 34 120 
2700 130 34 188 120 196 
2700 131 120 191 193 
2700 132 120 191 193 
2700 133 120 0 191 193 
2700 134 188 120 194 
2700 135 21 22 23 24 13 15 53 122 56 127 90 
2700 136 19 69 196 21 22 23 24 138 13 27 4 12 33 15 2 11 83 137 18 16 17 84 87 
2700 137 37 69 136 
2700 138 136 
2700 139 19 21 22 23 24 25 13 115 6 12 53 95 
2700 140 0 
2700 141 41 0 
2700 142 41 
2700 143 0 
2700 144 0 
2700 145 41 
2700 146 41 
2700 147 0 
2700 148 41 
2700 149 0 
2700 150 41 
2700 151 41 
2700 152 0 
2700 153 0 
2700 154 37 0 
2700 155 0 63 
2700 156 26 0 
2700 157 41 0 
2700 158 26 0 
2700 159 0 
2700 160 26 0 
2700 161 188 0 
2700 162 34 0 
2700 163 0 
2700 164 34 0 
2700 165 0 196 
2700 166 0 
2700 167 34 0 
2700 168 0 193 
2700 169 0 191 
2700 170 120 0 
2700 171 188 0 
2700 172 0 63 
2700 173 188 0 
2700 174 0 191 
2700 175 29 0 
2700 176 0 
2700 177 41 0 
2700 178 34 0 
2700 179 0 
2700 180 0 
2700 181 0 69 
2700 182 29 0 
2700 183 37 0 194 
2700 184 0 
2700 185 0 
2700 186 120 0 
2700 187 34 0 
2700 188 21 29 195 22 23 24 25 13 5 6 12 15 44 46 122 56 134 125 127 130 90 83 189 86 123 126 121 161 171 173 
2700 189 41 188 69 
2700 190 34 41 
2700 191 19 63 20 21 22 23 24 25 102 103 13 14 62 74 117 48 118 119 27 4 28 6 31 12 33 15 38 2 45 53 122 11 56 127 88 90 83 61 65 54 78 79 81 82 50 51 126 124 128 131 132 133 169 174 89 
2700 192 19 21 23 
2700 193 21 22 23 24 25 13 48 6 31 12 15 38 2 53 122 11 56 127 88 90 61 65 78 81 50 51 124 131 132 133 168 
2700 194 19 23 74 48 11 134 88 76 183 
2700 195 34 188 115 28 11 84 87 
2700 196 136 21 22 23 24 48 11 56 197 125 130 88 90 165 
2700 197 196 
