0 0 5 7 8 44 34 31 28 11 3 19 38 20 21 14 17 18 25 52 13 30 33 45 12 15 36 
0 1 
0 2 
0 3 39 41 0 
0 4 71 5 6 8 
0 5 4 22 0 69 71 6 
0 6 4 5 7 
0 7 6 22 44 0 69 9 10 57 59 
0 8 4 22 0 69 71 
0 9 7 44 
0 10 7 44 
0 11 39 41 0 
0 12 0 
0 13 0 
0 14 41 0 
0 15 0 69 
0 16 39 41 
0 17 41 0 
0 18 41 0 
0 19 39 41 0 
0 20 39 0 
0 21 39 41 0 
0 22 5 7 8 23 
0 23 22 44 46 47 37 
0 24 41 
0 25 41 0 
0 26 
0 27 
0 28 39 0 
0 29 
0 30 0 
0 31 39 0 
0 32 
0 33 0 
0 34 39 0 
0 35 
0 36 0 
0 37 23 
0 38 39 0 
0 39 34 31 28 11 3 16 19 38 20 21 
0 40 41 48 70 71 
0 41 11 70 3 16 19 21 24 14 17 40 18 25 43 
0 42 48 
0 43 41 70 71 
0 44 7 0 9 10 23 
0 45 0 69 
0 46 23 48 
0 47 23 48 
0 48 57 70 59 46 47 40 50 51 52 42 53 54 55 56 60 61 62 63 64 65 66 67 68 73 
0 49 
0 50 48 
0 51 48 
0 52 48 0 
0 53 48 69 
0 54 48 
0 55 48 
0 56 48 
0 57 7 48 
0 58 69 
0 59 7 48 
0 60 48 
0 61 48 
0 62 48 
0 63 48 69 
0 64 48 
0 65 48 
0 66 48 
0 67 48 
0 68 48 
0 69 5 7 8 53 63 45 15 58 72 75 
0 70 48 41 40 43 
0 71 4 5 8 40 43 
0 72 69 
0 73 48 
0 74 
0 75 69 
