0 0 6 74 70 11 55 38 15 62 45 73 66 
0 1 
0 2 
0 3 
0 4 75 
0 5 63 32 42 
0 6 0 64 26 46 54 
0 7 75 
0 8 75 
0 9 46 19 35 75 59 21 
0 10 16 24 63 42 61 
0 11 16 24 63 32 0 
0 12 16 24 42 
0 13 75 
0 14 
0 15 16 20 24 63 32 42 0 75 
0 16 26 54 74 70 30 10 11 12 53 55 38 15 17 62 45 47 
0 17 16 32 61 64 
0 18 
0 19 26 46 9 54 27 
0 20 74 55 15 45 47 39 31 73 68 66 
0 21 26 9 35 
0 22 
0 23 24 32 75 
0 24 74 63 70 30 10 11 12 55 38 15 62 47 73 23 33 50 60 
0 25 
0 26 6 16 19 42 64 75 46 59 21 
0 27 19 35 41 71 65 
0 28 
0 29 75 
0 30 16 24 42 
0 31 20 32 
0 32 74 63 70 11 55 38 15 17 62 45 47 65 39 31 73 68 23 5 44 56 
0 33 24 42 
0 34 
0 35 9 59 75 21 27 
0 36 75 
0 37 74 45 73 
0 38 16 24 63 32 0 
0 39 20 32 75 
0 40 
0 41 27 
0 42 26 54 74 30 10 12 53 55 15 62 45 47 73 33 50 5 
0 43 
0 44 32 
0 45 16 20 63 32 37 42 0 61 75 
0 46 6 26 9 19 
0 47 16 20 24 32 42 
0 48 75 
0 49 75 
0 50 24 42 
0 51 
0 52 
0 53 16 42 64 75 
0 54 6 16 19 42 64 75 
0 55 16 20 24 63 32 42 0 
0 56 32 
0 57 
0 58 75 
0 59 26 9 35 
0 60 24 63 61 64 
0 61 63 10 17 45 60 
0 62 16 24 63 32 42 0 
0 63 74 24 61 32 70 10 11 55 38 15 62 45 73 60 5 
0 64 6 26 54 53 17 60 
0 65 27 32 
0 66 20 0 
0 67 
0 68 20 32 75 
0 69 
0 70 16 24 63 32 0 
0 71 27 
0 72 75 
0 73 20 24 63 32 37 42 0 
0 74 16 20 24 63 32 37 42 0 75 
0 75 26 9 54 35 74 53 15 45 39 68 23 4 8 7 13 29 36 48 49 58 72 
