0 0 87 
0 1 125 
0 2 22 25 201 
0 3 25 155 201 
0 4 128 91 60 110 157 
0 5 22 25 128 155 91 60 262 110 157 
0 6 201 58 125 157 
0 7 190 250 160 200 8 209 47 206 259 264 147 78 106 69 
0 8 22 25 240 128 155 201 91 58 125 60 262 110 92 113 157 172 7 
0 9 25 128 30 46 154 57 66 165 198 266 107 117 230 246 
0 10 25 155 
0 11 87 58 
0 12 240 128 91 60 262 113 157 172 
0 13 201 58 157 
0 14 201 58 
0 15 201 58 157 172 
0 16 65 125 
0 17 201 87 58 125 157 
0 18 125 
0 19 125 
0 20 65 58 
0 21 155 125 
0 22 5 190 2 23 135 250 251 257 263 160 161 56 59 85 169 63 188 79 195 200 8 209 26 
0 23 22 91 60 157 
0 24 91 60 
0 25 5 155 201 9 128 240 2 135 251 257 263 161 56 85 169 195 200 8 26 183 119 127 30 269 33 39 265 45 46 154 3 57 173 66 165 181 198 95 266 107 10 117 230 
0 26 22 25 240 128 155 91 262 113 157 172 
0 27 183 125 
0 28 125 
0 29 201 87 125 157 
0 30 25 128 155 201 97 9 
0 31 125 
0 32 125 
0 33 25 91 58 157 172 
0 34 201 
0 35 125 
0 36 91 157 172 
0 37 125 
0 38 201 125 
0 39 25 128 155 91 
0 40 125 
0 41 201 87 58 157 
0 42 58 
0 43 87 125 
0 44 125 
0 45 25 155 91 110 157 
0 46 25 155 201 9 
0 47 225 240 60 262 157 172 189 7 206 126 226 
0 48 65 87 
0 49 87 125 
0 50 183 87 125 
0 51 201 58 
0 52 201 262 
0 53 65 
0 54 125 
0 55 91 157 
0 56 22 25 240 155 201 91 87 58 60 262 157 
0 57 25 155 201 9 
0 58 60 262 257 125 263 56 63 79 200 8 33 265 130 259 170 193 249 237 256 177 202 220 6 13 14 15 17 41 51 62 68 70 88 102 103 116 123 143 159 164 180 194 196 197 215 219 221 222 224 231 232 233 255 258 261 11 132 146 42 61 71 185 75 20 84 150 213 105 112 
0 59 22 125 262 110 
0 60 5 58 23 251 257 161 56 85 188 195 200 8 209 47 206 127 12 259 78 106 249 4 153 175 84 105 24 148 187 191 268 
0 61 87 58 
0 62 201 58 
0 63 22 58 110 
0 64 87 125 
0 65 183 20 16 82 121 139 48 53 192 111 227 
0 66 25 155 201 9 
0 67 87 157 
0 68 201 58 157 172 
0 69 91 157 7 
0 70 201 58 157 
0 71 58 
0 72 125 
0 73 183 201 87 
0 74 240 155 91 
0 75 87 58 125 
0 76 201 
0 77 125 
0 78 240 60 262 157 172 189 7 
0 79 22 201 87 58 125 157 
0 80 125 
0 81 125 
0 82 65 125 
0 83 125 
0 84 58 60 
0 85 22 25 155 91 60 262 110 157 172 
0 86 91 157 172 
0 87 205 263 201 56 79 203 249 256 204 73 50 17 29 41 116 133 164 197 226 11 146 61 75 213 43 49 64 89 118 176 210 223 267 48 67 178 179 0 114 115 
0 88 201 58 157 
0 89 87 125 
0 90 201 
0 91 5 155 23 135 251 257 263 161 56 85 169 195 200 8 209 26 119 33 39 265 45 173 12 130 259 260 163 170 147 74 106 249 4 123 175 180 231 226 185 199 254 24 245 248 136 137 36 55 174 69 86 
0 92 251 263 200 8 209 265 130 259 163 106 
0 93 125 
0 94 125 
0 95 25 128 155 201 
0 96 125 
0 97 188 201 209 30 154 
0 98 125 
0 99 128 125 
0 100 125 
0 101 125 
0 102 201 58 157 172 
0 103 201 58 125 157 
0 104 201 
0 105 58 60 
0 106 240 91 60 92 157 172 7 
0 107 25 155 201 9 
0 108 125 
0 109 160 110 
0 110 5 262 190 250 251 257 263 160 161 59 85 63 188 195 200 8 209 109 119 265 45 4 216 148 187 
0 111 65 
0 112 58 157 
0 113 205 135 251 257 263 169 188 200 8 209 26 265 12 130 
0 114 87 157 
0 115 87 157 
0 116 201 87 58 125 157 
0 117 25 155 201 9 
0 118 87 125 
0 119 25 155 91 110 157 
0 120 128 
0 121 65 125 
0 122 125 
0 123 201 91 58 125 157 172 
0 124 201 
0 125 257 58 59 79 8 259 203 211 99 21 256 204 234 50 27 6 17 29 38 103 116 123 164 180 197 224 75 16 18 19 28 31 32 35 37 40 43 44 49 54 64 72 77 80 81 82 83 89 93 94 96 98 100 1 101 108 118 121 122 129 131 139 140 144 145 149 151 152 158 162 166 167 171 176 182 184 186 199 208 210 214 217 223 228 229 236 238 242 243 244 252 254 267 
0 126 160 47 206 
0 127 25 128 155 201 60 262 157 
0 128 5 25 155 9 135 251 257 263 169 188 200 8 209 26 183 127 30 269 39 265 154 165 181 198 95 266 230 12 4 246 120 153 99 
0 129 125 
0 130 240 201 91 58 92 113 157 172 
0 131 125 
0 132 58 157 
0 133 201 87 
0 134 201 
0 135 22 25 240 128 155 91 262 113 157 172 
0 136 91 
0 137 91 
0 138 240 155 201 
0 139 65 125 
0 140 125 
0 141 201 
0 142 201 
0 143 201 58 
0 144 125 
0 145 125 
0 146 87 58 
0 147 240 155 91 7 
0 148 60 110 
0 149 125 
0 150 58 
0 151 125 
0 152 125 
0 153 128 60 157 189 
0 154 25 128 155 201 97 9 
0 155 5 25 128 91 240 201 135 251 257 263 161 56 85 169 195 200 8 26 119 127 30 269 39 265 45 46 154 3 57 66 165 181 198 95 266 107 10 117 230 138 147 74 237 21 256 177 253 
0 156 240 262 
0 157 5 190 23 135 250 251 257 263 160 161 56 85 169 188 79 195 200 8 209 26 47 206 119 127 33 265 45 173 12 130 259 163 170 78 106 249 4 246 153 256 6 13 15 17 29 41 68 70 88 102 103 116 123 164 180 197 215 219 222 224 231 232 132 112 158 199 223 254 191 67 114 115 248 36 55 174 69 86 
0 158 125 157 
0 159 201 58 
0 160 22 240 262 205 110 157 172 189 7 225 235 109 126 
0 161 22 25 155 91 60 262 110 157 172 
0 162 125 
0 163 240 91 92 157 172 
0 164 201 87 58 125 157 
0 165 25 128 155 183 201 9 
0 166 125 
0 167 125 
0 168 188 200 209 265 
0 169 22 25 240 128 155 91 262 113 157 172 
0 170 240 201 91 58 157 172 
0 171 125 
0 172 190 135 250 251 257 263 160 161 85 169 195 200 8 209 26 47 206 33 265 173 12 130 259 163 170 78 106 15 68 102 123 180 222 231 232 199 254 36 86 
0 173 25 91 157 172 
0 174 91 157 
0 175 201 91 60 
0 176 87 125 
0 177 155 58 
0 178 87 
0 179 87 
0 180 201 91 58 125 157 172 
0 181 25 128 155 
0 182 125 
0 183 235 25 128 165 202 204 234 73 50 216 220 27 65 
0 184 125 
0 185 91 58 
0 186 125 
0 187 60 110 
0 188 22 128 97 60 262 110 113 157 168 189 
0 189 190 250 160 188 209 47 206 260 78 153 202 234 220 197 
0 190 22 240 262 205 110 157 172 189 7 
0 191 60 157 
0 192 65 
0 193 240 58 
0 194 201 58 
0 195 22 25 155 91 60 262 110 157 172 
0 196 201 58 
0 197 201 87 58 125 157 189 
0 198 25 128 155 201 9 
0 199 91 125 157 172 
0 200 22 25 240 128 155 201 91 58 60 262 110 92 113 157 168 172 7 
0 201 25 240 2 155 257 263 87 56 97 79 200 8 127 30 46 154 3 57 66 165 198 95 266 107 117 230 130 138 259 170 249 246 256 73 6 13 14 15 17 29 34 38 41 51 52 62 68 70 76 88 90 102 103 104 116 123 124 133 134 141 142 143 159 164 175 180 194 196 197 212 215 218 219 221 222 224 231 232 233 239 241 247 255 258 261 
0 202 183 58 189 
0 203 240 87 125 
0 204 183 87 125 
0 205 190 87 262 113 160 235 226 
0 206 225 240 47 60 262 157 172 189 7 235 126 230 
0 207 262 
0 208 125 
0 209 22 240 128 91 97 60 262 110 92 113 157 168 172 189 7 
0 210 87 125 
0 211 240 125 
0 212 201 
0 213 87 58 
0 214 125 
0 215 201 58 157 
0 216 183 262 110 
0 217 125 
0 218 201 
0 219 201 58 157 
0 220 183 58 189 
0 221 201 58 
0 222 201 58 157 172 
0 223 87 125 157 
0 224 201 58 125 157 
0 225 160 47 206 
0 226 47 91 87 205 
0 227 65 
0 228 125 
0 229 125 
0 230 25 128 155 201 206 9 
0 231 201 91 58 157 172 
0 232 201 58 157 172 
0 233 201 58 
0 234 183 125 189 
0 235 160 183 206 205 
0 236 125 
0 237 155 58 
0 238 125 
0 239 201 
0 240 190 25 155 201 135 250 251 257 263 160 56 169 200 8 209 26 47 206 265 266 12 130 138 259 260 264 156 163 170 147 74 78 193 203 211 106 249 
0 241 201 
0 242 125 
0 243 125 
0 244 125 
0 245 91 
0 246 128 201 9 157 
0 247 201 262 
0 248 91 157 
0 249 240 201 91 87 58 60 157 
0 250 22 240 262 110 157 172 189 7 
0 251 22 25 240 128 155 91 60 262 110 92 113 157 172 
0 252 125 
0 253 155 
0 254 91 125 157 172 
0 255 201 58 
0 256 155 201 87 58 125 157 
0 257 22 25 240 128 155 201 91 58 125 60 262 110 113 157 172 
0 258 201 58 
0 259 240 201 91 58 125 60 92 157 172 7 
0 260 240 91 189 
0 261 201 58 
0 262 5 58 110 190 205 135 250 251 257 263 160 161 56 59 85 169 188 195 200 8 209 26 47 206 127 265 12 156 78 216 52 247 207 
0 263 22 25 240 128 155 201 91 87 58 262 110 92 113 157 172 
0 264 240 7 
0 265 25 240 128 155 91 58 262 110 92 113 157 168 172 
0 266 25 240 128 155 201 9 
0 267 87 125 
0 268 60 
0 269 25 128 155 
900 0 79 
900 1 114 
900 2 21 
900 3 
900 4 117 83 55 100 145 
900 5 21 117 83 55 237 100 145 
900 6 53 114 145 
900 7 175 225 147 184 8 42 188 234 239 136 70 97 63 
900 8 21 216 117 83 53 114 55 237 100 84 103 145 158 7 
900 9 117 28 41 143 52 61 152 182 241 98 107 207 222 
900 10 
900 11 79 53 
900 12 216 117 83 55 237 103 145 158 
900 13 53 145 
900 14 53 
900 15 53 145 158 
900 16 60 114 
900 17 79 53 114 145 
900 18 114 
900 19 60 53 
900 20 114 
900 21 5 175 2 22 124 225 226 232 238 147 148 51 54 77 155 58 174 71 180 184 8 24 
900 22 21 83 55 145 
900 23 83 55 
900 24 21 216 117 83 237 103 145 158 
900 25 169 114 
900 26 114 
900 27 79 114 145 
900 28 117 89 9 
900 29 114 
900 30 114 
900 31 83 53 145 158 
900 32 
900 33 114 
900 34 114 
900 35 114 
900 36 117 83 
900 37 79 53 145 
900 38 53 
900 39 79 114 
900 40 114 
900 41 9 
900 42 204 216 55 237 145 158 7 188 115 
900 43 60 79 
900 44 79 114 
900 45 169 79 114 
900 46 53 
900 47 237 
900 48 60 
900 49 114 
900 50 83 145 
900 51 21 216 83 79 53 55 237 145 
900 52 9 
900 53 55 237 232 114 238 51 58 71 184 8 31 240 119 234 156 178 213 231 163 200 6 13 14 15 17 37 46 57 62 64 80 94 106 112 132 151 166 179 181 195 199 201 202 203 208 209 230 233 236 11 121 135 38 56 65 171 19 76 139 193 96 102 
900 54 21 114 237 100 
900 55 5 53 22 226 232 148 51 77 174 180 184 8 42 188 116 12 234 70 97 4 142 161 76 96 23 137 173 176 243 
900 56 79 53 
900 57 53 
900 58 21 53 100 
900 59 79 114 
900 60 169 19 16 74 111 128 43 48 177 101 205 
900 61 9 
900 62 53 145 158 
900 63 83 145 7 
900 64 53 145 
900 65 53 
900 66 114 
900 67 216 83 
900 68 
900 69 114 
900 70 216 55 237 145 158 7 
900 71 21 79 53 114 145 
900 72 114 
900 73 114 
900 74 60 114 
900 75 114 
900 76 53 55 
900 77 21 83 55 237 100 145 158 
900 78 83 145 158 
900 79 187 238 51 71 185 231 186 45 17 27 37 106 122 151 11 135 56 193 39 44 59 81 108 162 242 43 164 165 0 104 105 
900 80 53 145 
900 81 79 114 
900 82 
900 83 5 22 124 226 232 238 148 51 77 155 180 184 8 24 109 31 36 240 159 12 119 234 235 150 156 136 67 97 4 112 161 166 171 183 229 23 221 224 125 126 50 160 63 78 
900 84 226 238 184 8 240 119 234 150 97 
900 85 114 
900 86 114 
900 87 117 
900 88 114 
900 89 174 28 143 
900 90 114 
900 91 117 114 
900 92 114 
900 93 114 
900 94 53 114 145 
900 95 
900 96 53 55 
900 97 216 83 55 84 145 158 7 
900 98 9 
900 99 114 
900 100 5 237 175 225 226 232 238 147 148 54 77 58 174 180 184 8 109 240 4 196 137 173 
900 101 60 
900 102 53 145 
900 103 187 124 226 232 238 155 174 184 8 24 240 12 119 
900 104 79 145 
900 105 79 145 
900 106 79 53 114 145 
900 107 9 
900 108 79 114 
900 109 83 100 145 
900 110 117 
900 111 60 114 
900 112 83 53 114 145 158 
900 113 
900 114 232 53 54 71 8 234 185 191 91 20 231 186 210 45 25 6 17 27 35 94 106 112 151 166 203 16 18 26 29 30 33 34 39 40 44 49 59 66 69 72 73 74 75 81 85 86 88 90 92 1 93 99 108 111 118 120 128 129 133 134 138 140 141 146 149 153 157 162 168 170 172 183 190 194 197 206 212 214 218 219 220 227 229 242 
900 115 147 42 188 
900 116 117 55 237 145 
900 117 5 9 124 226 232 238 155 174 184 8 24 169 116 28 244 36 240 143 152 167 182 87 241 207 12 4 222 110 142 91 
900 118 114 
900 119 216 83 53 84 103 145 158 
900 120 114 
900 121 53 145 
900 122 79 
900 123 
900 124 21 216 117 83 237 103 145 158 
900 125 83 
900 126 83 
900 127 216 
900 128 60 114 
900 129 114 
900 130 
900 131 
900 132 53 
900 133 114 
900 134 114 
900 135 79 53 
900 136 216 83 7 
900 137 55 100 
900 138 114 
900 139 53 
900 140 114 
900 141 114 
900 142 117 55 145 
900 143 117 89 9 
900 144 216 237 
900 145 5 175 22 124 225 226 232 238 147 148 51 77 155 174 71 180 184 8 24 42 188 109 116 31 240 159 12 119 234 150 156 70 97 4 222 142 231 6 13 15 17 27 37 62 64 80 94 106 112 151 166 195 199 202 203 208 121 102 146 183 229 176 104 105 224 50 160 63 78 
900 146 114 145 
900 147 21 216 237 187 100 145 158 7 204 211 115 
900 148 21 83 55 237 100 145 158 
900 149 114 
900 150 216 83 84 145 158 
900 151 79 53 114 145 
900 152 117 169 9 
900 153 114 
900 154 174 184 240 
900 155 21 216 117 83 237 103 145 158 
900 156 216 83 53 145 158 
900 157 114 
900 158 175 124 225 226 232 238 147 148 77 155 180 184 8 24 42 188 31 240 159 12 119 234 150 156 70 97 15 62 112 166 202 208 183 229 78 
900 159 83 145 158 
900 160 83 145 
900 161 83 55 
900 162 79 114 
900 163 53 
900 164 79 
900 165 79 
900 166 83 53 114 145 158 
900 167 117 
900 168 114 
900 169 211 117 152 186 210 45 196 200 25 60 
900 170 114 
900 171 83 53 
900 172 114 
900 173 55 100 
900 174 21 117 89 55 237 100 103 145 154 
900 175 21 216 237 187 100 145 158 7 
900 176 55 145 
900 177 60 
900 178 216 53 
900 179 53 
900 180 21 83 55 237 100 145 158 
900 181 53 
900 182 117 9 
900 183 83 114 145 158 
900 184 21 216 117 83 53 55 237 100 84 103 145 154 158 7 
900 185 216 79 114 
900 186 169 79 114 
900 187 175 79 237 103 147 211 
900 188 204 216 42 55 237 145 158 7 211 115 207 
900 189 237 
900 190 114 
900 191 216 114 
900 192 
900 193 79 53 
900 194 114 
900 195 53 145 
900 196 169 237 100 
900 197 114 
900 198 
900 199 53 145 
900 200 169 53 
900 201 53 
900 202 53 145 158 
900 203 53 114 145 
900 204 147 42 188 
900 205 60 
900 206 114 
900 207 117 188 9 
900 208 53 145 158 
900 209 53 
900 210 169 114 
900 211 147 169 188 187 
900 212 114 
900 213 53 
900 214 114 
900 215 
900 216 175 124 225 226 232 238 147 51 155 184 8 24 42 188 240 241 12 119 127 234 235 239 144 150 156 136 67 70 178 185 191 97 
900 217 
900 218 114 
900 219 114 
900 220 114 
900 221 83 
900 222 117 9 145 
900 223 237 
900 224 83 145 
900 225 21 216 237 100 145 158 7 
900 226 21 216 117 83 55 237 100 84 103 145 158 
900 227 114 
900 228 
900 229 83 114 145 158 
900 230 53 
900 231 79 53 114 145 
900 232 21 216 117 83 53 114 55 237 100 103 145 158 
900 233 53 
900 234 216 83 53 114 55 84 145 158 7 
900 235 216 83 
900 236 53 
900 237 5 53 100 175 187 124 225 226 232 238 147 148 51 54 77 155 174 180 184 8 24 42 188 116 240 12 144 70 196 47 223 189 
900 238 21 216 117 83 79 53 237 100 84 103 145 158 
900 239 216 7 
900 240 216 117 83 53 237 100 84 103 145 154 158 
900 241 216 117 9 
900 242 79 114 
900 243 55 
900 244 117 
1800 0 67 
1800 1 98 
1800 2 17 
1800 3 
1800 4 101 71 48 86 129 
1800 5 17 101 71 48 213 86 129 
1800 6 46 98 129 
1800 7 156 203 131 164 8 36 168 210 215 120 60 83 54 
1800 8 17 195 101 71 46 98 48 213 86 72 88 129 140 7 
1800 9 101 23 35 127 45 53 136 162 217 84 187 201 
1800 10 
1800 11 46 129 
1800 12 46 129 140 
1800 13 52 98 
1800 14 98 
1800 15 52 46 
1800 16 98 
1800 17 5 156 2 18 108 203 204 214 131 132 44 47 65 51 155 164 8 20 
1800 18 17 71 48 129 
1800 19 71 48 
1800 20 17 195 101 71 213 88 129 140 
1800 21 150 98 
1800 22 67 98 129 
1800 23 101 9 
1800 24 98 
1800 25 98 
1800 26 71 46 129 140 
1800 27 
1800 28 98 
1800 29 98 
1800 30 98 
1800 31 101 71 
1800 32 67 46 129 
1800 33 46 
1800 34 98 
1800 35 9 
1800 36 184 195 48 213 129 140 7 168 99 
1800 37 52 67 
1800 38 67 98 
1800 39 150 67 98 
1800 40 46 
1800 41 213 
1800 42 52 
1800 43 71 129 
1800 44 17 195 71 67 46 48 213 129 
1800 45 9 
1800 46 48 213 214 44 98 51 164 8 26 216 103 210 138 159 192 209 145 180 6 11 12 32 40 50 55 68 80 91 96 116 135 148 160 161 175 179 181 182 183 188 189 208 212 105 119 33 49 56 152 15 64 123 173 82 
1800 47 17 98 213 86 
1800 48 5 46 18 204 132 44 65 155 164 8 36 168 100 210 60 83 4 126 143 64 82 19 121 154 157 219 
1800 49 67 46 
1800 50 46 
1800 51 17 46 86 
1800 52 150 15 13 63 95 112 37 42 158 87 185 
1800 53 9 
1800 54 71 129 7 
1800 55 46 129 
1800 56 46 
1800 57 98 
1800 58 195 71 
1800 59 98 
1800 60 195 48 213 129 140 7 
1800 61 98 
1800 62 98 
1800 63 52 98 
1800 64 46 48 
1800 65 17 71 48 213 86 129 140 
1800 66 71 129 140 
1800 67 167 214 44 165 209 166 39 22 32 91 106 135 119 49 173 38 69 92 144 218 37 146 147 0 89 90 
1800 68 46 129 
1800 69 67 98 
1800 70 
1800 71 5 18 108 204 214 132 44 65 164 8 20 93 26 31 216 141 103 210 211 134 138 120 58 83 4 96 143 148 152 163 207 19 200 202 109 110 43 142 54 66 
1800 72 204 214 164 8 216 103 210 134 83 
1800 73 98 
1800 74 98 
1800 75 98 
1800 76 98 
1800 77 101 98 
1800 78 98 
1800 79 98 
1800 80 46 98 129 
1800 81 
1800 82 46 48 
1800 83 195 71 48 72 129 140 7 
1800 84 9 
1800 85 98 
1800 86 5 213 156 203 204 214 131 132 47 65 51 155 164 8 93 216 4 176 121 154 
1800 87 52 
1800 88 167 108 204 214 155 164 8 20 216 103 
1800 89 67 129 
1800 90 67 129 
1800 91 67 46 98 129 
1800 92 67 98 
1800 93 71 86 129 
1800 94 101 
1800 95 52 98 
1800 96 71 46 98 129 140 
1800 97 
1800 98 47 46 8 210 165 171 77 16 209 166 190 39 21 6 22 30 80 91 96 135 148 183 13 14 24 25 28 29 34 38 57 59 61 62 63 69 73 74 75 76 78 1 79 85 92 95 102 104 112 113 117 118 122 124 125 130 133 139 144 151 153 163 170 174 177 186 193 197 198 199 205 207 218 
1800 99 131 36 168 
1800 100 101 48 213 129 
1800 101 5 9 108 204 214 155 164 8 20 150 100 23 220 31 216 127 136 149 162 217 187 4 201 94 126 77 
1800 102 98 
1800 103 195 71 46 72 88 129 140 
1800 104 98 
1800 105 46 129 
1800 106 67 
1800 107 
1800 108 17 195 101 71 213 88 129 140 
1800 109 71 
1800 110 71 
1800 111 195 
1800 112 52 98 
1800 113 98 
1800 114 
1800 115 
1800 116 46 
1800 117 98 
1800 118 98 
1800 119 67 46 
1800 120 195 71 7 
1800 121 48 86 
1800 122 98 
1800 123 46 
1800 124 98 
1800 125 98 
1800 126 101 48 129 
1800 127 101 9 
1800 128 195 213 
1800 129 5 156 18 108 203 204 214 131 132 44 65 155 164 8 20 36 168 93 100 26 216 141 103 210 134 138 60 83 4 201 126 209 6 11 12 22 32 55 68 80 91 96 135 148 175 179 182 183 188 105 130 163 207 157 89 90 202 43 142 54 66 
1800 130 98 129 
1800 131 17 195 213 167 86 129 140 7 184 191 99 
1800 132 17 71 48 213 86 129 140 
1800 133 98 
1800 134 195 71 72 129 140 
1800 135 67 46 98 129 
1800 136 101 150 9 
1800 137 155 164 216 
1800 138 195 71 46 129 140 
1800 139 98 
1800 140 156 108 203 204 214 131 132 65 164 8 20 36 168 26 216 141 103 210 134 138 60 83 12 96 148 182 188 163 207 66 
1800 141 71 129 140 
1800 142 71 129 
1800 143 71 48 
1800 144 67 98 
1800 145 46 
1800 146 67 
1800 147 67 
1800 148 71 46 98 129 140 
1800 149 101 
1800 150 191 101 136 166 190 39 176 180 21 52 
1800 151 98 
1800 152 71 46 
1800 153 98 
1800 154 48 86 
1800 155 17 101 48 213 86 88 129 137 
1800 156 17 195 213 167 86 129 140 7 
1800 157 48 129 
1800 158 52 
1800 159 195 46 
1800 160 46 
1800 161 46 
1800 162 101 9 
1800 163 71 98 129 140 
1800 164 17 195 101 71 46 48 213 86 72 88 129 137 140 7 
1800 165 195 67 98 
1800 166 150 67 98 
1800 167 156 67 213 88 131 191 
1800 168 184 195 36 48 213 129 140 7 191 99 187 
1800 169 213 
1800 170 98 
1800 171 195 98 
1800 172 
1800 173 67 46 
1800 174 98 
1800 175 46 129 
1800 176 150 213 86 
1800 177 98 
1800 178 
1800 179 46 129 
1800 180 150 46 
1800 181 46 
1800 182 46 129 140 
1800 183 46 98 129 
1800 184 131 36 168 
1800 185 52 
1800 186 98 
1800 187 101 168 9 
1800 188 46 129 140 
1800 189 46 
1800 190 150 98 
1800 191 131 150 168 167 
1800 192 46 
1800 193 98 
1800 194 
1800 195 156 108 203 204 214 131 44 164 8 20 36 168 216 217 103 111 210 211 215 128 134 138 120 58 60 159 165 171 83 
1800 196 
1800 197 98 
1800 198 98 
1800 199 98 
1800 200 71 
1800 201 101 9 129 
1800 202 71 129 
1800 203 17 195 213 86 129 140 7 
1800 204 17 195 101 71 48 213 86 72 88 129 140 
1800 205 98 
1800 206 
1800 207 71 98 129 140 
1800 208 46 
1800 209 67 46 98 129 
1800 210 195 71 46 98 48 72 129 140 7 
1800 211 195 71 
1800 212 46 
1800 213 5 46 86 156 167 108 203 204 214 131 132 44 47 65 155 164 8 20 36 168 100 216 128 60 176 41 169 
1800 214 17 195 101 71 67 46 213 86 72 88 129 140 
1800 215 195 7 
1800 216 195 101 71 46 213 86 72 88 129 137 140 
1800 217 195 101 9 
1800 218 67 98 
1800 219 48 
1800 220 101 
2700 0 62 
2700 1 88 
2700 2 
2700 3 
2700 4 91 65 45 78 115 
2700 5 91 65 45 190 78 115 
2700 6 43 88 115 
2700 7 141 181 117 8 35 149 188 192 107 55 75 50 
2700 8 173 91 65 43 88 45 190 78 66 115 126 7 
2700 9 91 22 34 113 42 122 145 194 76 166 179 
2700 10 
2700 11 43 115 
2700 12 43 115 126 
2700 13 49 88 
2700 14 88 
2700 15 49 43 
2700 16 88 
2700 17 65 45 115 
2700 18 65 45 
2700 19 173 91 65 190 115 126 
2700 20 136 88 
2700 21 62 88 115 
2700 22 91 9 
2700 23 88 
2700 24 88 
2700 25 65 43 115 126 
2700 26 
2700 27 88 
2700 28 88 
2700 29 88 
2700 30 91 65 
2700 31 62 43 115 
2700 32 43 
2700 33 88 
2700 34 9 
2700 35 163 173 45 190 115 126 7 149 89 
2700 36 49 62 
2700 37 62 88 
2700 38 136 62 88 
2700 39 190 
2700 40 49 
2700 41 65 115 
2700 42 9 
2700 43 45 190 191 88 48 8 25 193 93 188 124 143 170 187 131 160 6 11 12 31 47 51 63 73 82 86 103 121 134 144 155 159 161 162 167 168 186 94 106 32 46 52 138 15 59 109 153 
2700 44 88 190 78 
2700 45 5 43 17 182 118 60 8 35 149 90 188 55 75 4 112 129 59 18 140 142 196 
2700 46 62 43 
2700 47 43 
2700 48 43 78 
2700 49 136 15 13 58 85 36 40 79 164 
2700 50 65 115 7 
2700 51 43 115 
2700 52 43 
2700 53 173 65 
2700 54 88 
2700 55 173 45 190 115 126 7 
2700 56 88 
2700 57 88 
2700 58 49 88 
2700 59 43 45 
2700 60 65 45 190 78 115 126 
2700 61 65 115 126 
2700 62 148 191 146 187 147 38 21 31 82 121 106 46 153 37 64 83 130 195 36 132 133 0 80 81 
2700 63 43 115 
2700 64 62 88 
2700 65 5 17 96 182 191 118 60 8 19 25 30 193 127 93 188 189 120 124 107 53 75 4 86 129 134 138 185 18 178 180 97 98 41 128 50 61 
2700 66 182 191 8 193 93 188 120 75 
2700 67 88 
2700 68 88 
2700 69 88 
2700 70 88 
2700 71 91 88 
2700 72 88 
2700 73 43 88 115 
2700 74 
2700 75 173 65 45 66 115 126 7 
2700 76 9 
2700 77 88 
2700 78 5 190 141 181 182 191 117 118 44 60 48 8 193 4 156 140 
2700 79 49 
2700 80 62 115 
2700 81 62 115 
2700 82 62 43 88 115 
2700 83 62 88 
2700 84 91 
2700 85 49 88 
2700 86 65 43 88 115 126 
2700 87 
2700 88 44 43 8 188 146 71 16 187 147 169 38 20 6 21 29 73 82 86 121 134 13 14 23 24 27 28 33 37 54 56 57 58 64 67 68 69 70 72 1 77 83 85 92 100 104 105 108 110 111 116 119 125 130 137 139 151 154 157 165 171 175 176 177 183 185 195 
2700 89 117 35 149 
2700 90 91 45 190 115 
2700 91 5 9 96 182 191 8 19 90 22 197 30 193 113 136 122 135 145 194 166 4 179 84 112 71 
2700 92 88 
2700 93 173 65 43 66 115 126 
2700 94 43 115 
2700 95 
2700 96 173 91 65 190 115 126 
2700 97 65 
2700 98 65 
2700 99 173 
2700 100 88 
2700 101 
2700 102 
2700 103 43 
2700 104 88 
2700 105 88 
2700 106 62 43 
2700 107 173 65 7 
2700 108 88 
2700 109 43 
2700 110 88 
2700 111 88 
2700 112 91 45 115 
2700 113 91 9 
2700 114 173 190 
2700 115 5 141 17 96 181 182 191 117 118 60 8 19 35 149 90 25 193 127 93 188 120 124 55 75 4 179 112 187 6 11 12 21 31 51 63 73 82 86 121 134 155 159 162 167 94 116 185 142 80 81 180 41 128 50 61 
2700 116 88 115 
2700 117 173 190 148 78 115 126 7 163 89 
2700 118 65 45 190 78 115 126 
2700 119 88 
2700 120 173 65 66 115 126 
2700 121 62 43 88 115 
2700 122 91 136 9 
2700 123 193 
2700 124 173 65 43 115 126 
2700 125 88 
2700 126 141 96 181 182 191 117 118 60 8 19 35 149 25 193 127 93 188 120 124 55 75 12 86 134 162 167 185 61 
2700 127 65 115 126 
2700 128 65 115 
2700 129 65 45 
2700 130 62 88 
2700 131 43 
2700 132 62 
2700 133 62 
2700 134 65 43 88 115 126 
2700 135 91 
2700 136 91 122 147 169 38 156 160 20 49 
2700 137 88 
2700 138 65 43 
2700 139 88 
2700 140 45 78 
2700 141 173 190 148 78 115 126 7 
2700 142 45 115 
2700 143 173 43 
2700 144 43 
2700 145 91 9 
2700 146 173 62 88 
2700 147 136 62 88 
2700 148 141 62 190 117 
2700 149 163 173 35 45 190 115 126 7 89 166 
2700 150 190 
2700 151 88 
2700 152 
2700 153 62 43 
2700 154 88 
2700 155 43 115 
2700 156 136 190 78 
2700 157 88 
2700 158 
2700 159 43 115 
2700 160 136 43 
2700 161 43 
2700 162 43 115 126 
2700 163 117 35 149 
2700 164 49 
2700 165 88 
2700 166 91 149 9 
2700 167 43 115 126 
2700 168 43 
2700 169 136 88 
2700 170 43 
2700 171 88 
2700 172 
2700 173 141 96 181 182 191 117 8 19 35 149 193 194 93 99 188 189 192 114 120 124 107 53 55 143 146 75 
2700 174 
2700 175 88 
2700 176 88 
2700 177 88 
2700 178 65 
2700 179 91 9 115 
2700 180 65 115 
2700 181 173 190 78 115 126 7 
2700 182 173 91 65 45 190 78 66 115 126 
2700 183 88 
2700 184 
2700 185 65 88 115 126 
2700 186 43 
2700 187 62 43 88 115 
2700 188 173 65 43 88 45 66 115 126 7 
2700 189 173 65 
2700 190 5 43 78 141 148 96 181 182 191 117 118 44 60 8 19 35 149 90 193 114 55 156 39 150 
2700 191 173 91 65 62 43 190 78 66 115 126 
2700 192 173 7 
2700 193 173 91 65 43 190 78 66 115 123 126 
2700 194 173 91 9 
2700 195 62 88 
2700 196 45 
2700 197 91 
