0 0 
0 1 3 2 19 4 101 
0 2 
0 3 1 2 4 6 299 14 
0 4 1 13 7 
0 5 2 4 
0 6 1 2 198 
0 7 3 14 6 
0 8 10 12 
0 9 1 2 
0 10 1 2 4 101 6 271 19 
0 11 17 3 
0 12 1 2 3 4 6 14 20 
0 13 8 14 
0 14 4 6 
0 15 0 20 
0 16 
0 17 2 11 
0 18 
0 19 14 6 
0 20 
0 21 
0 23 1 2 3 6 13 14 
0 24 0 1 4 5 9 11 15 16 17 
0 25 8 0 5 
0 26 1 2 3 4 6 13 14 
0 27 3 
0 28 0 
0 29 2 3 20 14 6 
0 30 0 33 5 6 7 8 9 12 
0 31 0 1 226 4 5 7 8 9 10 11 12 16 18 
0 32 1 2 14 
0 33 
0 34 0 18 
0 35 288 0 292 193 9 11 12 16 17 146 246 253 
0 36 0 9 5 
0 37 1 2 3 4 6 13 14 
0 38 0 5 
0 39 2 299 14 
0 40 0 16 
0 41 8 1 18 4 21 
0 43 0 13 
0 44 2 14 198 6 
0 45 0 1 4 5 299 17 
0 46 1 2 3 6 10 13 20 
0 47 0 6 
0 48 6 
0 49 8 1 5 198 
0 50 0 9 5 
0 51 0 33 5 6 7 8 9 12 
0 52 0 193 292 9 11 12 16 17 146 246 
0 54 1 2 3 4 10 13 14 18 19 20 251 
0 55 1 10 7 13 39 
0 56 0 
0 57 0 15 
0 58 1 10 299 13 7 
0 59 5 
0 60 121 292 253 7 
0 61 1 2 3 4 198 10 13 14 19 20 
0 62 0 15 
0 63 1 2 3 4 8 19 20 
0 64 0 226 5 7 9 11 12 15 
0 65 17 146 15 
0 66 0 7 
0 67 8 3 11 
0 68 11 
0 69 0 4 
0 70 17 11 7 
0 71 0 1 4 5 299 17 
0 72 0 1 9 
0 73 0 246 
0 74 1 2 3 4 101 6 299 
0 76 1 2 3 6 
0 77 288 0 292 193 9 11 12 16 17 146 246 253 
0 78 0 
0 79 0 2 
0 80 0 7 
0 81 1 2 6 
0 82 1 2 4 101 6 39 8 19 
0 83 1 3 4 8 18 19 21 
0 84 193 4 5 8 12 18 
0 85 0 11 
0 86 0 9 5 
0 87 0 3 12 5 15 
0 88 11 
0 89 0 193 226 155 5 7 8 9 10 11 12 271 16 17 21 246 251 33 15 
0 90 0 17 
0 91 1 2 3 4 6 8 18 19 
0 92 8 2 12 5 246 
0 93 1 2 3 11 13 16 18 21 251 
0 94 0 5 7 
0 95 1 10 4 
0 96 0 4 
0 97 0 5 8 15 16 146 
0 98 0 9 5 7 
0 99 1 2 4 101 7 17 21 
0 100 0 7 
0 101 
0 102 0 1 4 5 7 8 9 11 12 15 16 17 33 
0 103 1 2 3 4 6 39 10 18 19 20 
0 104 1 2 3 4 6 299 13 
0 105 0 14 
0 106 0 2 
0 107 0 193 9 11 12 15 246 
0 108 8 1 4 101 21 
0 109 0 146 15 39 
0 110 3 14 6 
0 111 3 14 6 13 
0 113 6 
0 114 1 2 3 11 13 16 18 21 251 
0 115 0 9 3 7 
0 116 1 2 3 
0 117 0 198 
0 118 8 3 11 
0 119 121 77 159 
0 120 1 2 3 4 6 10 13 20 
0 121 0 193 9 11 12 15 246 
0 122 1 2 3 11 20 299 
0 124 0 1 226 4 5 33 8 9 10 11 12 17 155 
0 125 17 12 21 
0 126 0 12 
0 127 8 2 12 18 
0 128 0 5 7 
0 129 1 2 3 4 101 6 39 10 13 14 19 159 
0 130 0 17 
0 131 0 1 226 4 5 7 8 9 10 11 12 15 16 17 33 
0 132 1 2 4 101 6 39 8 19 
0 133 0 10 
0 134 288 121 5 
0 135 193 4 5 8 12 18 
0 136 0 3 
0 137 0 9 6 
0 138 1 13 14 6 7 
0 139 1 2 4 13 6 
0 140 0 20 
0 141 18 5 7 
0 143 0 9 3 5 7 
0 144 14 6 5 
0 145 0 271 
0 146 
0 147 1 2 3 6 8 16 
0 148 8 1 18 4 
0 149 0 193 5 7 8 9 12 15 21 33 
0 150 0 1 226 4 5 7 8 9 10 11 12 16 18 
0 151 0 3 
0 152 0 33 226 3 5 7 9 12 
0 153 0 9 3 12 5 
0 154 0 4 21 
0 155 
0 156 1 18 4 21 101 
0 157 0 14 
0 158 0 9 6 
0 159 0 193 9 11 12 15 246 121 253 
0 160 0 1 226 3 4 5 33 8 9 10 11 12 16 17 
0 161 0 101 
0 162 1 3 14 6 
0 163 1 12 6 
0 164 8 2 5 15 
0 165 8 1 2 
0 166 0 159 
0 168 1 2 3 4 6 39 13 19 20 251 
0 169 1 2 3 6 10 13 
0 170 0 1 13 6 39 
0 171 7 20 299 164 39 
0 172 1 226 198 7 11 13 16 17 
0 173 4 14 6 
0 174 0 1 226 3 4 5 7 8 9 10 11 12 15 16 17 193 33 
0 175 12 4 5 
0 176 8 16 2 5 
0 177 0 226 155 7 10 11 271 16 17 21 246 251 15 
0 178 8 2 3 12 18 
0 179 0 2 
0 180 0 21 
0 181 1 2 20 
0 182 0 1 
0 183 1 226 11 12 13 14 16 21 2 
0 184 8 16 2 5 
0 185 0 1 5 6 7 9 
0 186 0 
0 187 1 2 3 4 6 39 10 13 14 18 19 251 
0 188 0 5 
0 189 16 1 11 7 
0 190 1 2 3 4 5 6 10 13 20 
0 192 0 9 5 7 
0 193 
0 194 1 2 3 6 10 13 14 
0 195 0 1 5 6 7 9 
0 196 0 1 
0 197 0 4 
0 198 
0 199 16 1 11 3 
0 200 0 11 
0 201 0 
0 203 0 21 
0 205 3 20 7 
0 206 10 1 2 3 13 
0 207 0 3 
0 208 2 299 18 101 
0 209 0 3 10 19 14 
0 210 0 1 
0 211 1 3 4 6 
0 212 8 19 21 7 
0 214 0 9 3 7 
0 215 1 10 4 
0 216 288 253 77 159 
0 217 8 18 3 
0 218 0 1 
0 219 8 2 3 5 15 
0 220 0 5 8 10 15 17 18 
0 222 1 2 4 198 6 299 12 19 101 
0 223 0 198 
0 224 0 251 
0 225 0 2 18 
0 226 
0 227 0 1 9 
0 228 6 
0 229 2 20 14 6 
0 230 8 1 4 21 7 
0 231 1 2 3 4 198 10 13 14 19 20 
0 232 121 77 159 
0 233 2 3 5 
0 234 2 15 5 6 7 
0 235 0 14 
0 236 1 2 6 10 13 20 
0 237 1 2 3 4 6 198 19 
0 238 0 10 15 146 246 271 
0 239 0 15 
0 240 0 12 
0 241 8 2 299 18 14 
0 242 1 2 6 7 
0 243 0 2 18 13 
0 244 1 
0 245 19 4 21 198 
0 246 
0 247 0 9 3 6 
0 248 0 11 
0 249 0 1 4 5 9 11 15 16 17 
0 250 0 2 
0 251 2 3 
0 252 1 2 3 6 10 13 20 
0 253 
0 254 1 2 4 10 13 20 
0 255 1 2 4 101 6 39 8 19 
0 256 0 5 
0 257 1 2 3 4 101 6 39 13 18 19 
0 258 0 1 
0 259 0 3 
0 260 1 10 299 13 7 
0 261 0 9 3 6 
0 262 0 1 2 4 5 10 11 271 16 17 15 
0 263 8 9 3 5 0 
0 264 0 1 2 3 4 10 11 13 271 146 15 
0 265 0 19 
0 266 1 2 3 4 198 6 10 299 12 13 14 19 101 
0 267 0 4 
0 268 146 292 5 
0 269 0 
0 270 0 1 226 3 4 5 7 8 9 10 11 12 15 16 17 193 21 33 
0 271 
0 272 0 5 
0 273 0 6 
0 274 0 193 3 5 7 8 9 12 15 21 33 
0 275 1 2 3 4 101 6 39 8 10 13 14 19 
0 276 17 146 15 7 
0 277 0 193 5 7 
0 278 2 20 14 198 
0 279 1 2 20 
0 280 1 2 3 4 198 39 10 13 14 19 
0 281 4 
0 282 0 
0 283 5 
0 284 1 10 299 13 7 
0 285 0 1 3 4 5 11 12 15 16 
0 286 8 0 21 5 7 
0 287 0 6 
0 288 146 11 226 7 
0 289 0 1 4 5 9 11 15 16 17 
0 290 8 9 3 5 0 
0 291 0 1 226 4 5 7 8 9 10 11 12 16 18 
0 292 
0 293 17 146 15 7 
0 294 0 17 
0 295 2 20 6 
0 296 0 159 
0 297 1 4 7 
0 298 0 1 226 3 4 5 7 8 9 10 11 12 15 16 17 
0 299 
900 0 
900 1 3 2 19 4 101 
900 2 
900 3 1 2 4 6 299 14 
900 4 1 13 7 
900 5 2 4 
900 6 1 2 198 
900 7 3 14 6 
900 8 10 12 
900 9 1 2 
900 10 1 2 4 101 6 271 19 
900 11 17 3 
900 12 1 2 3 4 6 14 20 
900 13 8 14 
900 14 4 6 
900 15 0 20 
900 16 
900 17 2 11 
900 18 
900 19 14 6 
900 20 
900 21 
900 24 0 1 4 5 9 11 15 16 17 
900 25 8 0 5 
900 26 1 2 3 4 6 13 14 
900 27 3 
900 29 2 3 20 14 6 
900 30 0 33 5 6 7 8 9 12 
900 31 0 1 226 4 5 7 8 9 10 11 12 16 18 
900 32 1 2 14 
900 33 
900 34 0 18 
900 35 0 193 292 9 11 12 16 17 146 246 253 
900 36 0 9 5 
900 38 0 5 
900 39 2 299 14 
900 40 0 16 
900 41 8 1 18 4 21 
900 43 0 13 
900 44 2 14 198 6 
900 45 0 1 4 5 299 17 
900 46 1 2 3 6 10 13 20 
900 47 0 6 
900 48 6 
900 49 8 1 5 198 
900 50 0 9 5 
900 51 0 33 5 6 7 8 9 12 
900 52 0 193 292 9 11 12 16 17 146 246 
900 54 1 2 3 4 10 13 14 18 19 20 251 
900 55 1 10 7 13 39 
900 56 0 
900 57 0 15 
900 58 1 10 299 13 7 
900 59 5 
900 60 121 292 253 7 
900 61 1 2 3 4 198 10 13 14 19 20 
900 62 0 15 
900 63 1 2 3 4 8 19 20 
900 64 0 226 5 7 9 11 12 15 
900 65 17 146 15 
900 66 0 7 
900 67 8 3 11 
900 68 11 
900 69 0 4 
900 70 17 11 7 
900 71 0 1 4 5 299 17 
900 72 0 1 9 
900 73 0 246 
900 74 1 2 3 4 101 6 299 
900 76 1 2 3 6 
900 77 0 193 292 9 11 12 16 17 146 246 253 
900 79 0 2 
900 80 0 7 
900 81 1 2 6 
900 82 1 2 4 101 6 39 8 19 
900 83 1 3 4 8 18 19 21 
900 84 193 4 5 8 12 18 
900 85 0 11 
900 86 0 9 5 
900 87 0 3 12 5 15 
900 88 11 
900 89 0 193 226 251 5 7 8 9 10 11 12 271 16 17 21 246 33 15 
900 90 0 17 
900 91 1 2 3 4 6 8 18 19 
900 92 8 2 12 5 246 
900 93 1 2 3 11 13 16 18 21 251 
900 94 0 5 7 
900 95 1 10 4 
900 96 0 4 
900 97 0 5 8 15 16 146 
900 98 0 9 5 7 
900 99 1 2 4 101 7 17 21 
900 100 0 7 
900 101 
900 102 0 1 4 5 7 8 9 11 12 15 16 17 33 
900 103 1 2 3 4 6 39 10 18 19 20 
900 104 1 2 3 4 6 299 13 
900 105 0 14 
900 106 0 2 
900 107 0 193 9 11 12 15 246 
900 108 8 1 4 101 21 
900 109 0 146 15 39 
900 110 3 14 6 
900 111 3 14 6 13 
900 113 6 
900 114 1 2 3 11 13 16 18 21 251 
900 115 0 9 3 7 
900 116 1 2 3 
900 117 0 198 
900 118 8 3 11 
900 119 121 77 159 
900 120 1 2 3 4 6 10 13 20 
900 121 0 193 9 11 12 15 246 
900 122 1 2 3 11 20 299 
900 124 0 1 226 4 5 33 8 9 10 11 12 17 
900 125 17 12 21 
900 126 0 12 
900 127 8 2 12 18 
900 128 0 5 7 
900 129 1 2 3 4 101 6 39 10 13 14 19 159 
900 130 0 17 
900 131 0 1 226 4 5 7 8 9 10 11 12 15 16 17 33 
900 132 1 2 4 101 6 39 8 19 
900 133 0 10 
900 134 121 5 
900 135 193 4 5 8 12 18 
900 136 0 3 
900 137 0 9 6 
900 138 1 13 14 6 7 
900 139 1 2 4 13 6 
900 140 0 20 
900 141 18 5 7 
900 143 0 9 3 5 7 
900 144 14 6 5 
900 146 
900 147 1 2 3 6 8 16 
900 149 0 193 5 7 8 9 12 15 21 33 
900 150 0 1 226 4 5 7 8 9 10 11 12 16 18 
900 151 0 3 
900 152 0 33 226 3 5 7 9 12 
900 153 0 9 3 12 5 
900 154 0 4 21 
900 156 1 18 4 21 101 
900 157 0 14 
900 158 0 9 6 
900 159 0 193 9 11 12 15 246 121 253 
900 160 0 1 226 3 4 5 33 8 9 10 11 12 16 17 
900 161 0 101 
900 162 1 3 14 6 
900 163 1 12 6 
900 164 8 2 5 15 
900 165 8 1 2 
900 166 0 159 
900 168 1 2 3 4 6 39 13 19 20 251 
900 169 1 2 3 6 10 13 
900 170 0 1 13 6 39 
900 171 7 20 299 164 39 
900 172 1 226 198 7 11 13 16 17 
900 173 4 14 6 
900 174 0 1 226 3 4 5 7 8 9 10 11 12 15 16 17 193 33 
900 175 12 4 5 
900 176 8 16 2 5 
900 177 0 226 251 7 10 11 271 16 17 21 246 15 
900 180 0 21 
900 181 1 2 20 
900 182 0 1 
900 183 1 226 11 12 13 14 16 21 2 
900 184 8 16 2 5 
900 185 0 1 5 6 7 9 
900 186 0 
900 187 1 2 3 4 6 39 10 13 14 18 19 251 
900 188 0 5 
900 189 16 1 11 7 
900 190 1 2 3 4 5 6 10 13 20 
900 192 0 9 5 7 
900 193 
900 194 1 2 3 6 10 13 14 
900 195 0 1 5 6 7 9 
900 196 0 1 
900 197 0 4 
900 198 
900 199 16 1 11 3 
900 200 0 11 
900 201 0 
900 203 0 21 
900 205 3 20 7 
900 206 10 1 2 3 13 
900 207 0 3 
900 208 2 299 18 101 
900 209 0 3 10 19 14 
900 210 0 1 
900 211 1 3 4 6 
900 212 8 19 21 7 
900 214 0 9 3 7 
900 215 1 10 4 
900 216 253 77 159 
900 217 8 18 3 
900 218 0 1 
900 219 8 2 3 5 15 
900 220 0 5 8 10 15 17 18 
900 222 1 2 4 198 6 299 12 19 101 
900 223 0 198 
900 224 0 251 
900 225 0 2 18 
900 226 
900 227 0 1 9 
900 228 6 
900 229 2 20 14 6 
900 230 8 1 4 21 7 
900 231 1 2 3 4 198 10 13 14 19 20 
900 232 121 77 159 
900 233 2 3 5 
900 234 2 15 5 6 7 
900 235 0 14 
900 236 1 2 6 10 13 20 
900 237 1 2 3 4 6 198 19 
900 238 0 10 15 146 246 271 
900 239 0 15 
900 240 0 12 
900 241 8 2 299 18 14 
900 242 1 2 6 7 
900 243 0 2 18 13 
900 244 1 
900 245 19 4 21 198 
900 246 
900 247 0 9 3 6 
900 248 0 11 
900 249 0 1 4 5 9 11 15 16 17 
900 250 0 2 
900 251 2 3 
900 252 1 2 3 6 10 13 20 
900 253 
900 254 1 2 4 10 13 20 
900 255 1 2 4 101 6 39 8 19 
900 256 0 5 
900 257 1 2 3 4 101 6 39 13 18 19 
900 258 0 1 
900 259 0 3 
900 260 1 10 299 13 7 
900 261 0 9 3 6 
900 262 0 1 2 4 5 10 11 271 16 17 15 
900 263 8 9 3 5 0 
900 264 0 1 2 3 4 10 11 13 271 146 15 
900 265 0 19 
900 266 1 2 3 4 198 6 10 299 12 13 14 19 101 
900 267 0 4 
900 268 146 292 5 
900 269 0 
900 271 
900 272 0 5 
900 273 0 6 
900 274 0 193 3 5 7 8 9 12 15 21 33 
900 275 1 2 3 4 101 6 39 8 10 13 14 19 
900 276 17 146 15 7 
900 277 0 193 5 7 
900 278 2 20 14 198 
900 279 1 2 20 
900 280 1 2 3 4 198 39 10 13 14 19 
900 281 4 
900 282 0 
900 283 5 
900 284 1 10 299 13 7 
900 285 0 1 3 4 5 11 12 15 16 
900 286 8 0 21 5 7 
900 287 0 6 
900 289 0 1 4 5 9 11 15 16 17 
900 290 8 9 3 5 0 
900 291 0 1 226 4 5 7 8 9 10 11 12 16 18 
900 292 
900 294 0 17 
900 295 2 20 6 
900 296 0 159 
900 298 0 1 226 3 4 5 7 8 9 10 11 12 15 16 17 
900 299 
1800 0 
1800 1 3 2 19 4 101 
1800 2 
1800 3 1 2 4 14 6 
1800 4 1 13 7 
1800 5 2 4 
1800 6 1 2 198 
1800 7 3 14 6 
1800 8 10 12 
1800 9 1 2 
1800 10 1 2 4 101 6 271 19 
1800 11 17 3 
1800 12 1 2 3 4 6 14 20 
1800 13 8 14 
1800 14 4 6 
1800 15 0 20 
1800 16 
1800 17 2 11 
1800 18 
1800 19 14 6 
1800 20 
1800 21 
1800 24 0 1 4 5 9 11 15 16 17 
1800 26 1 2 3 4 6 13 14 
1800 27 3 
1800 29 2 3 20 14 6 
1800 30 0 33 5 6 7 8 9 12 
1800 31 0 1 226 4 5 7 8 9 10 11 12 16 18 
1800 32 1 2 14 
1800 33 
1800 34 0 18 
1800 35 0 292 9 11 12 16 17 146 246 253 
1800 36 0 9 5 
1800 39 2 14 
1800 40 0 16 
1800 41 8 1 18 4 21 
1800 43 0 13 
1800 44 2 14 198 6 
1800 45 0 1 4 5 17 
1800 46 1 2 3 6 10 13 20 
1800 47 0 6 
1800 48 6 
1800 49 8 1 5 198 
1800 50 0 9 5 
1800 51 0 33 5 6 7 8 9 12 
1800 52 0 292 9 11 12 16 17 146 246 
1800 54 1 2 3 4 10 13 14 18 19 20 251 
1800 55 1 10 7 13 39 
1800 56 0 
1800 57 0 15 
1800 58 1 10 13 7 
1800 59 5 
1800 60 121 292 253 7 
1800 61 1 2 3 4 198 10 13 14 19 20 
1800 62 0 15 
1800 63 1 2 3 4 8 19 20 
1800 64 0 226 5 7 9 11 12 15 
1800 65 17 146 15 
1800 66 0 7 
1800 68 11 
1800 69 0 4 
1800 70 17 11 7 
1800 71 0 1 4 5 17 
1800 72 0 1 9 
1800 73 0 246 
1800 74 1 2 3 4 101 6 
1800 76 1 2 3 6 
1800 77 0 292 9 11 12 16 17 146 246 253 
1800 79 0 2 
1800 80 0 7 
1800 81 1 2 6 
1800 82 1 2 4 101 6 39 8 19 
1800 83 1 3 4 8 18 19 21 
1800 84 8 4 18 12 5 
1800 85 0 11 
1800 86 0 9 5 
1800 87 0 3 12 5 15 
1800 88 11 
1800 89 0 33 226 251 5 7 8 9 10 11 12 271 16 17 21 246 15 
1800 90 0 17 
1800 91 1 2 3 4 6 8 18 19 
1800 93 1 2 3 11 13 16 18 21 251 
1800 94 0 5 7 
1800 95 1 10 4 
1800 96 0 4 
1800 97 0 5 8 15 16 146 
1800 98 0 9 5 7 
1800 99 1 2 4 101 7 17 21 
1800 100 0 7 
1800 101 
1800 102 0 1 4 5 7 8 9 11 12 15 16 17 33 
1800 103 1 2 3 4 6 39 10 18 19 20 
1800 104 1 2 3 4 6 13 
1800 105 0 14 
1800 106 0 2 
1800 107 0 9 11 12 15 246 
1800 109 0 146 15 39 
1800 110 3 14 6 
1800 111 3 14 6 13 
1800 113 6 
1800 114 1 2 3 11 13 16 18 21 251 
1800 115 0 9 3 7 
1800 116 1 2 3 
1800 117 0 198 
1800 118 8 3 11 
1800 119 121 77 159 
1800 120 1 2 3 4 6 10 13 20 
1800 121 0 9 11 12 15 246 
1800 122 3 1 2 11 20 
1800 124 0 1 226 4 5 33 8 9 10 11 12 17 
1800 125 17 12 21 
1800 126 0 12 
1800 127 8 2 12 18 
1800 128 0 5 7 
1800 129 1 2 3 4 101 6 39 10 13 14 19 159 
1800 130 0 17 
1800 131 0 1 226 4 5 7 8 9 10 11 12 15 16 17 33 
1800 132 1 2 4 101 6 39 8 19 
1800 133 0 10 
1800 134 121 5 
1800 135 8 4 18 12 5 
1800 136 0 3 
1800 137 0 9 6 
1800 138 1 13 14 6 7 
1800 139 1 2 4 13 6 
1800 140 0 20 
1800 141 18 5 7 
1800 143 0 9 3 5 7 
1800 144 14 6 5 
1800 146 
1800 147 1 2 3 6 8 16 
1800 149 0 33 5 7 8 9 12 15 21 
1800 150 0 1 226 4 5 7 8 9 10 11 12 16 18 
1800 151 0 3 
1800 152 0 33 226 3 5 7 9 12 
1800 153 0 9 3 12 5 
1800 154 0 4 21 
1800 156 1 18 4 21 101 
1800 157 0 14 
1800 158 0 9 6 
1800 159 0 9 11 12 15 246 121 253 
1800 160 0 1 226 3 4 5 33 8 9 10 11 12 16 17 
1800 161 0 101 
1800 162 1 3 14 6 
1800 163 1 12 6 
1800 164 8 2 5 15 
1800 165 8 1 2 
1800 166 0 159 
1800 168 1 2 3 4 6 39 13 19 20 251 
1800 169 1 2 3 6 10 13 
1800 170 0 1 13 6 39 
1800 171 20 7 164 39 
1800 172 1 226 198 7 11 13 16 17 
1800 173 4 14 6 
1800 174 0 1 226 3 4 5 7 8 9 10 11 12 15 16 17 33 
1800 175 12 4 5 
1800 176 8 16 2 5 
1800 177 0 226 251 7 10 11 271 16 17 21 246 15 
1800 180 0 21 
1800 182 0 1 
1800 183 1 226 11 12 13 14 16 21 2 
1800 184 8 16 2 5 
1800 185 0 1 5 6 7 9 
1800 186 0 
1800 187 1 2 3 4 6 39 10 13 14 18 19 251 
1800 188 0 5 
1800 189 16 1 11 7 
1800 190 1 2 3 4 5 6 10 13 20 
1800 192 0 9 5 7 
1800 194 1 2 3 6 10 13 14 
1800 195 0 1 5 6 7 9 
1800 196 0 1 
1800 197 0 4 
1800 198 
1800 199 16 1 11 3 
1800 200 0 11 
1800 201 0 
1800 203 0 21 
1800 205 3 20 7 
1800 206 10 1 2 3 13 
1800 207 0 3 
1800 208 2 18 101 
1800 209 0 3 10 19 14 
1800 210 0 1 
1800 211 1 3 4 6 
1800 212 8 19 21 7 
1800 214 0 9 3 7 
1800 215 1 10 4 
1800 216 253 77 159 
1800 217 8 18 3 
1800 218 0 1 
1800 219 8 2 3 5 15 
1800 220 0 5 8 10 15 17 18 
1800 222 1 2 4 6 198 12 19 101 
1800 223 0 198 
1800 224 0 251 
1800 225 0 2 18 
1800 226 
1800 227 0 1 9 
1800 228 6 
1800 229 2 20 14 6 
1800 230 8 1 4 21 7 
1800 231 1 2 3 4 198 10 13 14 19 20 
1800 232 121 77 159 
1800 233 2 3 5 
1800 235 0 14 
1800 236 1 2 6 10 13 20 
1800 237 1 2 3 4 6 198 19 
1800 238 0 10 15 146 246 271 
1800 239 0 15 
1800 240 0 12 
1800 241 8 2 18 14 
1800 242 1 2 6 7 
1800 243 0 2 18 13 
1800 244 1 
1800 245 19 4 21 198 
1800 246 
1800 249 0 1 4 5 9 11 15 16 17 
1800 250 0 2 
1800 251 2 3 
1800 252 1 2 3 6 10 13 20 
1800 253 
1800 254 1 2 4 10 13 20 
1800 255 1 2 4 101 6 39 8 19 
1800 256 0 5 
1800 258 0 1 
1800 259 0 3 
1800 260 1 10 13 7 
1800 262 0 1 2 4 5 10 11 271 16 17 15 
1800 263 8 9 3 5 0 
1800 264 0 1 2 3 4 10 11 13 271 146 15 
1800 265 0 19 
1800 266 1 2 3 4 198 6 10 12 13 14 19 101 
1800 267 0 4 
1800 268 146 292 5 
1800 269 0 
1800 271 
1800 272 0 5 
1800 273 0 6 
1800 274 0 33 3 5 7 8 9 12 15 21 
1800 275 1 2 3 4 101 6 39 8 10 13 14 19 
1800 276 17 146 15 7 
1800 277 0 5 7 
1800 278 2 20 14 198 
1800 279 1 2 20 
1800 280 1 2 3 4 198 39 10 13 14 19 
1800 281 4 
1800 282 0 
1800 283 5 
1800 284 1 10 13 7 
1800 285 0 1 3 4 5 11 12 15 16 
1800 286 8 0 21 5 7 
1800 287 0 6 
1800 289 0 1 4 5 9 11 15 16 17 
1800 290 8 9 3 5 0 
1800 291 0 1 226 4 5 7 8 9 10 11 12 16 18 
1800 292 
1800 294 0 17 
1800 295 2 20 6 
1800 296 0 159 
1800 298 0 1 226 3 4 5 7 8 9 10 11 12 15 16 17 
2700 0 
2700 1 3 2 19 4 101 
2700 2 
2700 3 1 2 4 14 6 
2700 4 1 13 7 
2700 5 2 4 
2700 6 1 2 198 
2700 7 3 14 6 
2700 8 10 12 
2700 9 1 2 
2700 10 1 2 4 101 6 271 19 
2700 11 17 3 
2700 12 1 2 3 4 6 14 20 
2700 13 8 14 
2700 14 4 6 
2700 15 0 20 
2700 16 
2700 17 2 11 
2700 18 
2700 19 14 6 
2700 20 
2700 21 
2700 24 0 1 4 5 9 11 15 16 17 
2700 26 1 2 3 4 6 13 14 
2700 27 3 
2700 29 2 3 20 14 6 
2700 32 1 2 14 
2700 33 
2700 34 0 18 
2700 35 0 292 9 11 12 16 17 146 246 253 
2700 36 0 9 5 
2700 39 2 14 
2700 40 0 16 
2700 41 8 1 18 4 21 
2700 43 0 13 
2700 44 2 14 198 6 
2700 45 0 1 4 5 17 
2700 46 1 2 3 6 10 13 20 
2700 47 0 6 
2700 48 6 
2700 49 8 1 5 198 
2700 50 0 9 5 
2700 51 0 33 5 6 7 8 9 12 
2700 52 0 292 9 11 12 16 17 146 246 
2700 54 1 2 3 4 10 13 14 18 19 20 251 
2700 55 1 10 7 13 39 
2700 56 0 
2700 57 0 15 
2700 58 1 10 13 7 
2700 59 5 
2700 60 121 292 253 7 
2700 61 1 2 3 4 198 10 13 14 19 20 
2700 62 0 15 
2700 63 1 2 3 4 8 19 20 
2700 64 0 226 5 7 9 11 12 15 
2700 66 0 7 
2700 68 11 
2700 69 0 4 
2700 70 17 11 7 
2700 71 0 1 4 5 17 
2700 72 0 1 9 
2700 73 0 246 
2700 74 1 2 3 4 101 6 
2700 76 1 2 3 6 
2700 77 0 292 9 11 12 16 17 146 246 253 
2700 79 0 2 
2700 80 0 7 
2700 81 1 2 6 
2700 82 1 2 4 101 6 39 8 19 
2700 83 1 3 4 8 18 19 21 
2700 84 8 4 18 12 5 
2700 85 0 11 
2700 86 0 9 5 
2700 87 0 3 12 5 15 
2700 88 11 
2700 89 0 33 226 251 5 7 8 9 10 11 12 271 16 17 21 246 15 
2700 90 0 17 
2700 91 1 2 3 4 6 8 18 19 
2700 93 1 2 3 11 13 16 18 21 251 
2700 94 0 5 7 
2700 95 1 10 4 
2700 96 0 4 
2700 97 0 5 8 15 16 146 
2700 98 0 9 5 7 
2700 99 1 2 4 101 7 17 21 
2700 100 0 7 
2700 101 
2700 102 0 1 4 5 7 8 9 11 12 15 16 17 33 
2700 103 1 2 3 4 6 39 10 18 19 20 
2700 104 1 2 3 4 6 13 
2700 105 0 14 
2700 109 0 146 15 39 
2700 111 3 14 6 13 
2700 113 6 
2700 114 1 2 3 11 13 16 18 21 251 
2700 115 0 9 3 7 
2700 116 1 2 3 
2700 117 0 198 
2700 118 8 3 11 
2700 119 121 77 159 
2700 120 1 2 3 4 6 10 13 20 
2700 121 0 9 11 12 15 246 
2700 122 3 1 2 11 20 
2700 124 0 1 226 4 5 33 8 9 10 11 12 17 
2700 125 17 12 21 
2700 126 0 12 
2700 127 8 2 12 18 
2700 128 0 5 7 
2700 129 1 2 3 4 101 6 39 10 13 14 19 159 
2700 130 0 17 
2700 131 0 1 226 4 5 7 8 9 10 11 12 15 16 17 33 
2700 132 1 2 4 101 6 39 8 19 
2700 133 0 10 
2700 134 121 5 
2700 135 8 4 18 12 5 
2700 137 0 9 6 
2700 138 1 13 14 6 7 
2700 139 1 2 4 13 6 
2700 140 0 20 
2700 141 18 5 7 
2700 143 0 9 3 5 7 
2700 146 
2700 147 1 2 3 6 8 16 
2700 149 0 33 5 7 8 9 12 15 21 
2700 150 0 1 226 4 5 7 8 9 10 11 12 16 18 
2700 151 0 3 
2700 152 0 33 226 3 5 7 9 12 
2700 153 0 9 3 12 5 
2700 154 0 4 21 
2700 156 1 18 4 21 101 
2700 157 0 14 
2700 158 0 9 6 
2700 159 0 9 11 12 15 246 121 253 
2700 160 0 1 226 3 4 5 33 8 9 10 11 12 16 17 
2700 161 0 101 
2700 162 1 3 14 6 
2700 163 1 12 6 
2700 164 8 2 5 15 
2700 165 8 1 2 
2700 166 0 159 
2700 168 1 2 3 4 6 39 13 19 20 251 
2700 169 1 2 3 6 10 13 
2700 170 0 1 13 6 39 
2700 171 20 7 164 39 
2700 172 1 226 198 7 11 13 16 17 
2700 173 4 14 6 
2700 174 0 1 226 3 4 5 7 8 9 10 11 12 15 16 17 33 
2700 175 12 4 5 
2700 176 8 16 2 5 
2700 177 0 226 251 7 10 11 271 16 17 21 246 15 
2700 180 0 21 
2700 182 0 1 
2700 183 1 226 11 12 13 14 16 21 2 
2700 184 8 16 2 5 
2700 185 0 1 5 6 7 9 
2700 186 0 
2700 187 1 2 3 4 6 39 10 13 14 18 19 251 
2700 188 0 5 
2700 189 16 1 11 7 
2700 190 1 2 3 4 5 6 10 13 20 
2700 192 0 9 5 7 
2700 194 1 2 3 6 10 13 14 
2700 195 0 1 5 6 7 9 
2700 196 0 1 
2700 197 0 4 
2700 198 
2700 199 16 1 11 3 
2700 200 0 11 
2700 201 0 
2700 203 0 21 
2700 205 3 20 7 
2700 206 10 1 2 3 13 
2700 207 0 3 
2700 208 2 18 101 
2700 209 0 3 10 19 14 
2700 210 0 1 
2700 211 1 3 4 6 
2700 212 8 19 21 7 
2700 216 253 77 159 
2700 217 8 18 3 
2700 218 0 1 
2700 219 8 2 3 5 15 
2700 220 0 5 8 10 15 17 18 
2700 222 1 2 4 6 198 12 19 101 
2700 223 0 198 
2700 224 0 251 
2700 225 0 2 18 
2700 226 
2700 227 0 1 9 
2700 228 6 
2700 229 2 20 14 6 
2700 230 8 1 4 21 7 
2700 231 1 2 3 4 198 10 13 14 19 20 
2700 232 121 77 159 
2700 233 2 3 5 
2700 235 0 14 
2700 236 1 2 6 10 13 20 
2700 237 1 2 3 4 6 198 19 
2700 238 0 10 15 146 246 271 
2700 239 0 15 
2700 240 0 12 
2700 241 8 2 18 14 
2700 243 0 2 18 13 
2700 244 1 
2700 245 19 4 21 198 
2700 246 
2700 249 0 1 4 5 9 11 15 16 17 
2700 250 0 2 
2700 251 2 3 
2700 252 1 2 3 6 10 13 20 
2700 253 
2700 254 1 2 4 10 13 20 
2700 256 0 5 
2700 258 0 1 
2700 259 0 3 
2700 260 1 10 13 7 
2700 262 0 1 2 4 5 10 11 271 16 17 15 
2700 263 8 9 3 5 0 
2700 264 0 1 2 3 4 10 11 13 271 146 15 
2700 265 0 19 
2700 266 1 2 3 4 198 6 10 12 13 14 19 101 
2700 267 0 4 
2700 268 146 292 5 
2700 269 0 
2700 271 
2700 272 0 5 
2700 273 0 6 
2700 274 0 33 3 5 7 8 9 12 15 21 
2700 275 1 2 3 4 101 6 39 8 10 13 14 19 
2700 276 17 146 15 7 
2700 277 0 5 7 
2700 278 2 20 14 198 
2700 279 1 2 20 
2700 280 1 2 3 4 198 39 10 13 14 19 
2700 281 4 
2700 282 0 
2700 283 5 
2700 284 1 10 13 7 
2700 285 0 1 3 4 5 11 12 15 16 
2700 286 8 0 21 5 7 
2700 287 0 6 
2700 289 0 1 4 5 9 11 15 16 17 
2700 291 0 1 226 4 5 7 8 9 10 11 12 16 18 
2700 292 
2700 294 0 17 
2700 295 2 20 6 
2700 296 0 159 
2700 298 0 1 226 3 4 5 7 8 9 10 11 12 15 16 17 
3600 0 
3600 1 3 2 19 4 101 
3600 2 
3600 3 1 2 4 14 6 
3600 4 1 13 7 
3600 5 2 4 
3600 6 1 2 198 
3600 7 3 14 6 
3600 8 10 12 
3600 9 1 2 
3600 10 1 2 4 101 6 271 19 
3600 11 17 3 
3600 12 1 2 3 4 6 14 20 
3600 13 8 14 
3600 14 4 6 
3600 15 0 20 
3600 16 
3600 17 2 11 
3600 18 
3600 19 14 6 
3600 20 
3600 21 
3600 24 0 1 4 5 9 11 15 16 17 
3600 26 1 2 3 4 6 13 14 
3600 27 3 
3600 29 2 3 20 14 6 
3600 32 1 2 14 
3600 33 
3600 34 0 18 
3600 35 0 9 11 12 16 17 146 246 253 
3600 36 0 9 5 
3600 39 2 14 
3600 40 0 16 
3600 41 8 1 18 4 21 
3600 43 0 13 
3600 44 2 14 198 6 
3600 45 0 1 4 5 17 
3600 46 1 2 3 6 10 13 20 
3600 47 0 6 
3600 48 6 
3600 49 8 1 5 198 
3600 50 0 9 5 
3600 51 0 33 5 6 7 8 9 12 
3600 52 0 9 11 12 16 17 146 246 
3600 55 1 10 7 13 39 
3600 56 0 
3600 57 0 15 
3600 58 1 10 13 7 
3600 59 5 
3600 60 121 253 7 
3600 61 1 2 3 4 198 10 13 14 19 20 
3600 62 0 15 
3600 63 1 2 3 4 8 19 20 
3600 64 0 226 5 7 9 11 12 15 
3600 68 11 
3600 69 0 4 
3600 70 17 11 7 
3600 71 0 1 4 5 17 
3600 72 0 1 9 
3600 73 0 246 
3600 74 1 2 3 4 101 6 
3600 76 1 2 3 6 
3600 77 0 9 11 12 16 17 146 246 253 
3600 79 0 2 
3600 81 1 2 6 
3600 82 1 2 4 101 6 39 8 19 
3600 83 1 3 4 8 18 19 21 
3600 84 8 4 18 12 5 
3600 86 0 9 5 
3600 87 0 3 12 5 15 
3600 88 11 
3600 89 0 33 226 251 5 7 8 9 10 11 12 271 16 17 21 246 15 
3600 90 0 17 
3600 91 1 2 3 4 6 8 18 19 
3600 93 1 2 3 11 13 16 18 21 251 
3600 94 0 5 7 
3600 95 1 10 4 
3600 96 0 4 
3600 97 0 5 8 15 16 146 
3600 98 0 9 5 7 
3600 99 1 2 4 101 7 17 21 
3600 100 0 7 
3600 101 
3600 102 0 1 4 5 7 8 9 11 12 15 16 17 33 
3600 103 1 2 3 4 6 39 10 18 19 20 
3600 104 1 2 3 4 6 13 
3600 105 0 14 
3600 109 0 146 15 39 
3600 111 3 14 6 13 
3600 113 6 
3600 114 1 2 3 11 13 16 18 21 251 
3600 115 0 9 3 7 
3600 116 1 2 3 
3600 117 0 198 
3600 118 8 3 11 
3600 119 121 77 159 
3600 120 1 2 3 4 6 10 13 20 
3600 121 0 9 11 12 15 246 
3600 122 3 1 2 11 20 
3600 124 0 1 226 4 5 33 8 9 10 11 12 17 
3600 125 17 12 21 
3600 126 0 12 
3600 128 0 5 7 
3600 129 1 2 3 4 101 6 39 10 13 14 19 159 
3600 130 0 17 
3600 131 0 1 226 4 5 7 8 9 10 11 12 15 16 17 33 
3600 132 1 2 4 101 6 39 8 19 
3600 133 0 10 
3600 134 121 5 
3600 135 8 4 18 12 5 
3600 137 0 9 6 
3600 138 1 13 14 6 7 
3600 139 1 2 4 13 6 
3600 140 0 20 
3600 141 18 5 7 
3600 143 0 9 3 5 7 
3600 146 
3600 147 1 2 3 6 8 16 
3600 149 0 33 5 7 8 9 12 15 21 
3600 150 0 1 226 4 5 7 8 9 10 11 12 16 18 
3600 151 0 3 
3600 152 0 33 226 3 5 7 9 12 
3600 153 0 9 3 12 5 
3600 154 0 4 21 
3600 156 1 18 4 21 101 
3600 157 0 14 
3600 159 0 9 11 12 15 246 121 253 
3600 160 0 1 226 3 4 5 33 8 9 10 11 12 16 17 
3600 161 0 101 
3600 162 1 3 14 6 
3600 163 1 12 6 
3600 164 8 2 5 15 
3600 165 8 1 2 
3600 166 0 159 
3600 168 1 2 3 4 6 39 13 19 20 251 
3600 169 1 2 3 6 10 13 
3600 170 0 1 13 6 39 
3600 171 20 7 164 39 
3600 172 1 226 198 7 11 13 16 17 
3600 173 4 14 6 
3600 174 0 1 226 3 4 5 7 8 9 10 11 12 15 16 17 33 
3600 175 12 4 5 
3600 176 8 16 2 5 
3600 177 0 226 251 7 10 11 271 16 17 21 246 15 
3600 180 0 21 
3600 182 0 1 
3600 183 1 226 11 12 13 14 16 21 2 
3600 184 8 16 2 5 
3600 185 0 1 5 6 7 9 
3600 186 0 
3600 187 1 2 3 4 6 39 10 13 14 18 19 251 
3600 188 0 5 
3600 189 16 1 11 7 
3600 190 1 2 3 4 5 6 10 13 20 
3600 192 0 9 5 7 
3600 194 1 2 3 6 10 13 14 
3600 195 0 1 5 6 7 9 
3600 196 0 1 
3600 197 0 4 
3600 198 
3600 199 16 1 11 3 
3600 200 0 11 
3600 201 0 
3600 203 0 21 
3600 205 3 20 7 
3600 206 10 1 2 3 13 
3600 207 0 3 
3600 208 2 18 101 
3600 209 0 3 10 19 14 
3600 210 0 1 
3600 211 1 3 4 6 
3600 216 253 77 159 
3600 217 8 18 3 
3600 219 8 2 3 5 15 
3600 220 0 5 8 10 15 17 18 
3600 222 1 2 4 6 198 12 19 101 
3600 223 0 198 
3600 224 0 251 
3600 225 0 2 18 
3600 226 
3600 228 6 
3600 229 2 20 14 6 
3600 230 8 1 4 21 7 
3600 231 1 2 3 4 198 10 13 14 19 20 
3600 232 121 77 159 
3600 233 2 3 5 
3600 235 0 14 
3600 236 1 2 6 10 13 20 
3600 237 1 2 3 4 6 198 19 
3600 238 0 10 15 146 246 271 
3600 239 0 15 
3600 240 0 12 
3600 244 1 
3600 245 19 4 21 198 
3600 246 
3600 249 0 1 4 5 9 11 15 16 17 
3600 250 0 2 
3600 251 2 3 
3600 252 1 2 3 6 10 13 20 
3600 253 
3600 254 1 2 4 10 13 20 
3600 256 0 5 
3600 258 0 1 
3600 259 0 3 
3600 260 1 10 13 7 
3600 262 0 1 2 4 5 10 11 271 16 17 15 
3600 263 8 9 3 5 0 
3600 264 0 1 2 3 4 10 11 13 271 146 15 
3600 265 0 19 
3600 266 1 2 3 4 198 6 10 12 13 14 19 101 
3600 268 146 5 
3600 269 0 
3600 271 
3600 272 0 5 
3600 273 0 6 
3600 274 0 33 3 5 7 8 9 12 15 21 
3600 275 1 2 3 4 101 6 39 8 10 13 14 19 
3600 276 17 146 15 7 
3600 277 0 5 7 
3600 278 2 20 14 198 
3600 279 1 2 20 
3600 280 1 2 3 4 198 39 10 13 14 19 
3600 281 4 
3600 282 0 
3600 283 5 
3600 284 1 10 13 7 
3600 285 0 1 3 4 5 11 12 15 16 
3600 286 8 0 21 5 7 
3600 287 0 6 
3600 289 0 1 4 5 9 11 15 16 17 
3600 291 0 1 226 4 5 7 8 9 10 11 12 16 18 
3600 294 0 17 
3600 295 2 20 6 
3600 296 0 159 
3600 298 0 1 226 3 4 5 7 8 9 10 11 12 15 16 17 
4500 0 
4500 1 3 2 19 4 101 
4500 2 
4500 3 1 2 4 14 6 
4500 4 1 13 7 
4500 5 2 4 
4500 6 1 2 198 
4500 7 3 14 6 
4500 8 10 12 
4500 9 1 2 
4500 10 1 2 4 101 6 271 19 
4500 11 17 3 
4500 12 1 2 3 4 6 14 20 
4500 13 8 14 
4500 14 4 6 
4500 15 0 20 
4500 16 
4500 17 2 11 
4500 18 
4500 19 14 6 
4500 20 
4500 21 
4500 24 0 1 4 5 9 11 15 16 17 
4500 26 1 2 3 4 6 13 14 
4500 27 3 
4500 29 2 3 20 14 6 
4500 32 1 2 14 
4500 33 
4500 34 0 18 
4500 35 0 9 11 12 16 17 146 246 253 
4500 36 0 9 5 
4500 39 2 14 
4500 40 0 16 
4500 41 8 1 18 4 21 
4500 43 0 13 
4500 44 2 14 198 6 
4500 45 0 1 4 5 17 
4500 46 1 2 3 6 10 13 20 
4500 47 0 6 
4500 48 6 
4500 49 8 1 5 198 
4500 50 0 9 5 
4500 51 0 33 5 6 7 8 9 12 
4500 55 1 10 7 13 39 
4500 56 0 
4500 57 0 15 
4500 58 1 10 13 7 
4500 59 5 
4500 60 121 253 7 
4500 61 1 2 3 4 198 10 13 14 19 20 
4500 62 0 15 
4500 63 1 2 3 4 8 19 20 
4500 64 0 226 5 7 9 11 12 15 
4500 68 11 
4500 69 0 4 
4500 70 17 11 7 
4500 71 0 1 4 5 17 
4500 72 0 1 9 
4500 73 0 246 
4500 74 1 2 3 4 101 6 
4500 76 1 2 3 6 
4500 77 0 9 11 12 16 17 146 246 253 
4500 79 0 2 
4500 81 1 2 6 
4500 82 1 2 4 101 6 39 8 19 
4500 83 1 3 4 8 18 19 21 
4500 84 8 4 18 12 5 
4500 86 0 9 5 
4500 87 0 3 12 5 15 
4500 88 11 
4500 89 0 33 226 251 5 7 8 9 10 11 12 271 16 17 21 246 15 
4500 90 0 17 
4500 91 1 2 3 4 6 8 18 19 
4500 93 1 2 3 11 13 16 18 21 251 
4500 94 0 5 7 
4500 95 1 10 4 
4500 96 0 4 
4500 97 0 5 8 15 16 146 
4500 98 0 9 5 7 
4500 99 1 2 4 101 7 17 21 
4500 100 0 7 
4500 101 
4500 103 1 2 3 4 6 39 10 18 19 20 
4500 104 1 2 3 4 6 13 
4500 105 0 14 
4500 109 0 146 15 39 
4500 111 3 14 6 13 
4500 113 6 
4500 114 1 2 3 11 13 16 18 21 251 
4500 115 0 9 3 7 
4500 116 1 2 3 
4500 117 0 198 
4500 118 8 3 11 
4500 120 1 2 3 4 6 10 13 20 
4500 121 0 9 11 12 15 246 
4500 122 3 1 2 11 20 
4500 124 0 1 226 4 5 33 8 9 10 11 12 17 
4500 125 17 12 21 
4500 126 0 12 
4500 128 0 5 7 
4500 129 1 2 3 4 101 6 39 10 13 14 19 159 
4500 130 0 17 
4500 131 0 1 226 4 5 7 8 9 10 11 12 15 16 17 33 
4500 132 1 2 4 101 6 39 8 19 
4500 133 0 10 
4500 134 121 5 
4500 135 8 4 18 12 5 
4500 137 0 9 6 
4500 138 1 13 14 6 7 
4500 139 1 2 4 13 6 
4500 141 18 5 7 
4500 143 0 9 3 5 7 
4500 146 
4500 147 1 2 3 6 8 16 
4500 149 0 33 5 7 8 9 12 15 21 
4500 150 0 1 226 4 5 7 8 9 10 11 12 16 18 
4500 153 0 9 3 12 5 
4500 154 0 4 21 
4500 156 1 18 4 21 101 
4500 157 0 14 
4500 159 0 9 11 12 15 246 121 253 
4500 160 0 1 226 3 4 5 33 8 9 10 11 12 16 17 
4500 161 0 101 
4500 162 1 3 14 6 
4500 163 1 12 6 
4500 164 8 2 5 15 
4500 165 8 1 2 
4500 166 0 159 
4500 168 1 2 3 4 6 39 13 19 20 251 
4500 169 1 2 3 6 10 13 
4500 170 0 1 13 6 39 
4500 171 20 7 164 39 
4500 172 1 226 198 7 11 13 16 17 
4500 173 4 14 6 
4500 174 0 1 226 3 4 5 7 8 9 10 11 12 15 16 17 33 
4500 175 12 4 5 
4500 176 8 16 2 5 
4500 177 0 226 251 7 10 11 271 16 17 21 246 15 
4500 180 0 21 
4500 182 0 1 
4500 183 1 226 11 12 13 14 16 21 2 
4500 184 8 16 2 5 
4500 185 0 1 5 6 7 9 
4500 186 0 
4500 187 1 2 3 4 6 39 10 13 14 18 19 251 
4500 188 0 5 
4500 190 1 2 3 4 5 6 10 13 20 
4500 192 0 9 5 7 
4500 194 1 2 3 6 10 13 14 
4500 195 0 1 5 6 7 9 
4500 196 0 1 
4500 197 0 4 
4500 198 
4500 199 16 1 11 3 
4500 200 0 11 
4500 201 0 
4500 203 0 21 
4500 205 3 20 7 
4500 206 10 1 2 3 13 
4500 207 0 3 
4500 208 2 18 101 
4500 216 253 77 159 
4500 217 8 18 3 
4500 219 8 2 3 5 15 
4500 222 1 2 4 6 198 12 19 101 
4500 223 0 198 
4500 225 0 2 18 
4500 226 
4500 228 6 
4500 229 2 20 14 6 
4500 230 8 1 4 21 7 
4500 231 1 2 3 4 198 10 13 14 19 20 
4500 232 121 77 159 
4500 233 2 3 5 
4500 235 0 14 
4500 236 1 2 6 10 13 20 
4500 237 1 2 3 4 6 198 19 
4500 238 0 10 15 146 246 271 
4500 239 0 15 
4500 240 0 12 
4500 244 1 
4500 245 19 4 21 198 
4500 246 
4500 249 0 1 4 5 9 11 15 16 17 
4500 250 0 2 
4500 251 2 3 
4500 252 1 2 3 6 10 13 20 
4500 253 
4500 254 1 2 4 10 13 20 
4500 256 0 5 
4500 258 0 1 
4500 259 0 3 
4500 260 1 10 13 7 
4500 262 0 1 2 4 5 10 11 271 16 17 15 
4500 263 8 9 3 5 0 
4500 264 0 1 2 3 4 10 11 13 271 146 15 
4500 265 0 19 
4500 266 1 2 3 4 198 6 10 12 13 14 19 101 
4500 268 146 5 
4500 269 0 
4500 271 
4500 272 0 5 
4500 273 0 6 
4500 274 0 33 3 5 7 8 9 12 15 21 
4500 275 1 2 3 4 101 6 39 8 10 13 14 19 
4500 276 17 146 15 7 
4500 277 0 5 7 
4500 278 2 20 14 198 
4500 279 1 2 20 
4500 281 4 
4500 282 0 
4500 283 5 
4500 284 1 10 13 7 
4500 285 0 1 3 4 5 11 12 15 16 
4500 286 8 0 21 5 7 
4500 287 0 6 
4500 289 0 1 4 5 9 11 15 16 17 
4500 291 0 1 226 4 5 7 8 9 10 11 12 16 18 
4500 294 0 17 
4500 295 2 20 6 
4500 296 0 159 
4500 298 0 1 226 3 4 5 7 8 9 10 11 12 15 16 17 
5400 0 
5400 1 3 2 19 4 101 
5400 2 
5400 3 1 2 4 14 6 
5400 4 1 13 7 
5400 5 2 4 
5400 6 1 2 198 
5400 7 3 14 6 
5400 8 10 12 
5400 9 1 2 
5400 10 1 2 4 101 6 271 19 
5400 11 17 3 
5400 12 1 2 3 4 6 14 20 
5400 13 8 14 
5400 14 4 6 
5400 15 0 20 
5400 16 
5400 17 2 11 
5400 18 
5400 19 14 6 
5400 20 
5400 21 
5400 24 0 1 4 5 9 11 15 16 17 
5400 26 1 2 3 4 6 13 14 
5400 27 3 
5400 29 2 3 20 14 6 
5400 32 1 2 14 
5400 33 
5400 34 0 18 
5400 35 0 9 11 12 16 17 146 
5400 36 0 9 5 
5400 39 2 14 
5400 40 0 16 
5400 41 8 1 18 4 21 
5400 43 0 13 
5400 44 2 14 198 6 
5400 45 0 1 4 5 17 
5400 46 1 2 3 6 10 13 20 
5400 47 0 6 
5400 48 6 
5400 49 8 1 5 198 
5400 50 0 9 5 
5400 55 1 10 7 13 39 
5400 56 0 
5400 57 0 15 
5400 58 1 10 13 7 
5400 59 5 
5400 60 7 
5400 61 1 2 3 4 198 10 13 14 19 20 
5400 62 0 15 
5400 63 1 2 3 4 8 19 20 
5400 64 0 226 5 7 9 11 12 15 
5400 68 11 
5400 69 0 4 
5400 70 17 11 7 
5400 71 0 1 4 5 17 
5400 72 0 1 9 
5400 73 0 
5400 74 1 2 3 4 101 6 
5400 76 1 2 3 6 
5400 77 0 9 11 12 16 17 146 
5400 79 0 2 
5400 81 1 2 6 
5400 82 1 2 4 101 6 39 8 19 
5400 83 1 3 4 8 18 19 21 
5400 84 8 4 18 12 5 
5400 86 0 9 5 
5400 87 0 3 12 5 15 
5400 88 11 
5400 89 0 33 226 251 5 7 8 9 10 11 12 271 16 17 21 15 
5400 90 0 17 
5400 91 1 2 3 4 6 8 18 19 
5400 93 1 2 3 11 13 16 18 21 251 
5400 95 1 10 4 
5400 96 0 4 
5400 97 0 5 8 15 16 146 
5400 98 0 9 5 7 
5400 99 1 2 4 101 7 17 21 
5400 100 0 7 
5400 101 
5400 103 1 2 3 4 6 39 10 18 19 20 
5400 104 1 2 3 4 6 13 
5400 105 0 14 
5400 109 0 146 15 39 
5400 111 3 14 6 13 
5400 113 6 
5400 114 1 2 3 11 13 16 18 21 251 
5400 115 0 9 3 7 
5400 116 1 2 3 
5400 118 8 3 11 
5400 120 1 2 3 4 6 10 13 20 
5400 122 3 1 2 11 20 
5400 124 0 1 226 4 5 33 8 9 10 11 12 17 
5400 125 17 12 21 
5400 126 0 12 
5400 128 0 5 7 
5400 129 1 2 3 4 101 6 39 10 13 14 19 159 
5400 130 0 17 
5400 131 0 1 226 4 5 7 8 9 10 11 12 15 16 17 33 
5400 132 1 2 4 101 6 39 8 19 
5400 133 0 10 
5400 135 8 4 18 12 5 
5400 137 0 9 6 
5400 138 1 13 14 6 7 
5400 139 1 2 4 13 6 
5400 141 18 5 7 
5400 143 0 9 3 5 7 
5400 146 
5400 147 1 2 3 6 8 16 
5400 149 0 33 5 7 8 9 12 15 21 
5400 150 0 1 226 4 5 7 8 9 10 11 12 16 18 
5400 153 0 9 3 12 5 
5400 154 0 4 21 
5400 156 1 18 4 21 101 
5400 157 0 14 
5400 159 0 9 11 12 15 
5400 160 0 1 226 3 4 5 33 8 9 10 11 12 16 17 
5400 161 0 101 
5400 162 1 3 14 6 
5400 163 1 12 6 
5400 164 8 2 5 15 
5400 165 8 1 2 
5400 166 0 159 
5400 168 1 2 3 4 6 39 13 19 20 251 
5400 169 1 2 3 6 10 13 
5400 170 0 1 13 6 39 
5400 171 20 7 164 39 
5400 172 1 226 198 7 11 13 16 17 
5400 173 4 14 6 
5400 174 0 1 226 3 4 5 7 8 9 10 11 12 15 16 17 33 
5400 175 12 4 5 
5400 176 8 16 2 5 
5400 177 0 226 251 7 10 11 271 16 17 21 15 
5400 180 0 21 
5400 182 0 1 
5400 183 1 226 11 12 13 14 16 21 2 
5400 184 8 16 2 5 
5400 185 0 1 5 6 7 9 
5400 186 0 
5400 187 1 2 3 4 6 39 10 13 14 18 19 251 
5400 188 0 5 
5400 192 0 9 5 7 
5400 195 0 1 5 6 7 9 
5400 196 0 1 
5400 197 0 4 
5400 198 
5400 200 0 11 
5400 201 0 
5400 203 0 21 
5400 205 3 20 7 
5400 206 10 1 2 3 13 
5400 208 2 18 101 
5400 216 77 159 
5400 217 8 18 3 
5400 219 8 2 3 5 15 
5400 222 1 2 4 6 198 12 19 101 
5400 223 0 198 
5400 225 0 2 18 
5400 226 
5400 228 6 
5400 229 2 20 14 6 
5400 230 8 1 4 21 7 
5400 231 1 2 3 4 198 10 13 14 19 20 
5400 232 77 159 
5400 233 2 3 5 
5400 235 0 14 
5400 236 1 2 6 10 13 20 
5400 237 1 2 3 4 6 198 19 
5400 238 0 146 15 10 271 
5400 239 0 15 
5400 244 1 
5400 245 19 4 21 198 
5400 249 0 1 4 5 9 11 15 16 17 
5400 250 0 2 
5400 251 2 3 
5400 252 1 2 3 6 10 13 20 
5400 254 1 2 4 10 13 20 
5400 256 0 5 
5400 258 0 1 
5400 259 0 3 
5400 260 1 10 13 7 
5400 262 0 1 2 4 5 10 11 271 16 17 15 
5400 263 8 9 3 5 0 
5400 264 0 1 2 3 4 10 11 13 271 146 15 
5400 265 0 19 
5400 266 1 2 3 4 198 6 10 12 13 14 19 101 
5400 268 146 5 
5400 269 0 
5400 271 
5400 273 0 6 
5400 274 0 33 3 5 7 8 9 12 15 21 
5400 275 1 2 3 4 101 6 39 8 10 13 14 19 
5400 276 17 146 15 7 
5400 277 0 5 7 
5400 278 2 20 14 198 
5400 279 1 2 20 
5400 281 4 
5400 282 0 
5400 283 5 
5400 284 1 10 13 7 
5400 285 0 1 3 4 5 11 12 15 16 
5400 286 8 0 21 5 7 
5400 287 0 6 
5400 289 0 1 4 5 9 11 15 16 17 
5400 291 0 1 226 4 5 7 8 9 10 11 12 16 18 
5400 294 0 17 
5400 295 2 20 6 
5400 296 0 159 
5400 298 0 1 226 3 4 5 7 8 9 10 11 12 15 16 17 
6300 0 
6300 1 3 2 19 4 101 
6300 2 
6300 3 1 2 4 14 6 
6300 4 1 13 7 
6300 5 2 4 
6300 6 1 2 198 
6300 7 3 14 6 
6300 8 10 12 
6300 9 1 2 
6300 10 1 2 4 101 6 271 19 
6300 11 17 3 
6300 12 1 2 3 4 6 14 20 
6300 13 8 14 
6300 14 4 6 
6300 15 0 20 
6300 16 
6300 17 2 11 
6300 18 
6300 19 14 6 
6300 20 
6300 21 
6300 24 0 1 4 5 9 11 15 16 17 
6300 26 1 2 3 4 6 13 14 
6300 27 3 
6300 29 2 3 20 14 6 
6300 32 1 2 14 
6300 33 
6300 34 0 18 
6300 35 0 9 11 12 16 17 146 
6300 36 0 9 5 
6300 39 2 14 
6300 40 0 16 
6300 41 8 1 18 4 21 
6300 43 0 13 
6300 44 2 14 198 6 
6300 45 0 1 4 5 17 
6300 46 1 2 3 6 10 13 20 
6300 47 0 6 
6300 48 6 
6300 49 8 1 5 198 
6300 50 0 9 5 
6300 55 1 10 7 13 39 
6300 56 0 
6300 57 0 15 
6300 60 7 
6300 61 1 2 3 4 198 10 13 14 19 20 
6300 62 0 15 
6300 63 1 2 3 4 8 19 20 
6300 64 0 226 5 7 9 11 12 15 
6300 68 11 
6300 70 17 11 7 
6300 71 0 1 4 5 17 
6300 72 0 1 9 
6300 73 0 
6300 76 1 2 3 6 
6300 77 0 9 11 12 16 17 146 
6300 79 0 2 
6300 81 1 2 6 
6300 82 1 2 4 101 6 39 8 19 
6300 83 1 3 4 8 18 19 21 
6300 84 8 4 18 12 5 
6300 86 0 9 5 
6300 87 0 3 12 5 15 
6300 88 11 
6300 89 0 33 226 251 5 7 8 9 10 11 12 271 16 17 21 15 
6300 90 0 17 
6300 91 1 2 3 4 6 8 18 19 
6300 95 1 10 4 
6300 96 0 4 
6300 98 0 9 5 7 
6300 99 1 2 4 101 7 17 21 
6300 100 0 7 
6300 101 
6300 103 1 2 3 4 6 39 10 18 19 20 
6300 104 1 2 3 4 6 13 
6300 109 0 146 15 39 
6300 111 3 14 6 13 
6300 113 6 
6300 114 1 2 3 11 13 16 18 21 251 
6300 115 0 9 3 7 
6300 116 1 2 3 
6300 118 8 3 11 
6300 120 1 2 3 4 6 10 13 20 
6300 122 3 1 2 11 20 
6300 124 0 1 226 4 5 33 8 9 10 11 12 17 
6300 125 17 12 21 
6300 126 0 12 
6300 128 0 5 7 
6300 130 0 17 
6300 131 0 1 226 4 5 7 8 9 10 11 12 15 16 17 33 
6300 132 1 2 4 101 6 39 8 19 
6300 133 0 10 
6300 135 8 4 18 12 5 
6300 137 0 9 6 
6300 138 1 13 14 6 7 
6300 139 1 2 4 13 6 
6300 141 18 5 7 
6300 143 0 9 3 5 7 
6300 146 
6300 147 1 2 3 6 8 16 
6300 149 0 33 5 7 8 9 12 15 21 
6300 150 0 1 226 4 5 7 8 9 10 11 12 16 18 
6300 153 0 9 3 12 5 
6300 154 0 4 21 
6300 156 1 18 4 21 101 
6300 157 0 14 
6300 159 0 9 11 12 15 
6300 160 0 1 226 3 4 5 33 8 9 10 11 12 16 17 
6300 162 1 3 14 6 
6300 163 1 12 6 
6300 164 8 2 5 15 
6300 165 8 1 2 
6300 166 0 159 
6300 168 1 2 3 4 6 39 13 19 20 251 
6300 169 1 2 3 6 10 13 
6300 171 20 7 164 39 
6300 172 1 226 198 7 11 13 16 17 
6300 173 4 14 6 
6300 174 0 1 226 3 4 5 7 8 9 10 11 12 15 16 17 33 
6300 175 12 4 5 
6300 176 8 16 2 5 
6300 177 0 226 251 7 10 11 271 16 17 21 15 
6300 180 0 21 
6300 183 1 226 11 12 13 14 16 21 2 
6300 184 8 16 2 5 
6300 185 0 1 5 6 7 9 
6300 186 0 
6300 187 1 2 3 4 6 39 10 13 14 18 19 251 
6300 188 0 5 
6300 192 0 9 5 7 
6300 195 0 1 5 6 7 9 
6300 196 0 1 
6300 197 0 4 
6300 198 
6300 200 0 11 
6300 201 0 
6300 203 0 21 
6300 205 3 20 7 
6300 206 10 1 2 3 13 
6300 208 2 18 101 
6300 216 77 159 
6300 217 8 18 3 
6300 219 8 2 3 5 15 
6300 222 1 2 4 6 198 12 19 101 
6300 223 0 198 
6300 226 
6300 228 6 
6300 229 2 20 14 6 
6300 230 8 1 4 21 7 
6300 231 1 2 3 4 198 10 13 14 19 20 
6300 232 77 159 
6300 233 2 3 5 
6300 235 0 14 
6300 236 1 2 6 10 13 20 
6300 237 1 2 3 4 6 198 19 
6300 238 0 146 15 10 271 
6300 239 0 15 
6300 244 1 
6300 245 19 4 21 198 
6300 249 0 1 4 5 9 11 15 16 17 
6300 250 0 2 
6300 251 2 3 
6300 252 1 2 3 6 10 13 20 
6300 254 1 2 4 10 13 20 
6300 256 0 5 
6300 258 0 1 
6300 259 0 3 
6300 260 1 10 13 7 
6300 262 0 1 2 4 5 10 11 271 16 17 15 
6300 263 8 9 3 5 0 
6300 264 0 1 2 3 4 10 11 13 271 146 15 
6300 265 0 19 
6300 266 1 2 3 4 198 6 10 12 13 14 19 101 
6300 268 146 5 
6300 269 0 
6300 271 
6300 273 0 6 
6300 274 0 33 3 5 7 8 9 12 15 21 
6300 275 1 2 3 4 101 6 39 8 10 13 14 19 
6300 276 17 146 15 7 
6300 277 0 5 7 
6300 278 2 20 14 198 
6300 279 1 2 20 
6300 281 4 
6300 282 0 
6300 283 5 
6300 284 1 10 13 7 
6300 285 0 1 3 4 5 11 12 15 16 
6300 286 8 0 21 5 7 
6300 287 0 6 
6300 289 0 1 4 5 9 11 15 16 17 
6300 291 0 1 226 4 5 7 8 9 10 11 12 16 18 
6300 294 0 17 
6300 295 2 20 6 
6300 296 0 159 
