0 0 131 229 73 80 18 87 297 
0 1 131 276 181 87 187 190 
0 2 276 
0 3 80 203 276 143 
0 4 
0 5 131 132 261 231 203 140 270 143 114 276 87 187 286 
0 6 131 260 73 270 273 18 87 255 
0 7 276 
0 8 276 
0 9 187 276 143 
0 10 73 18 284 229 
0 11 261 294 170 140 143 17 114 276 181 20 254 197 
0 12 260 131 276 297 73 
0 13 276 
0 14 18 131 270 
0 15 203 276 187 
0 16 131 261 71 140 80 114 276 87 187 
0 17 
0 18 
0 19 80 73 18 131 
0 20 
0 21 
0 23 276 
0 24 131 73 203 143 276 187 
0 25 217 276 87 
0 26 59 
0 27 80 203 21 
0 28 217 203 276 187 270 
0 29 131 260 73 270 273 18 87 255 
0 30 73 276 143 
0 31 131 229 73 80 18 297 
0 32 131 73 80 18 87 297 190 
0 33 20 181 71 
0 34 217 87 131 270 273 
0 35 297 131 190 286 203 
0 36 59 
0 37 131 73 80 18 297 286 
0 38 18 276 
0 39 276 
0 40 80 261 270 
0 41 131 260 229 231 80 18 286 87 217 190 255 
0 43 73 18 229 21 
0 44 87 297 18 131 73 
0 45 131 261 71 143 114 276 181 87 187 
0 46 276 
0 47 276 
0 48 131 203 87 
0 49 131 260 229 73 87 270 80 273 18 297 286 255 
0 50 80 114 59 131 261 
0 51 115 165 
0 52 71 270 114 276 20 187 93 
0 54 80 261 270 
0 55 73 229 87 
0 56 4 197 71 203 140 270 143 80 276 217 187 
0 57 131 101 231 273 87 217 
0 58 187 276 270 
0 59 187 
0 60 276 
0 61 217 87 131 270 231 
0 62 59 
0 63 73 131 140 
0 64 71 17 20 276 93 286 
0 65 297 131 190 286 203 
0 66 131 276 143 
0 67 131 261 71 297 80 18 20 87 276 93 286 
0 68 187 114 18 93 270 
0 69 131 260 229 73 87 80 273 18 115 297 286 255 
0 70 59 187 
0 71 21 
0 72 276 
0 73 18 131 284 
0 74 115 165 
0 76 131 229 297 80 18 21 87 284 286 255 
0 77 170 187 20 
0 78 132 261 71 203 140 270 143 17 114 276 181 278 217 4 187 93 286 197 
0 79 131 101 203 273 18 181 87 217 
0 80 131 229 73 18 87 190 
0 81 276 
0 82 276 
0 83 73 187 229 
0 84 18 187 270 71 
0 85 276 
0 86 80 270 231 
0 87 297 131 203 
0 88 80 73 229 
0 89 131 261 71 18 114 276 181 87 187 93 286 
0 90 59 187 203 231 
0 91 297 131 229 203 73 
0 92 187 114 18 93 270 
0 93 
0 94 276 260 93 20 71 
0 95 276 
0 96 4 73 203 140 270 143 276 187 
0 97 80 18 131 284 286 
0 98 131 286 87 
0 99 276 
0 100 87 131 270 231 
0 101 
0 102 131 229 231 297 80 18 21 87 286 255 
0 103 80 203 276 143 
0 104 276 
0 105 203 181 261 
0 106 18 131 21 
0 107 276 
0 108 276 
0 109 276 
0 110 131 276 143 
0 111 203 276 187 143 
0 113 131 132 261 140 270 143 276 181 278 87 4 187 286 
0 114 
0 115 197 261 71 140 143 17 276 254 165 
0 116 276 
0 117 131 4 261 71 203 140 270 143 80 114 276 181 278 217 132 87 187 286 197 
0 118 276 
0 119 131 261 231 297 18 80 114 217 101 
0 120 276 
0 121 80 18 131 
0 122 187 140 87 
0 124 131 270 80 18 21 87 255 
0 125 276 71 
0 126 203 276 187 
0 127 276 
0 128 18 284 21 229 
0 129 131 73 80 18 87 284 255 
0 130 80 140 187 276 71 
0 131 80 273 18 87 255 
0 132 
0 133 59 
0 134 80 297 18 131 286 
0 135 80 187 276 270 143 
0 136 73 276 143 
0 137 276 
0 138 276 
0 139 131 73 80 18 21 87 297 286 
0 140 131 229 73 80 18 21 87 
0 141 4 73 203 140 270 143 276 187 
0 143 18 
0 144 131 132 261 297 203 114 181 284 
0 145 217 140 181 
0 146 18 276 
0 147 80 203 276 187 143 
0 148 4 197 71 203 140 270 143 276 217 187 
0 149 59 276 
0 150 276 
0 151 276 
0 152 197 71 140 143 17 276 261 
0 153 80 140 187 276 143 
0 154 131 261 71 143 114 276 181 87 187 
0 155 131 132 261 71 203 140 270 143 80 114 276 181 87 187 286 
0 156 131 261 80 18 21 190 
0 157 59 276 
0 158 59 
0 159 73 276 143 
0 160 18 131 270 
0 161 217 87 284 255 
0 162 276 
0 163 276 
0 164 203 20 181 71 
0 165 197 71 140 143 17 276 261 
0 166 73 18 21 
0 168 131 229 297 80 18 21 87 284 286 255 
0 169 131 260 231 73 80 18 21 87 286 255 
0 170 
0 171 80 18 140 270 231 
0 172 114 131 261 203 93 
0 173 276 
0 174 131 229 73 80 18 297 286 
0 175 80 187 276 270 143 
0 176 276 
0 177 80 73 276 143 
0 178 276 
0 179 276 
0 180 131 132 261 71 203 140 270 143 80 114 276 181 217 4 87 187 286 197 
0 181 261 
0 182 59 
0 183 187 276 143 
0 184 276 
0 185 131 73 80 18 21 297 286 
0 186 131 260 73 87 80 18 21 297 255 
0 187 18 87 
0 188 73 18 131 
0 189 276 
0 190 
0 192 276 
0 193 276 
0 194 131 4 261 71 203 140 270 143 114 276 181 87 187 
0 195 115 254 294 
0 196 131 260 231 73 87 80 273 18 297 255 
0 197 
0 198 18 140 270 231 
0 199 276 
0 200 276 
0 201 260 203 84 21 190 
0 203 80 73 229 
0 205 276 
0 206 131 132 261 71 203 140 270 143 80 114 276 181 87 4 187 286 197 
0 207 261 170 140 143 17 114 276 181 20 197 
0 208 197 231 140 270 87 187 
0 209 276 
0 210 297 18 276 231 
0 211 203 276 187 143 
0 212 132 203 140 143 80 276 4 187 
0 214 276 
0 215 131 276 181 87 187 190 
0 216 131 73 80 273 18 87 190 
0 217 
0 218 80 276 229 286 255 
0 219 131 260 73 270 273 18 87 255 
0 220 131 229 73 80 18 87 297 
0 222 203 276 
0 223 217 276 
0 224 131 132 261 297 140 18 114 217 229 
0 225 217 203 270 255 
0 226 276 
0 227 276 
0 228 131 132 261 140 270 143 80 114 276 181 87 4 187 286 
0 229 87 
0 230 276 
0 231 
0 232 297 131 190 286 203 
0 233 59 
0 234 131 261 71 143 114 276 181 87 187 
0 235 17 18 187 140 270 
0 236 18 131 21 
0 237 131 101 203 270 87 217 
0 238 59 
0 239 80 297 229 73 
0 240 80 73 276 143 
0 241 131 132 261 231 203 140 270 143 114 276 87 187 286 
0 242 276 
0 243 276 
0 244 131 286 87 
0 245 73 18 229 87 
0 246 18 276 231 
0 247 59 
0 248 203 20 181 71 
0 249 131 73 140 273 18 87 284 190 255 
0 250 187 276 143 
0 251 132 261 71 203 17 114 276 181 278 217 93 286 
0 252 187 203 276 197 
0 253 131 260 229 297 80 18 87 284 286 255 
0 254 
0 255 73 229 
0 256 187 165 294 
0 257 170 203 165 254 
0 258 276 
0 259 59 71 73 203 18 187 
0 260 18 229 190 
0 261 181 
0 262 71 231 270 276 181 187 286 
0 263 197 231 140 270 87 187 
0 264 132 261 71 203 140 143 276 187 286 
0 265 297 131 260 286 203 
0 266 131 297 18 21 87 286 
0 267 273 18 190 231 
0 268 131 231 73 270 80 18 87 255 
0 269 131 284 187 270 
0 270 286 
0 271 131 261 231 297 18 80 114 217 101 
0 272 80 18 187 270 71 
0 273 
0 274 80 73 131 87 
0 275 131 73 80 18 21 297 286 
0 276 
0 277 73 18 131 
0 278 
0 279 73 18 131 203 
0 280 59 261 
0 281 276 
0 282 131 229 73 87 140 80 273 18 286 297 284 190 255 
0 283 187 276 
0 284 
0 285 131 73 18 270 80 114 
0 286 131 73 273 18 87 93 255 
0 287 276 
0 288 131 73 18 21 297 286 
0 289 131 73 203 143 276 187 
0 290 276 
0 291 59 73 87 80 18 131 21 297 187 286 
0 292 276 
0 293 131 260 229 231 73 87 80 18 297 286 255 
0 294 132 203 20 261 
0 295 131 132 261 71 203 140 270 143 114 276 181 87 4 187 286 
0 296 80 73 18 229 21 
0 297 229 270 
0 298 131 132 261 231 203 140 270 143 114 276 87 187 286 
0 299 276 
900 0 131 229 73 80 18 87 
900 1 131 276 181 87 187 190 
900 2 276 
900 3 80 203 276 143 
900 4 
900 5 131 132 261 231 203 140 143 114 276 87 187 286 
900 6 131 260 73 273 18 87 255 
900 7 276 
900 8 276 
900 9 187 276 143 
900 10 73 18 284 229 
900 11 261 294 170 140 143 17 114 276 181 20 254 197 
900 12 260 131 276 73 
900 13 276 
900 14 18 131 
900 15 203 276 187 
900 16 131 261 71 140 80 114 276 87 187 
900 17 
900 18 
900 19 80 73 18 131 
900 20 
900 21 
900 24 131 73 203 143 276 187 
900 25 217 276 87 
900 26 59 
900 27 80 203 21 
900 29 131 260 73 273 18 87 255 
900 30 73 276 143 
900 31 80 73 18 131 229 
900 32 131 73 80 18 87 190 
900 33 20 181 71 
900 34 217 87 131 273 
900 35 131 190 286 203 
900 36 59 
900 38 18 276 
900 39 276 
900 40 80 261 
900 41 131 260 229 231 80 18 286 87 217 190 255 
900 43 73 18 229 21 
900 44 73 18 131 87 
900 45 131 261 71 143 114 276 181 87 187 
900 46 276 
900 47 276 
900 48 131 203 87 
900 49 131 260 229 73 80 273 18 87 286 255 
900 50 80 114 59 131 261 
900 51 115 165 
900 52 71 114 20 276 187 93 
900 54 80 261 
900 55 73 229 87 
900 56 4 197 71 203 140 143 80 276 217 187 
900 57 131 101 231 273 87 217 
900 58 187 276 
900 59 187 
900 60 276 
900 61 217 87 131 231 
900 62 59 
900 63 73 131 140 
900 64 71 17 20 276 93 286 
900 65 131 190 286 203 
900 66 131 276 143 
900 67 131 261 71 80 18 276 87 20 93 286 
900 68 187 114 18 93 
900 69 131 260 229 73 80 273 18 115 87 286 255 
900 70 59 187 
900 71 21 
900 72 276 
900 73 18 131 284 
900 74 115 165 
900 76 131 229 80 18 21 87 284 286 255 
900 77 170 187 20 
900 79 131 101 203 273 18 181 87 217 
900 80 131 229 73 18 87 190 
900 81 276 
900 82 276 
900 83 73 187 229 
900 84 18 187 71 
900 85 276 
900 86 80 231 
900 87 131 203 
900 88 80 73 229 
900 89 131 261 71 18 114 276 181 87 187 93 286 
900 90 59 187 203 231 
900 91 73 131 229 203 
900 92 187 114 18 93 
900 93 
900 94 276 260 93 20 71 
900 95 276 
900 96 4 73 203 140 143 276 187 
900 97 80 18 131 284 286 
900 98 131 286 87 
900 99 276 
900 100 87 131 231 
900 101 
900 102 131 229 231 80 18 21 87 286 255 
900 103 80 203 276 143 
900 104 276 
900 105 203 181 261 
900 106 18 131 21 
900 107 276 
900 108 276 
900 109 276 
900 110 131 276 143 
900 111 203 276 187 143 
900 113 131 132 261 140 143 276 181 278 87 4 187 286 
900 114 
900 115 197 261 71 140 143 17 276 254 165 
900 116 276 
900 117 131 132 261 71 286 203 140 143 80 114 276 181 278 87 217 187 4 197 
900 118 276 
900 119 131 261 231 18 80 114 217 101 
900 120 276 
900 121 80 18 131 
900 122 187 140 87 
900 124 131 80 18 21 87 255 
900 125 276 71 
900 126 203 276 187 
900 127 276 
900 128 18 284 21 229 
900 129 131 73 80 18 87 284 255 
900 130 80 140 187 276 71 
900 131 80 273 18 87 255 
900 132 
900 133 59 
900 134 80 18 131 286 
900 135 80 187 276 143 
900 136 73 276 143 
900 137 276 
900 138 276 
900 139 131 73 80 18 21 87 286 
900 140 131 229 73 80 18 21 87 
900 141 4 73 203 140 143 276 187 
900 143 18 
900 144 131 132 261 203 114 181 284 
900 146 18 276 
900 147 80 203 276 187 143 
900 149 59 276 
900 150 276 
900 151 276 
900 152 197 71 140 143 17 276 261 
900 153 80 140 187 276 143 
900 154 131 261 71 143 114 276 181 87 187 
900 156 131 261 80 18 21 190 
900 157 59 276 
900 158 59 
900 159 73 276 143 
900 160 18 131 
900 161 217 87 284 255 
900 162 276 
900 163 276 
900 164 203 20 181 71 
900 165 197 71 140 143 17 276 261 
900 166 73 18 21 
900 168 131 229 80 18 21 87 284 286 255 
900 169 131 260 231 73 80 18 21 87 286 255 
900 170 
900 171 80 18 140 231 
900 172 114 131 261 203 93 
900 173 276 
900 174 131 229 73 80 18 286 
900 175 80 187 276 143 
900 176 276 
900 177 80 73 276 143 
900 180 131 132 261 71 286 203 140 143 80 114 276 181 87 217 187 4 197 
900 181 261 
900 182 59 
900 183 187 276 143 
900 184 276 
900 185 131 73 80 18 21 286 
900 186 131 260 73 80 18 21 87 255 
900 187 18 87 
900 188 73 18 131 
900 189 276 
900 190 
900 192 276 
900 193 276 
900 194 131 4 261 71 203 140 143 114 276 181 87 187 
900 195 115 254 294 
900 196 131 260 231 73 80 273 18 87 255 
900 197 
900 198 18 140 231 
900 199 276 
900 200 276 
900 201 260 203 84 21 190 
900 203 80 73 229 
900 205 276 
900 206 131 132 261 71 203 140 143 80 114 276 181 87 4 187 286 197 
900 207 261 170 140 143 17 114 276 181 20 197 
900 208 87 187 140 197 231 
900 209 276 
900 210 18 276 231 
900 211 203 276 187 143 
900 212 132 203 140 143 80 276 4 187 
900 214 276 
900 215 131 276 181 87 187 190 
900 216 131 73 80 273 18 87 190 
900 217 
900 218 80 276 229 286 255 
900 219 131 260 73 273 18 87 255 
900 220 131 229 73 80 18 87 
900 222 203 276 
900 223 217 276 
900 224 131 132 261 140 18 114 217 229 
900 225 217 203 255 
900 226 276 
900 227 276 
900 228 131 132 261 140 143 80 114 276 181 87 4 187 286 
900 229 87 
900 230 276 
900 231 
900 232 131 190 286 203 
900 233 59 
900 234 131 261 71 143 114 276 181 87 187 
900 235 17 18 187 140 
900 236 18 131 21 
900 237 217 131 101 203 87 
900 238 59 
900 239 80 73 229 
900 240 80 73 276 143 
900 241 131 132 261 231 203 140 143 114 276 87 187 286 
900 242 276 
900 243 276 
900 244 131 286 87 
900 245 73 18 229 87 
900 246 18 276 231 
900 247 59 
900 248 203 20 181 71 
900 249 131 73 140 273 18 87 284 190 255 
900 250 187 276 143 
900 251 132 261 71 203 17 114 276 181 278 217 93 286 
900 252 187 203 276 197 
900 253 131 260 229 80 18 87 284 286 255 
900 254 
900 255 73 229 
900 256 187 165 294 
900 257 170 203 165 254 
900 258 276 
900 259 59 71 73 203 18 187 
900 260 18 229 190 
900 261 181 
900 262 231 71 276 181 187 286 
900 263 87 187 140 197 231 
900 264 132 261 71 203 140 143 276 187 286 
900 265 131 260 286 203 
900 266 18 131 21 286 87 
900 267 273 18 190 231 
900 268 131 231 73 80 18 87 255 
900 269 131 284 187 
900 271 131 261 231 18 80 114 217 101 
900 272 80 18 187 71 
900 273 
900 274 80 73 131 87 
900 275 131 73 80 18 21 286 
900 276 
900 277 73 18 131 
900 278 
900 279 73 18 131 203 
900 280 59 261 
900 281 276 
900 282 131 229 73 140 80 273 18 286 87 284 190 255 
900 283 187 276 
900 284 
900 285 80 73 114 131 18 
900 286 131 73 273 18 87 93 255 
900 287 276 
900 289 131 73 203 143 276 187 
900 290 276 
900 291 59 73 80 18 131 21 87 187 286 
900 292 276 
900 294 132 203 20 261 
900 295 131 132 261 71 203 140 143 114 276 181 87 4 187 286 
900 296 80 73 18 229 21 
900 298 131 132 261 231 203 140 143 114 276 87 187 286 
900 299 276 
1800 0 131 229 73 80 18 87 
1800 1 131 276 187 190 87 
1800 2 276 
1800 3 80 203 276 143 
1800 4 
1800 5 131 132 231 203 140 143 114 276 87 187 286 
1800 6 131 260 73 273 18 87 255 
1800 7 276 
1800 8 276 
1800 9 187 276 143 
1800 10 73 18 284 229 
1800 11 197 294 170 140 143 17 114 276 20 254 
1800 12 260 131 276 73 
1800 13 276 
1800 14 18 131 
1800 15 203 276 187 
1800 16 131 71 140 80 114 276 87 187 
1800 17 
1800 18 
1800 19 80 73 18 131 
1800 20 
1800 21 
1800 24 131 73 203 143 276 187 
1800 26 59 
1800 27 80 203 21 
1800 29 131 260 73 273 18 87 255 
1800 30 73 276 143 
1800 31 80 73 18 131 229 
1800 32 131 73 80 18 87 190 
1800 33 20 71 
1800 34 217 87 131 273 
1800 35 131 190 286 203 
1800 36 59 
1800 39 276 
1800 40 80 
1800 41 131 260 229 231 80 18 286 87 217 190 255 
1800 43 73 18 229 21 
1800 44 73 18 131 87 
1800 45 131 71 143 114 276 87 187 
1800 46 276 
1800 47 276 
1800 48 131 203 87 
1800 49 131 260 229 73 80 273 18 87 286 255 
1800 50 80 114 59 131 
1800 51 115 165 
1800 52 71 114 20 276 187 93 
1800 54 80 
1800 55 73 229 87 
1800 56 4 197 71 203 140 143 80 276 217 187 
1800 57 131 101 231 273 87 217 
1800 58 187 276 
1800 59 187 
1800 60 276 
1800 61 217 87 131 231 
1800 62 59 
1800 63 73 131 140 
1800 64 71 17 20 276 93 286 
1800 65 131 190 286 203 
1800 66 131 276 143 
1800 68 187 114 18 93 
1800 69 131 260 229 73 80 273 18 115 87 286 255 
1800 70 59 187 
1800 71 21 
1800 72 276 
1800 73 18 131 284 
1800 74 115 165 
1800 76 131 229 80 18 21 87 284 286 255 
1800 77 170 187 20 
1800 79 131 101 203 273 18 87 217 
1800 80 131 229 73 18 87 190 
1800 81 276 
1800 82 276 
1800 83 73 187 229 
1800 84 18 187 71 
1800 85 276 
1800 86 80 231 
1800 87 131 203 
1800 88 80 73 229 
1800 89 131 71 18 114 276 87 187 93 286 
1800 90 59 187 203 231 
1800 91 73 131 229 203 
1800 93 
1800 94 276 260 93 20 71 
1800 95 276 
1800 96 4 73 203 140 143 276 187 
1800 97 80 18 131 284 286 
1800 98 131 286 87 
1800 99 276 
1800 100 87 131 231 
1800 101 
1800 102 131 229 231 80 18 21 87 286 255 
1800 103 80 203 276 143 
1800 104 276 
1800 105 203 
1800 106 18 131 21 
1800 107 276 
1800 109 276 
1800 110 131 276 143 
1800 111 203 276 187 143 
1800 113 131 132 140 143 276 278 87 4 187 286 
1800 114 
1800 115 197 71 140 143 17 276 254 165 
1800 116 276 
1800 117 131 132 197 71 203 140 143 80 114 276 286 278 87 217 187 4 
1800 118 276 
1800 119 131 101 231 18 80 114 217 
1800 120 276 
1800 121 80 18 131 
1800 122 187 140 87 
1800 124 131 80 18 21 87 255 
1800 125 276 71 
1800 126 203 276 187 
1800 127 276 
1800 128 18 284 21 229 
1800 129 131 73 80 18 87 284 255 
1800 130 80 140 187 276 71 
1800 131 80 273 18 87 255 
1800 132 
1800 133 59 
1800 134 80 18 131 286 
1800 135 80 187 276 143 
1800 136 73 276 143 
1800 137 276 
1800 138 276 
1800 139 131 73 80 18 21 87 286 
1800 140 131 229 73 80 18 21 87 
1800 141 4 73 203 140 143 276 187 
1800 143 18 
1800 144 284 114 131 132 203 
1800 146 18 276 
1800 147 80 203 276 187 143 
1800 149 59 276 
1800 150 276 
1800 151 276 
1800 152 197 71 140 143 17 276 
1800 153 80 140 187 276 143 
1800 154 131 71 143 114 276 87 187 
1800 156 80 18 131 21 190 
1800 157 59 276 
1800 158 59 
1800 159 73 276 143 
1800 160 18 131 
1800 161 217 87 284 255 
1800 162 276 
1800 163 276 
1800 164 203 20 71 
1800 165 197 71 140 143 17 276 
1800 166 73 18 21 
1800 168 131 229 80 18 21 87 284 286 255 
1800 169 131 260 231 73 80 18 21 87 286 255 
1800 170 
1800 171 80 18 140 231 
1800 172 114 131 93 203 
1800 173 276 
1800 174 131 229 73 80 18 286 
1800 175 80 187 276 143 
1800 176 276 
1800 177 80 73 276 143 
1800 180 131 132 197 71 203 140 143 80 114 276 286 87 217 187 4 
1800 182 59 
1800 183 187 276 143 
1800 184 276 
1800 185 131 73 80 18 21 286 
1800 186 131 260 73 80 18 21 87 255 
1800 187 18 87 
1800 188 73 18 131 
1800 189 276 
1800 190 
1800 192 276 
1800 194 131 4 71 203 140 143 114 276 87 187 
1800 195 115 254 294 
1800 196 131 260 231 73 80 273 18 87 255 
1800 197 
1800 198 18 140 231 
1800 199 276 
1800 200 276 
1800 201 260 203 84 21 190 
1800 203 80 73 229 
1800 205 276 
1800 206 131 132 197 71 203 140 143 80 114 276 87 4 187 286 
1800 207 197 170 140 143 17 114 276 20 
1800 208 87 187 140 197 231 
1800 209 276 
1800 210 18 276 231 
1800 211 203 276 187 143 
1800 212 132 203 140 143 80 276 4 187 
1800 214 276 
1800 215 131 276 187 190 87 
1800 216 131 73 80 273 18 87 190 
1800 217 
1800 218 80 276 229 286 255 
1800 219 131 260 73 273 18 87 255 
1800 220 131 229 73 80 18 87 
1800 222 203 276 
1800 223 217 276 
1800 224 131 132 229 140 18 114 217 
1800 225 217 203 255 
1800 226 276 
1800 227 276 
1800 228 131 132 140 143 80 114 276 87 4 187 286 
1800 229 87 
1800 230 276 
1800 231 
1800 232 131 190 286 203 
1800 233 59 
1800 235 17 18 187 140 
1800 236 18 131 21 
1800 237 217 131 101 203 87 
1800 238 59 
1800 239 80 73 229 
1800 240 80 73 276 143 
1800 241 131 132 231 203 140 143 114 276 87 187 286 
1800 242 276 
1800 243 276 
1800 244 131 286 87 
1800 245 73 18 229 87 
1800 246 18 276 231 
1800 249 131 73 140 273 18 87 284 190 255 
1800 250 187 276 143 
1800 251 132 71 203 17 114 276 278 217 93 286 
1800 252 187 203 276 197 
1800 253 131 260 229 80 18 87 284 286 255 
1800 254 
1800 255 73 229 
1800 256 187 165 294 
1800 258 276 
1800 259 59 71 73 203 18 187 
1800 260 18 229 190 
1800 262 231 276 187 286 71 
1800 263 87 187 140 197 231 
1800 264 132 71 203 140 143 276 187 286 
1800 265 131 260 286 203 
1800 266 18 131 21 286 87 
1800 267 273 18 190 231 
1800 268 131 231 73 80 18 87 255 
1800 269 131 284 187 
1800 271 131 101 231 18 80 114 217 
1800 272 80 18 187 71 
1800 273 
1800 274 80 73 131 87 
1800 275 131 73 80 18 21 286 
1800 276 
1800 277 73 18 131 
1800 278 
1800 279 73 18 131 203 
1800 280 59 
1800 281 276 
1800 282 131 229 73 140 80 273 18 286 87 284 190 255 
1800 283 187 276 
1800 284 
1800 285 80 73 114 131 18 
1800 286 131 73 273 18 87 93 255 
1800 287 276 
1800 289 131 73 203 143 276 187 
1800 290 276 
1800 291 59 73 80 18 131 21 87 187 286 
1800 292 276 
1800 294 132 203 20 
1800 295 131 132 71 203 140 143 114 276 87 4 187 286 
1800 296 80 73 18 229 21 
1800 298 131 132 231 203 140 143 114 276 87 187 286 
2700 0 131 229 73 80 18 87 
2700 1 131 276 187 190 87 
2700 2 276 
2700 3 80 203 276 143 
2700 4 
2700 5 131 132 231 203 140 143 114 276 87 187 286 
2700 6 131 260 73 273 18 87 
2700 7 276 
2700 8 276 
2700 9 187 276 143 
2700 10 73 18 284 229 
2700 11 197 294 170 140 143 17 114 276 20 254 
2700 12 260 131 276 73 
2700 13 276 
2700 14 18 131 
2700 15 203 276 187 
2700 16 131 71 140 80 114 276 87 187 
2700 17 
2700 18 
2700 19 80 73 18 131 
2700 20 
2700 21 
2700 24 131 73 203 143 276 187 
2700 26 59 
2700 27 80 203 21 
2700 29 131 260 73 273 18 87 
2700 32 131 73 80 18 87 190 
2700 33 20 71 
2700 34 217 87 131 273 
2700 35 131 190 286 203 
2700 36 59 
2700 39 276 
2700 40 80 
2700 41 131 260 229 231 80 18 286 87 217 190 
2700 43 73 18 229 21 
2700 44 73 18 131 87 
2700 45 131 71 143 114 276 87 187 
2700 46 276 
2700 47 276 
2700 48 131 203 87 
2700 49 131 260 229 73 80 273 18 87 286 
2700 50 80 114 59 131 
2700 51 115 165 
2700 52 71 114 20 276 187 93 
2700 54 80 
2700 55 73 229 87 
2700 56 4 197 71 203 140 143 80 276 217 187 
2700 57 131 101 231 273 87 217 
2700 58 187 276 
2700 59 187 
2700 60 276 
2700 61 217 87 131 231 
2700 62 59 
2700 63 73 131 140 
2700 64 71 17 20 276 93 286 
2700 66 131 276 143 
2700 68 187 114 18 93 
2700 69 131 260 229 73 80 273 18 115 87 286 
2700 70 59 187 
2700 71 21 
2700 72 276 
2700 73 18 131 284 
2700 74 115 165 
2700 76 131 229 80 18 21 87 284 286 
2700 77 170 187 20 
2700 79 131 101 203 273 18 87 217 
2700 80 131 229 73 18 87 190 
2700 81 276 
2700 82 276 
2700 83 73 187 229 
2700 84 18 187 71 
2700 85 276 
2700 86 80 231 
2700 87 131 203 
2700 88 80 73 229 
2700 89 131 71 18 114 276 87 187 93 286 
2700 90 59 187 203 231 
2700 91 73 131 229 203 
2700 93 
2700 94 276 260 93 20 71 
2700 95 276 
2700 96 4 73 203 140 143 276 187 
2700 97 80 18 131 284 286 
2700 98 131 286 87 
2700 99 276 
2700 100 87 131 231 
2700 101 
2700 102 131 229 231 80 18 21 87 286 
2700 103 80 203 276 143 
2700 104 276 
2700 105 203 
2700 109 276 
2700 111 203 276 187 143 
2700 113 131 132 140 143 276 278 87 4 187 286 
2700 114 
2700 115 197 71 140 143 17 276 254 165 
2700 116 276 
2700 117 131 132 197 71 203 140 143 80 114 276 286 278 87 217 187 4 
2700 118 276 
2700 119 131 101 231 18 80 114 217 
2700 120 276 
2700 121 80 18 131 
2700 122 187 140 87 
2700 124 80 18 131 21 87 
2700 125 276 71 
2700 126 203 276 187 
2700 127 276 
2700 128 18 284 21 229 
2700 129 131 73 80 18 87 284 
2700 130 80 140 187 276 71 
2700 131 80 273 18 87 
2700 132 
2700 133 59 
2700 134 80 18 131 286 
2700 135 80 187 276 143 
2700 137 276 
2700 138 276 
2700 139 131 73 80 18 21 87 286 
2700 140 131 229 73 80 18 21 87 
2700 141 4 73 203 140 143 276 187 
2700 143 18 
2700 146 18 276 
2700 147 80 203 276 187 143 
2700 149 59 276 
2700 150 276 
2700 151 276 
2700 152 197 71 140 143 17 276 
2700 153 80 140 187 276 143 
2700 154 131 71 143 114 276 87 187 
2700 156 80 18 131 21 190 
2700 157 59 276 
2700 158 59 
2700 159 73 276 143 
2700 160 18 131 
2700 161 217 284 87 
2700 162 276 
2700 163 276 
2700 164 203 20 71 
2700 165 197 71 140 143 17 276 
2700 166 73 18 21 
2700 168 131 229 80 18 21 87 284 286 
2700 169 131 260 231 73 80 18 21 87 286 
2700 170 
2700 171 80 18 140 231 
2700 172 114 131 93 203 
2700 173 276 
2700 174 131 229 73 80 18 286 
2700 175 80 187 276 143 
2700 176 276 
2700 177 80 73 276 143 
2700 180 131 132 197 71 203 140 143 80 114 276 286 87 217 187 4 
2700 182 59 
2700 183 187 276 143 
2700 184 276 
2700 185 131 73 80 18 21 286 
2700 186 131 260 73 80 18 21 87 
2700 187 18 87 
2700 188 73 18 131 
2700 189 276 
2700 190 
2700 192 276 
2700 194 131 4 71 203 140 143 114 276 87 187 
2700 195 115 254 294 
2700 196 131 260 231 73 80 273 18 87 
2700 197 
2700 198 18 140 231 
2700 199 276 
2700 200 276 
2700 201 260 203 84 21 190 
2700 203 80 73 229 
2700 205 276 
2700 206 131 132 197 71 203 140 143 80 114 276 87 4 187 286 
2700 207 197 170 140 143 17 114 276 20 
2700 208 87 187 140 197 231 
2700 209 276 
2700 210 18 276 231 
2700 211 203 276 187 143 
2700 212 132 203 140 143 80 276 4 187 
2700 216 131 73 80 273 18 87 190 
2700 217 
2700 218 80 276 229 286 
2700 219 131 260 73 273 18 87 
2700 220 131 229 73 80 18 87 
2700 222 203 276 
2700 223 217 276 
2700 224 131 132 229 140 18 114 217 
2700 225 217 203 
2700 226 276 
2700 227 276 
2700 228 131 132 140 143 80 114 276 87 4 187 286 
2700 229 87 
2700 230 276 
2700 231 
2700 232 131 190 286 203 
2700 233 59 
2700 235 17 18 187 140 
2700 236 18 131 21 
2700 237 217 131 101 203 87 
2700 238 59 
2700 239 80 73 229 
2700 240 80 73 276 143 
2700 241 131 132 231 203 140 143 114 276 87 187 286 
2700 243 276 
2700 244 131 286 87 
2700 245 73 18 229 87 
2700 246 18 276 231 
2700 249 131 73 140 273 18 87 284 190 
2700 250 187 276 143 
2700 251 132 71 203 17 114 276 278 217 93 286 
2700 252 187 203 276 197 
2700 253 131 260 229 80 18 87 284 286 
2700 254 
2700 256 187 165 294 
2700 258 276 
2700 259 59 71 73 203 18 187 
2700 260 18 229 190 
2700 262 231 276 187 286 71 
2700 263 87 187 140 197 231 
2700 264 132 71 203 140 143 276 187 286 
2700 265 131 260 286 203 
2700 266 18 131 21 286 87 
2700 267 273 18 190 231 
2700 268 131 231 73 80 18 87 
2700 269 131 284 187 
2700 271 131 101 231 18 80 114 217 
2700 272 80 18 187 71 
2700 273 
2700 274 80 73 131 87 
2700 275 131 73 80 18 21 286 
2700 276 
2700 277 73 18 131 
2700 278 
2700 279 73 18 131 203 
2700 280 59 
2700 281 276 
2700 282 131 229 73 140 80 273 18 286 87 284 190 
2700 283 187 276 
2700 284 
2700 285 80 73 114 131 18 
2700 286 131 73 273 18 87 93 
2700 287 276 
2700 289 131 73 203 143 276 187 
2700 291 59 73 80 18 131 21 87 187 286 
2700 292 276 
2700 294 132 203 20 
2700 295 131 132 71 203 140 143 114 276 87 4 187 286 
2700 296 80 73 18 229 21 
2700 298 131 132 231 203 140 143 114 276 87 187 286 
3600 0 73 18 131 229 87 
3600 1 131 276 187 190 87 
3600 2 276 
3600 3 203 276 143 
3600 4 
3600 5 131 132 231 203 140 143 114 276 87 187 286 
3600 6 131 260 73 273 18 87 
3600 7 276 
3600 8 276 
3600 9 187 276 143 
3600 10 73 18 284 229 
3600 11 197 294 170 140 143 17 114 276 20 254 
3600 12 260 131 276 73 
3600 13 276 
3600 14 18 131 
3600 15 203 276 187 
3600 16 131 71 140 114 276 87 187 
3600 17 
3600 18 
3600 19 73 18 131 
3600 20 
3600 21 
3600 24 131 73 203 143 276 187 
3600 26 59 
3600 27 203 21 
3600 29 131 260 73 273 18 87 
3600 32 73 18 131 190 87 
3600 33 20 71 
3600 34 217 87 131 273 
3600 35 131 190 286 203 
3600 36 59 
3600 39 276 
3600 40 
3600 41 131 260 229 231 18 286 87 217 190 
3600 43 73 18 229 21 
3600 44 73 18 131 87 
3600 45 131 71 143 114 276 87 187 
3600 46 276 
3600 47 276 
3600 48 131 203 87 
3600 49 131 260 229 73 273 18 87 286 
3600 50 114 59 131 
3600 51 115 165 
3600 52 71 114 20 276 187 93 
3600 55 73 229 87 
3600 56 4 197 71 203 140 143 276 217 187 
3600 57 131 101 231 273 87 217 
3600 58 187 276 
3600 59 187 
3600 60 276 
3600 61 217 87 131 231 
3600 62 59 
3600 63 73 131 140 
3600 64 71 17 20 276 93 286 
3600 68 187 114 18 93 
3600 69 131 260 229 73 273 18 115 87 286 
3600 70 59 187 
3600 71 21 
3600 72 276 
3600 73 18 131 284 
3600 74 115 165 
3600 76 131 229 18 21 87 284 286 
3600 77 170 187 20 
3600 79 131 101 203 273 18 87 217 
3600 81 276 
3600 82 276 
3600 83 73 187 229 
3600 84 18 187 71 
3600 86 231 
3600 87 131 203 
3600 88 73 229 
3600 89 131 71 18 114 276 87 187 93 286 
3600 90 59 187 203 231 
3600 91 73 131 229 203 
3600 93 
3600 94 276 260 93 20 71 
3600 95 276 
3600 96 4 73 203 140 143 276 187 
3600 97 18 131 284 286 
3600 98 131 286 87 
3600 99 276 
3600 100 87 131 231 
3600 101 
3600 102 131 229 231 18 21 87 286 
3600 103 203 276 143 
3600 104 276 
3600 105 203 
3600 109 276 
3600 111 203 276 187 143 
3600 113 131 132 140 143 276 278 87 4 187 286 
3600 114 
3600 115 197 71 140 143 17 276 254 165 
3600 116 276 
3600 117 131 132 197 71 203 140 143 114 276 286 278 87 217 187 4 
3600 118 276 
3600 119 131 101 231 18 114 217 
3600 120 276 
3600 121 18 131 
3600 122 187 140 87 
3600 124 18 131 21 87 
3600 125 276 71 
3600 126 203 276 187 
3600 128 18 284 21 229 
3600 129 73 18 131 284 87 
3600 130 140 187 276 71 
3600 131 273 18 87 
3600 132 
3600 133 59 
3600 134 18 131 286 
3600 135 187 276 143 
3600 137 276 
3600 138 276 
3600 139 131 73 18 21 87 286 
3600 140 131 229 73 18 21 87 
3600 141 4 73 203 140 143 276 187 
3600 143 18 
3600 146 18 276 
3600 147 203 276 187 143 
3600 149 59 276 
3600 150 276 
3600 151 276 
3600 152 197 71 140 143 17 276 
3600 153 140 187 276 143 
3600 154 131 71 143 114 276 87 187 
3600 156 18 131 21 190 
3600 157 59 276 
3600 159 73 276 143 
3600 160 18 131 
3600 161 217 284 87 
3600 162 276 
3600 163 276 
3600 164 203 20 71 
3600 165 197 71 140 143 17 276 
3600 166 73 18 21 
3600 168 131 229 18 21 87 284 286 
3600 169 131 260 231 73 18 21 87 286 
3600 170 
3600 171 18 140 231 
3600 172 114 131 93 203 
3600 173 276 
3600 174 73 18 131 229 286 
3600 175 187 276 143 
3600 176 276 
3600 177 73 276 143 
3600 180 131 132 197 71 203 140 143 114 276 286 87 217 187 4 
3600 182 59 
3600 183 187 276 143 
3600 184 276 
3600 185 73 18 131 21 286 
3600 186 131 260 73 18 21 87 
3600 187 18 87 
3600 188 73 18 131 
3600 189 276 
3600 190 
3600 192 276 
3600 194 131 4 71 203 140 143 114 276 87 187 
3600 195 115 254 294 
3600 196 131 260 231 73 273 18 87 
3600 197 
3600 198 18 140 231 
3600 199 276 
3600 200 276 
3600 201 260 203 84 21 190 
3600 203 73 229 
3600 205 276 
3600 206 131 132 197 71 203 140 143 114 276 87 4 187 286 
3600 207 197 170 140 143 17 114 276 20 
3600 208 87 187 140 197 231 
3600 209 276 
3600 210 18 276 231 
3600 211 203 276 187 143 
3600 216 131 73 273 18 87 190 
3600 217 
3600 219 131 260 73 273 18 87 
3600 220 73 18 131 229 87 
3600 222 203 276 
3600 223 217 276 
3600 224 131 132 229 140 18 114 217 
3600 225 217 203 
3600 226 276 
3600 228 131 132 140 143 114 276 87 4 187 286 
3600 229 87 
3600 230 276 
3600 231 
3600 232 131 190 286 203 
3600 233 59 
3600 235 17 18 187 140 
3600 236 18 131 21 
3600 237 217 131 101 203 87 
3600 238 59 
3600 239 73 229 
3600 240 73 276 143 
3600 244 131 286 87 
3600 245 73 18 229 87 
3600 246 18 276 231 
3600 249 131 73 140 273 18 87 284 190 
3600 250 187 276 143 
3600 251 132 71 203 17 114 276 278 217 93 286 
3600 252 187 203 276 197 
3600 253 131 260 229 18 87 284 286 
3600 254 
3600 256 187 165 294 
3600 258 276 
3600 259 59 71 73 203 18 187 
3600 260 18 229 190 
3600 262 231 276 187 286 71 
3600 263 87 187 140 197 231 
3600 264 132 71 203 140 143 276 187 286 
3600 265 131 260 286 203 
3600 266 18 131 21 286 87 
3600 268 87 73 18 131 231 
3600 269 131 284 187 
3600 271 131 101 231 18 114 217 
3600 272 18 187 71 
3600 273 
3600 274 73 131 87 
3600 275 73 18 131 21 286 
3600 276 
3600 277 73 18 131 
3600 278 
3600 279 73 18 131 203 
3600 280 59 
3600 281 276 
3600 282 131 229 73 140 273 18 286 87 284 190 
3600 283 187 276 
3600 284 
3600 285 73 114 131 18 
3600 286 131 73 273 18 87 93 
3600 287 276 
3600 289 131 73 203 143 276 187 
3600 291 59 73 18 131 21 87 187 286 
3600 294 132 203 20 
3600 295 131 132 71 203 140 143 114 276 87 4 187 286 
3600 296 73 18 229 21 
3600 298 131 132 231 203 140 143 114 276 87 187 286 
4500 0 73 18 131 229 87 
4500 1 131 276 187 190 87 
4500 2 276 
4500 3 203 276 143 
4500 4 
4500 5 131 132 231 203 143 114 276 87 187 286 
4500 6 131 260 73 273 18 87 
4500 7 276 
4500 8 276 
4500 9 187 276 143 
4500 10 73 18 284 229 
4500 11 197 294 170 143 17 114 276 20 254 
4500 12 260 131 276 73 
4500 13 276 
4500 14 18 131 
4500 15 203 276 187 
4500 16 131 71 114 276 87 187 
4500 17 
4500 18 
4500 19 73 18 131 
4500 20 
4500 21 
4500 24 131 73 203 143 276 187 
4500 26 59 
4500 27 203 21 
4500 29 131 260 73 273 18 87 
4500 32 73 18 131 190 87 
4500 33 20 71 
4500 34 217 87 131 273 
4500 35 131 190 286 203 
4500 36 59 
4500 39 276 
4500 40 
4500 41 131 260 229 231 18 286 87 217 190 
4500 43 73 18 229 21 
4500 44 73 18 131 87 
4500 45 131 71 143 114 276 87 187 
4500 46 276 
4500 47 276 
4500 48 131 203 87 
4500 49 131 260 229 73 273 18 87 286 
4500 50 114 59 131 
4500 51 115 165 
4500 55 73 229 87 
4500 56 4 197 71 203 143 276 217 187 
4500 57 131 101 231 273 87 217 
4500 58 187 276 
4500 59 187 
4500 60 276 
4500 61 217 87 131 231 
4500 62 59 
4500 63 73 131 
4500 64 71 17 20 276 93 286 
4500 68 187 114 18 93 
4500 69 131 260 229 73 273 18 115 87 286 
4500 70 59 187 
4500 71 21 
4500 72 276 
4500 73 18 131 284 
4500 74 115 165 
4500 76 131 229 18 21 87 284 286 
4500 77 170 187 20 
4500 79 131 101 203 273 18 87 217 
4500 81 276 
4500 82 276 
4500 83 73 187 229 
4500 84 18 187 71 
4500 86 231 
4500 87 131 203 
4500 88 73 229 
4500 89 131 71 18 114 276 87 187 93 286 
4500 90 59 187 203 231 
4500 91 73 131 229 203 
4500 93 
4500 94 276 260 93 20 71 
4500 95 276 
4500 96 4 73 203 143 276 187 
4500 97 18 131 284 286 
4500 98 131 286 87 
4500 99 276 
4500 100 87 131 231 
4500 101 
4500 103 203 276 143 
4500 104 276 
4500 105 203 
4500 109 276 
4500 111 203 276 187 143 
4500 113 131 4 143 276 278 87 132 187 286 
4500 114 
4500 115 197 71 143 17 276 254 165 
4500 116 276 
4500 117 131 132 197 71 203 143 114 276 286 278 87 217 187 4 
4500 118 276 
4500 120 276 
4500 121 18 131 
4500 122 187 87 
4500 124 18 131 21 87 
4500 125 276 71 
4500 126 203 276 187 
4500 128 18 284 21 229 
4500 129 73 18 131 284 87 
4500 130 187 276 71 
4500 131 273 18 87 
4500 132 
4500 133 59 
4500 134 18 131 286 
4500 135 187 276 143 
4500 137 276 
4500 138 276 
4500 139 131 73 18 21 87 286 
4500 141 4 73 203 143 276 187 
4500 143 18 
4500 146 18 276 
4500 147 203 276 187 143 
4500 149 59 276 
4500 150 276 
4500 153 187 276 143 
4500 154 131 71 143 114 276 87 187 
4500 156 18 131 21 190 
4500 157 59 276 
4500 159 73 276 143 
4500 160 18 131 
4500 161 217 284 87 
4500 162 276 
4500 163 276 
4500 164 203 20 71 
4500 165 17 143 276 197 71 
4500 166 73 18 21 
4500 168 131 229 18 21 87 284 286 
4500 169 131 260 231 73 18 21 87 286 
4500 170 
4500 171 18 231 
4500 172 114 131 93 203 
4500 173 276 
4500 174 73 18 131 229 286 
4500 175 187 276 143 
4500 176 276 
4500 177 73 276 143 
4500 180 131 132 197 71 203 143 114 276 286 87 217 187 4 
4500 182 59 
4500 183 187 276 143 
4500 184 276 
4500 185 73 18 131 21 286 
4500 186 131 260 73 18 21 87 
4500 187 18 87 
4500 188 73 18 131 
4500 190 
4500 192 276 
4500 194 131 4 71 203 143 114 276 87 187 
4500 195 115 254 294 
4500 196 131 260 231 73 273 18 87 
4500 197 
4500 198 18 231 
4500 199 276 
4500 200 276 
4500 201 260 203 84 21 190 
4500 203 73 229 
4500 205 276 
4500 206 131 4 197 71 203 143 114 276 87 132 187 286 
4500 207 197 170 143 17 114 20 276 
4500 208 87 187 197 231 
4500 216 131 73 273 18 87 190 
4500 217 
4500 219 131 260 73 273 18 87 
4500 222 203 276 
4500 223 217 276 
4500 225 217 203 
4500 226 276 
4500 228 131 132 143 114 276 87 4 187 286 
4500 229 87 
4500 230 276 
4500 231 
4500 232 131 190 286 203 
4500 233 59 
4500 235 17 18 187 
4500 236 18 131 21 
4500 237 217 131 101 203 87 
4500 238 59 
4500 239 73 229 
4500 240 73 276 143 
4500 244 131 286 87 
4500 245 73 18 229 87 
4500 246 18 276 231 
4500 249 131 73 273 18 87 284 190 
4500 250 187 276 143 
4500 251 132 71 203 17 114 276 278 217 93 286 
4500 252 187 203 276 197 
4500 253 131 260 229 18 87 284 286 
4500 254 
4500 256 187 165 294 
4500 258 276 
4500 259 59 71 73 203 18 187 
4500 260 18 229 190 
4500 262 231 276 187 286 71 
4500 263 87 187 197 231 
4500 264 132 71 203 143 276 187 286 
4500 265 131 260 286 203 
4500 266 18 131 21 286 87 
4500 268 87 73 18 131 231 
4500 269 131 284 187 
4500 271 131 101 231 18 114 217 
4500 272 18 187 71 
4500 273 
4500 274 73 131 87 
4500 275 73 18 131 21 286 
4500 276 
4500 277 73 18 131 
4500 278 
4500 279 73 18 131 203 
4500 281 276 
4500 282 131 229 73 273 18 286 87 284 190 
4500 283 187 276 
4500 284 
4500 285 73 114 131 18 
4500 286 131 73 273 18 87 93 
4500 287 276 
4500 289 131 73 203 143 276 187 
4500 291 59 73 18 131 21 87 187 286 
4500 294 132 203 20 
4500 295 131 4 71 203 143 114 276 87 132 187 286 
4500 296 73 18 229 21 
4500 298 131 132 231 203 143 114 276 87 187 286 
5400 0 73 18 131 229 87 
5400 1 131 276 187 87 
5400 2 276 
5400 3 203 276 143 
5400 4 
5400 5 131 132 231 203 143 114 276 87 187 286 
5400 6 131 260 73 273 18 87 
5400 7 276 
5400 8 276 
5400 9 187 276 143 
5400 10 73 18 284 229 
5400 11 197 294 170 143 17 114 276 20 254 
5400 12 260 131 276 73 
5400 13 276 
5400 14 18 131 
5400 15 203 276 187 
5400 16 131 71 114 276 87 187 
5400 17 
5400 18 
5400 19 73 18 131 
5400 20 
5400 21 
5400 24 131 73 203 143 276 187 
5400 26 59 
5400 27 203 21 
5400 29 131 260 73 273 18 87 
5400 32 73 18 131 87 
5400 33 20 71 
5400 34 217 87 131 273 
5400 35 131 286 203 
5400 36 59 
5400 39 276 
5400 40 
5400 41 131 260 229 231 18 87 217 286 
5400 43 73 18 229 21 
5400 44 73 18 131 87 
5400 45 131 71 143 114 276 87 187 
5400 46 276 
5400 47 276 
5400 48 131 203 87 
5400 49 131 260 229 73 273 18 87 286 
5400 50 114 59 131 
5400 55 73 229 87 
5400 56 4 197 71 203 143 276 217 187 
5400 57 131 101 231 273 87 217 
5400 58 187 276 
5400 59 187 
5400 60 276 
5400 61 217 87 131 231 
5400 62 59 
5400 63 73 131 
5400 64 71 17 20 276 93 286 
5400 68 187 114 18 93 
5400 69 131 260 229 73 273 18 115 87 286 
5400 70 59 187 
5400 71 21 
5400 72 276 
5400 73 18 131 284 
5400 74 115 165 
5400 76 131 229 18 21 87 284 286 
5400 77 170 187 20 
5400 79 131 101 203 273 18 87 217 
5400 81 276 
5400 82 276 
5400 83 73 187 229 
5400 84 18 187 71 
5400 86 231 
5400 87 131 203 
5400 88 73 229 
5400 89 131 71 18 114 276 87 187 93 286 
5400 90 59 187 203 231 
5400 91 73 131 229 203 
5400 93 
5400 95 276 
5400 96 4 73 203 143 276 187 
5400 97 18 131 284 286 
5400 98 131 286 87 
5400 99 276 
5400 100 87 131 231 
5400 101 
5400 103 203 276 143 
5400 104 276 
5400 105 203 
5400 109 276 
5400 111 203 276 187 143 
5400 113 131 4 143 276 278 87 132 187 286 
5400 114 
5400 115 197 71 143 17 276 254 165 
5400 116 276 
5400 118 276 
5400 120 276 
5400 122 187 87 
5400 124 18 131 21 87 
5400 125 276 71 
5400 126 203 276 187 
5400 128 18 284 21 229 
5400 129 73 18 131 284 87 
5400 130 187 276 71 
5400 131 273 18 87 
5400 132 
5400 133 59 
5400 135 187 276 143 
5400 137 276 
5400 138 276 
5400 139 131 73 18 21 87 286 
5400 141 4 73 203 143 276 187 
5400 143 18 
5400 146 18 276 
5400 147 203 276 187 143 
5400 149 59 276 
5400 150 276 
5400 153 187 276 143 
5400 154 131 71 143 114 276 87 187 
5400 156 18 131 21 
5400 157 59 276 
5400 159 73 276 143 
5400 160 18 131 
5400 161 217 284 87 
5400 162 276 
5400 163 276 
5400 164 203 20 71 
5400 165 17 143 276 197 71 
5400 166 73 18 21 
5400 168 131 229 18 21 87 284 286 
5400 169 131 260 231 73 18 21 87 286 
5400 170 
5400 171 18 231 
5400 172 114 131 93 203 
5400 173 276 
5400 174 73 18 131 229 286 
5400 175 187 276 143 
5400 176 276 
5400 177 73 276 143 
5400 180 131 132 197 71 203 143 114 276 286 87 217 187 4 
5400 182 59 
5400 183 187 276 143 
5400 184 276 
5400 185 73 18 131 21 286 
5400 186 131 260 73 18 21 87 
5400 187 18 87 
5400 188 73 18 131 
5400 192 276 
5400 195 115 254 294 
5400 196 131 260 231 73 273 18 87 
5400 197 
5400 198 18 231 
5400 200 276 
5400 201 84 203 260 21 
5400 203 73 229 
5400 205 276 
5400 206 131 4 197 71 203 143 114 276 87 132 187 286 
5400 208 87 187 197 231 
5400 216 273 18 131 73 87 
5400 217 
5400 219 131 260 73 273 18 87 
5400 222 203 276 
5400 223 217 276 
5400 225 217 203 
5400 226 276 
5400 228 131 132 143 114 276 87 4 187 286 
5400 229 87 
5400 230 276 
5400 231 
5400 232 131 286 203 
5400 233 59 
5400 235 17 18 187 
5400 236 18 131 21 
5400 237 217 131 101 203 87 
5400 238 59 
5400 239 73 229 
5400 244 131 286 87 
5400 245 73 18 229 87 
5400 249 131 73 273 18 87 284 
5400 250 187 276 143 
5400 251 132 71 203 17 114 276 278 217 93 286 
5400 252 187 203 276 197 
5400 254 
5400 256 187 165 294 
5400 258 276 
5400 259 59 71 73 203 18 187 
5400 260 18 229 
5400 262 231 276 187 286 71 
5400 263 87 187 197 231 
5400 264 132 71 203 143 276 187 286 
5400 265 131 260 286 203 
5400 266 18 131 21 286 87 
5400 268 87 73 18 131 231 
5400 269 131 284 187 
5400 271 131 101 231 18 114 217 
5400 273 
5400 274 73 131 87 
5400 275 73 18 131 21 286 
5400 276 
5400 277 73 18 131 
5400 278 
5400 279 73 18 131 203 
5400 281 276 
5400 282 131 229 73 273 18 87 284 286 
5400 283 187 276 
5400 284 
5400 285 73 114 131 18 
5400 286 131 73 273 18 87 93 
5400 287 276 
5400 289 131 73 203 143 276 187 
5400 291 59 73 18 131 21 87 187 286 
5400 294 132 203 20 
5400 295 131 4 71 203 143 114 276 87 132 187 286 
5400 296 73 18 229 21 
5400 298 131 132 231 203 143 114 276 87 187 286 
6300 0 73 18 131 229 87 
6300 1 131 276 187 87 
6300 2 276 
6300 3 203 276 143 
6300 4 
6300 5 131 132 231 203 143 114 276 87 187 286 
6300 6 131 260 73 273 18 87 
6300 7 276 
6300 8 276 
6300 9 187 276 143 
6300 10 73 18 284 229 
6300 11 197 294 143 17 114 276 20 254 
6300 12 260 131 276 73 
6300 13 276 
6300 14 18 131 
6300 15 203 276 187 
6300 16 131 71 114 276 87 187 
6300 17 
6300 18 
6300 19 73 18 131 
6300 20 
6300 21 
6300 24 131 73 203 143 276 187 
6300 26 
6300 27 203 21 
6300 29 131 260 73 273 18 87 
6300 32 73 18 131 87 
6300 33 20 71 
6300 34 217 87 131 273 
6300 35 131 286 203 
6300 36 
6300 39 276 
6300 40 
6300 41 131 260 229 231 18 87 217 286 
6300 43 73 18 229 21 
6300 44 73 18 131 87 
6300 45 131 71 143 114 276 87 187 
6300 46 276 
6300 47 276 
6300 48 131 203 87 
6300 49 131 260 229 73 273 18 87 286 
6300 50 114 131 
6300 55 73 229 87 
6300 56 4 197 71 203 143 276 217 187 
6300 57 131 101 231 273 87 217 
6300 60 276 
6300 61 217 87 131 231 
6300 62 
6300 63 73 131 
6300 64 20 276 17 286 71 
6300 68 114 187 18 
6300 70 187 
6300 71 21 
6300 72 276 
6300 73 18 131 284 
6300 76 131 229 18 21 87 284 286 
6300 77 187 20 
6300 79 131 101 203 273 18 87 217 
6300 81 276 
6300 82 276 
6300 83 73 187 229 
6300 84 18 187 71 
6300 86 231 
6300 87 131 203 
6300 88 73 229 
6300 89 131 71 18 114 276 87 187 286 
6300 90 203 187 231 
6300 91 73 131 229 203 
6300 95 276 
6300 96 4 73 203 143 276 187 
6300 98 131 286 87 
6300 99 276 
6300 100 87 131 231 
6300 101 
6300 103 203 276 143 
6300 104 276 
6300 109 276 
6300 111 203 276 187 143 
6300 113 131 4 143 276 278 87 132 187 286 
6300 114 
6300 115 197 71 143 17 276 254 165 
6300 116 276 
6300 118 276 
6300 120 276 
6300 122 187 87 
6300 124 18 131 21 87 
6300 125 276 71 
6300 126 203 276 187 
6300 128 18 284 21 229 
6300 130 187 276 71 
6300 131 273 18 87 
6300 132 
6300 133 
6300 135 187 276 143 
6300 137 276 
6300 138 276 
6300 139 131 73 18 21 87 286 
6300 141 4 73 203 143 276 187 
6300 143 18 
6300 146 18 276 
6300 147 203 276 187 143 
6300 149 276 
6300 150 276 
6300 153 187 276 143 
6300 154 131 71 143 114 276 87 187 
6300 156 18 131 21 
6300 157 276 
6300 159 73 276 143 
6300 160 18 131 
6300 162 276 
6300 163 276 
6300 164 203 20 71 
6300 165 17 143 276 197 71 
6300 166 73 18 21 
6300 168 131 229 18 21 87 284 286 
6300 169 131 260 231 73 18 21 87 286 
6300 171 18 231 
6300 172 114 131 203 
6300 173 276 
6300 174 73 18 131 229 286 
6300 175 187 276 143 
6300 176 276 
6300 177 73 276 143 
6300 180 131 132 197 71 203 143 114 276 286 87 217 187 4 
6300 183 187 276 143 
6300 184 276 
6300 185 73 18 131 21 286 
6300 186 131 260 73 18 21 87 
6300 187 18 87 
6300 188 73 18 131 
6300 192 276 
6300 195 115 254 294 
6300 196 131 260 231 73 273 18 87 
6300 197 
6300 198 18 231 
6300 200 276 
6300 201 84 203 260 21 
6300 203 73 229 
6300 205 276 
6300 206 131 4 197 71 203 143 114 276 87 132 187 286 
6300 208 87 187 197 231 
6300 216 273 18 131 73 87 
6300 217 
6300 219 131 260 73 273 18 87 
6300 222 203 276 
6300 223 217 276 
6300 226 276 
6300 228 131 132 143 114 276 87 4 187 286 
6300 229 87 
6300 230 276 
6300 231 
6300 232 131 286 203 
6300 233 
6300 235 17 18 187 
6300 236 18 131 21 
6300 237 217 131 101 203 87 
6300 238 
6300 239 73 229 
6300 244 131 286 87 
6300 245 73 18 229 87 
6300 249 131 73 273 18 87 284 
6300 250 187 276 143 
6300 251 132 71 203 17 114 276 278 217 286 
6300 252 187 203 276 197 
6300 254 
6300 256 187 165 294 
6300 258 276 
6300 259 73 18 203 187 71 
6300 260 18 229 
6300 262 231 276 187 286 71 
6300 263 87 187 197 231 
6300 264 132 71 203 143 276 187 286 
6300 265 131 260 286 203 
6300 266 18 131 21 286 87 
6300 268 87 73 18 131 231 
6300 269 131 284 187 
6300 271 131 101 231 18 114 217 
6300 273 
6300 274 73 131 87 
6300 275 73 18 131 21 286 
6300 276 
6300 277 73 18 131 
6300 278 
6300 279 73 18 131 203 
6300 281 276 
6300 282 131 229 73 273 18 87 284 286 
6300 283 187 276 
6300 284 
6300 285 73 114 131 18 
6300 286 73 18 131 273 87 
6300 287 276 
6300 289 131 73 203 143 276 187 
6300 291 131 73 18 21 87 187 286 
6300 294 132 203 20 
6300 295 131 4 71 203 143 114 276 87 132 187 286 
6300 296 73 18 229 21 
