0 0 288 297 98 253 159 
0 1 233 255 
0 2 113 107 293 54 
0 3 162 99 174 113 131 120 190 
0 4 105 196 97 
0 5 79 114 85 87 184 284 31 
0 6 50 
0 7 232 255 268 229 15 
0 8 145 6 151 
0 9 113 135 
0 10 35 264 81 249 25 122 
0 11 91 76 149 6 
0 12 241 66 262 223 
0 13 129 274 172 150 71 
0 14 96 58 45 
0 15 0 160 103 232 62 150 282 251 222 
0 16 226 35 5 114 275 59 
0 17 266 13 240 20 90 30 
0 18 130 262 8 178 55 222 
0 19 104 50 
0 20 64 
0 21 225 267 155 222 
0 23 177 242 214 
0 24 176 120 119 
0 25 185 259 244 
0 26 201 12 117 33 
0 27 252 4 
0 28 114 195 122 154 55 
0 29 299 187 63 
0 30 227 199 168 234 16 279 155 255 
0 31 288 295 271 80 282 254 
0 32 193 131 132 197 143 291 244 124 126 
0 33 2 35 76 146 131 255 
0 34 297 106 94 
0 35 173 151 
0 36 274 
0 37 82 10 236 269 114 219 30 
0 38 296 99 31 
0 39 293 149 238 7 
0 40 294 172 244 88 89 93 
0 41 275 260 
0 43 144 244 196 78 
0 44 289 171 4 9 43 76 243 252 
0 45 59 124 102 
0 46 281 82 190 
0 47 119 282 107 203 215 
0 48 152 265 100 193 
0 49 76 260 54 215 
0 50 265 251 116 70 243 
0 51 49 149 87 
0 52 2 234 94 101 
0 54 56 292 47 
0 55 48 287 139 295 
0 56 219 158 54 31 
0 57 69 71 299 16 215 29 
0 58 264 268 122 4 
0 59 64 290 196 10 85 63 
0 60 128 137 11 174 111 125 
0 61 97 181 190 
0 62 263 
0 63 137 234 227 90 
0 64 242 228 38 
0 65 266 132 58 238 69 
0 66 48 10 125 
0 67 226 233 74 119 148 277 247 
0 68 284 
0 69 187 107 116 5 203 
0 70 148 68 
0 71 296 244 69 183 
0 72 106 143 
0 73 9 25 69 95 
0 74 84 37 
0 76 229 272 242 51 120 293 283 223 
0 77 224 100 197 296 79 51 
0 78 279 25 127 231 
0 79 101 143 181 279 187 253 
0 80 65 67 236 174 28 31 
0 81 88 293 
0 82 69 265 44 237 18 244 280 276 
0 83 178 7 
0 84 104 122 292 110 31 
0 85 35 138 171 147 236 
0 86 130 196 293 296 140 177 180 223 124 63 
0 87 2 99 252 118 
0 88 184 41 
0 89 258 227 261 40 297 143 91 207 222 69 
0 90 143 
0 91 226 171 117 25 253 21 
0 92 17 
0 93 89 180 117 214 7 
0 94 11 14 287 
0 95 80 33 252 181 81 
0 96 148 
0 97 27 137 211 79 
0 98 224 293 264 239 176 85 56 58 251 
0 99 97 2 18 70 33 
0 100 288 20 223 
0 101 40 27 229 
0 102 99 165 6 233 78 273 101 
0 103 224 37 199 264 282 255 
0 104 257 
0 105 153 154 85 
0 106 94 31 
0 107 64 229 263 115 247 120 157 31 
0 108 100 39 296 50 116 222 
0 109 289 81 45 126 225 
0 110 138 45 54 101 
0 111 98 165 38 177 116 219 220 
0 113 162 103 232 111 86 88 
0 114 
0 115 161 41 106 203 24 185 
0 116 
0 117 64 72 24 223 
0 118 225 34 294 81 61 223 
0 119 145 77 150 
0 120 121 91 172 166 14 
0 121 296 291 114 115 226 
0 122 200 49 138 194 62 
0 124 41 26 4 246 
0 125 230 21 126 263 
0 126 70 230 9 179 169 188 
0 127 104 196 68 166 30 
0 128 272 90 107 139 54 
0 129 294 62 
0 130 162 
0 131 177 6 281 
0 132 33 266 203 196 207 
0 133 24 
0 134 32 1 201 139 268 211 
0 135 179 38 279 
0 136 275 147 21 13 
0 137 176 237 198 261 
0 138 291 68 73 106 269 239 177 247 251 
0 139 283 23 
0 140 73 90 171 124 
0 141 26 108 66 134 77 
0 143 177 34 259 76 77 
0 144 95 271 
0 145 67 178 86 59 157 158 
0 146 32 128 262 244 182 152 
0 147 43 247 
0 148 1 242 116 118 24 217 
0 149 48 161 171 9 
0 150 174 
0 151 164 234 82 188 205 
0 152 227 78 14 
0 153 289 37 126 263 
0 154 160 76 
0 155 154 267 157 
0 156 24 89 69 
0 157 230 178 20 253 102 
0 158 256 130 234 45 177 55 186 
0 159 259 60 
0 160 171 148 
0 161 101 173 47 
0 162 184 210 253 118 
0 163 299 117 199 
0 164 87 133 79 
0 165 192 37 45 110 210 245 
0 166 16 201 155 
0 168 2 134 110 58 220 125 
0 169 4 138 110 50 20 218 
0 170 108 271 147 277 246 158 
0 171 71 178 19 214 152 156 
0 172 69 135 139 51 249 103 
0 173 1 99 37 106 118 24 
0 174 208 194 260 245 
0 175 169 35 84 
0 176 208 80 284 245 
0 177 225 68 38 169 203 13 109 209 114 147 
0 178 145 116 78 
0 179 64 76 86 109 198 
0 180 295 18 24 217 285 95 
0 181 289 290 196 86 199 
0 182 80 193 229 169 
0 183 33 139 276 248 90 91 220 63 
0 184 208 2 243 
0 185 264 9 85 86 
0 186 163 16 216 56 185 250 
0 187 34 99 196 29 70 
0 188 15 
0 189 288 113 299 169 
0 190 160 71 268 44 78 118 
0 192 217 76 269 
0 193 82 291 196 238 127 
0 194 297 138 98 181 
0 195 201 47 153 
0 196 226 54 242 118 25 190 
0 197 133 296 203 48 182 126 
0 198 128 201 210 64 
0 199 0 166 109 269 272 280 58 
0 200 32 118 261 222 229 
0 201 48 242 258 268 109 
0 203 289 101 199 77 52 247 
0 205 194 264 9 172 296 89 
0 206 132 9 138 43 111 52 186 
0 207 41 292 125 273 
0 208 297 52 158 262 
0 209 101 273 277 214 280 152 
0 210 166 15 241 182 87 283 189 159 
0 211 32 150 
0 212 
0 214 246 268 110 275 86 28 
0 215 232 29 
0 216 224 96 3 149 
0 217 20 14 
0 218 96 85 166 95 
0 219 65 227 196 294 257 
0 220 2 260 169 18 84 58 
0 222 56 234 131 109 205 
0 223 77 14 
0 224 258 148 86 103 
0 225 39 155 45 78 95 
0 226 100 166 174 149 279 190 
0 227 274 164 71 
0 228 217 229 247 
0 229 178 245 
0 230 8 97 252 101 
0 231 80 64 27 292 93 
0 232 293 133 253 
0 233 240 57 91 28 
0 234 232 241 210 285 86 
0 235 219 
0 236 136 269 86 
0 237 130 178 182 
0 238 155 79 
0 239 121 130 14 
0 240 225 276 246 126 
0 241 128 289 164 229 266 267 109 176 211 24 251 
0 242 160 185 83 
0 243 33 247 94 183 
0 244 95 243 171 71 
0 245 263 46 231 
0 246 216 32 291 220 245 
0 247 26 276 93 79 
0 248 176 79 284 125 15 
0 249 130 67 134 16 114 216 92 
0 250 289 78 279 26 219 218 30 
0 251 76 270 
0 252 217 109 
0 253 130 231 297 15 210 180 
0 254 210 102 
0 255 137 131 187 175 
0 256 259 157 95 
0 257 176 26 251 
0 258 208 254 
0 259 48 181 103 
0 260 19 73 299 12 31 
0 261 256 64 162 278 272 
0 262 224 229 80 216 58 287 31 
0 263 24 233 12 70 
0 264 104 34 252 63 
0 265 1 291 24 246 248 90 29 
0 266 
0 267 70 232 79 48 148 281 127 
0 268 48 228 261 
0 269 
0 270 177 218 165 286 
0 271 161 1 129 147 56 89 286 
0 272 8 43 163 137 
0 273 201 10 76 222 95 
0 274 89 267 156 125 295 
0 275 240 35 94 181 6 
0 276 16 295 217 107 7 
0 277 289 101 294 116 183 25 
0 278 97 114 147 
0 279 9 
0 280 169 50 270 
0 281 260 38 294 104 236 77 175 16 264 196 
0 282 264 138 125 14 
0 283 152 162 11 50 
0 284 144 88 258 
0 285 273 274 73 
0 286 104 187 284 111 
0 287 193 100 105 271 82 21 
0 288 194 219 78 238 
0 289 96 17 186 68 234 
0 290 216 7 
0 291 0 128 66 197 266 174 82 28 
0 292 96 115 116 77 
0 293 290 172 
0 294 73 278 286 39 
0 295 288 
0 296 18 68 134 70 173 146 249 90 93 69 
0 297 256 194 91 13 
0 298 96 249 203 77 
0 299 68 293 79 
900 0 98 253 159 
900 1 233 255 
900 2 113 107 54 
900 3 162 99 174 113 131 120 190 
900 4 105 196 97 
900 5 79 114 85 87 184 284 31 
900 6 50 
900 7 232 255 268 229 15 
900 8 6 151 
900 9 113 135 
900 10 35 264 81 249 25 122 
900 11 91 76 149 6 
900 12 241 66 262 223 
900 13 129 274 172 150 71 
900 14 96 58 45 
900 15 0 160 103 232 62 150 282 251 222 
900 16 226 35 5 114 275 59 
900 17 266 13 240 20 90 30 
900 18 8 130 262 222 55 
900 19 104 50 
900 20 64 
900 21 225 267 222 
900 24 176 120 119 
900 25 185 259 244 
900 26 201 12 117 33 
900 27 252 4 
900 29 299 187 63 
900 30 227 199 168 234 16 279 255 
900 31 80 282 295 254 271 
900 32 193 131 132 197 143 291 244 124 126 
900 33 2 35 76 146 131 255 
900 34 106 94 
900 35 173 151 
900 36 274 
900 38 296 99 31 
900 39 149 238 7 
900 40 294 172 244 88 89 93 
900 41 275 260 
900 43 144 244 196 
900 44 289 171 4 9 43 76 243 252 
900 45 59 124 102 
900 46 281 82 190 
900 47 119 282 107 203 215 
900 48 152 265 100 193 
900 49 76 260 54 215 
900 50 265 251 116 70 243 
900 51 49 149 87 
900 52 2 234 94 101 
900 54 56 292 47 
900 55 48 287 139 295 
900 56 219 158 54 31 
900 57 69 71 299 16 215 29 
900 58 264 268 122 4 
900 59 64 290 196 10 85 63 
900 60 128 137 11 174 111 125 
900 61 97 181 190 
900 62 263 
900 63 137 234 227 90 
900 64 242 228 38 
900 65 266 132 58 238 69 
900 66 48 10 125 
900 67 226 233 74 119 277 247 
900 68 284 
900 69 187 107 116 5 203 
900 70 68 
900 71 296 244 69 183 
900 72 106 143 
900 73 9 25 69 95 
900 74 84 
900 76 229 272 242 51 120 283 223 
900 77 224 100 197 296 79 51 
900 79 101 143 181 279 187 253 
900 80 65 67 236 174 31 
900 81 88 
900 82 69 265 44 237 18 244 280 276 
900 83 7 
900 84 104 122 292 110 31 
900 85 35 138 171 147 236 
900 86 130 196 296 140 177 180 223 124 63 
900 87 2 99 252 118 
900 88 184 41 
900 89 258 227 261 40 207 91 143 222 69 
900 90 143 
900 91 226 171 117 25 253 21 
900 92 17 
900 93 89 180 117 214 7 
900 94 11 14 287 
900 95 80 33 252 181 81 
900 96 
900 97 27 137 211 79 
900 98 224 264 239 176 85 56 58 251 
900 99 97 2 18 70 33 
900 100 20 223 
900 101 40 27 229 
900 102 99 101 6 233 273 165 
900 103 224 264 282 199 255 
900 104 257 
900 105 153 154 85 
900 106 94 31 
900 107 64 229 263 115 247 120 157 31 
900 108 100 39 296 50 116 222 
900 109 289 81 45 126 225 
900 110 138 45 54 101 
900 111 98 165 38 177 116 219 220 
900 113 162 103 232 111 86 88 
900 114 
900 115 161 41 106 203 24 185 
900 116 
900 117 64 72 24 223 
900 118 225 34 294 81 61 223 
900 119 77 150 
900 120 121 91 172 166 14 
900 121 296 291 114 115 226 
900 122 200 49 138 194 62 
900 124 41 26 4 246 
900 125 230 21 126 263 
900 126 9 188 230 70 169 
900 127 104 196 68 166 30 
900 128 272 90 107 139 54 
900 129 294 62 
900 130 162 
900 131 177 6 281 
900 132 33 266 203 196 207 
900 133 24 
900 134 32 1 201 139 268 211 
900 135 38 279 
900 136 275 147 21 13 
900 137 176 237 198 261 
900 138 291 68 73 106 269 239 177 247 251 
900 139 283 
900 140 73 90 171 124 
900 141 26 108 66 134 77 
900 143 177 34 259 76 77 
900 144 95 271 
900 146 32 128 262 244 182 152 
900 147 43 247 
900 149 48 161 171 9 
900 150 174 
900 151 164 234 82 188 205 
900 152 227 14 
900 153 289 126 263 
900 154 160 76 
900 156 24 89 69 
900 157 230 20 253 102 
900 158 256 130 234 45 177 55 186 
900 159 259 60 
900 160 171 
900 161 101 173 47 
900 162 184 210 253 118 
900 163 299 117 199 
900 164 87 133 79 
900 165 192 210 45 110 245 
900 166 16 201 
900 168 2 134 110 58 220 125 
900 169 4 138 110 50 20 218 
900 170 108 271 147 277 246 158 
900 171 152 19 156 214 71 
900 172 69 135 139 51 249 103 
900 173 24 1 106 99 118 
900 174 208 194 260 245 
900 175 169 35 84 
900 176 208 80 284 245 
900 177 225 68 38 169 203 13 109 209 114 147 
900 180 295 18 24 217 285 95 
900 181 289 290 196 86 199 
900 182 80 193 229 169 
900 183 33 139 276 248 90 91 220 63 
900 184 208 2 243 
900 185 264 9 85 86 
900 186 163 16 216 56 185 250 
900 187 34 99 196 29 70 
900 188 15 
900 189 113 299 169 
900 190 160 268 44 118 71 
900 192 217 76 269 
900 193 82 291 196 238 127 
900 194 138 98 181 
900 195 201 47 153 
900 196 226 54 242 118 25 190 
900 197 133 296 203 48 182 126 
900 198 128 201 210 64 
900 199 0 166 109 269 272 280 58 
900 200 32 118 261 222 229 
900 201 48 242 258 268 109 
900 203 289 101 199 77 52 247 
900 205 194 264 9 172 296 89 
900 206 132 9 138 43 111 52 186 
900 207 41 292 125 273 
900 208 52 158 262 
900 209 101 273 277 214 280 152 
900 210 166 15 241 182 87 283 189 159 
900 211 32 150 
900 212 
900 214 110 275 268 86 246 
900 215 232 29 
900 216 224 96 3 149 
900 217 20 14 
900 218 96 85 166 95 
900 219 65 227 196 294 257 
900 220 2 260 169 18 84 58 
900 222 56 234 131 109 205 
900 223 77 14 
900 224 258 86 103 
900 225 39 45 95 
900 226 100 166 174 149 279 190 
900 227 274 164 71 
900 228 217 229 247 
900 229 245 
900 230 8 97 252 101 
900 231 80 64 27 292 93 
900 232 133 253 
900 233 240 57 91 
900 234 232 241 210 285 86 
900 235 219 
900 236 136 269 86 
900 237 130 182 
900 238 79 
900 239 121 130 14 
900 240 225 276 246 126 
900 241 128 289 164 229 266 267 109 176 211 24 251 
900 242 160 185 83 
900 243 33 247 94 183 
900 244 95 243 171 71 
900 245 263 46 231 
900 246 216 32 291 220 245 
900 247 26 276 93 79 
900 248 176 79 284 125 15 
900 249 130 67 134 16 114 216 92 
900 250 289 279 26 219 218 30 
900 251 76 
900 252 217 109 
900 253 130 15 180 210 231 
900 254 210 102 
900 255 137 131 187 175 
900 256 259 157 95 
900 257 176 26 251 
900 258 208 254 
900 259 48 181 103 
900 260 19 73 299 12 31 
900 261 256 64 162 278 272 
900 262 224 229 80 216 58 287 31 
900 263 24 233 12 70 
900 264 104 34 252 63 
900 265 1 291 24 246 248 90 29 
900 266 
900 267 70 232 79 48 281 127 
900 268 48 228 261 
900 269 
900 271 161 1 129 147 56 89 286 
900 272 8 43 163 137 
900 273 201 10 76 222 95 
900 274 89 267 156 125 295 
900 275 240 35 94 181 6 
900 276 16 295 217 107 7 
900 277 289 101 294 116 183 25 
900 278 97 114 147 
900 279 9 
900 280 169 50 
900 281 260 38 294 104 236 77 175 16 264 196 
900 282 264 138 125 14 
900 283 152 162 11 50 
900 284 144 88 258 
900 285 273 274 73 
900 286 104 187 284 111 
900 287 193 100 105 271 82 21 
900 289 96 17 186 68 234 
900 290 216 7 
900 291 0 128 66 197 266 174 82 
900 292 96 115 116 77 
900 294 73 278 286 39 
900 295 
900 296 18 68 134 70 173 146 249 90 93 69 
900 298 96 249 203 77 
900 299 68 79 
1800 0 98 253 159 
1800 1 233 255 
1800 2 113 107 54 
1800 3 162 99 174 113 131 120 190 
1800 4 105 196 97 
1800 5 79 114 85 87 184 284 31 
1800 6 50 
1800 7 232 255 268 229 15 
1800 8 6 151 
1800 9 113 135 
1800 10 264 249 122 35 81 
1800 11 91 76 149 6 
1800 12 241 66 262 223 
1800 13 129 274 172 150 71 
1800 14 96 58 45 
1800 15 0 160 103 232 62 150 282 251 222 
1800 16 226 35 5 114 275 59 
1800 17 266 13 240 20 90 30 
1800 18 8 130 262 222 55 
1800 19 104 50 
1800 20 64 
1800 21 225 267 222 
1800 24 176 120 119 
1800 26 201 12 117 33 
1800 27 252 4 
1800 29 187 63 
1800 30 227 199 168 16 279 255 
1800 31 80 282 295 254 271 
1800 32 131 132 197 143 291 244 124 126 
1800 33 2 35 76 146 131 255 
1800 34 106 94 
1800 35 173 151 
1800 36 274 
1800 39 149 238 7 
1800 40 294 172 244 88 89 93 
1800 41 275 260 
1800 43 144 244 196 
1800 44 289 171 4 9 43 76 243 252 
1800 45 59 124 102 
1800 46 281 82 190 
1800 47 119 282 107 203 215 
1800 48 152 265 100 
1800 49 76 260 54 215 
1800 50 265 251 116 70 243 
1800 51 49 149 87 
1800 52 2 101 94 
1800 54 56 292 47 
1800 55 48 287 139 295 
1800 56 219 158 54 31 
1800 57 16 215 29 69 71 
1800 58 264 268 122 4 
1800 59 64 290 196 10 85 63 
1800 60 128 137 11 174 111 125 
1800 61 97 190 
1800 62 263 
1800 63 137 90 227 
1800 64 242 228 
1800 65 266 132 58 238 69 
1800 66 48 10 125 
1800 68 284 
1800 69 187 107 116 5 203 
1800 70 68 
1800 71 296 244 69 183 
1800 72 106 143 
1800 73 9 69 95 
1800 74 84 
1800 76 229 272 242 51 120 283 223 
1800 77 224 100 197 296 79 51 
1800 79 143 187 101 253 279 
1800 80 65 236 174 31 
1800 81 88 
1800 82 69 265 44 237 18 244 280 276 
1800 83 7 
1800 84 104 122 292 110 31 
1800 85 35 138 171 147 236 
1800 86 130 196 296 140 177 180 223 124 63 
1800 87 2 99 252 118 
1800 88 184 41 
1800 89 258 227 69 40 143 207 91 222 
1800 90 143 
1800 91 226 171 117 253 21 
1800 93 89 180 117 214 7 
1800 94 11 14 287 
1800 95 80 33 252 81 
1800 96 
1800 97 27 137 211 79 
1800 98 224 264 239 176 85 56 58 251 
1800 99 97 2 18 70 33 
1800 100 20 223 
1800 101 40 27 229 
1800 102 99 101 6 233 273 165 
1800 103 224 264 282 199 255 
1800 104 
1800 105 153 154 85 
1800 106 94 31 
1800 107 64 229 263 115 120 157 31 
1800 109 289 81 45 126 225 
1800 110 138 45 54 101 
1800 111 98 165 177 116 219 220 
1800 113 162 103 232 111 86 88 
1800 114 
1800 115 161 41 106 203 24 185 
1800 116 
1800 117 64 72 24 223 
1800 118 225 34 294 81 61 223 
1800 119 77 150 
1800 120 121 91 172 166 14 
1800 121 296 291 114 115 226 
1800 122 200 49 138 194 62 
1800 124 41 26 4 246 
1800 125 230 21 126 263 
1800 126 9 188 230 70 169 
1800 127 104 196 68 166 30 
1800 128 272 90 107 139 54 
1800 129 294 62 
1800 130 162 
1800 131 177 6 281 
1800 132 33 266 203 196 207 
1800 133 24 
1800 134 32 1 201 139 268 211 
1800 135 279 
1800 136 275 147 21 13 
1800 137 176 237 198 
1800 138 291 68 73 106 269 239 177 251 
1800 139 283 
1800 140 73 90 171 124 
1800 141 26 66 134 77 
1800 143 177 34 259 76 77 
1800 144 95 271 
1800 146 32 128 262 244 182 152 
1800 147 43 
1800 149 48 161 171 9 
1800 150 174 
1800 151 164 82 188 205 
1800 152 227 14 
1800 153 289 126 263 
1800 154 160 76 
1800 156 24 89 69 
1800 157 230 20 253 102 
1800 158 256 130 45 177 55 186 
1800 159 259 60 
1800 160 171 
1800 161 101 173 47 
1800 162 184 210 253 118 
1800 163 117 199 
1800 164 87 133 79 
1800 165 192 210 45 110 245 
1800 166 16 201 
1800 168 2 134 110 58 220 125 
1800 169 4 138 110 50 20 218 
1800 170 246 147 277 158 271 
1800 171 152 19 156 214 71 
1800 172 69 135 139 51 249 103 
1800 173 24 1 106 99 118 
1800 174 208 194 260 245 
1800 175 169 35 84 
1800 176 208 80 284 245 
1800 177 225 68 169 203 13 109 209 114 147 
1800 180 295 18 24 217 285 95 
1800 182 80 169 229 
1800 183 33 139 276 90 91 220 63 
1800 184 208 2 243 
1800 185 264 9 85 86 
1800 186 163 16 216 56 185 250 
1800 187 34 99 196 29 70 
1800 188 15 
1800 189 113 169 
1800 190 160 268 44 118 71 
1800 192 217 76 269 
1800 194 138 98 
1800 195 201 47 153 
1800 196 242 226 118 54 190 
1800 197 133 296 203 48 182 126 
1800 198 128 201 210 64 
1800 199 0 166 109 269 272 280 58 
1800 200 32 118 229 222 
1800 201 48 242 258 268 109 
1800 203 289 52 101 77 199 
1800 205 194 264 9 172 296 89 
1800 206 132 9 138 43 111 52 186 
1800 207 41 292 125 273 
1800 208 52 158 262 
1800 209 101 273 277 214 280 152 
1800 210 166 15 241 182 87 283 189 159 
1800 211 32 150 
1800 212 
1800 214 110 275 268 86 246 
1800 215 232 29 
1800 216 224 96 3 149 
1800 217 20 14 
1800 218 96 85 166 95 
1800 219 65 227 196 294 
1800 220 2 260 169 18 84 58 
1800 222 56 131 109 205 
1800 223 77 14 
1800 224 258 86 103 
1800 225 39 45 95 
1800 226 100 166 174 149 279 190 
1800 227 274 164 71 
1800 228 217 229 
1800 229 245 
1800 230 8 97 252 101 
1800 231 80 64 27 292 93 
1800 232 133 253 
1800 233 240 57 91 
1800 235 219 
1800 236 136 269 86 
1800 237 130 182 
1800 238 79 
1800 239 121 130 14 
1800 240 225 276 246 126 
1800 241 128 289 164 229 266 267 109 176 211 24 251 
1800 242 160 185 83 
1800 243 33 94 183 
1800 244 95 243 171 71 
1800 245 263 46 231 
1800 246 216 32 291 220 245 
1800 249 216 16 130 114 134 
1800 250 289 279 26 219 218 30 
1800 251 76 
1800 252 217 109 
1800 253 130 15 180 210 231 
1800 254 210 102 
1800 255 137 131 187 175 
1800 256 259 157 95 
1800 258 208 254 
1800 259 48 103 
1800 260 73 19 12 31 
1800 262 224 229 80 216 58 287 31 
1800 263 24 233 12 70 
1800 264 104 34 252 63 
1800 265 1 291 246 24 90 29 
1800 266 
1800 267 70 232 79 48 281 127 
1800 268 48 228 
1800 269 
1800 271 161 1 129 147 56 89 286 
1800 272 8 43 163 137 
1800 273 201 10 76 222 95 
1800 274 89 267 156 125 295 
1800 275 240 35 94 6 
1800 276 16 295 217 107 7 
1800 277 289 116 101 294 183 
1800 278 97 114 147 
1800 279 9 
1800 280 169 50 
1800 281 260 294 104 236 77 175 16 264 196 
1800 282 264 138 125 14 
1800 283 152 162 11 50 
1800 284 144 88 258 
1800 285 273 274 73 
1800 286 104 187 284 111 
1800 287 105 82 100 21 271 
1800 289 96 17 186 68 
1800 290 216 7 
1800 291 0 128 66 197 266 174 82 
1800 292 96 115 116 77 
1800 294 73 278 286 39 
1800 295 
1800 296 18 68 134 70 173 146 249 90 93 69 
1800 298 96 249 203 77 
2700 0 98 253 159 
2700 1 233 
2700 2 113 54 
2700 3 162 99 174 113 131 120 190 
2700 4 105 196 97 
2700 5 79 114 85 87 184 284 
2700 6 50 
2700 7 232 268 229 15 
2700 8 6 151 
2700 9 113 135 
2700 10 264 249 122 35 81 
2700 11 91 76 149 6 
2700 12 241 66 262 223 
2700 13 129 274 172 150 71 
2700 14 96 58 45 
2700 15 0 160 103 232 62 150 282 251 222 
2700 16 226 35 5 114 275 59 
2700 17 240 266 90 20 13 
2700 18 8 130 262 222 55 
2700 19 104 50 
2700 20 64 
2700 21 225 267 222 
2700 24 176 120 119 
2700 26 201 12 117 33 
2700 27 252 4 
2700 29 187 63 
2700 32 131 132 197 143 291 244 124 126 
2700 33 35 146 131 76 2 
2700 34 94 
2700 35 173 151 
2700 36 274 
2700 39 149 238 7 
2700 40 294 172 244 88 89 93 
2700 41 275 260 
2700 43 244 196 
2700 44 289 171 4 9 43 76 243 252 
2700 45 59 124 102 
2700 46 281 82 190 
2700 47 282 203 119 
2700 48 152 265 100 
2700 49 76 260 54 
2700 50 265 251 116 70 243 
2700 51 49 149 87 
2700 52 2 101 94 
2700 54 56 292 47 
2700 55 48 287 139 295 
2700 56 219 158 54 
2700 57 16 29 69 71 
2700 58 264 268 122 4 
2700 59 64 10 196 85 63 
2700 60 128 137 11 174 111 125 
2700 61 97 190 
2700 62 263 
2700 63 137 90 227 
2700 64 228 
2700 66 48 10 125 
2700 68 284 
2700 69 187 203 116 5 
2700 70 68 
2700 71 296 244 69 183 
2700 72 143 
2700 73 9 69 95 
2700 74 84 
2700 76 229 272 51 120 283 223 
2700 77 224 100 197 296 79 51 
2700 79 143 187 101 253 279 
2700 80 236 174 
2700 81 88 
2700 82 69 265 44 237 18 244 280 276 
2700 83 7 
2700 84 104 122 292 
2700 85 35 138 171 147 236 
2700 86 130 196 296 140 177 180 223 124 63 
2700 87 2 99 252 118 
2700 88 184 41 
2700 89 258 227 69 40 143 207 91 222 
2700 90 143 
2700 91 226 171 117 253 21 
2700 93 89 180 117 7 
2700 94 11 14 287 
2700 95 80 33 252 81 
2700 96 
2700 97 27 137 211 79 
2700 98 224 264 239 176 85 56 58 251 
2700 99 97 2 18 70 33 
2700 100 20 223 
2700 101 40 27 229 
2700 102 99 101 6 233 273 165 
2700 103 224 264 282 199 
2700 104 
2700 105 153 154 85 
2700 109 289 81 45 126 225 
2700 111 98 165 177 116 219 220 
2700 113 162 103 232 111 86 88 
2700 114 
2700 115 24 161 203 185 41 
2700 116 
2700 117 64 72 24 223 
2700 118 225 34 294 81 61 223 
2700 119 77 150 
2700 120 121 91 172 166 14 
2700 121 296 291 114 115 226 
2700 122 200 49 138 194 62 
2700 124 41 26 4 246 
2700 125 230 21 126 263 
2700 126 9 188 230 70 169 
2700 127 104 196 68 166 
2700 128 272 90 139 54 
2700 129 294 62 
2700 130 162 
2700 131 177 6 281 
2700 132 33 266 203 196 207 
2700 133 24 
2700 134 32 1 201 139 268 211 
2700 135 279 
2700 137 176 237 198 
2700 138 291 68 73 269 239 177 251 
2700 139 283 
2700 140 73 90 171 124 
2700 141 26 66 134 77 
2700 143 177 34 259 76 77 
2700 146 32 128 262 244 182 152 
2700 147 43 
2700 149 48 161 171 9 
2700 150 174 
2700 151 164 82 188 205 
2700 152 227 14 
2700 153 289 126 263 
2700 154 160 76 
2700 156 24 89 69 
2700 157 230 20 253 102 
2700 158 256 130 45 177 55 186 
2700 159 259 60 
2700 160 171 
2700 161 101 173 47 
2700 162 184 210 253 118 
2700 163 117 199 
2700 164 87 133 79 
2700 165 192 210 45 245 
2700 166 16 201 
2700 168 58 2 220 125 134 
2700 169 20 138 50 4 218 
2700 170 246 147 277 158 271 
2700 171 152 19 156 71 
2700 172 69 135 139 51 249 103 
2700 173 24 1 99 118 
2700 174 208 194 260 245 
2700 175 169 35 84 
2700 176 208 80 284 245 
2700 177 225 68 169 203 13 109 209 114 147 
2700 180 295 18 24 217 285 95 
2700 182 80 169 229 
2700 183 33 139 276 90 91 220 63 
2700 184 208 2 243 
2700 185 264 9 85 86 
2700 186 163 16 216 56 185 250 
2700 187 34 99 196 29 70 
2700 188 15 
2700 189 113 169 
2700 190 160 268 44 118 71 
2700 192 217 76 269 
2700 194 138 98 
2700 195 201 47 153 
2700 196 226 118 54 190 
2700 197 133 296 203 48 182 126 
2700 198 128 201 210 64 
2700 199 0 166 109 269 272 280 58 
2700 200 32 118 229 222 
2700 201 48 258 268 109 
2700 203 289 52 101 77 199 
2700 205 194 264 9 172 296 89 
2700 206 132 9 138 43 111 52 186 
2700 207 41 292 125 273 
2700 208 52 158 262 
2700 209 280 152 273 277 101 
2700 210 166 15 241 182 87 283 189 159 
2700 211 32 150 
2700 212 
2700 216 224 96 3 149 
2700 217 20 14 
2700 218 96 85 166 95 
2700 219 227 196 294 
2700 220 2 260 169 18 84 58 
2700 222 56 131 109 205 
2700 223 77 14 
2700 224 258 86 103 
2700 225 39 45 95 
2700 226 100 166 174 149 279 190 
2700 227 274 164 71 
2700 228 217 229 
2700 229 245 
2700 230 8 97 252 101 
2700 231 80 64 27 292 93 
2700 232 133 253 
2700 233 240 57 91 
2700 235 219 
2700 236 269 86 
2700 237 130 182 
2700 238 79 
2700 239 121 130 14 
2700 240 225 276 246 126 
2700 241 128 289 164 229 266 267 109 176 211 24 251 
2700 243 33 94 183 
2700 244 95 243 171 71 
2700 245 263 46 231 
2700 246 216 32 291 220 245 
2700 249 216 16 130 114 134 
2700 250 289 218 219 26 279 
2700 251 76 
2700 252 217 109 
2700 253 130 15 180 210 231 
2700 254 210 102 
2700 256 259 157 95 
2700 258 208 254 
2700 259 48 103 
2700 260 73 19 12 
2700 262 224 229 80 216 58 287 
2700 263 24 233 12 70 
2700 264 104 34 252 63 
2700 265 1 291 246 24 90 29 
2700 266 
2700 267 70 232 79 48 281 127 
2700 268 48 228 
2700 269 
2700 271 161 1 129 147 56 89 286 
2700 272 8 43 163 137 
2700 273 201 10 76 222 95 
2700 274 89 267 156 125 295 
2700 275 240 35 94 6 
2700 276 16 217 295 7 
2700 277 289 116 101 294 183 
2700 278 97 114 147 
2700 279 9 
2700 280 169 50 
2700 281 260 294 104 236 77 175 16 264 196 
2700 282 264 138 125 14 
2700 283 152 162 11 50 
2700 284 88 258 
2700 285 273 274 73 
2700 286 104 187 284 111 
2700 287 105 82 100 21 271 
2700 289 96 17 186 68 
2700 291 0 128 66 197 266 174 82 
2700 292 96 115 116 77 
2700 294 73 278 286 39 
2700 295 
2700 296 18 68 134 70 173 146 249 90 93 69 
2700 298 96 249 203 77 
3600 0 98 253 159 
3600 1 233 
3600 2 113 
3600 3 162 99 174 113 131 120 190 
3600 4 105 196 97 
3600 5 184 114 87 284 79 
3600 6 50 
3600 7 232 268 229 15 
3600 8 6 151 
3600 9 113 135 
3600 10 264 249 122 35 81 
3600 11 91 76 149 6 
3600 12 262 223 
3600 13 129 274 172 150 71 
3600 14 96 58 45 
3600 15 0 160 103 232 62 150 282 251 222 
3600 16 226 35 5 114 275 59 
3600 17 240 266 90 20 13 
3600 18 8 130 262 222 55 
3600 19 104 50 
3600 20 64 
3600 21 225 222 
3600 24 176 120 119 
3600 26 201 12 117 33 
3600 27 252 4 
3600 29 187 63 
3600 32 131 132 197 143 291 244 124 126 
3600 33 35 146 131 76 2 
3600 34 94 
3600 35 173 151 
3600 36 274 
3600 39 149 238 7 
3600 40 294 172 244 88 89 93 
3600 41 275 260 
3600 43 244 196 
3600 44 289 171 4 9 43 76 252 
3600 45 59 124 102 
3600 46 281 82 190 
3600 47 282 203 119 
3600 48 152 265 100 
3600 49 76 260 
3600 50 265 251 116 70 
3600 51 49 149 87 
3600 52 2 101 94 
3600 55 48 287 139 295 
3600 56 219 
3600 57 16 29 69 71 
3600 58 264 268 122 4 
3600 59 64 10 196 63 
3600 60 128 137 11 174 111 125 
3600 61 97 190 
3600 62 263 
3600 63 137 90 
3600 64 228 
3600 68 284 
3600 69 187 203 116 5 
3600 70 68 
3600 71 296 244 69 183 
3600 72 143 
3600 73 9 69 95 
3600 74 84 
3600 76 229 272 51 120 283 223 
3600 77 224 100 197 296 79 51 
3600 79 143 187 101 253 279 
3600 81 88 
3600 82 69 265 44 237 18 244 280 276 
3600 83 7 
3600 84 104 122 
3600 86 130 196 296 140 177 180 223 124 63 
3600 87 2 99 252 118 
3600 88 184 41 
3600 89 258 69 40 143 207 91 222 
3600 90 143 
3600 91 226 171 117 253 21 
3600 93 89 180 117 7 
3600 94 11 14 287 
3600 95 33 252 81 
3600 96 
3600 97 27 137 211 79 
3600 98 224 264 239 176 56 58 251 
3600 99 97 2 18 70 33 
3600 100 20 223 
3600 101 40 27 229 
3600 102 99 101 6 233 273 165 
3600 103 224 264 282 199 
3600 104 
3600 105 153 154 
3600 109 289 81 45 126 225 
3600 111 98 165 177 116 219 220 
3600 113 162 103 232 111 86 88 
3600 114 
3600 115 24 161 203 185 41 
3600 116 
3600 117 64 72 24 223 
3600 118 225 34 294 81 61 223 
3600 119 77 150 
3600 120 121 91 172 166 14 
3600 121 296 291 114 115 226 
3600 122 200 49 138 194 62 
3600 124 41 26 4 246 
3600 125 230 21 126 263 
3600 126 9 188 230 70 169 
3600 128 272 90 139 
3600 129 294 62 
3600 130 162 
3600 131 177 6 281 
3600 132 33 266 203 196 207 
3600 133 24 
3600 134 32 1 201 139 268 211 
3600 135 279 
3600 137 176 237 198 
3600 138 291 68 73 269 239 177 251 
3600 139 283 
3600 140 73 90 171 124 
3600 141 26 77 134 
3600 143 177 34 259 76 77 
3600 146 32 128 262 244 182 152 
3600 147 43 
3600 149 48 161 171 9 
3600 150 174 
3600 151 164 82 188 205 
3600 152 14 
3600 153 289 126 263 
3600 154 160 76 
3600 156 24 89 69 
3600 157 230 20 253 102 
3600 159 259 60 
3600 160 171 
3600 161 101 173 47 
3600 162 184 210 253 118 
3600 163 117 199 
3600 164 87 133 79 
3600 165 192 210 45 245 
3600 166 16 201 
3600 168 58 2 220 125 134 
3600 169 20 138 4 50 
3600 170 147 277 246 271 
3600 171 152 19 156 71 
3600 172 69 135 139 51 249 103 
3600 173 24 1 99 118 
3600 174 208 194 260 245 
3600 175 169 35 84 
3600 176 208 284 245 
3600 177 225 68 169 203 13 109 209 114 147 
3600 180 295 18 24 217 285 95 
3600 182 169 229 
3600 183 33 139 276 90 91 220 63 
3600 184 208 2 
3600 185 264 9 86 
3600 186 163 16 216 56 185 250 
3600 187 34 99 196 29 70 
3600 188 15 
3600 189 113 169 
3600 190 160 268 44 118 71 
3600 192 217 76 269 
3600 194 138 98 
3600 195 201 47 153 
3600 196 226 118 190 
3600 197 133 296 203 48 182 126 
3600 198 128 201 210 64 
3600 199 0 166 109 269 272 280 58 
3600 200 32 118 229 222 
3600 201 48 258 268 109 
3600 203 289 52 101 77 199 
3600 205 194 264 9 172 296 89 
3600 206 132 9 138 43 111 52 186 
3600 207 41 125 273 
3600 208 52 262 
3600 209 280 152 273 277 101 
3600 210 166 15 182 87 283 189 159 
3600 211 32 150 
3600 216 224 96 3 149 
3600 217 20 14 
3600 219 196 294 
3600 220 2 260 169 18 84 58 
3600 222 56 131 109 205 
3600 223 77 14 
3600 224 258 86 103 
3600 225 39 45 95 
3600 226 100 166 174 149 279 190 
3600 228 217 229 
3600 229 245 
3600 230 8 97 252 101 
3600 231 64 27 93 
3600 232 133 253 
3600 233 240 57 91 
3600 235 219 
3600 236 269 86 
3600 237 130 182 
3600 238 79 
3600 239 121 130 14 
3600 240 225 276 246 126 
3600 244 95 171 71 
3600 245 263 46 231 
3600 246 216 32 291 220 245 
3600 249 216 16 130 114 134 
3600 250 289 26 219 279 
3600 251 76 
3600 252 217 109 
3600 253 130 15 180 210 231 
3600 254 210 102 
3600 256 259 157 95 
3600 258 208 254 
3600 259 48 103 
3600 260 73 19 12 
3600 262 224 216 58 229 287 
3600 263 24 233 12 70 
3600 264 104 34 252 63 
3600 265 1 291 246 24 90 29 
3600 266 
3600 268 48 228 
3600 269 
3600 271 161 1 129 147 56 89 286 
3600 272 8 43 163 137 
3600 273 201 10 76 222 95 
3600 274 89 156 125 295 
3600 275 240 35 94 6 
3600 276 16 217 295 7 
3600 277 289 116 101 294 183 
3600 278 97 114 147 
3600 279 9 
3600 280 169 50 
3600 281 260 294 104 236 77 175 16 264 196 
3600 282 264 138 125 14 
3600 283 152 162 11 50 
3600 284 88 258 
3600 285 273 274 73 
3600 286 104 187 284 111 
3600 287 105 82 100 21 271 
3600 289 96 17 186 68 
3600 291 0 128 197 266 174 82 
3600 294 73 278 286 39 
3600 295 
3600 296 18 68 134 70 173 146 249 90 93 69 
3600 298 96 249 203 77 
4500 0 98 253 159 
4500 1 233 
4500 2 113 
4500 3 162 99 174 113 131 120 190 
4500 4 105 196 97 
4500 5 184 114 87 284 79 
4500 6 50 
4500 7 232 268 229 15 
4500 8 6 
4500 9 113 135 
4500 10 264 249 122 35 81 
4500 11 91 76 149 6 
4500 12 262 223 
4500 13 129 274 172 150 71 
4500 14 96 58 45 
4500 15 0 160 103 232 62 150 282 251 222 
4500 16 226 35 5 114 275 59 
4500 17 240 266 90 20 13 
4500 18 8 130 262 222 55 
4500 19 104 50 
4500 20 64 
4500 21 225 222 
4500 24 176 120 
4500 26 201 12 117 33 
4500 27 252 4 
4500 29 187 63 
4500 32 131 132 197 143 291 244 124 126 
4500 33 35 146 131 76 2 
4500 34 94 
4500 35 173 
4500 36 274 
4500 39 149 238 7 
4500 40 294 172 244 88 89 93 
4500 41 275 260 
4500 43 244 196 
4500 44 289 171 4 9 43 76 252 
4500 45 59 124 
4500 46 281 82 190 
4500 47 282 203 
4500 48 265 100 
4500 49 76 260 
4500 50 265 251 116 70 
4500 51 49 149 87 
4500 55 48 287 139 295 
4500 56 219 
4500 57 16 29 69 71 
4500 58 264 268 122 4 
4500 59 64 10 196 63 
4500 60 128 137 11 174 111 125 
4500 61 97 190 
4500 62 263 
4500 63 137 90 
4500 64 228 
4500 68 284 
4500 69 187 203 116 5 
4500 70 68 
4500 71 296 244 69 183 
4500 72 143 
4500 73 9 69 95 
4500 74 84 
4500 76 229 272 51 120 283 223 
4500 77 296 51 100 197 79 
4500 79 143 187 101 253 279 
4500 81 88 
4500 82 69 265 44 237 18 244 276 
4500 83 7 
4500 84 104 122 
4500 86 130 196 296 177 180 223 124 63 
4500 87 2 99 252 118 
4500 88 184 41 
4500 89 258 69 40 143 207 91 222 
4500 90 143 
4500 91 226 171 117 253 21 
4500 93 89 180 117 7 
4500 94 11 14 287 
4500 95 33 252 81 
4500 96 
4500 97 137 27 79 
4500 98 264 239 176 56 58 251 
4500 99 97 2 18 70 33 
4500 100 20 223 
4500 101 40 27 229 
4500 103 264 282 199 
4500 104 
4500 105 153 154 
4500 109 289 81 45 126 225 
4500 111 177 98 219 116 165 
4500 113 162 103 232 111 86 88 
4500 114 
4500 115 24 161 203 185 41 
4500 116 
4500 117 64 72 24 223 
4500 118 225 34 294 81 61 223 
4500 120 121 91 172 166 14 
4500 121 296 291 114 115 226 
4500 122 200 49 138 194 62 
4500 124 41 26 4 246 
4500 125 230 21 126 263 
4500 126 9 188 230 70 169 
4500 128 272 90 139 
4500 129 294 62 
4500 130 162 
4500 131 177 6 281 
4500 132 33 266 203 196 207 
4500 133 24 
4500 134 32 201 139 268 1 
4500 135 279 
4500 137 176 237 198 
4500 138 291 68 73 269 239 177 251 
4500 139 283 
4500 141 26 77 134 
4500 143 177 34 259 76 77 
4500 146 32 128 244 182 262 
4500 147 43 
4500 149 48 161 171 9 
4500 150 174 
4500 153 289 126 263 
4500 154 160 76 
4500 156 24 89 69 
4500 157 20 253 230 
4500 159 259 60 
4500 160 171 
4500 161 101 173 47 
4500 162 184 253 118 
4500 163 117 199 
4500 164 87 133 79 
4500 165 192 45 245 
4500 166 16 201 
4500 168 58 2 125 134 
4500 169 20 138 4 50 
4500 170 147 277 246 271 
4500 171 19 156 71 
4500 172 69 135 139 51 249 103 
4500 173 24 1 99 118 
4500 174 208 194 260 245 
4500 175 169 35 84 
4500 176 208 284 245 
4500 177 225 68 169 203 13 109 114 147 
4500 180 295 18 24 217 285 95 
4500 182 169 229 
4500 183 33 139 276 90 91 63 
4500 184 208 2 
4500 185 264 9 86 
4500 186 163 16 216 56 185 250 
4500 187 34 99 196 29 70 
4500 188 15 
4500 190 160 268 44 118 71 
4500 192 217 76 269 
4500 194 138 98 
4500 195 201 47 153 
4500 196 226 118 190 
4500 197 133 296 203 48 182 126 
4500 198 128 201 64 
4500 199 0 166 109 269 272 58 
4500 200 32 118 229 222 
4500 201 48 258 268 109 
4500 203 289 101 77 199 
4500 205 194 264 9 172 296 89 
4500 206 132 9 138 43 111 186 
4500 207 41 125 273 
4500 208 262 
4500 216 96 3 149 
4500 217 20 14 
4500 219 196 294 
4500 222 56 131 109 205 
4500 223 77 14 
4500 225 39 45 95 
4500 226 100 166 174 149 279 190 
4500 228 217 229 
4500 229 245 
4500 230 8 97 252 101 
4500 231 64 27 93 
4500 232 133 253 
4500 233 240 57 91 
4500 235 219 
4500 236 269 86 
4500 237 130 182 
4500 238 79 
4500 239 121 130 14 
4500 240 225 276 246 126 
4500 244 95 171 71 
4500 245 263 46 231 
4500 246 216 32 291 245 
4500 249 216 16 130 114 134 
4500 250 289 26 219 279 
4500 251 76 
4500 252 217 109 
4500 253 130 15 180 231 
4500 254 
4500 256 259 157 95 
4500 258 208 254 
4500 259 48 103 
4500 260 73 19 12 
4500 262 216 58 229 287 
4500 263 24 233 12 70 
4500 264 104 34 252 63 
4500 265 1 291 246 24 90 29 
4500 266 
4500 268 48 228 
4500 269 
4500 271 161 1 129 147 56 89 286 
4500 272 8 43 163 137 
4500 273 201 10 76 222 95 
4500 274 89 156 125 295 
4500 275 240 35 94 6 
4500 276 16 217 295 7 
4500 277 289 116 101 294 183 
4500 278 97 114 147 
4500 279 9 
4500 281 260 294 104 236 77 175 16 264 196 
4500 282 264 138 125 14 
4500 283 162 11 50 
4500 284 88 258 
4500 285 273 274 73 
4500 286 104 187 284 111 
4500 287 105 82 100 21 271 
4500 289 96 17 186 68 
4500 291 0 128 197 266 174 82 
4500 294 73 278 286 39 
4500 295 
4500 296 18 68 134 70 173 146 249 90 93 69 
4500 298 96 249 203 77 
5400 0 98 159 
5400 1 233 
5400 2 113 
5400 3 162 99 174 113 131 120 
5400 4 105 196 97 
5400 5 184 114 87 284 79 
5400 6 50 
5400 7 232 268 229 15 
5400 8 6 
5400 9 113 135 
5400 10 264 249 122 35 81 
5400 11 91 76 149 6 
5400 12 262 223 
5400 13 129 274 172 150 71 
5400 14 96 58 45 
5400 15 0 160 103 232 62 150 282 251 222 
5400 16 226 35 5 114 275 59 
5400 17 266 90 20 13 
5400 18 8 130 262 222 55 
5400 19 104 50 
5400 20 64 
5400 21 225 222 
5400 24 176 120 
5400 26 201 12 33 
5400 27 252 4 
5400 29 187 63 
5400 32 131 132 197 143 291 244 124 126 
5400 33 35 146 131 76 2 
5400 34 
5400 35 173 
5400 36 274 
5400 39 149 238 7 
5400 40 294 172 244 88 89 93 
5400 41 275 260 
5400 43 244 196 
5400 44 289 171 4 9 43 76 252 
5400 45 59 124 
5400 46 281 82 
5400 47 282 203 
5400 48 265 100 
5400 49 76 260 
5400 50 265 251 116 70 
5400 55 48 287 139 295 
5400 56 219 
5400 57 16 29 69 71 
5400 58 264 268 122 4 
5400 59 64 10 196 63 
5400 60 128 137 11 174 111 125 
5400 61 97 
5400 62 263 
5400 63 137 90 
5400 64 228 
5400 68 284 
5400 69 187 203 116 5 
5400 70 68 
5400 71 296 244 69 183 
5400 72 143 
5400 73 9 69 95 
5400 74 84 
5400 76 120 283 229 223 
5400 77 296 100 197 79 
5400 79 187 143 101 279 
5400 81 88 
5400 82 69 265 44 237 18 244 276 
5400 83 7 
5400 84 104 122 
5400 86 130 196 296 177 180 223 124 63 
5400 87 2 99 252 118 
5400 88 184 41 
5400 89 258 69 40 143 91 222 
5400 90 143 
5400 91 226 171 21 
5400 93 89 180 7 
5400 95 33 252 81 
5400 96 
5400 97 137 27 79 
5400 98 264 239 176 56 58 251 
5400 99 97 2 18 70 33 
5400 100 20 223 
5400 101 40 27 229 
5400 103 264 282 
5400 104 
5400 105 153 154 
5400 109 289 81 45 126 225 
5400 111 177 98 219 116 165 
5400 113 162 103 232 111 86 88 
5400 114 
5400 115 24 161 203 185 41 
5400 116 
5400 118 225 34 294 81 61 223 
5400 120 91 172 166 14 
5400 122 200 49 138 62 
5400 124 41 26 4 
5400 125 230 21 126 263 
5400 126 9 188 230 70 169 
5400 128 90 139 
5400 129 294 62 
5400 130 162 
5400 131 177 6 281 
5400 132 33 266 203 196 
5400 133 24 
5400 135 279 
5400 137 176 237 198 
5400 138 291 68 73 269 239 177 251 
5400 139 283 
5400 141 26 77 
5400 143 177 34 259 76 77 
5400 146 32 128 244 182 262 
5400 147 43 
5400 149 48 161 171 9 
5400 150 174 
5400 153 289 126 263 
5400 154 160 76 
5400 156 24 89 69 
5400 157 20 230 
5400 159 259 60 
5400 160 171 
5400 161 101 173 47 
5400 162 184 118 
5400 163 
5400 164 87 133 79 
5400 165 192 45 245 
5400 166 16 201 
5400 168 58 2 125 
5400 169 20 138 4 50 
5400 170 147 277 271 
5400 171 19 156 71 
5400 172 249 139 135 69 103 
5400 173 24 1 99 118 
5400 174 208 260 245 
5400 175 169 35 84 
5400 176 208 284 245 
5400 177 225 68 169 203 13 109 114 147 
5400 180 295 18 24 217 285 95 
5400 182 169 229 
5400 183 33 139 276 90 91 63 
5400 184 208 2 
5400 185 264 9 86 
5400 186 163 16 216 56 185 250 
5400 187 34 99 196 29 70 
5400 188 15 
5400 192 217 76 269 
5400 195 201 47 153 
5400 196 226 118 
5400 197 133 296 203 48 182 126 
5400 198 128 201 64 
5400 200 32 118 229 222 
5400 201 48 258 268 109 
5400 203 289 101 77 
5400 205 264 9 172 296 89 
5400 206 132 9 138 43 111 186 
5400 208 262 
5400 216 96 3 149 
5400 217 20 14 
5400 219 196 294 
5400 222 56 131 109 205 
5400 223 77 14 
5400 225 39 45 95 
5400 226 279 100 149 174 166 
5400 228 217 229 
5400 229 245 
5400 230 8 97 252 101 
5400 231 64 27 93 
5400 232 133 
5400 233 57 91 
5400 235 219 
5400 236 269 86 
5400 237 130 182 
5400 238 79 
5400 239 130 14 
5400 244 95 171 71 
5400 245 263 46 231 
5400 249 216 16 130 114 
5400 250 289 26 219 279 
5400 251 76 
5400 252 217 109 
5400 254 
5400 256 259 157 95 
5400 258 208 254 
5400 259 48 103 
5400 260 73 19 12 
5400 262 216 58 229 287 
5400 263 24 233 12 70 
5400 264 104 34 252 63 
5400 265 24 1 90 291 29 
5400 266 
5400 268 48 228 
5400 269 
5400 271 161 1 129 147 56 89 286 
5400 273 201 10 76 222 95 
5400 274 89 156 125 295 
5400 275 35 6 
5400 276 16 217 295 7 
5400 277 289 116 101 294 183 
5400 278 97 114 147 
5400 279 9 
5400 281 260 294 104 236 77 175 16 264 196 
5400 282 264 138 125 14 
5400 283 162 11 50 
5400 284 88 258 
5400 285 273 274 73 
5400 286 104 187 284 111 
5400 287 105 82 100 21 271 
5400 289 96 17 186 68 
5400 291 0 128 197 266 174 82 
5400 294 73 278 286 39 
5400 295 
5400 296 18 68 69 70 173 146 249 90 93 
5400 298 96 249 203 77 
6300 0 98 159 
6300 1 233 
6300 2 113 
6300 3 162 99 174 113 131 120 
6300 4 196 
6300 5 184 114 87 284 79 
6300 6 50 
6300 7 232 268 229 15 
6300 8 6 
6300 9 113 135 
6300 10 264 249 122 35 81 
6300 11 91 76 149 6 
6300 12 262 223 
6300 13 274 172 150 71 
6300 14 96 45 
6300 15 0 160 103 232 62 150 282 251 222 
6300 16 35 114 275 226 5 
6300 17 266 90 20 13 
6300 18 8 130 262 222 55 
6300 19 104 50 
6300 20 64 
6300 21 222 
6300 24 176 120 
6300 26 201 12 33 
6300 27 252 4 
6300 29 187 63 
6300 32 131 132 197 143 291 244 124 126 
6300 33 35 146 131 76 2 
6300 34 
6300 35 173 
6300 36 274 
6300 39 149 238 7 
6300 40 88 172 244 294 89 
6300 41 275 260 
6300 43 244 196 
6300 44 289 171 4 9 43 76 252 
6300 45 124 
6300 46 281 82 
6300 47 282 203 
6300 48 265 100 
6300 49 76 260 
6300 50 265 251 116 70 
6300 55 48 287 139 295 
6300 56 219 
6300 57 16 29 71 
6300 60 128 137 11 174 111 125 
6300 61 
6300 62 263 
6300 63 137 90 
6300 64 228 
6300 68 284 
6300 70 68 
6300 71 296 244 183 
6300 72 143 
6300 73 9 95 
6300 76 120 283 229 223 
6300 77 296 100 197 79 
6300 79 187 143 101 279 
6300 81 88 
6300 82 265 44 237 18 244 276 
6300 83 7 
6300 84 104 122 
6300 86 130 196 296 177 180 223 124 63 
6300 87 2 99 252 118 
6300 88 184 41 
6300 89 40 258 91 222 143 
6300 90 143 
6300 91 226 171 21 
6300 95 33 252 81 
6300 96 
6300 98 176 56 251 264 239 
6300 99 33 2 18 70 
6300 100 20 223 
6300 101 40 27 229 
6300 103 264 282 
6300 104 
6300 109 289 45 126 81 
6300 111 177 98 219 116 165 
6300 113 162 103 232 111 86 88 
6300 114 
6300 115 24 41 203 185 
6300 116 
6300 118 81 34 61 294 223 
6300 120 91 172 166 14 
6300 122 200 49 138 62 
6300 124 41 26 4 
6300 125 230 21 126 263 
6300 126 9 188 230 70 169 
6300 128 90 139 
6300 130 162 
6300 131 177 6 281 
6300 132 33 266 203 196 
6300 133 24 
6300 135 279 
6300 137 176 237 198 
6300 138 291 68 73 269 239 177 251 
6300 139 283 
6300 141 26 77 
6300 143 177 34 259 76 77 
6300 146 32 128 244 262 
6300 147 43 
6300 149 48 9 171 
6300 150 174 
6300 153 289 126 263 
6300 154 160 76 
6300 156 24 89 
6300 157 20 230 
6300 159 259 60 
6300 160 171 
6300 162 184 118 
6300 163 
6300 164 87 133 79 
6300 165 192 45 245 
6300 166 16 201 
6300 168 2 125 
6300 169 20 138 4 50 
6300 171 19 156 71 
6300 172 249 139 135 103 
6300 173 24 1 99 118 
6300 174 208 260 245 
6300 175 169 35 84 
6300 176 208 284 245 
6300 177 68 169 203 13 109 114 147 
6300 180 295 18 24 217 285 95 
6300 183 33 139 276 90 91 63 
6300 184 208 2 
6300 185 264 9 86 
6300 186 163 16 216 56 185 250 
6300 187 34 99 196 29 70 
6300 188 15 
6300 192 217 76 269 
6300 195 201 47 153 
6300 196 226 118 
6300 197 48 296 203 133 126 
6300 198 128 201 64 
6300 200 32 118 229 222 
6300 201 48 258 268 109 
6300 203 289 101 77 
6300 205 264 9 172 296 89 
6300 206 132 9 138 43 111 186 
6300 208 262 
6300 216 96 3 149 
6300 217 20 14 
6300 219 196 294 
6300 222 56 131 109 205 
6300 223 77 14 
6300 226 279 100 149 174 166 
6300 228 217 229 
6300 229 245 
6300 230 8 252 101 
6300 231 64 27 
6300 232 133 
6300 233 57 91 
6300 235 219 
6300 236 269 86 
6300 237 130 
6300 238 79 
6300 239 130 14 
6300 244 95 171 71 
6300 245 263 46 231 
6300 249 216 16 130 114 
6300 250 289 26 219 279 
6300 251 76 
6300 252 217 109 
6300 254 
6300 256 259 157 95 
6300 258 208 254 
6300 259 48 103 
6300 260 73 19 12 
6300 262 216 229 287 
6300 263 24 233 12 70 
6300 264 104 34 252 63 
6300 265 24 1 90 291 29 
6300 266 
6300 268 48 228 
6300 269 
6300 271 56 1 147 286 89 
6300 273 201 10 76 222 95 
6300 274 89 156 125 295 
6300 275 35 6 
6300 276 16 217 295 7 
6300 277 289 116 101 294 183 
6300 278 114 147 
6300 279 9 
6300 281 260 294 104 236 77 175 16 264 196 
6300 282 264 138 125 14 
6300 283 162 11 50 
6300 284 88 258 
6300 285 273 274 73 
6300 286 104 187 284 111 
6300 287 82 100 21 271 
6300 289 96 17 186 68 
6300 291 0 128 197 266 174 82 
6300 294 73 278 286 39 
6300 295 
6300 296 18 68 70 173 146 249 90 
