0 0 3 20 
0 1 0 62 
0 2 
0 3 
0 4 
0 5 1 13 
0 6 9 2 
0 7 
0 8 9 6 
0 9 8 1 
0 10 
0 11 
0 12 
0 13 
0 14 
0 15 17 7 
0 16 17 150 
0 17 
0 18 16 17 3 
0 19 
0 20 
0 21 
0 22 1 21 6 
0 23 
0 24 1 6 
0 25 
0 26 0 3 62 
0 27 62 47 
0 28 2 62 
0 29 0 3 4 11 15 20 
0 30 1 11 4 14 
0 31 1 179 
0 32 1 18 
0 33 0 3 6 7 9 11 47 
0 34 21 47 
0 36 16 244 
0 37 0 65 2 179 8 9 13 46 17 19 278 253 
0 38 17 163 4 6 
0 39 0 3 62 
0 41 1 14 
0 42 3 6 
0 43 10 5 15 
0 44 0 25 2 5 
0 45 20 47 4 6 7 
0 46 
0 47 266 4 
0 48 0 65 2 5 10 12 150 
0 49 1 13 
0 50 0 1 2 278 65 8 9 10 12 13 46 15 17 19 20 150 25 5 
0 51 65 258 230 6 1 8 7 12 19 20 
0 52 4 6 
0 53 253 14 
0 54 16 5 14 23 
0 55 2 253 14 21 
0 56 4 84 6 230 
0 57 1 12 
0 58 0 2 5 10 12 15 150 
0 59 0 2 5 8 9 10 12 13 15 19 150 
0 60 14 47 16 18 244 215 
0 61 7 12 62 15 
0 62 
0 63 3 11 4 6 
0 64 2 5 8 9 10 13 19 
0 65 
0 67 1 163 
0 68 0 65 2 5 8 9 10 12 13 15 17 19 150 25 
0 69 0 9 18 3 23 
0 70 136 21 
0 71 0 258 163 4 6 136 11 14 16 3 84 21 23 
0 72 1 3 
0 73 1 10 
0 74 18 62 
0 75 16 21 
0 76 16 18 3 
0 77 1 2 
0 78 3 11 4 6 7 
0 79 0 3 11 
0 80 8 1 
0 81 1 2 
0 82 2 253 14 
0 83 1 17 
0 84 
0 85 47 4 230 14 7 
0 86 62 15 
0 88 16 113 170 287 239 
0 89 1 14 
0 90 2 4 5 8 9 13 17 18 21 23 
0 91 2 5 8 9 10 13 19 
0 92 1 62 
0 93 1 5 
0 94 0 3 4 6 7 9 18 23 253 
0 95 0 65 2 278 8 9 10 12 13 46 15 17 179 150 25 253 5 
0 96 0 2 3 23 
0 97 0 4 3 20 
0 98 0 2 10 12 15 150 
0 99 1 253 
0 100 8 4 6 
0 101 0 11 258 3 4 
0 102 0 1 2 5 65 8 9 10 12 13 15 17 19 20 150 25 
0 103 253 215 
0 104 1 2 5 65 8 9 10 12 15 17 19 150 
0 105 11 7 
0 106 0 3 4 6 7 11 16 20 
0 107 1 14 
0 108 1 13 
0 109 0 3 4 6 7 9 
0 110 1 170 
0 111 1 62 
0 112 1 17 
0 113 2 261 8 10 12 13 25 287 
0 114 258 4 230 6 7 8 11 179 84 
0 115 0 2 10 5 
0 116 0 65 2 5 10 12 13 17 
0 117 1 4 
0 118 3 20 7 
0 119 0 253 5 
0 120 5 62 
0 121 136 14 16 244 251 253 
0 122 16 14 
0 123 0 65 2 5 8 10 12 15 17 19 
0 124 1 2 
0 125 47 4 230 14 7 
0 126 4 11 12 
0 127 0 2 10 5 
0 128 1 215 
0 129 1 13 
0 130 0 3 13 
0 131 11 6 7 
0 132 14 47 
0 133 0 3 214 7 
0 135 2 18 
0 136 
0 137 2 7 15 
0 138 0 3 13 5 
0 139 9 4 1 
0 140 0 4 6 7 9 18 23 253 
0 141 0 136 3 4 11 
0 142 1 4 
0 143 0 3 11 4 
0 144 2 163 9 10 12 19 214 25 170 287 
0 145 9 2 5 1 
0 146 1 5 
0 147 9 18 163 62 
0 148 1 266 
0 149 0 65 2 5 8 9 10 12 13 15 17 
0 150 
0 151 6 230 7 9 12 23 
0 152 1 14 
0 153 9 2 1 
0 154 1 266 
0 155 1 19 
0 156 0 3 
0 157 8 2 12 13 5 
0 158 2 12 13 
0 159 0 65 3 4 230 6 7 11 20 
0 160 6 7 
0 161 0 1 
0 162 258 4 6 8 266 19 
0 163 
0 164 0 65 2 5 8 9 10 12 13 15 17 150 
0 165 16 215 
0 166 0 2 5 10 12 13 15 150 25 
0 167 18 253 21 
0 168 253 21 
0 169 16 215 
0 170 0 65 258 163 4 6 7 8 11 3 20 
0 171 18 21 
0 172 1 287 
0 173 18 21 
0 174 0 3 4 6 7 11 
0 175 0 1 
0 176 0 3 4 6 7 11 23 
0 177 0 3 20 7 
0 178 0 3 7 11 18 21 253 
0 179 
0 180 2 11 4 163 13 
0 181 0 3 62 
0 182 1 2 
0 183 1 266 
0 184 1 14 
0 185 11 84 
0 186 0 3 6 7 9 11 47 
0 187 18 21 
0 188 0 2 5 10 12 13 15 20 150 
0 189 1 14 
0 190 0 287 3 261 7 
0 191 8 1 
0 193 2 10 5 
0 194 0 65 258 3 4 6 7 136 9 11 47 8 20 21 23 
0 195 3 4 6 7 
0 196 136 47 
0 197 0 65 258 3 4 230 6 7 11 20 
0 198 9 1 
0 199 0 3 7 11 18 21 253 
0 200 84 214 
0 202 0 65 2 5 8 10 12 15 17 19 
0 203 0 3 4 
0 204 2 163 4 13 
0 205 16 62 
0 206 0 7 230 15 
0 207 1 14 
0 208 1 4 
0 209 0 3 4 6 
0 210 1 244 
0 211 136 1 
0 212 0 3 11 
0 213 1 3 
0 214 
0 215 
0 216 0 8 11 4 6 
0 217 1 10 
0 219 0 2 10 5 
0 220 0 8 19 21 23 
0 221 0 3 4 230 6 7 11 20 
0 222 266 12 15 
0 223 4 215 14 47 16 21 23 
0 224 21 253 47 
0 225 16 215 
0 226 251 244 14 
0 227 14 47 16 18 244 215 
0 228 1 12 
0 230 
0 231 253 14 
0 232 4 62 
0 233 1 18 
0 234 1 7 
0 235 0 1 
0 236 1 3 
0 237 266 244 14 215 
0 238 0 65 2 5 8 10 12 15 17 
0 239 2 163 8 9 10 12 19 214 25 170 287 
0 240 1 11 
0 241 0 17 3 4 
0 242 1 3 
0 243 1 14 
0 244 
0 246 2 163 5 266 13 15 
0 247 1 17 
0 248 0 9 3 8 16 
0 249 0 258 3 4 6 11 
0 250 8 258 4 6 
0 251 
0 252 0 1 3 4 7 
0 253 
0 254 16 266 244 14 215 
0 255 0 2 5 
0 256 0 2 5 
0 257 0 11 20 6 
0 258 1 2 
0 259 0 2 10 5 
0 260 1 6 
0 261 8 2 10 12 13 
0 262 1 163 
0 263 65 2 278 8 9 10 12 15 17 150 5 
0 264 3 23 
0 265 136 16 62 215 
0 266 
0 267 2 5 9 266 13 15 17 
0 268 1 3 
0 269 1 3 
0 271 266 244 14 215 
0 272 9 163 4 13 23 
0 273 2 163 8 9 10 12 214 25 
0 274 1 19 
0 276 136 16 2 62 47 
0 277 0 9 163 13 3 
0 278 
0 279 2 12 10 5 
0 280 1 14 
0 281 2 8 10 12 13 25 
0 282 0 2 5 
0 284 230 258 4 179 6 7 11 19 84 
0 285 2 5 8 10 13 19 
0 286 0 3 7 11 16 215 23 
0 287 4 20 
0 288 1 20 
0 289 0 6 7 
0 290 16 62 
0 291 8 1 
0 292 0 9 163 13 3 
0 293 2 5 
0 294 1 62 
0 295 266 163 5 214 
0 296 0 2 3 
0 297 16 215 
0 298 18 244 
0 299 0 3 4 6 7 11 20 
900 0 3 20 
900 1 0 62 
900 2 
900 3 
900 4 
900 5 1 13 
900 6 9 2 
900 7 
900 8 9 6 
900 9 8 1 
900 10 
900 11 
900 12 
900 13 
900 14 
900 15 17 7 
900 16 17 150 
900 17 
900 18 16 17 3 
900 19 
900 20 
900 21 
900 22 1 21 6 
900 23 
900 24 1 6 
900 25 
900 26 0 3 62 
900 27 62 47 
900 28 2 62 
900 29 0 3 4 11 15 20 
900 30 1 11 4 14 
900 32 1 18 
900 33 0 3 6 7 9 11 47 
900 34 21 47 
900 36 16 244 
900 37 0 65 2 179 8 9 13 46 17 19 278 253 
900 38 17 163 4 6 
900 39 0 3 62 
900 41 1 14 
900 44 0 25 2 5 
900 45 20 47 4 6 7 
900 46 
900 47 266 4 
900 48 0 65 2 5 10 12 150 
900 49 1 13 
900 50 0 1 2 278 65 8 9 10 12 13 46 15 17 19 20 150 25 5 
900 51 65 258 230 6 1 8 7 12 19 20 
900 52 4 6 
900 53 253 14 
900 54 16 5 14 23 
900 55 2 253 14 21 
900 56 4 84 6 230 
900 57 1 12 
900 58 0 2 5 10 12 15 150 
900 59 0 2 5 8 9 10 12 13 15 19 150 
900 60 14 47 16 18 244 215 
900 61 7 12 62 15 
900 62 
900 63 3 11 4 6 
900 64 2 5 8 9 10 13 19 
900 65 
900 68 0 65 2 5 8 9 10 12 13 15 17 19 150 25 
900 69 0 9 18 3 23 
900 70 136 21 
900 71 0 258 163 4 6 136 11 14 16 3 84 21 23 
900 72 1 3 
900 73 1 10 
900 74 18 62 
900 75 16 21 
900 76 16 18 3 
900 77 1 2 
900 79 0 3 11 
900 80 8 1 
900 82 2 253 14 
900 83 1 17 
900 84 
900 85 47 4 230 14 7 
900 86 62 15 
900 88 16 113 170 287 239 
900 89 1 14 
900 90 2 4 5 8 9 13 17 18 21 23 
900 91 2 5 8 9 10 13 19 
900 92 1 62 
900 93 1 5 
900 94 0 3 4 6 7 9 18 23 253 
900 95 0 65 2 278 8 9 10 12 13 46 15 17 179 150 25 253 5 
900 96 0 2 3 23 
900 97 0 4 3 20 
900 98 0 2 10 12 15 150 
900 99 1 253 
900 100 8 4 6 
900 101 0 11 258 3 4 
900 102 0 1 2 5 65 8 9 10 12 13 15 17 19 20 150 25 
900 103 253 215 
900 104 1 2 5 65 8 9 10 12 15 17 19 150 
900 105 11 7 
900 106 0 3 4 6 7 11 16 20 
900 107 1 14 
900 108 1 13 
900 109 0 3 4 6 7 9 
900 110 1 170 
900 111 1 62 
900 112 1 17 
900 113 2 261 8 10 12 13 25 287 
900 114 258 4 230 6 7 8 11 179 84 
900 115 0 2 10 5 
900 116 0 65 2 5 10 12 13 17 
900 117 1 4 
900 118 3 20 7 
900 119 0 253 5 
900 120 5 62 
900 121 136 14 16 244 251 253 
900 122 16 14 
900 123 0 65 2 5 8 10 12 15 17 19 
900 124 1 2 
900 125 47 4 230 14 7 
900 126 4 11 12 
900 127 0 2 10 5 
900 128 1 215 
900 129 1 13 
900 131 11 6 7 
900 132 14 47 
900 135 2 18 
900 136 
900 137 2 7 15 
900 138 0 3 13 5 
900 139 9 4 1 
900 140 0 4 6 7 9 18 23 253 
900 141 0 136 3 4 11 
900 142 1 4 
900 143 0 3 11 4 
900 144 2 163 9 10 12 19 214 25 170 287 
900 145 9 2 5 1 
900 146 1 5 
900 147 9 18 163 62 
900 148 1 266 
900 149 0 65 2 5 8 9 10 12 13 15 17 
900 150 
900 151 6 230 7 9 12 23 
900 152 1 14 
900 153 9 2 1 
900 154 1 266 
900 155 1 19 
900 156 0 3 
900 157 8 2 12 13 5 
900 158 2 12 13 
900 159 0 65 3 4 230 6 7 11 20 
900 160 6 7 
900 162 258 4 6 8 266 19 
900 163 
900 164 0 65 2 5 8 9 10 12 13 15 17 150 
900 165 16 215 
900 166 0 2 5 10 12 13 15 150 25 
900 167 18 253 21 
900 168 253 21 
900 169 16 215 
900 170 0 65 258 163 4 6 7 8 11 3 20 
900 171 18 21 
900 172 1 287 
900 173 18 21 
900 174 0 3 4 6 7 11 
900 175 0 1 
900 176 0 3 4 6 7 11 23 
900 177 0 3 20 7 
900 178 0 3 7 11 18 21 253 
900 179 
900 181 0 3 62 
900 182 1 2 
900 183 1 266 
900 184 1 14 
900 185 11 84 
900 186 0 3 6 7 9 11 47 
900 187 18 21 
900 188 0 2 5 10 12 13 15 20 150 
900 189 1 14 
900 190 0 287 3 261 7 
900 191 8 1 
900 193 2 10 5 
900 194 0 65 258 3 4 6 7 136 9 11 47 8 20 21 23 
900 195 3 4 6 7 
900 196 136 47 
900 197 0 65 258 3 4 230 6 7 11 20 
900 198 9 1 
900 199 0 3 7 11 18 21 253 
900 200 84 214 
900 202 0 65 2 5 8 10 12 15 17 19 
900 203 0 3 4 
900 204 2 163 4 13 
900 205 16 62 
900 206 0 7 230 15 
900 207 1 14 
900 208 1 4 
900 209 0 3 4 6 
900 210 1 244 
900 211 136 1 
900 212 0 3 11 
900 213 1 3 
900 214 
900 215 
900 216 0 8 11 4 6 
900 217 1 10 
900 219 0 2 10 5 
900 220 0 8 19 21 23 
900 221 0 3 4 230 6 7 11 20 
900 222 266 12 15 
900 223 4 215 14 47 16 21 23 
900 224 21 253 47 
900 225 16 215 
900 227 14 47 16 18 244 215 
900 228 1 12 
900 230 
900 231 253 14 
900 232 4 62 
900 233 1 18 
900 234 1 7 
900 235 0 1 
900 236 1 3 
900 237 266 244 14 215 
900 238 0 65 2 5 8 10 12 15 17 
900 239 2 163 8 9 10 12 19 214 25 170 287 
900 240 1 11 
900 241 0 17 3 4 
900 242 1 3 
900 243 1 14 
900 244 
900 246 2 163 5 266 13 15 
900 247 1 17 
900 248 0 9 3 8 16 
900 249 0 258 3 4 6 11 
900 250 8 258 4 6 
900 251 
900 252 0 1 3 4 7 
900 253 
900 254 16 266 244 14 215 
900 255 0 2 5 
900 256 0 2 5 
900 257 0 11 20 6 
900 258 1 2 
900 259 0 2 10 5 
900 260 1 6 
900 261 8 2 10 12 13 
900 262 1 163 
900 263 65 2 278 8 9 10 12 15 17 150 5 
900 265 136 16 62 215 
900 266 
900 267 2 5 9 266 13 15 17 
900 268 1 3 
900 269 1 3 
900 271 266 244 14 215 
900 272 9 163 4 13 23 
900 273 2 163 8 9 10 12 214 25 
900 274 1 19 
900 276 136 16 2 62 47 
900 277 0 9 163 13 3 
900 278 
900 279 2 12 10 5 
900 280 1 14 
900 281 2 8 10 12 13 25 
900 282 0 2 5 
900 284 230 258 4 179 6 7 11 19 84 
900 285 2 5 8 10 13 19 
900 286 0 3 7 11 16 215 23 
900 287 4 20 
900 289 0 6 7 
900 290 16 62 
900 291 8 1 
900 292 0 9 163 13 3 
900 293 2 5 
900 294 1 62 
900 295 266 163 5 214 
900 296 0 2 3 
900 297 16 215 
900 298 18 244 
900 299 0 3 4 6 7 11 20 
1800 0 3 20 
1800 1 0 62 
1800 2 
1800 3 
1800 4 
1800 5 1 13 
1800 6 9 2 
1800 7 
1800 8 9 6 
1800 9 8 1 
1800 10 
1800 11 
1800 12 
1800 13 
1800 14 
1800 15 17 7 
1800 16 17 150 
1800 17 
1800 18 16 17 3 
1800 19 
1800 20 
1800 21 
1800 22 1 21 6 
1800 23 
1800 24 1 6 
1800 25 
1800 26 0 3 62 
1800 27 62 47 
1800 28 2 62 
1800 29 0 3 4 11 15 20 
1800 30 1 11 4 14 
1800 32 1 18 
1800 33 0 3 6 7 9 11 47 
1800 34 21 47 
1800 36 16 244 
1800 37 0 65 2 179 8 9 13 46 17 19 278 253 
1800 38 17 163 4 6 
1800 39 0 3 62 
1800 44 0 25 2 5 
1800 45 20 47 4 6 7 
1800 46 
1800 47 266 4 
1800 48 0 65 2 5 10 12 150 
1800 49 1 13 
1800 50 0 1 2 278 65 8 9 10 12 13 46 15 17 19 20 150 25 5 
1800 51 65 258 230 6 1 8 7 12 19 20 
1800 52 4 6 
1800 53 253 14 
1800 54 16 5 14 23 
1800 55 2 253 14 21 
1800 57 1 12 
1800 58 0 2 5 10 12 15 150 
1800 59 0 2 5 8 9 10 12 13 15 19 150 
1800 60 14 47 16 18 244 215 
1800 61 7 12 62 15 
1800 62 
1800 63 3 11 4 6 
1800 64 2 5 8 9 10 13 19 
1800 65 
1800 68 0 65 2 5 8 9 10 12 13 15 17 19 150 25 
1800 69 0 9 18 3 23 
1800 70 136 21 
1800 71 0 258 163 4 6 136 11 14 16 3 84 21 23 
1800 72 1 3 
1800 73 1 10 
1800 74 18 62 
1800 75 16 21 
1800 76 16 18 3 
1800 77 1 2 
1800 79 0 3 11 
1800 82 2 253 14 
1800 83 1 17 
1800 84 
1800 85 47 4 230 14 7 
1800 86 62 15 
1800 89 1 14 
1800 90 2 4 5 8 9 13 17 18 21 23 
1800 91 2 5 8 9 10 13 19 
1800 92 1 62 
1800 93 1 5 
1800 94 0 3 4 6 7 9 18 23 253 
1800 95 0 65 2 278 8 9 10 12 13 46 15 17 179 150 25 253 5 
1800 96 0 2 3 23 
1800 97 0 4 3 20 
1800 98 0 2 10 12 15 150 
1800 99 1 253 
1800 100 8 4 6 
1800 101 0 11 258 3 4 
1800 102 0 1 2 5 65 8 9 10 12 13 15 17 19 20 150 25 
1800 103 253 215 
1800 104 1 2 5 65 8 9 10 12 15 17 19 150 
1800 105 11 7 
1800 106 0 3 4 6 7 11 16 20 
1800 107 1 14 
1800 108 1 13 
1800 110 1 170 
1800 111 1 62 
1800 112 1 17 
1800 113 2 261 8 10 12 13 25 287 
1800 114 258 4 230 6 7 8 11 179 84 
1800 115 0 2 10 5 
1800 116 0 65 2 5 10 12 13 17 
1800 117 1 4 
1800 118 3 20 7 
1800 119 0 253 5 
1800 120 5 62 
1800 121 136 14 16 244 251 253 
1800 122 16 14 
1800 123 0 65 2 5 8 10 12 15 17 19 
1800 124 1 2 
1800 125 47 4 230 14 7 
1800 126 4 11 12 
1800 127 0 2 10 5 
1800 128 1 215 
1800 129 1 13 
1800 131 11 6 7 
1800 132 14 47 
1800 135 2 18 
1800 136 
1800 137 2 7 15 
1800 138 0 3 13 5 
1800 139 9 4 1 
1800 140 0 4 6 7 9 18 23 253 
1800 141 0 136 3 4 11 
1800 142 1 4 
1800 143 0 3 11 4 
1800 145 9 2 5 1 
1800 147 9 18 163 62 
1800 148 1 266 
1800 149 0 65 2 5 8 9 10 12 13 15 17 
1800 150 
1800 151 6 230 7 9 12 23 
1800 153 9 2 1 
1800 154 1 266 
1800 155 1 19 
1800 156 0 3 
1800 157 8 2 12 13 5 
1800 158 2 12 13 
1800 159 0 65 3 4 230 6 7 11 20 
1800 160 6 7 
1800 162 258 4 6 8 266 19 
1800 163 
1800 164 0 65 2 5 8 9 10 12 13 15 17 150 
1800 165 16 215 
1800 166 0 2 5 10 12 13 15 150 25 
1800 167 18 253 21 
1800 168 253 21 
1800 169 16 215 
1800 170 0 65 258 163 4 6 7 8 11 3 20 
1800 171 18 21 
1800 172 1 287 
1800 173 18 21 
1800 174 0 3 4 6 7 11 
1800 175 0 1 
1800 176 0 3 4 6 7 11 23 
1800 177 0 3 20 7 
1800 178 0 3 7 11 18 21 253 
1800 179 
1800 181 0 3 62 
1800 182 1 2 
1800 183 1 266 
1800 184 1 14 
1800 185 11 84 
1800 186 0 3 6 7 9 11 47 
1800 187 18 21 
1800 188 0 2 5 10 12 13 15 20 150 
1800 189 1 14 
1800 190 0 287 3 261 7 
1800 191 8 1 
1800 193 2 10 5 
1800 194 0 65 258 3 4 6 7 136 9 11 47 8 20 21 23 
1800 195 3 4 6 7 
1800 196 136 47 
1800 197 0 65 258 3 4 230 6 7 11 20 
1800 198 9 1 
1800 199 0 3 7 11 18 21 253 
1800 200 84 214 
1800 202 0 65 2 5 8 10 12 15 17 19 
1800 203 0 3 4 
1800 204 2 163 4 13 
1800 205 16 62 
1800 206 0 7 230 15 
1800 207 1 14 
1800 208 1 4 
1800 209 0 3 4 6 
1800 210 1 244 
1800 211 136 1 
1800 212 0 3 11 
1800 213 1 3 
1800 214 
1800 215 
1800 216 0 8 11 4 6 
1800 217 1 10 
1800 219 0 2 10 5 
1800 220 0 8 19 21 23 
1800 221 0 3 4 230 6 7 11 20 
1800 222 266 12 15 
1800 223 4 215 14 47 16 21 23 
1800 224 21 253 47 
1800 225 16 215 
1800 227 14 47 16 18 244 215 
1800 228 1 12 
1800 230 
1800 231 253 14 
1800 232 4 62 
1800 233 1 18 
1800 234 1 7 
1800 236 1 3 
1800 237 266 244 14 215 
1800 238 0 65 2 5 8 10 12 15 17 
1800 239 2 163 8 9 10 12 19 214 25 170 287 
1800 240 1 11 
1800 242 1 3 
1800 243 1 14 
1800 244 
1800 246 2 163 5 266 13 15 
1800 248 0 9 3 8 16 
1800 250 8 258 4 6 
1800 251 
1800 252 0 1 3 4 7 
1800 253 
1800 254 16 266 244 14 215 
1800 255 0 2 5 
1800 256 0 2 5 
1800 257 0 11 20 6 
1800 258 1 2 
1800 259 0 2 10 5 
1800 260 1 6 
1800 261 8 2 10 12 13 
1800 262 1 163 
1800 263 65 2 278 8 9 10 12 15 17 150 5 
1800 265 136 16 62 215 
1800 266 
1800 267 2 5 9 266 13 15 17 
1800 268 1 3 
1800 269 1 3 
1800 271 266 244 14 215 
1800 272 9 163 4 13 23 
1800 273 2 163 8 9 10 12 214 25 
1800 274 1 19 
1800 276 136 16 2 62 47 
1800 277 0 9 163 13 3 
1800 278 
1800 279 2 12 10 5 
1800 281 2 8 10 12 13 25 
1800 282 0 2 5 
1800 284 230 258 4 179 6 7 11 19 84 
1800 285 2 5 8 10 13 19 
1800 286 0 3 7 11 16 215 23 
1800 287 4 20 
1800 289 0 6 7 
1800 290 16 62 
1800 291 8 1 
1800 292 0 9 163 13 3 
1800 293 2 5 
1800 294 1 62 
1800 295 266 163 5 214 
1800 296 0 2 3 
1800 297 16 215 
1800 298 18 244 
1800 299 0 3 4 6 7 11 20 
2700 0 3 20 
2700 1 0 62 
2700 2 
2700 3 
2700 4 
2700 5 1 13 
2700 6 9 2 
2700 7 
2700 8 9 6 
2700 9 8 1 
2700 10 
2700 11 
2700 12 
2700 13 
2700 14 
2700 15 17 7 
2700 16 17 150 
2700 17 
2700 18 16 17 3 
2700 19 
2700 20 
2700 21 
2700 22 1 21 6 
2700 23 
2700 24 1 6 
2700 25 
2700 26 0 3 62 
2700 27 62 47 
2700 28 2 62 
2700 29 0 3 4 11 15 20 
2700 30 1 11 4 14 
2700 32 1 18 
2700 33 0 3 6 7 9 11 47 
2700 34 21 47 
2700 36 16 244 
2700 38 17 163 4 6 
2700 39 0 3 62 
2700 44 0 25 2 5 
2700 45 20 47 4 6 7 
2700 46 
2700 47 266 4 
2700 48 0 65 2 5 10 12 150 
2700 49 1 13 
2700 50 0 1 2 278 65 8 9 10 12 13 46 15 17 19 20 150 25 5 
2700 51 65 258 6 1 8 7 12 19 20 
2700 52 4 6 
2700 53 14 
2700 54 16 5 14 23 
2700 55 2 21 14 
2700 57 1 12 
2700 58 0 2 5 10 12 15 150 
2700 59 0 2 5 8 9 10 12 13 15 19 150 
2700 60 14 47 16 18 244 215 
2700 61 7 12 62 15 
2700 62 
2700 63 3 11 4 6 
2700 64 2 5 8 9 10 13 19 
2700 65 
2700 68 0 65 2 5 8 9 10 12 13 15 17 19 150 25 
2700 69 0 9 18 3 23 
2700 70 136 21 
2700 71 0 258 163 4 6 136 11 14 16 3 84 21 23 
2700 72 1 3 
2700 73 1 10 
2700 74 18 62 
2700 75 16 21 
2700 76 16 18 3 
2700 77 1 2 
2700 79 0 3 11 
2700 82 2 14 
2700 83 1 17 
2700 84 
2700 85 47 4 14 7 
2700 86 62 15 
2700 89 1 14 
2700 90 2 4 5 8 9 13 17 18 21 23 
2700 91 2 5 8 9 10 13 19 
2700 92 1 62 
2700 93 1 5 
2700 94 0 3 4 6 7 9 18 23 
2700 95 0 65 2 278 8 9 10 12 13 46 15 17 179 150 25 5 
2700 96 0 2 3 23 
2700 97 0 4 3 20 
2700 98 0 2 10 12 15 150 
2700 99 1 
2700 101 0 11 258 3 4 
2700 102 0 1 2 5 65 8 9 10 12 13 15 17 19 20 150 25 
2700 103 215 
2700 105 11 7 
2700 106 0 3 4 6 7 11 16 20 
2700 107 1 14 
2700 108 1 13 
2700 110 1 170 
2700 111 1 62 
2700 112 1 17 
2700 113 2 261 8 10 12 13 25 287 
2700 114 258 4 6 7 8 11 179 84 
2700 115 0 2 10 5 
2700 116 0 65 2 5 10 12 13 17 
2700 117 1 4 
2700 118 3 20 7 
2700 119 0 5 
2700 120 5 62 
2700 121 136 16 251 244 14 
2700 122 16 14 
2700 123 0 65 2 5 8 10 12 15 17 19 
2700 124 1 2 
2700 125 47 4 14 7 
2700 126 4 11 12 
2700 127 0 2 10 5 
2700 128 1 215 
2700 129 1 13 
2700 131 11 6 7 
2700 132 14 47 
2700 135 2 18 
2700 136 
2700 137 2 7 15 
2700 138 0 3 13 5 
2700 139 9 4 1 
2700 140 0 4 6 7 9 18 23 
2700 141 0 136 3 4 11 
2700 142 1 4 
2700 143 0 3 11 4 
2700 145 9 2 5 1 
2700 147 9 18 163 62 
2700 149 0 65 2 5 8 9 10 12 13 15 17 
2700 150 
2700 151 9 7 12 6 23 
2700 153 9 2 1 
2700 154 1 266 
2700 156 0 3 
2700 157 8 2 12 13 5 
2700 158 2 12 13 
2700 159 0 65 3 4 6 7 11 20 
2700 160 6 7 
2700 162 258 4 6 8 266 19 
2700 163 
2700 164 0 65 2 5 8 9 10 12 13 15 17 150 
2700 165 16 215 
2700 166 0 2 5 10 12 13 15 150 25 
2700 167 18 21 
2700 168 21 
2700 169 16 215 
2700 170 0 65 258 163 4 6 7 8 11 3 20 
2700 171 18 21 
2700 172 1 287 
2700 174 0 3 4 6 7 11 
2700 175 0 1 
2700 176 0 3 4 6 7 11 23 
2700 177 0 3 20 7 
2700 178 0 3 7 11 18 21 
2700 179 
2700 181 0 3 62 
2700 182 1 2 
2700 184 1 14 
2700 186 0 3 6 7 9 11 47 
2700 187 18 21 
2700 188 0 2 5 10 12 13 15 20 150 
2700 189 1 14 
2700 190 0 287 3 261 7 
2700 191 8 1 
2700 193 2 10 5 
2700 194 0 65 258 3 4 6 7 136 9 11 47 8 20 21 23 
2700 195 3 4 6 7 
2700 196 136 47 
2700 197 0 65 258 3 4 6 7 11 20 
2700 198 9 1 
2700 200 84 214 
2700 202 0 65 2 5 8 10 12 15 17 19 
2700 203 0 3 4 
2700 204 2 163 4 13 
2700 205 16 62 
2700 206 0 7 15 
2700 207 1 14 
2700 208 1 4 
2700 209 0 3 4 6 
2700 210 1 244 
2700 211 136 1 
2700 212 0 3 11 
2700 213 1 3 
2700 214 
2700 215 
2700 216 0 8 11 4 6 
2700 217 1 10 
2700 219 0 2 10 5 
2700 220 0 8 19 21 23 
2700 221 0 3 4 6 7 11 20 
2700 222 266 12 15 
2700 223 4 215 14 47 16 21 23 
2700 224 21 47 
2700 225 16 215 
2700 227 14 47 16 18 244 215 
2700 228 1 12 
2700 231 14 
2700 232 4 62 
2700 233 1 18 
2700 236 1 3 
2700 237 266 244 14 215 
2700 238 0 65 2 5 8 10 12 15 17 
2700 239 2 163 8 9 10 12 19 214 25 170 287 
2700 240 1 11 
2700 242 1 3 
2700 243 1 14 
2700 244 
2700 246 2 163 5 266 13 15 
2700 248 0 9 3 8 16 
2700 250 8 258 4 6 
2700 251 
2700 252 0 1 3 4 7 
2700 254 16 266 244 14 215 
2700 255 0 2 5 
2700 256 0 2 5 
2700 257 0 11 20 6 
2700 258 1 2 
2700 259 0 2 10 5 
2700 260 1 6 
2700 261 8 2 10 12 13 
2700 262 1 163 
2700 263 65 2 278 8 9 10 12 15 17 150 5 
2700 265 136 16 62 215 
2700 266 
2700 267 2 5 9 266 13 15 17 
2700 268 1 3 
2700 269 1 3 
2700 271 266 244 14 215 
2700 272 9 163 4 13 23 
2700 273 2 163 8 9 10 12 214 25 
2700 274 1 19 
2700 276 136 16 2 62 47 
2700 277 0 9 163 13 3 
2700 278 
2700 279 2 12 10 5 
2700 281 2 8 10 12 13 25 
2700 282 0 2 5 
2700 284 258 4 179 6 7 11 19 84 
2700 285 2 5 8 10 13 19 
2700 286 0 3 7 11 16 215 23 
2700 287 4 20 
2700 289 0 6 7 
2700 290 16 62 
2700 291 8 1 
2700 292 0 9 163 13 3 
2700 293 2 5 
2700 294 1 62 
2700 295 266 163 5 214 
2700 296 0 2 3 
2700 297 16 215 
2700 298 18 244 
3600 0 3 20 
3600 1 0 62 
3600 2 
3600 3 
3600 4 
3600 5 1 13 
3600 6 9 2 
3600 7 
3600 8 9 6 
3600 9 8 1 
3600 10 
3600 11 
3600 12 
3600 13 
3600 14 
3600 15 17 7 
3600 16 17 150 
3600 17 
3600 18 16 17 3 
3600 19 
3600 20 
3600 21 
3600 22 1 21 6 
3600 23 
3600 24 1 6 
3600 25 
3600 26 0 3 62 
3600 27 62 47 
3600 28 2 62 
3600 29 0 3 4 11 15 20 
3600 30 1 11 4 14 
3600 32 1 18 
3600 33 0 3 6 7 9 11 47 
3600 34 21 47 
3600 38 17 163 4 6 
3600 39 0 3 62 
3600 44 0 25 2 5 
3600 45 20 47 4 6 7 
3600 46 
3600 47 266 4 
3600 48 0 65 2 5 10 12 150 
3600 49 1 13 
3600 50 0 1 2 278 65 8 9 10 12 13 46 15 17 19 20 150 25 5 
3600 51 65 258 6 1 8 7 12 19 20 
3600 52 4 6 
3600 53 14 
3600 55 2 21 14 
3600 57 1 12 
3600 58 0 2 5 10 12 15 150 
3600 59 0 2 5 8 9 10 12 13 15 19 150 
3600 60 14 47 16 18 244 215 
3600 61 7 12 62 15 
3600 62 
3600 63 3 11 4 6 
3600 64 2 5 8 9 10 13 19 
3600 65 
3600 68 0 65 2 5 8 9 10 12 13 15 17 19 150 25 
3600 69 0 9 18 3 23 
3600 70 136 21 
3600 71 0 258 163 4 6 136 11 14 16 3 84 21 23 
3600 72 1 3 
3600 73 1 10 
3600 74 18 62 
3600 75 16 21 
3600 76 16 18 3 
3600 77 1 2 
3600 79 0 3 11 
3600 83 1 17 
3600 84 
3600 86 62 15 
3600 89 1 14 
3600 90 2 4 5 8 9 13 17 18 21 23 
3600 91 2 5 8 9 10 13 19 
3600 92 1 62 
3600 93 1 5 
3600 94 0 3 4 6 7 9 18 23 
3600 95 0 65 2 278 8 9 10 12 13 46 15 17 179 150 25 5 
3600 97 0 4 3 20 
3600 98 0 2 10 12 15 150 
3600 99 1 
3600 101 0 11 258 3 4 
3600 102 0 1 2 5 65 8 9 10 12 13 15 17 19 20 150 25 
3600 103 215 
3600 105 11 7 
3600 106 0 3 4 6 7 11 16 20 
3600 107 1 14 
3600 108 1 13 
3600 110 1 170 
3600 111 1 62 
3600 112 1 17 
3600 113 2 261 8 10 12 13 25 287 
3600 114 258 4 6 7 8 11 179 84 
3600 115 0 2 10 5 
3600 116 0 65 2 5 10 12 13 17 
3600 117 1 4 
3600 118 3 20 7 
3600 119 0 5 
3600 120 5 62 
3600 121 136 16 251 244 14 
3600 122 16 14 
3600 123 0 65 2 5 8 10 12 15 17 19 
3600 124 1 2 
3600 125 47 4 14 7 
3600 126 4 11 12 
3600 127 0 2 10 5 
3600 128 1 215 
3600 131 11 6 7 
3600 132 14 47 
3600 135 2 18 
3600 136 
3600 137 2 7 15 
3600 138 0 3 13 5 
3600 139 9 4 1 
3600 140 0 4 6 7 9 18 23 
3600 141 0 136 3 4 11 
3600 142 1 4 
3600 143 0 3 11 4 
3600 145 9 2 5 1 
3600 147 9 18 163 62 
3600 149 0 65 2 5 8 9 10 12 13 15 17 
3600 150 
3600 151 9 7 12 6 23 
3600 153 9 2 1 
3600 156 0 3 
3600 157 8 2 12 13 5 
3600 159 0 65 3 4 6 7 11 20 
3600 160 6 7 
3600 162 258 4 6 8 266 19 
3600 163 
3600 164 0 65 2 5 8 9 10 12 13 15 17 150 
3600 165 16 215 
3600 166 0 2 5 10 12 13 15 150 25 
3600 167 18 21 
3600 168 21 
3600 169 16 215 
3600 170 0 65 258 163 4 6 7 8 11 3 20 
3600 171 18 21 
3600 172 1 287 
3600 174 0 3 4 6 7 11 
3600 175 0 1 
3600 176 0 3 4 6 7 11 23 
3600 177 0 3 20 7 
3600 178 0 3 7 11 18 21 
3600 179 
3600 181 0 3 62 
3600 182 1 2 
3600 184 1 14 
3600 186 0 3 6 7 9 11 47 
3600 188 0 2 5 10 12 13 15 20 150 
3600 189 1 14 
3600 190 0 287 3 261 7 
3600 191 8 1 
3600 193 2 10 5 
3600 194 0 65 258 3 4 6 7 136 9 11 47 8 20 21 23 
3600 195 3 4 6 7 
3600 196 136 47 
3600 197 0 65 258 3 4 6 7 11 20 
3600 198 9 1 
3600 200 84 214 
3600 202 0 65 2 5 8 10 12 15 17 19 
3600 203 0 3 4 
3600 204 2 163 4 13 
3600 205 16 62 
3600 206 0 7 15 
3600 207 1 14 
3600 208 1 4 
3600 209 0 3 4 6 
3600 210 1 244 
3600 211 136 1 
3600 212 0 3 11 
3600 213 1 3 
3600 214 
3600 215 
3600 216 0 8 11 4 6 
3600 217 1 10 
3600 219 0 2 10 5 
3600 220 0 8 19 21 23 
3600 221 0 3 4 6 7 11 20 
3600 222 266 12 15 
3600 223 4 215 14 47 16 21 23 
3600 224 21 47 
3600 225 16 215 
3600 227 14 47 16 18 244 215 
3600 228 1 12 
3600 231 14 
3600 232 4 62 
3600 233 1 18 
3600 236 1 3 
3600 239 2 163 8 9 10 12 19 214 25 170 287 
3600 240 1 11 
3600 242 1 3 
3600 244 
3600 246 2 163 5 266 13 15 
3600 250 8 258 4 6 
3600 251 
3600 252 0 1 3 4 7 
3600 254 16 266 244 14 215 
3600 255 0 2 5 
3600 256 0 2 5 
3600 257 0 11 20 6 
3600 258 1 2 
3600 259 0 2 10 5 
3600 260 1 6 
3600 261 8 2 10 12 13 
3600 262 1 163 
3600 263 65 2 278 8 9 10 12 15 17 150 5 
3600 265 136 16 62 215 
3600 266 
3600 267 2 5 9 266 13 15 17 
3600 268 1 3 
3600 269 1 3 
3600 271 266 244 14 215 
3600 272 9 163 4 13 23 
3600 273 2 163 8 9 10 12 214 25 
3600 274 1 19 
3600 276 136 16 2 62 47 
3600 277 0 9 163 13 3 
3600 278 
3600 279 2 12 10 5 
3600 281 2 8 10 12 13 25 
3600 282 0 2 5 
3600 284 258 4 179 6 7 11 19 84 
3600 285 2 5 8 10 13 19 
3600 286 0 3 7 11 16 215 23 
3600 287 4 20 
3600 289 0 6 7 
3600 290 16 62 
3600 291 8 1 
3600 292 0 9 163 13 3 
3600 293 2 5 
3600 294 1 62 
3600 295 266 163 5 214 
3600 296 0 2 3 
3600 297 16 215 
3600 298 18 244 
4500 0 3 20 
4500 1 0 62 
4500 2 
4500 3 
4500 4 
4500 5 1 13 
4500 6 9 2 
4500 7 
4500 8 9 6 
4500 9 8 1 
4500 10 
4500 11 
4500 12 
4500 13 
4500 14 
4500 15 17 7 
4500 16 17 150 
4500 17 
4500 18 16 17 3 
4500 19 
4500 20 
4500 21 
4500 22 1 21 6 
4500 23 
4500 24 1 6 
4500 25 
4500 26 0 3 62 
4500 27 62 47 
4500 28 2 62 
4500 29 0 3 4 11 15 20 
4500 30 1 11 4 14 
4500 32 1 18 
4500 33 0 3 6 7 9 11 47 
4500 34 21 47 
4500 38 17 163 4 6 
4500 39 0 3 62 
4500 44 0 25 2 5 
4500 45 20 47 4 6 7 
4500 46 
4500 47 266 4 
4500 48 0 65 2 5 10 12 150 
4500 49 1 13 
4500 50 0 1 2 278 65 8 9 10 12 13 46 15 17 19 20 150 25 5 
4500 51 65 258 6 1 8 7 12 19 20 
4500 52 4 6 
4500 53 14 
4500 55 2 21 14 
4500 57 1 12 
4500 58 0 2 5 10 12 15 150 
4500 59 0 2 5 8 9 10 12 13 15 19 150 
4500 60 14 47 16 18 244 215 
4500 61 7 12 62 15 
4500 62 
4500 63 3 11 4 6 
4500 64 2 5 8 9 10 13 19 
4500 65 
4500 68 0 65 2 5 8 9 10 12 13 15 17 19 150 25 
4500 69 0 9 18 3 23 
4500 70 136 21 
4500 71 0 258 163 4 6 136 11 14 16 3 84 21 23 
4500 72 1 3 
4500 73 1 10 
4500 74 18 62 
4500 75 16 21 
4500 76 16 18 3 
4500 77 1 2 
4500 79 0 3 11 
4500 83 1 17 
4500 84 
4500 86 62 15 
4500 89 1 14 
4500 90 2 4 5 8 9 13 17 18 21 23 
4500 91 2 5 8 9 10 13 19 
4500 92 1 62 
4500 93 1 5 
4500 94 0 3 4 6 7 9 18 23 
4500 95 0 65 2 278 8 9 10 12 13 46 15 17 150 25 5 
4500 97 0 4 3 20 
4500 98 0 2 10 12 15 150 
4500 99 1 
4500 101 0 11 258 3 4 
4500 102 0 1 2 5 65 8 9 10 12 13 15 17 19 20 150 25 
4500 103 215 
4500 105 11 7 
4500 106 0 3 4 6 7 11 16 20 
4500 107 1 14 
4500 110 1 170 
4500 111 1 62 
4500 112 1 17 
4500 113 2 261 8 10 12 13 25 287 
4500 114 258 4 6 7 8 11 84 
4500 115 0 2 10 5 
4500 116 0 65 2 5 10 12 13 17 
4500 117 1 4 
4500 118 3 20 7 
4500 119 0 5 
4500 120 5 62 
4500 121 136 16 251 244 14 
4500 122 16 14 
4500 123 0 65 2 5 8 10 12 15 17 19 
4500 124 1 2 
4500 125 47 4 14 7 
4500 126 4 11 12 
4500 128 1 215 
4500 131 11 6 7 
4500 132 14 47 
4500 135 2 18 
4500 136 
4500 137 2 7 15 
4500 138 0 3 13 5 
4500 139 9 4 1 
4500 140 0 4 6 7 9 18 23 
4500 141 0 136 3 4 11 
4500 142 1 4 
4500 143 0 3 11 4 
4500 145 9 2 5 1 
4500 147 9 18 163 62 
4500 149 0 65 2 5 8 9 10 12 13 15 17 
4500 150 
4500 151 9 7 12 6 23 
4500 153 9 2 1 
4500 156 0 3 
4500 157 8 2 12 13 5 
4500 159 0 65 3 4 6 7 11 20 
4500 162 258 4 6 8 266 19 
4500 163 
4500 164 0 65 2 5 8 9 10 12 13 15 17 150 
4500 166 0 2 5 10 12 13 15 150 25 
4500 168 21 
4500 169 16 215 
4500 170 0 65 258 163 4 6 7 8 11 3 20 
4500 171 18 21 
4500 172 1 287 
4500 174 0 3 4 6 7 11 
4500 176 0 3 4 6 7 11 23 
4500 177 0 3 20 7 
4500 178 0 3 7 11 18 21 
4500 181 0 3 62 
4500 182 1 2 
4500 184 1 14 
4500 186 0 3 6 7 9 11 47 
4500 188 0 2 5 10 12 13 15 20 150 
4500 190 0 287 3 261 7 
4500 193 2 10 5 
4500 194 0 65 258 3 4 6 7 136 9 11 47 8 20 21 23 
4500 195 3 4 6 7 
4500 196 136 47 
4500 197 0 65 258 3 4 6 7 11 20 
4500 198 9 1 
4500 200 84 214 
4500 202 0 65 2 5 8 10 12 15 17 19 
4500 203 0 3 4 
4500 204 2 163 4 13 
4500 205 16 62 
4500 206 0 7 15 
4500 207 1 14 
4500 208 1 4 
4500 209 0 3 4 6 
4500 210 1 244 
4500 211 136 1 
4500 212 0 3 11 
4500 214 
4500 215 
4500 216 0 8 11 4 6 
4500 217 1 10 
4500 219 0 2 10 5 
4500 220 0 8 19 21 23 
4500 221 0 3 4 6 7 11 20 
4500 222 266 12 15 
4500 223 4 215 14 47 16 21 23 
4500 224 21 47 
4500 225 16 215 
4500 228 1 12 
4500 231 14 
4500 232 4 62 
4500 233 1 18 
4500 236 1 3 
4500 239 2 163 8 9 10 12 19 214 25 170 287 
4500 240 1 11 
4500 242 1 3 
4500 244 
4500 246 2 163 5 266 13 15 
4500 250 8 258 4 6 
4500 251 
4500 252 0 1 3 4 7 
4500 254 16 266 244 14 215 
4500 255 0 2 5 
4500 256 0 2 5 
4500 257 0 11 20 6 
4500 258 1 2 
4500 259 0 2 10 5 
4500 260 1 6 
4500 261 8 2 10 12 13 
4500 262 1 163 
4500 263 65 2 278 8 9 10 12 15 17 150 5 
4500 265 136 16 62 215 
4500 266 
4500 267 2 5 9 266 13 15 17 
4500 268 1 3 
4500 269 1 3 
4500 271 266 244 14 215 
4500 272 9 163 4 13 23 
4500 273 2 163 8 9 10 12 214 25 
4500 274 1 19 
4500 276 136 16 2 62 47 
4500 277 0 9 163 13 3 
4500 278 
4500 279 2 12 10 5 
4500 281 2 8 10 12 13 25 
4500 284 258 4 6 7 11 19 84 
4500 285 2 5 8 10 13 19 
4500 286 0 3 7 11 16 215 23 
4500 287 4 20 
4500 289 0 6 7 
4500 290 16 62 
4500 291 8 1 
4500 292 0 9 163 13 3 
4500 293 2 5 
4500 295 266 163 5 214 
4500 296 0 2 3 
4500 297 16 215 
4500 298 18 244 
5400 0 3 20 
5400 1 0 62 
5400 2 
5400 3 
5400 4 
5400 5 1 13 
5400 6 9 2 
5400 7 
5400 8 9 6 
5400 9 8 1 
5400 10 
5400 11 
5400 12 
5400 13 
5400 14 
5400 15 17 7 
5400 16 17 150 
5400 17 
5400 18 16 17 3 
5400 19 
5400 20 
5400 21 
5400 22 1 21 6 
5400 23 
5400 24 1 6 
5400 25 
5400 26 0 3 62 
5400 27 62 47 
5400 28 2 62 
5400 29 0 3 4 11 15 20 
5400 30 1 11 4 14 
5400 32 1 18 
5400 33 0 3 6 7 9 11 47 
5400 34 21 47 
5400 38 17 163 4 6 
5400 39 0 3 62 
5400 44 0 25 2 5 
5400 46 
5400 47 266 4 
5400 49 1 13 
5400 51 65 258 6 1 8 7 12 19 20 
5400 52 4 6 
5400 55 2 21 14 
5400 57 1 12 
5400 58 0 2 5 10 12 15 150 
5400 59 0 2 5 8 9 10 12 13 15 19 150 
5400 60 16 18 244 14 47 
5400 61 7 12 62 15 
5400 62 
5400 63 3 11 4 6 
5400 64 2 5 8 9 10 13 19 
5400 65 
5400 68 0 65 2 5 8 9 10 12 13 15 17 19 150 25 
5400 69 0 9 18 3 23 
5400 70 136 21 
5400 71 0 258 163 4 6 136 11 14 16 3 84 21 23 
5400 72 1 3 
5400 74 18 62 
5400 75 16 21 
5400 76 16 18 3 
5400 77 1 2 
5400 79 0 3 11 
5400 83 1 17 
5400 84 
5400 86 62 15 
5400 89 1 14 
5400 90 2 4 5 8 9 13 17 18 21 23 
5400 91 2 5 8 9 10 13 19 
5400 92 1 62 
5400 93 1 5 
5400 94 0 3 4 6 7 9 18 23 
5400 95 0 65 2 5 8 9 10 12 13 46 15 17 150 25 
5400 97 0 4 3 20 
5400 98 0 2 10 12 15 150 
5400 99 1 
5400 101 0 11 258 3 4 
5400 102 0 1 2 5 65 8 9 10 12 13 15 17 19 20 150 25 
5400 103 
5400 105 11 7 
5400 106 0 3 4 6 7 11 16 20 
5400 107 1 14 
5400 110 1 170 
5400 111 1 62 
5400 112 1 17 
5400 113 2 261 8 10 12 13 25 287 
5400 114 258 4 6 7 8 11 84 
5400 115 0 2 10 5 
5400 116 0 65 2 5 10 12 13 17 
5400 117 1 4 
5400 118 3 20 7 
5400 119 0 5 
5400 120 5 62 
5400 121 136 16 251 244 14 
5400 122 16 14 
5400 123 0 65 2 5 8 10 12 15 17 19 
5400 124 1 2 
5400 125 47 4 14 7 
5400 126 4 11 12 
5400 128 1 
5400 131 11 6 7 
5400 132 14 47 
5400 135 2 18 
5400 136 
5400 137 2 7 15 
5400 138 0 3 13 5 
5400 139 9 4 1 
5400 140 0 4 6 7 9 18 23 
5400 141 0 136 3 4 11 
5400 142 1 4 
5400 143 0 3 11 4 
5400 145 9 2 5 1 
5400 147 9 18 163 62 
5400 150 
5400 151 9 7 12 6 23 
5400 153 9 2 1 
5400 156 0 3 
5400 157 8 2 12 13 5 
5400 159 0 65 3 4 6 7 11 20 
5400 162 258 4 6 8 266 19 
5400 163 
5400 164 0 65 2 5 8 9 10 12 13 15 17 150 
5400 166 0 2 5 10 12 13 15 150 25 
5400 168 21 
5400 169 16 
5400 170 0 65 258 163 4 6 7 8 11 3 20 
5400 171 18 21 
5400 172 1 287 
5400 174 0 3 4 6 7 11 
5400 176 0 3 4 6 7 11 23 
5400 178 0 3 7 11 18 21 
5400 181 0 3 62 
5400 182 1 2 
5400 184 1 14 
5400 186 0 3 6 7 9 11 47 
5400 188 0 2 5 10 12 13 15 20 150 
5400 190 0 287 3 261 7 
5400 193 2 10 5 
5400 194 0 65 258 3 4 6 7 136 9 11 47 8 20 21 23 
5400 195 3 4 6 7 
5400 196 136 47 
5400 197 0 65 258 3 4 6 7 11 20 
5400 198 9 1 
5400 200 84 214 
5400 202 0 65 2 5 8 10 12 15 17 19 
5400 203 0 3 4 
5400 204 2 163 4 13 
5400 205 16 62 
5400 206 0 7 15 
5400 208 1 4 
5400 209 0 3 4 6 
5400 210 1 244 
5400 211 136 1 
5400 212 0 3 11 
5400 214 
5400 216 0 8 11 4 6 
5400 219 0 2 10 5 
5400 220 0 8 19 21 23 
5400 221 0 3 4 6 7 11 20 
5400 222 266 12 15 
5400 223 4 14 47 16 21 23 
5400 224 21 47 
5400 225 16 
5400 228 1 12 
5400 231 14 
5400 232 4 62 
5400 233 1 18 
5400 236 1 3 
5400 239 2 163 8 9 10 12 19 214 25 170 287 
5400 240 1 11 
5400 242 1 3 
5400 244 
5400 246 2 163 5 266 13 15 
5400 250 8 258 4 6 
5400 251 
5400 252 0 1 3 4 7 
5400 254 16 266 244 14 
5400 255 0 2 5 
5400 256 0 2 5 
5400 257 0 11 20 6 
5400 258 1 2 
5400 259 0 2 10 5 
5400 260 1 6 
5400 261 8 2 10 12 13 
5400 262 1 163 
5400 263 65 2 5 8 9 10 12 15 17 150 
5400 265 136 16 62 
5400 266 
5400 268 1 3 
5400 269 1 3 
5400 271 266 244 14 
5400 272 9 163 4 13 23 
5400 273 2 163 8 9 10 12 214 25 
5400 274 1 19 
5400 276 136 16 2 62 47 
5400 277 0 9 163 13 3 
5400 279 2 12 10 5 
5400 281 2 8 10 12 13 25 
5400 284 258 4 6 7 11 19 84 
5400 285 2 5 8 10 13 19 
5400 286 0 3 7 11 16 23 
5400 287 4 20 
5400 289 0 6 7 
5400 290 16 62 
5400 291 8 1 
5400 292 0 9 163 13 3 
5400 293 2 5 
5400 296 0 2 3 
5400 297 16 
5400 298 18 244 
6300 0 3 20 
6300 1 0 62 
6300 2 
6300 3 
6300 4 
6300 5 1 13 
6300 6 9 2 
6300 7 
6300 8 9 6 
6300 9 8 1 
6300 10 
6300 11 
6300 12 
6300 13 
6300 14 
6300 15 17 7 
6300 16 17 150 
6300 17 
6300 18 16 17 3 
6300 19 
6300 20 
6300 21 
6300 22 1 21 6 
6300 23 
6300 25 
6300 27 62 47 
6300 28 2 62 
6300 29 0 3 4 11 15 20 
6300 30 1 11 4 14 
6300 32 1 18 
6300 33 0 3 6 7 9 11 47 
6300 38 17 163 4 6 
6300 44 0 25 2 5 
6300 46 
6300 47 266 4 
6300 49 1 13 
6300 51 65 258 6 1 8 7 12 19 20 
6300 52 4 6 
6300 55 2 21 14 
6300 57 1 12 
6300 58 0 2 5 10 12 15 150 
6300 59 0 2 5 8 9 10 12 13 15 19 150 
6300 60 16 18 244 14 47 
6300 61 7 12 62 15 
6300 62 
6300 63 3 11 4 6 
6300 64 2 5 8 9 10 13 19 
6300 65 
6300 68 0 65 2 5 8 9 10 12 13 15 17 19 150 25 
6300 69 0 9 18 3 23 
6300 71 0 258 163 4 6 136 11 14 16 3 84 21 23 
6300 72 1 3 
6300 74 18 62 
6300 75 16 21 
6300 76 16 18 3 
6300 77 1 2 
6300 79 0 3 11 
6300 83 1 17 
6300 84 
6300 86 62 15 
6300 89 1 14 
6300 90 2 4 5 8 9 13 17 18 21 23 
6300 91 2 5 8 9 10 13 19 
6300 92 1 62 
6300 93 1 5 
6300 94 0 3 4 6 7 9 18 23 
6300 95 0 65 2 5 8 9 10 12 13 46 15 17 150 25 
6300 97 0 4 3 20 
6300 98 0 2 10 12 15 150 
6300 99 1 
6300 101 0 11 258 3 4 
6300 102 0 1 2 5 65 8 9 10 12 13 15 17 19 20 150 25 
6300 103 
6300 105 11 7 
6300 107 1 14 
6300 110 1 170 
6300 111 1 62 
6300 112 1 17 
6300 113 2 261 8 10 12 13 25 287 
6300 114 258 4 6 7 8 11 84 
6300 115 0 2 10 5 
6300 116 0 65 2 5 10 12 13 17 
6300 118 3 20 7 
6300 119 0 5 
6300 120 5 62 
6300 121 136 16 244 14 
6300 122 16 14 
6300 123 0 65 2 5 8 10 12 15 17 19 
6300 124 1 2 
6300 125 47 4 14 7 
6300 126 4 11 12 
6300 128 1 
6300 131 11 6 7 
6300 132 14 47 
6300 135 2 18 
6300 136 
6300 137 2 7 15 
6300 138 0 3 13 5 
6300 139 9 4 1 
6300 140 0 4 6 7 9 18 23 
6300 141 0 136 3 4 11 
6300 142 1 4 
6300 143 0 3 11 4 
6300 145 9 2 5 1 
6300 147 9 18 163 62 
6300 150 
6300 151 9 7 12 6 23 
6300 153 9 2 1 
6300 156 0 3 
6300 157 8 2 12 13 5 
6300 159 0 65 3 4 6 7 11 20 
6300 162 258 4 6 8 266 19 
6300 163 
6300 164 0 65 2 5 8 9 10 12 13 15 17 150 
6300 166 0 2 5 10 12 13 15 150 25 
6300 168 21 
6300 169 16 
6300 170 0 65 258 163 4 6 7 8 11 3 20 
6300 171 18 21 
6300 172 1 287 
6300 174 0 3 4 6 7 11 
6300 176 0 3 4 6 7 11 23 
6300 178 0 3 7 11 18 21 
6300 181 0 3 62 
6300 182 1 2 
6300 184 1 14 
6300 186 0 3 6 7 9 11 47 
6300 188 0 2 5 10 12 13 15 20 150 
6300 190 0 287 3 261 7 
6300 193 2 10 5 
6300 194 0 65 258 3 4 6 7 136 9 11 47 8 20 21 23 
6300 195 3 4 6 7 
6300 196 136 47 
6300 197 0 65 258 3 4 6 7 11 20 
6300 198 9 1 
6300 200 84 214 
6300 202 0 65 2 5 8 10 12 15 17 19 
6300 203 0 3 4 
6300 204 2 163 4 13 
6300 205 16 62 
6300 206 0 7 15 
6300 208 1 4 
6300 209 0 3 4 6 
6300 210 1 244 
6300 211 136 1 
6300 212 0 3 11 
6300 214 
6300 216 0 8 11 4 6 
6300 219 0 2 10 5 
6300 220 0 8 19 21 23 
6300 221 0 3 4 6 7 11 20 
6300 222 266 12 15 
6300 223 4 14 47 16 21 23 
6300 224 21 47 
6300 225 16 
6300 228 1 12 
6300 231 14 
6300 232 4 62 
6300 233 1 18 
6300 236 1 3 
6300 239 2 163 8 9 10 12 19 214 25 170 287 
6300 240 1 11 
6300 242 1 3 
6300 244 
6300 246 2 163 5 266 13 15 
6300 250 8 258 4 6 
6300 252 0 1 3 4 7 
6300 254 16 266 244 14 
6300 255 0 2 5 
6300 256 0 2 5 
6300 258 1 2 
6300 259 0 2 10 5 
6300 260 1 6 
6300 261 8 2 10 12 13 
6300 262 1 163 
6300 263 65 2 5 8 9 10 12 15 17 150 
6300 266 
6300 268 1 3 
6300 269 1 3 
6300 271 266 244 14 
6300 272 9 163 4 13 23 
6300 273 2 163 8 9 10 12 214 25 
6300 274 1 19 
6300 277 0 9 163 13 3 
6300 281 2 8 10 12 13 25 
6300 284 258 4 6 7 11 19 84 
6300 285 2 5 8 10 13 19 
6300 287 4 20 
6300 289 0 6 7 
6300 290 16 62 
6300 291 8 1 
6300 292 0 9 163 13 3 
6300 293 2 5 
6300 296 0 2 3 
6300 297 16 
6300 298 18 244 
