0 0 33 116 117 6 28 
0 1 
0 2 1 75 277 54 
0 3 78 206 
0 4 288 235 200 267 77 78 
0 5 121 75 11 252 106 
0 6 277 
0 7 290 116 269 199 
0 8 198 6 28 106 47 252 244 117 121 15 284 
0 9 77 213 
0 10 198 6 284 106 60 47 252 244 277 121 28 117 
0 11 
0 12 200 297 288 
0 13 206 
0 14 200 206 
0 15 
0 16 206 
0 17 121 75 11 252 106 
0 18 200 206 
0 19 160 1 98 230 199 269 244 54 116 284 
0 20 121 206 1 
0 21 198 6 28 284 206 47 244 277 121 15 60 117 
0 22 1 131 230 11 77 116 252 
0 23 11 252 131 
0 24 121 11 131 252 78 
0 25 198 6 103 252 106 47 80 117 15 28 
0 26 77 
0 27 206 
0 28 206 
0 29 244 252 131 284 213 
0 30 
0 31 206 
0 32 206 
0 33 
0 34 206 
0 36 206 
0 37 1 11 252 230 
0 38 206 
0 39 200 206 
0 41 28 117 198 47 
0 42 1 269 54 199 
0 43 206 
0 44 198 106 47 80 179 244 117 255 
0 45 200 197 
0 46 33 
0 47 
0 48 206 
0 49 28 252 197 
0 50 206 
0 51 28 252 198 47 
0 52 297 290 75 28 
0 53 200 297 288 
0 54 121 47 
0 55 33 
0 56 1 230 103 11 77 116 54 252 
0 57 200 206 
0 58 1 6 230 103 11 252 
0 59 1 230 11 116 54 252 
0 60 
0 61 33 
0 62 288 235 200 267 77 78 
0 63 33 11 252 
0 64 1 131 28 106 78 47 244 277 121 284 213 
0 65 206 
0 67 200 206 
0 68 28 252 198 47 
0 69 33 11 252 
0 70 289 162 267 
0 71 33 
0 72 252 230 54 103 
0 73 1 244 54 
0 74 198 28 106 47 244 121 284 
0 75 
0 76 28 198 6 47 
0 77 277 
0 78 11 77 277 
0 79 206 
0 80 
0 81 162 28 198 6 103 284 106 206 47 80 252 244 277 121 15 60 30 117 
0 82 198 6 252 106 47 80 117 15 28 
0 83 162 6 198 284 106 117 98 28 47 80 252 244 277 121 15 60 30 197 
0 84 206 
0 85 290 198 75 47 80 244 117 121 284 255 
0 86 198 6 284 106 28 47 80 252 244 277 121 15 60 117 
0 88 28 252 6 47 
0 89 116 11 252 103 
0 90 160 1 244 54 
0 91 160 1 230 103 252 11 116 54 60 199 
0 92 206 
0 93 198 6 284 252 60 47 244 277 28 117 
0 94 80 28 252 47 
0 95 33 
0 96 206 213 54 269 
0 97 206 
0 98 
0 99 1 230 103 252 11 116 54 60 199 
0 100 200 288 
0 101 206 
0 102 288 77 78 
0 103 
0 104 11 252 47 
0 105 213 78 
0 106 
0 107 1 117 230 
0 108 290 198 75 47 80 244 117 121 284 255 
0 109 200 206 
0 110 116 11 252 103 
0 111 200 206 
0 112 160 1 297 244 54 284 
0 113 131 199 116 117 54 121 
0 114 6 297 106 47 277 121 28 
0 115 160 1 98 230 199 269 244 54 116 284 
0 116 
0 117 
0 118 11 252 230 
0 119 267 213 197 
0 120 200 28 131 284 77 
0 121 244 
0 122 206 
0 123 116 290 11 252 
0 124 116 252 54 
0 125 198 28 106 47 244 121 284 
0 126 213 78 
0 127 28 252 47 
0 128 206 
0 129 11 252 131 47 
0 130 1 131 106 75 78 47 244 277 213 
0 131 
0 132 200 206 
0 133 213 78 197 
0 135 33 
0 136 198 6 28 15 117 47 252 
0 137 200 1 267 116 199 
0 138 1 230 103 252 11 116 54 60 199 
0 139 121 252 11 244 77 
0 140 1 103 267 116 54 252 
0 141 206 
0 142 28 198 6 47 
0 143 290 198 75 47 80 244 117 121 284 
0 144 200 47 235 213 197 
0 145 206 
0 146 28 198 6 103 284 106 206 47 80 252 244 277 121 15 60 117 
0 147 288 77 78 
0 148 1 11 252 117 230 
0 149 197 230 11 78 116 213 252 
0 150 289 213 78 
0 151 206 
0 152 162 197 60 106 98 47 252 244 277 121 284 30 
0 153 1 131 230 11 116 54 252 
0 154 200 197 
0 155 206 
0 156 1 235 200 267 77 131 213 
0 157 297 206 
0 158 200 206 
0 159 116 230 54 
0 160 47 
0 161 297 206 
0 162 
0 163 206 
0 164 33 78 
0 165 206 
0 166 297 206 
0 167 11 252 77 78 
0 168 200 77 
0 169 206 
0 170 1 131 197 11 78 116 54 121 252 
0 171 1 244 252 230 54 
0 172 197 230 11 78 116 213 252 
0 173 1 11 252 277 
0 174 297 117 6 199 
0 175 33 
0 176 297 206 
0 177 116 230 54 
0 178 160 1 230 11 54 252 
0 179 198 106 47 80 244 117 
0 180 1 11 252 230 54 
0 181 11 252 230 
0 182 116 252 6 199 
0 183 267 230 252 11 116 54 121 284 
0 184 160 1 267 230 103 60 11 289 131 244 252 54 121 116 284 213 
0 185 116 6 47 
0 186 33 75 78 121 
0 187 1 11 252 54 
0 188 213 197 
0 189 28 252 198 47 
0 190 206 
0 191 28 252 47 
0 193 1 11 252 103 
0 194 198 6 284 252 60 47 244 277 28 117 
0 195 44 77 85 255 
0 196 33 11 252 
0 197 
0 198 
0 199 
0 200 
0 202 206 
0 203 206 
0 204 198 252 28 15 117 47 60 
0 205 200 47 235 213 197 
0 206 252 
0 207 77 
0 208 206 
0 209 267 230 252 11 116 54 121 284 
0 210 77 
0 211 206 213 54 269 
0 212 206 
0 213 
0 214 288 289 200 77 197 
0 215 206 
0 216 206 
0 217 75 121 106 131 1 
0 219 1 106 75 277 47 
0 220 206 
0 221 121 28 206 47 
0 222 206 
0 223 198 6 284 252 60 47 244 277 28 117 
0 224 206 
0 225 33 206 
0 226 198 28 106 47 244 121 284 
0 227 206 
0 228 1 78 47 
0 230 
0 231 290 11 179 116 252 255 
0 232 200 1 267 116 199 
0 233 289 117 206 
0 234 206 
0 235 
0 236 198 106 47 80 244 117 
0 237 160 1 131 230 289 200 252 11 269 77 75 213 54 284 
0 238 198 60 106 47 252 244 277 28 117 
0 239 6 297 106 75 28 47 284 
0 240 1 269 230 
0 241 198 6 28 15 117 47 252 
0 242 33 
0 243 200 297 77 288 
0 244 121 54 
0 246 200 1 206 230 
0 247 1 11 116 54 
0 248 267 28 106 11 252 
0 249 206 
0 250 33 206 
0 251 206 
0 252 11 103 
0 253 206 
0 254 106 11 252 
0 255 1 103 
0 256 116 230 54 
0 257 121 284 54 1 
0 258 267 213 197 
0 259 206 
0 260 1 106 75 230 47 
0 261 213 78 
0 262 200 197 
0 263 1 11 252 206 116 
0 264 206 
0 265 206 
0 266 198 6 60 47 244 277 121 15 28 30 117 
0 267 297 
0 268 77 
0 269 
0 271 206 
0 272 206 
0 273 28 106 47 244 117 284 
0 274 56 11 252 
0 276 1 131 197 11 78 116 54 121 252 
0 277 
0 278 11 252 47 
0 279 1 11 116 54 
0 280 78 206 
0 281 160 1 230 11 54 252 
0 282 33 267 77 47 289 
0 284 
0 285 1 230 11 116 54 252 
0 286 206 
0 287 28 252 198 47 
0 288 
0 289 
0 290 
0 291 206 
0 292 1 11 252 206 
0 293 206 
0 294 200 206 
0 295 200 206 
0 296 106 28 117 47 
0 297 
0 298 121 28 206 47 
0 299 200 267 
900 0 33 116 117 6 28 
900 1 
900 2 1 75 277 54 
900 3 206 
900 4 200 267 77 235 
900 5 121 75 11 252 106 
900 6 277 
900 7 290 116 269 199 
900 8 198 6 28 106 47 252 244 117 121 15 284 
900 9 77 213 
900 10 198 6 284 106 60 47 252 244 277 121 28 117 
900 11 
900 12 200 297 
900 13 206 
900 14 200 206 
900 15 
900 16 206 
900 17 121 75 11 252 106 
900 18 200 206 
900 19 160 1 98 230 199 269 244 54 116 284 
900 20 121 206 1 
900 21 198 6 28 284 206 47 244 277 121 15 60 117 
900 22 1 131 230 11 77 116 252 
900 23 11 252 131 
900 24 121 11 131 252 
900 25 198 6 103 252 106 47 80 117 15 28 
900 26 77 
900 27 206 
900 28 206 
900 29 244 252 131 284 213 
900 30 
900 32 206 
900 33 
900 34 206 
900 36 206 
900 37 1 11 252 230 
900 38 206 
900 39 200 206 
900 41 28 117 198 47 
900 44 198 106 47 80 179 244 117 255 
900 45 200 197 
900 46 33 
900 47 
900 48 206 
900 49 28 252 197 
900 50 206 
900 51 28 252 198 47 
900 52 297 290 75 28 
900 53 200 297 
900 54 121 47 
900 55 33 
900 56 1 230 103 11 77 116 54 252 
900 57 200 206 
900 58 1 6 230 103 11 252 
900 59 1 230 11 116 54 252 
900 60 
900 61 33 
900 62 200 267 77 235 
900 63 33 11 252 
900 64 1 131 28 106 47 244 277 121 284 213 
900 65 206 
900 68 28 252 198 47 
900 69 33 11 252 
900 70 289 162 267 
900 71 33 
900 72 252 230 54 103 
900 73 1 244 54 
900 74 198 28 106 47 244 121 284 
900 75 
900 76 28 198 6 47 
900 77 277 
900 79 206 
900 80 
900 82 198 6 252 106 47 80 117 15 28 
900 83 162 6 198 284 106 117 98 28 47 80 252 244 277 121 15 60 30 197 
900 84 206 
900 85 290 198 75 47 80 244 117 121 284 255 
900 86 198 6 284 106 28 47 80 252 244 277 121 15 60 117 
900 88 28 252 6 47 
900 89 116 11 252 103 
900 90 160 1 244 54 
900 91 160 1 230 103 252 11 116 54 60 199 
900 92 206 
900 93 198 6 284 252 60 47 244 277 28 117 
900 94 80 28 252 47 
900 95 33 
900 96 206 213 54 269 
900 97 206 
900 98 
900 99 1 230 103 252 11 116 54 60 199 
900 100 200 
900 101 206 
900 102 77 
900 103 
900 104 11 252 47 
900 105 213 
900 106 
900 107 1 117 230 
900 108 290 198 75 47 80 244 117 121 284 255 
900 109 200 206 
900 110 116 11 252 103 
900 111 200 206 
900 112 160 1 297 244 54 284 
900 113 131 199 116 117 54 121 
900 114 6 297 106 47 277 121 28 
900 115 160 1 98 230 199 269 244 54 116 284 
900 116 
900 117 
900 118 11 252 230 
900 119 267 213 197 
900 120 200 28 131 284 77 
900 121 244 
900 122 206 
900 123 116 290 11 252 
900 124 116 252 54 
900 125 198 28 106 47 244 121 284 
900 126 213 
900 127 28 252 47 
900 128 206 
900 129 11 252 131 47 
900 131 
900 132 200 206 
900 135 33 
900 136 198 6 28 15 117 47 252 
900 137 200 1 267 116 199 
900 138 1 230 103 252 11 116 54 60 199 
900 139 121 252 11 244 77 
900 140 1 103 267 116 54 252 
900 141 206 
900 142 28 198 6 47 
900 143 290 198 75 47 80 244 117 121 284 
900 144 200 47 235 213 197 
900 145 206 
900 146 28 198 6 103 284 106 206 47 80 252 244 277 121 15 60 117 
900 147 77 
900 148 1 11 252 117 230 
900 149 197 230 11 116 213 252 
900 150 289 213 
900 151 206 
900 152 162 197 60 106 98 47 252 244 277 121 284 30 
900 153 1 131 230 11 116 54 252 
900 154 200 197 
900 155 206 
900 156 1 235 200 267 77 131 213 
900 157 297 206 
900 158 200 206 
900 159 116 230 54 
900 160 47 
900 162 
900 163 206 
900 164 33 
900 165 206 
900 166 297 206 
900 167 11 252 77 
900 168 200 77 
900 169 206 
900 170 1 131 197 11 116 54 121 252 
900 171 1 244 252 230 54 
900 172 197 230 11 116 213 252 
900 173 1 11 252 277 
900 174 297 117 6 199 
900 175 33 
900 176 297 206 
900 177 116 230 54 
900 178 160 1 230 11 54 252 
900 179 198 106 47 80 244 117 
900 181 11 252 230 
900 182 116 252 6 199 
900 183 267 230 252 11 116 54 121 284 
900 184 160 1 267 230 103 60 11 289 131 244 252 54 121 116 284 213 
900 185 116 6 47 
900 186 33 75 121 
900 187 1 11 252 54 
900 188 213 197 
900 189 28 252 198 47 
900 190 206 
900 191 28 252 47 
900 193 1 11 252 103 
900 194 198 6 284 252 60 47 244 277 28 117 
900 195 44 77 85 255 
900 196 33 11 252 
900 197 
900 198 
900 199 
900 200 
900 202 206 
900 203 206 
900 204 198 252 28 15 117 47 60 
900 205 200 47 235 213 197 
900 206 252 
900 207 77 
900 208 206 
900 209 267 230 252 11 116 54 121 284 
900 210 77 
900 211 206 213 54 269 
900 212 206 
900 213 
900 214 200 289 77 197 
900 215 206 
900 216 206 
900 217 75 121 106 131 1 
900 219 1 106 75 277 47 
900 220 206 
900 221 121 28 206 47 
900 222 206 
900 223 198 6 284 252 60 47 244 277 28 117 
900 224 206 
900 225 33 206 
900 227 206 
900 228 1 47 
900 230 
900 231 290 11 179 116 252 255 
900 232 200 1 267 116 199 
900 233 289 117 206 
900 234 206 
900 235 
900 236 198 106 47 80 244 117 
900 237 160 1 131 230 289 200 252 11 269 77 75 213 54 284 
900 238 198 60 106 47 252 244 277 28 117 
900 239 6 297 106 75 28 47 284 
900 240 1 269 230 
900 241 198 6 28 15 117 47 252 
900 242 33 
900 243 200 297 77 
900 244 121 54 
900 246 200 1 206 230 
900 247 1 11 116 54 
900 248 267 28 106 11 252 
900 249 206 
900 250 33 206 
900 251 206 
900 252 11 103 
900 253 206 
900 254 106 11 252 
900 255 1 103 
900 256 116 230 54 
900 257 121 284 54 1 
900 258 267 213 197 
900 259 206 
900 260 1 106 75 230 47 
900 261 213 
900 262 200 197 
900 263 1 11 252 206 116 
900 265 206 
900 266 198 6 60 47 244 277 121 15 28 30 117 
900 267 297 
900 268 77 
900 269 
900 271 206 
900 272 206 
900 273 28 106 47 244 117 284 
900 274 56 11 252 
900 276 1 131 197 11 116 54 121 252 
900 277 
900 278 11 252 47 
900 279 1 11 116 54 
900 280 206 
900 281 160 1 230 11 54 252 
900 282 33 267 77 47 289 
900 284 
900 285 1 230 11 116 54 252 
900 286 206 
900 287 28 252 198 47 
900 289 
900 290 
900 291 206 
900 292 1 11 252 206 
900 293 206 
900 294 200 206 
900 295 200 206 
900 296 106 28 117 47 
900 297 
900 298 121 28 206 47 
900 299 200 267 
1800 0 33 116 117 6 28 
1800 1 
1800 2 1 75 277 54 
1800 3 206 
1800 4 200 267 77 
1800 5 121 75 11 252 106 
1800 6 277 
1800 7 290 116 269 199 
1800 8 198 6 28 106 47 252 244 117 121 15 284 
1800 9 77 213 
1800 10 198 6 284 106 60 47 252 244 277 121 28 117 
1800 11 
1800 12 200 297 
1800 13 206 
1800 14 200 206 
1800 15 
1800 16 206 
1800 17 121 75 11 252 106 
1800 18 200 206 
1800 19 160 1 98 230 199 269 244 54 116 284 
1800 20 121 206 1 
1800 21 198 6 28 284 206 47 244 277 121 15 60 117 
1800 22 1 131 230 11 77 116 252 
1800 23 11 252 131 
1800 24 121 11 131 252 
1800 25 198 6 103 252 106 47 117 15 28 
1800 26 77 
1800 27 206 
1800 28 206 
1800 29 244 252 131 284 213 
1800 30 
1800 32 206 
1800 33 
1800 34 206 
1800 36 206 
1800 37 1 11 252 230 
1800 38 206 
1800 39 200 206 
1800 44 198 106 47 179 244 117 255 
1800 45 200 197 
1800 46 33 
1800 47 
1800 48 206 
1800 49 28 252 197 
1800 50 206 
1800 51 28 252 198 47 
1800 52 297 290 75 28 
1800 53 200 297 
1800 54 121 47 
1800 55 33 
1800 57 200 206 
1800 58 1 6 230 103 11 252 
1800 59 1 230 11 116 54 252 
1800 60 
1800 61 33 
1800 62 200 267 77 
1800 63 33 11 252 
1800 64 1 131 28 106 47 244 277 121 284 213 
1800 65 206 
1800 68 28 252 198 47 
1800 69 33 11 252 
1800 70 289 162 267 
1800 71 33 
1800 72 252 230 54 103 
1800 73 1 244 54 
1800 74 198 28 106 47 244 121 284 
1800 75 
1800 76 28 198 6 47 
1800 77 277 
1800 79 206 
1800 82 198 6 252 106 15 117 47 28 
1800 83 162 6 198 284 106 117 98 28 47 252 244 277 121 15 60 30 197 
1800 84 206 
1800 85 290 198 75 47 244 117 121 284 255 
1800 86 198 6 284 106 28 47 252 244 277 121 15 60 117 
1800 89 116 11 252 103 
1800 90 160 1 244 54 
1800 91 160 1 230 103 252 11 116 54 60 199 
1800 92 206 
1800 93 198 6 284 252 60 47 244 277 28 117 
1800 94 28 252 47 
1800 95 33 
1800 96 206 213 54 269 
1800 97 206 
1800 98 
1800 99 1 230 103 252 11 116 54 60 199 
1800 100 200 
1800 101 206 
1800 102 77 
1800 103 
1800 104 11 252 47 
1800 105 213 
1800 106 
1800 107 1 117 230 
1800 108 290 198 75 47 244 117 121 284 255 
1800 110 116 11 252 103 
1800 111 200 206 
1800 112 160 1 297 244 54 284 
1800 113 131 199 116 117 54 121 
1800 114 6 297 106 47 277 121 28 
1800 115 160 1 98 230 199 269 244 54 116 284 
1800 116 
1800 117 
1800 118 11 252 230 
1800 119 267 213 197 
1800 120 200 28 131 284 77 
1800 121 244 
1800 122 206 
1800 123 116 290 11 252 
1800 124 116 252 54 
1800 125 198 28 106 47 244 121 284 
1800 126 213 
1800 127 28 252 47 
1800 128 206 
1800 129 11 252 131 47 
1800 131 
1800 132 200 206 
1800 135 33 
1800 136 198 6 28 15 117 47 252 
1800 137 200 1 267 116 199 
1800 138 1 230 103 252 11 116 54 60 199 
1800 139 121 252 11 244 77 
1800 140 1 103 267 116 54 252 
1800 141 206 
1800 142 28 198 6 47 
1800 143 290 198 75 47 244 117 121 284 
1800 145 206 
1800 147 77 
1800 148 1 11 252 117 230 
1800 149 197 230 11 116 213 252 
1800 150 289 213 
1800 151 206 
1800 153 1 131 230 11 116 54 252 
1800 154 200 197 
1800 155 206 
1800 156 1 131 200 267 77 213 
1800 157 297 206 
1800 158 200 206 
1800 159 116 230 54 
1800 160 47 
1800 162 
1800 163 206 
1800 164 33 
1800 165 206 
1800 166 297 206 
1800 167 11 252 77 
1800 168 200 77 
1800 169 206 
1800 170 1 131 197 11 116 54 121 252 
1800 171 1 244 252 230 54 
1800 172 197 230 11 116 213 252 
1800 173 1 11 252 277 
1800 174 297 117 6 199 
1800 175 33 
1800 176 297 206 
1800 177 116 230 54 
1800 178 160 1 230 11 54 252 
1800 179 106 244 117 198 47 
1800 181 11 252 230 
1800 182 116 252 6 199 
1800 183 267 230 252 11 116 54 121 284 
1800 184 160 1 267 230 103 60 11 289 131 244 252 54 121 116 284 213 
1800 185 116 6 47 
1800 186 33 75 121 
1800 187 1 11 252 54 
1800 188 213 197 
1800 189 28 252 198 47 
1800 190 206 
1800 191 28 252 47 
1800 193 1 11 252 103 
1800 194 198 6 284 252 60 47 244 277 28 117 
1800 195 44 77 85 255 
1800 196 33 11 252 
1800 197 
1800 198 
1800 199 
1800 200 
1800 202 206 
1800 203 206 
1800 204 198 252 28 15 117 47 60 
1800 205 200 47 213 197 
1800 206 252 
1800 207 77 
1800 208 206 
1800 209 267 230 252 11 116 54 121 284 
1800 210 77 
1800 211 206 213 54 269 
1800 212 206 
1800 213 
1800 214 200 289 77 197 
1800 215 206 
1800 216 206 
1800 217 75 121 106 131 1 
1800 219 1 106 75 277 47 
1800 220 206 
1800 221 121 28 206 47 
1800 222 206 
1800 223 198 6 284 252 60 47 244 277 28 117 
1800 224 206 
1800 225 33 206 
1800 227 206 
1800 228 1 47 
1800 230 
1800 231 290 11 179 116 252 255 
1800 232 200 1 267 116 199 
1800 233 289 117 206 
1800 234 206 
1800 236 106 244 117 198 47 
1800 237 160 1 131 230 289 200 252 11 269 77 75 213 54 284 
1800 238 198 60 106 47 252 244 277 28 117 
1800 239 6 297 106 75 28 47 284 
1800 240 1 269 230 
1800 242 33 
1800 243 200 297 77 
1800 244 121 54 
1800 246 200 1 206 230 
1800 248 267 28 106 11 252 
1800 250 33 206 
1800 251 206 
1800 252 11 103 
1800 253 206 
1800 254 106 11 252 
1800 255 1 103 
1800 256 116 230 54 
1800 257 121 284 54 1 
1800 258 267 213 197 
1800 259 206 
1800 260 1 106 75 230 47 
1800 261 213 
1800 262 200 197 
1800 263 1 11 252 206 116 
1800 265 206 
1800 266 198 6 60 47 244 277 121 15 28 30 117 
1800 267 297 
1800 268 77 
1800 269 
1800 271 206 
1800 272 206 
1800 273 28 106 47 244 117 284 
1800 274 11 252 
1800 276 1 131 197 11 116 54 121 252 
1800 277 
1800 278 11 252 47 
1800 279 1 11 116 54 
1800 281 160 1 230 11 54 252 
1800 282 33 267 77 47 289 
1800 284 
1800 285 1 230 11 116 54 252 
1800 286 206 
1800 287 28 252 198 47 
1800 289 
1800 290 
1800 291 206 
1800 292 1 11 252 206 
1800 293 206 
1800 294 200 206 
1800 295 200 206 
1800 296 106 28 117 47 
1800 297 
1800 298 121 28 206 47 
1800 299 200 267 
2700 0 33 116 117 6 28 
2700 1 
2700 2 1 75 277 54 
2700 3 206 
2700 4 200 267 77 
2700 5 121 75 11 252 106 
2700 6 277 
2700 7 290 116 269 
2700 8 198 6 28 106 47 252 244 117 121 15 284 
2700 9 77 213 
2700 10 198 6 284 106 60 47 252 244 277 121 28 117 
2700 11 
2700 12 200 297 
2700 13 206 
2700 14 200 206 
2700 15 
2700 16 206 
2700 17 121 75 11 252 106 
2700 18 200 206 
2700 19 160 1 98 269 244 54 116 284 
2700 20 121 206 1 
2700 21 198 6 28 284 206 47 244 277 121 15 60 117 
2700 22 1 131 11 77 116 252 
2700 23 11 252 131 
2700 24 121 11 131 252 
2700 25 198 6 103 252 106 47 117 15 28 
2700 26 77 
2700 27 206 
2700 28 206 
2700 29 244 252 131 284 213 
2700 30 
2700 32 206 
2700 33 
2700 34 206 
2700 36 206 
2700 38 206 
2700 39 200 206 
2700 44 198 106 47 179 244 117 255 
2700 45 200 197 
2700 46 33 
2700 47 
2700 48 206 
2700 49 28 252 197 
2700 50 206 
2700 51 28 252 198 47 
2700 52 297 290 75 28 
2700 53 200 297 
2700 54 121 47 
2700 55 33 
2700 57 200 206 
2700 58 1 11 252 6 103 
2700 59 1 11 116 252 54 
2700 60 
2700 61 33 
2700 62 200 267 77 
2700 63 33 11 252 
2700 64 1 131 28 106 47 244 277 121 284 213 
2700 65 206 
2700 68 28 252 198 47 
2700 69 33 11 252 
2700 70 289 162 267 
2700 71 33 
2700 72 252 54 103 
2700 73 1 244 54 
2700 74 198 28 106 47 244 121 284 
2700 75 
2700 76 28 198 6 47 
2700 77 277 
2700 79 206 
2700 82 198 6 252 106 15 117 47 28 
2700 83 162 6 198 284 106 117 98 28 47 252 244 277 121 15 60 30 197 
2700 84 206 
2700 85 290 198 75 47 244 117 121 284 255 
2700 86 198 6 284 106 28 47 252 244 277 121 15 60 117 
2700 89 116 11 252 103 
2700 90 160 1 244 54 
2700 91 160 1 103 252 11 116 54 60 
2700 92 206 
2700 93 198 6 284 252 60 47 244 277 28 117 
2700 94 28 252 47 
2700 95 33 
2700 96 206 213 54 269 
2700 97 206 
2700 98 
2700 99 1 103 252 11 116 54 60 
2700 101 206 
2700 102 77 
2700 103 
2700 105 213 
2700 106 
2700 107 1 117 
2700 108 290 198 75 47 244 117 121 284 255 
2700 110 116 11 252 103 
2700 111 200 206 
2700 112 160 1 297 244 54 284 
2700 113 121 131 116 117 54 
2700 114 6 297 106 47 277 121 28 
2700 115 160 1 98 269 244 54 116 284 
2700 116 
2700 117 
2700 118 11 252 
2700 119 267 213 197 
2700 120 200 28 131 284 77 
2700 121 244 
2700 122 206 
2700 123 116 290 11 252 
2700 124 116 252 54 
2700 125 198 28 106 47 244 121 284 
2700 126 213 
2700 127 28 252 47 
2700 128 206 
2700 129 11 252 131 47 
2700 131 
2700 132 200 206 
2700 135 33 
2700 136 198 6 28 15 117 47 252 
2700 137 200 1 267 116 
2700 138 1 103 252 11 116 54 60 
2700 139 121 252 11 244 77 
2700 140 1 103 267 116 54 252 
2700 141 206 
2700 142 28 198 6 47 
2700 143 290 198 75 47 244 117 121 284 
2700 145 206 
2700 147 77 
2700 149 252 11 116 213 197 
2700 150 289 213 
2700 151 206 
2700 153 1 131 11 116 54 252 
2700 154 200 197 
2700 156 1 131 200 267 77 213 
2700 157 297 206 
2700 158 200 206 
2700 159 116 54 
2700 160 47 
2700 162 
2700 163 206 
2700 164 33 
2700 165 206 
2700 166 297 206 
2700 167 11 252 77 
2700 168 200 77 
2700 169 206 
2700 170 1 131 197 11 116 54 121 252 
2700 171 1 252 244 54 
2700 172 252 11 116 213 197 
2700 174 297 117 6 
2700 175 33 
2700 176 297 206 
2700 177 116 54 
2700 178 160 1 11 252 54 
2700 179 106 244 117 198 47 
2700 181 11 252 
2700 182 116 252 6 
2700 184 160 1 267 103 60 11 289 131 244 252 54 121 116 284 213 
2700 186 33 75 121 
2700 187 1 11 252 54 
2700 188 213 197 
2700 189 28 252 198 47 
2700 190 206 
2700 191 28 252 47 
2700 193 1 11 252 103 
2700 194 198 6 284 252 60 47 244 277 28 117 
2700 195 44 77 85 255 
2700 196 33 11 252 
2700 197 
2700 198 
2700 200 
2700 202 206 
2700 203 206 
2700 204 198 252 28 15 117 47 60 
2700 205 200 47 213 197 
2700 206 252 
2700 207 77 
2700 208 206 
2700 209 267 252 11 116 54 121 284 
2700 210 77 
2700 211 206 213 54 269 
2700 212 206 
2700 213 
2700 214 200 289 77 197 
2700 215 206 
2700 216 206 
2700 217 75 121 106 131 1 
2700 219 1 106 75 277 47 
2700 220 206 
2700 221 121 28 206 47 
2700 222 206 
2700 223 198 6 284 252 60 47 244 277 28 117 
2700 224 206 
2700 225 33 206 
2700 227 206 
2700 228 1 47 
2700 231 290 11 179 116 252 255 
2700 232 200 1 267 116 
2700 233 289 117 206 
2700 236 106 244 117 198 47 
2700 237 160 1 131 289 200 252 11 269 77 75 213 54 284 
2700 238 198 60 106 47 252 244 277 28 117 
2700 239 6 297 106 75 28 47 284 
2700 240 1 269 
2700 242 33 
2700 243 200 297 77 
2700 244 121 54 
2700 246 200 1 206 
2700 248 267 28 106 11 252 
2700 250 33 206 
2700 251 206 
2700 252 11 103 
2700 254 106 11 252 
2700 255 1 103 
2700 256 116 54 
2700 257 121 284 54 1 
2700 258 267 213 197 
2700 259 206 
2700 260 1 106 75 47 
2700 261 213 
2700 262 200 197 
2700 263 1 11 252 206 116 
2700 265 206 
2700 266 198 6 60 47 244 277 121 15 28 30 117 
2700 267 297 
2700 268 77 
2700 269 
2700 271 206 
2700 272 206 
2700 273 28 106 47 244 117 284 
2700 274 11 252 
2700 276 1 131 197 11 116 54 121 252 
2700 277 
2700 278 11 252 47 
2700 279 1 11 116 54 
2700 281 160 1 11 252 54 
2700 282 33 267 77 47 289 
2700 284 
2700 285 1 11 116 252 54 
2700 286 206 
2700 287 28 252 198 47 
2700 289 
2700 290 
2700 291 206 
2700 292 1 11 252 206 
2700 293 206 
2700 294 200 206 
2700 295 200 206 
2700 296 106 28 117 47 
2700 297 
2700 298 121 28 206 47 
3600 0 33 116 117 6 28 
3600 1 
3600 2 1 75 277 
3600 3 206 
3600 4 200 267 77 
3600 5 121 75 11 252 106 
3600 6 277 
3600 7 290 116 269 
3600 8 198 6 28 106 47 252 244 117 121 15 284 
3600 9 77 213 
3600 10 198 6 284 106 60 47 252 244 277 121 28 117 
3600 11 
3600 12 200 297 
3600 13 206 
3600 14 200 206 
3600 15 
3600 16 206 
3600 17 121 75 11 252 106 
3600 18 200 206 
3600 19 160 1 98 269 244 116 284 
3600 20 121 206 1 
3600 21 198 6 28 284 206 47 244 277 121 15 60 117 
3600 22 1 131 11 77 116 252 
3600 23 11 252 131 
3600 24 121 11 131 252 
3600 25 198 6 103 252 106 47 117 15 28 
3600 26 77 
3600 27 206 
3600 28 206 
3600 29 244 252 131 284 213 
3600 30 
3600 32 206 
3600 33 
3600 34 206 
3600 38 206 
3600 39 200 206 
3600 44 198 106 47 179 244 117 255 
3600 45 200 197 
3600 46 33 
3600 47 
3600 48 206 
3600 49 28 252 197 
3600 50 206 
3600 51 28 252 198 47 
3600 52 297 290 75 28 
3600 53 200 297 
3600 55 33 
3600 57 200 206 
3600 58 1 11 252 6 103 
3600 59 1 11 252 116 
3600 60 
3600 61 33 
3600 62 200 267 77 
3600 63 33 11 252 
3600 64 1 131 28 106 47 244 277 121 284 213 
3600 65 206 
3600 68 28 252 198 47 
3600 69 33 11 252 
3600 70 289 162 267 
3600 71 33 
3600 72 252 103 
3600 73 1 244 
3600 74 198 28 106 47 244 121 284 
3600 75 
3600 76 28 198 6 47 
3600 77 277 
3600 79 206 
3600 83 162 6 198 284 106 117 98 28 47 252 244 277 121 15 60 30 197 
3600 84 206 
3600 86 198 6 284 106 28 47 252 244 277 121 15 60 117 
3600 89 116 11 252 103 
3600 90 160 1 244 
3600 91 160 1 103 252 11 116 60 
3600 92 206 
3600 93 198 6 284 252 60 47 244 277 28 117 
3600 94 28 252 47 
3600 95 33 
3600 97 206 
3600 98 
3600 99 1 103 60 11 116 252 
3600 101 206 
3600 102 77 
3600 103 
3600 105 213 
3600 106 
3600 107 1 117 
3600 108 290 198 75 47 244 117 121 284 255 
3600 110 116 11 252 103 
3600 111 200 206 
3600 112 160 1 284 244 297 
3600 113 121 131 116 117 
3600 114 6 297 106 47 277 121 28 
3600 115 160 1 98 269 244 116 284 
3600 116 
3600 117 
3600 118 11 252 
3600 119 267 213 197 
3600 120 200 28 131 284 77 
3600 121 244 
3600 122 206 
3600 123 116 290 11 252 
3600 124 116 252 
3600 125 198 28 106 47 244 121 284 
3600 126 213 
3600 127 28 252 47 
3600 128 206 
3600 131 
3600 132 200 206 
3600 135 33 
3600 136 198 6 28 15 117 47 252 
3600 137 200 1 267 116 
3600 138 1 103 60 11 116 252 
3600 139 121 252 11 244 77 
3600 140 1 267 252 116 103 
3600 141 206 
3600 142 28 198 6 47 
3600 143 290 198 75 47 244 117 121 284 
3600 145 206 
3600 147 77 
3600 149 252 11 116 213 197 
3600 150 289 213 
3600 151 206 
3600 153 1 11 252 131 116 
3600 156 1 131 200 267 77 213 
3600 157 297 206 
3600 159 116 
3600 160 47 
3600 162 
3600 163 206 
3600 164 33 
3600 165 206 
3600 166 297 206 
3600 167 11 252 77 
3600 168 200 77 
3600 169 206 
3600 170 1 131 197 11 116 121 252 
3600 171 1 252 244 
3600 172 252 11 116 213 197 
3600 174 297 117 6 
3600 175 33 
3600 176 297 206 
3600 177 116 
3600 178 160 1 11 252 
3600 179 106 244 117 198 47 
3600 181 11 252 
3600 182 116 252 6 
3600 184 160 1 267 103 60 252 11 289 131 244 213 121 116 284 
3600 186 33 75 121 
3600 188 213 197 
3600 189 28 252 198 47 
3600 190 206 
3600 191 28 252 47 
3600 193 1 11 252 103 
3600 194 198 6 284 252 60 47 244 277 28 117 
3600 195 44 77 255 
3600 196 33 11 252 
3600 197 
3600 198 
3600 200 
3600 202 206 
3600 203 206 
3600 204 198 252 28 15 117 47 60 
3600 205 200 47 213 197 
3600 206 252 
3600 207 77 
3600 208 206 
3600 209 11 252 267 116 121 284 
3600 210 77 
3600 211 213 206 269 
3600 212 206 
3600 213 
3600 214 200 289 77 197 
3600 215 206 
3600 216 206 
3600 217 75 121 106 131 1 
3600 219 1 106 75 277 47 
3600 220 206 
3600 221 121 28 206 47 
3600 222 206 
3600 223 198 6 284 252 60 47 244 277 28 117 
3600 224 206 
3600 225 33 206 
3600 227 206 
3600 228 1 47 
3600 231 290 11 179 116 252 255 
3600 232 200 1 267 116 
3600 233 289 117 206 
3600 236 106 244 117 198 47 
3600 239 6 297 106 75 28 47 284 
3600 240 1 269 
3600 242 33 
3600 244 121 
3600 246 200 1 206 
3600 250 33 206 
3600 251 206 
3600 252 11 103 
3600 254 106 11 252 
3600 255 1 103 
3600 256 116 
3600 257 121 284 1 
3600 258 267 213 197 
3600 259 206 
3600 260 1 106 75 47 
3600 261 213 
3600 262 200 197 
3600 263 1 11 252 206 116 
3600 265 206 
3600 266 198 6 60 47 244 277 121 15 28 30 117 
3600 267 297 
3600 268 77 
3600 269 
3600 271 206 
3600 272 206 
3600 273 28 106 47 244 117 284 
3600 274 11 252 
3600 276 1 131 197 11 116 121 252 
3600 277 
3600 278 11 252 47 
3600 279 1 11 116 
3600 281 160 1 11 252 
3600 282 33 267 77 47 289 
3600 284 
3600 285 1 11 252 116 
3600 286 206 
3600 287 28 252 198 47 
3600 289 
3600 290 
3600 291 206 
3600 292 1 11 252 206 
3600 293 206 
3600 294 200 206 
3600 295 200 206 
3600 296 106 28 117 47 
3600 297 
3600 298 121 28 206 47 
4500 0 33 116 117 6 28 
4500 1 
4500 2 1 75 277 
4500 3 206 
4500 4 200 267 77 
4500 5 121 75 11 252 106 
4500 6 277 
4500 7 290 116 269 
4500 8 198 6 28 106 47 252 244 117 121 15 284 
4500 9 77 
4500 10 198 6 284 106 60 47 252 244 277 121 28 117 
4500 11 
4500 12 200 297 
4500 13 206 
4500 14 200 206 
4500 15 
4500 16 206 
4500 17 121 75 11 252 106 
4500 18 200 206 
4500 19 1 98 269 244 116 284 
4500 20 121 206 1 
4500 21 198 6 28 284 206 47 244 277 121 15 60 117 
4500 22 1 131 11 77 116 252 
4500 23 11 252 131 
4500 24 121 11 131 252 
4500 25 198 6 103 252 106 47 117 15 28 
4500 26 77 
4500 27 206 
4500 28 206 
4500 29 244 131 284 252 
4500 30 
4500 32 206 
4500 33 
4500 34 206 
4500 38 206 
4500 39 200 206 
4500 44 198 106 47 244 117 255 
4500 45 200 197 
4500 46 33 
4500 47 
4500 48 206 
4500 49 28 252 197 
4500 50 206 
4500 51 28 252 198 47 
4500 52 297 290 75 28 
4500 53 200 297 
4500 55 33 
4500 57 200 206 
4500 58 1 11 252 6 103 
4500 59 1 11 252 116 
4500 60 
4500 61 33 
4500 62 200 267 77 
4500 63 33 11 252 
4500 64 1 131 28 106 47 244 277 121 284 
4500 65 206 
4500 68 28 252 198 47 
4500 69 33 11 252 
4500 70 289 162 267 
4500 71 33 
4500 72 252 103 
4500 73 1 244 
4500 74 198 28 106 47 244 121 284 
4500 75 
4500 76 28 198 6 47 
4500 77 277 
4500 79 206 
4500 83 162 6 198 284 106 117 98 28 47 252 244 277 121 15 60 30 197 
4500 84 206 
4500 86 198 6 284 106 28 47 252 244 277 121 15 60 117 
4500 89 116 11 252 103 
4500 90 1 244 
4500 91 1 103 60 11 116 252 
4500 92 206 
4500 93 198 6 284 252 60 47 244 277 28 117 
4500 94 28 252 47 
4500 95 33 
4500 97 206 
4500 98 
4500 99 1 103 60 11 116 252 
4500 101 206 
4500 102 77 
4500 103 
4500 105 
4500 106 
4500 107 1 117 
4500 110 116 11 252 103 
4500 111 200 206 
4500 112 1 284 244 297 
4500 113 121 131 116 117 
4500 114 6 297 106 47 277 121 28 
4500 115 1 98 269 244 116 284 
4500 116 
4500 117 
4500 118 11 252 
4500 119 267 197 
4500 120 200 28 131 284 77 
4500 121 244 
4500 122 206 
4500 123 116 290 11 252 
4500 124 116 252 
4500 125 198 28 106 47 244 121 284 
4500 126 
4500 128 206 
4500 131 
4500 132 200 206 
4500 135 33 
4500 136 198 6 28 15 117 47 252 
4500 137 200 1 267 116 
4500 138 1 103 60 11 116 252 
4500 139 121 252 11 244 77 
4500 140 1 267 252 116 103 
4500 141 206 
4500 142 28 198 6 47 
4500 143 290 198 75 47 244 117 121 284 
4500 145 206 
4500 147 77 
4500 149 116 11 252 197 
4500 150 289 
4500 151 206 
4500 153 1 11 252 131 116 
4500 156 200 1 267 131 77 
4500 157 297 206 
4500 159 116 
4500 162 
4500 163 206 
4500 164 33 
4500 166 297 206 
4500 168 200 77 
4500 169 206 
4500 170 1 131 197 11 116 121 252 
4500 171 1 252 244 
4500 172 116 11 252 197 
4500 174 297 117 6 
4500 176 297 206 
4500 177 116 
4500 178 1 11 252 
4500 181 11 252 
4500 182 116 252 6 
4500 184 1 267 103 60 11 289 131 244 252 121 116 284 
4500 186 33 75 121 
4500 188 197 
4500 190 206 
4500 193 1 11 252 103 
4500 194 198 6 284 252 60 47 244 277 28 117 
4500 195 44 77 255 
4500 196 33 11 252 
4500 197 
4500 198 
4500 200 
4500 202 206 
4500 203 206 
4500 204 198 252 28 15 117 47 60 
4500 205 200 197 47 
4500 206 252 
4500 207 77 
4500 208 206 
4500 209 11 252 267 116 121 284 
4500 210 77 
4500 211 269 206 
4500 212 206 
4500 214 200 289 77 197 
4500 215 206 
4500 216 206 
4500 217 75 121 106 131 1 
4500 219 1 106 75 277 47 
4500 220 206 
4500 221 121 28 206 47 
4500 222 206 
4500 223 198 6 284 252 60 47 244 277 28 117 
4500 224 206 
4500 225 33 206 
4500 228 1 47 
4500 231 116 290 11 252 255 
4500 232 200 1 267 116 
4500 233 289 117 206 
4500 236 106 244 117 198 47 
4500 239 6 297 106 75 28 47 284 
4500 240 1 269 
4500 242 33 
4500 244 121 
4500 246 200 1 206 
4500 250 33 206 
4500 251 206 
4500 252 11 103 
4500 254 106 11 252 
4500 255 1 103 
4500 256 116 
4500 257 121 284 1 
4500 258 267 197 
4500 259 206 
4500 260 1 106 75 47 
4500 261 
4500 262 200 197 
4500 263 1 11 252 206 116 
4500 265 206 
4500 266 198 6 60 47 244 277 121 15 28 30 117 
4500 267 297 
4500 268 77 
4500 269 
4500 271 206 
4500 272 206 
4500 273 28 106 47 244 117 284 
4500 274 11 252 
4500 276 1 131 197 11 116 121 252 
4500 277 
4500 278 11 252 47 
4500 279 1 11 116 
4500 281 1 11 252 
4500 284 
4500 285 1 11 252 116 
4500 286 206 
4500 287 28 252 198 47 
4500 289 
4500 290 
4500 291 206 
4500 292 1 11 252 206 
4500 293 206 
4500 295 200 206 
4500 296 106 28 117 47 
4500 297 
4500 298 121 28 206 47 
5400 0 33 116 117 6 28 
5400 1 
5400 2 1 75 277 
5400 3 206 
5400 4 200 77 
5400 5 121 75 11 252 106 
5400 6 277 
5400 7 290 116 269 
5400 8 198 6 28 106 47 252 244 117 121 15 284 
5400 9 77 
5400 10 198 6 284 106 60 47 252 244 277 121 28 117 
5400 11 
5400 12 200 297 
5400 13 206 
5400 14 200 206 
5400 15 
5400 16 206 
5400 17 121 75 11 252 106 
5400 18 200 206 
5400 19 1 98 269 244 116 284 
5400 20 121 206 1 
5400 21 198 6 28 284 206 47 244 277 121 15 60 117 
5400 22 1 131 11 77 116 252 
5400 23 11 252 131 
5400 24 121 11 131 252 
5400 25 198 6 103 252 106 47 117 15 28 
5400 26 77 
5400 27 206 
5400 28 206 
5400 29 244 131 284 252 
5400 30 
5400 32 206 
5400 33 
5400 34 206 
5400 38 206 
5400 39 200 206 
5400 44 198 106 47 244 117 255 
5400 46 33 
5400 47 
5400 49 28 252 197 
5400 51 28 252 198 47 
5400 52 297 290 75 28 
5400 55 33 
5400 57 200 206 
5400 58 1 11 252 6 103 
5400 59 1 11 252 116 
5400 60 
5400 61 33 
5400 62 200 77 
5400 63 33 11 252 
5400 64 1 131 28 106 47 244 277 121 284 
5400 65 206 
5400 68 28 252 198 47 
5400 69 33 11 252 
5400 70 289 162 
5400 71 33 
5400 72 252 103 
5400 74 198 28 106 47 244 121 284 
5400 75 
5400 76 28 198 6 47 
5400 77 277 
5400 79 206 
5400 83 162 6 198 284 106 117 98 28 47 252 244 277 121 15 60 30 197 
5400 84 206 
5400 86 198 6 284 106 28 47 252 244 277 121 15 60 117 
5400 89 116 11 252 103 
5400 90 1 244 
5400 91 1 103 60 11 116 252 
5400 92 206 
5400 93 198 6 284 252 60 47 244 277 28 117 
5400 94 28 252 47 
5400 95 33 
5400 97 206 
5400 98 
5400 99 1 103 60 11 116 252 
5400 101 206 
5400 102 77 
5400 103 
5400 105 
5400 106 
5400 107 1 117 
5400 110 116 11 252 103 
5400 111 200 206 
5400 112 1 284 244 297 
5400 113 121 131 116 117 
5400 114 6 297 106 47 277 121 28 
5400 115 1 98 269 244 116 284 
5400 116 
5400 117 
5400 118 11 252 
5400 119 197 
5400 120 200 28 131 284 77 
5400 121 244 
5400 122 206 
5400 123 116 290 11 252 
5400 124 116 252 
5400 125 198 28 106 47 244 121 284 
5400 126 
5400 128 206 
5400 131 
5400 132 200 206 
5400 135 33 
5400 136 198 6 28 15 117 47 252 
5400 137 200 1 116 
5400 138 1 103 60 11 116 252 
5400 139 121 252 11 244 77 
5400 140 1 252 116 103 
5400 141 206 
5400 142 28 198 6 47 
5400 143 290 198 75 47 244 117 121 284 
5400 145 206 
5400 147 77 
5400 150 289 
5400 151 206 
5400 153 1 11 252 131 116 
5400 156 200 1 131 77 
5400 157 297 206 
5400 159 116 
5400 162 
5400 163 206 
5400 164 33 
5400 166 297 206 
5400 168 200 77 
5400 169 206 
5400 170 1 131 197 11 116 121 252 
5400 171 1 252 244 
5400 172 116 11 252 197 
5400 174 297 117 6 
5400 176 297 206 
5400 178 1 11 252 
5400 181 11 252 
5400 182 116 252 6 
5400 184 1 131 103 60 11 289 244 252 121 116 284 
5400 186 33 75 121 
5400 188 197 
5400 190 206 
5400 193 1 11 252 103 
5400 194 198 6 284 252 60 47 244 277 28 117 
5400 195 44 77 255 
5400 196 33 11 252 
5400 197 
5400 198 
5400 200 
5400 202 206 
5400 203 206 
5400 204 198 252 28 15 117 47 60 
5400 205 200 197 47 
5400 206 252 
5400 208 206 
5400 209 121 11 284 252 116 
5400 210 77 
5400 211 269 206 
5400 212 206 
5400 214 200 289 77 197 
5400 216 206 
5400 219 1 106 75 277 47 
5400 220 206 
5400 221 121 28 206 47 
5400 222 206 
5400 223 198 6 284 252 60 47 244 277 28 117 
5400 224 206 
5400 225 33 206 
5400 228 1 47 
5400 231 116 290 11 252 255 
5400 232 200 1 116 
5400 233 289 117 206 
5400 236 106 244 117 198 47 
5400 239 6 297 106 75 28 47 284 
5400 240 1 269 
5400 242 33 
5400 244 121 
5400 246 200 1 206 
5400 250 33 206 
5400 251 206 
5400 252 11 103 
5400 254 106 11 252 
5400 255 1 103 
5400 256 116 
5400 257 121 284 1 
5400 258 197 
5400 259 206 
5400 260 1 106 75 47 
5400 261 
5400 262 200 197 
5400 263 1 11 252 206 116 
5400 265 206 
5400 266 198 6 60 47 244 277 121 15 28 30 117 
5400 268 77 
5400 269 
5400 271 206 
5400 272 206 
5400 273 28 106 47 244 117 284 
5400 274 11 252 
5400 276 1 131 197 11 116 121 252 
5400 277 
5400 279 1 11 116 
5400 281 1 11 252 
5400 284 
5400 285 1 11 252 116 
5400 286 206 
5400 287 28 252 198 47 
5400 289 
5400 290 
5400 291 206 
5400 292 1 11 252 206 
5400 293 206 
5400 296 106 28 117 47 
5400 297 
5400 298 121 28 206 47 
6300 0 33 116 6 28 
6300 1 
6300 2 1 75 277 
6300 3 206 
6300 4 200 77 
6300 5 121 75 11 252 
6300 6 277 
6300 7 290 116 269 
6300 8 198 6 28 47 244 252 121 15 284 
6300 9 77 
6300 10 198 6 284 252 60 47 244 277 121 28 
6300 11 
6300 12 200 297 
6300 13 206 
6300 14 200 206 
6300 15 
6300 16 206 
6300 17 121 75 11 252 
6300 18 200 206 
6300 19 1 98 269 244 116 284 
6300 20 121 206 1 
6300 21 198 6 28 284 206 47 244 277 121 15 60 
6300 22 1 131 11 77 116 252 
6300 23 11 252 131 
6300 25 198 6 103 28 15 47 252 
6300 27 206 
6300 28 206 
6300 29 244 131 284 252 
6300 30 
6300 32 206 
6300 33 
6300 38 206 
6300 44 47 244 198 255 
6300 46 33 
6300 47 
6300 49 28 252 197 
6300 51 28 252 198 47 
6300 52 297 290 75 28 
6300 55 33 
6300 57 200 206 
6300 58 1 11 252 6 103 
6300 59 1 11 252 116 
6300 60 
6300 61 33 
6300 62 200 77 
6300 63 33 11 252 
6300 64 1 131 28 47 244 277 121 284 
6300 65 206 
6300 68 28 252 198 47 
6300 69 33 11 252 
6300 71 33 
6300 72 252 103 
6300 74 198 28 47 244 121 284 
6300 75 
6300 76 28 198 6 47 
6300 77 277 
6300 79 206 
6300 83 162 6 198 284 252 98 28 47 244 277 121 15 60 30 197 
6300 84 206 
6300 86 198 6 284 252 28 47 244 277 121 15 60 
6300 89 116 11 252 103 
6300 90 1 244 
6300 91 1 103 60 11 116 252 
6300 92 206 
6300 93 198 6 284 252 60 47 244 277 28 
6300 94 28 252 47 
6300 95 33 
6300 97 206 
6300 98 
6300 99 1 103 60 11 116 252 
6300 101 206 
6300 102 77 
6300 103 
6300 105 
6300 107 1 
6300 110 116 11 252 103 
6300 111 200 206 
6300 112 1 284 244 297 
6300 113 121 131 116 
6300 114 6 297 47 277 121 28 
6300 115 1 98 269 244 116 284 
6300 116 
6300 118 11 252 
6300 119 197 
6300 120 200 28 131 284 77 
6300 121 244 
6300 122 206 
6300 123 116 290 11 252 
6300 124 116 252 
6300 125 198 28 47 244 121 284 
6300 126 
6300 128 206 
6300 131 
6300 132 200 206 
6300 135 33 
6300 136 6 198 28 15 47 252 
6300 137 200 1 116 
6300 138 1 103 60 11 116 252 
6300 139 121 252 11 244 77 
6300 140 1 252 116 103 
6300 141 206 
6300 142 28 198 6 47 
6300 143 290 198 75 47 244 121 284 
6300 145 206 
6300 147 77 
6300 150 289 
6300 151 206 
6300 153 1 11 252 131 116 
6300 156 200 1 131 77 
6300 157 297 206 
6300 159 116 
6300 162 
6300 163 206 
6300 164 33 
6300 166 297 206 
6300 168 200 77 
6300 169 206 
6300 170 1 131 197 11 116 121 252 
6300 171 1 252 244 
6300 172 116 11 252 197 
6300 174 297 6 
6300 176 297 206 
6300 178 1 11 252 
6300 181 11 252 
6300 182 116 252 6 
6300 184 1 131 103 60 11 289 244 252 121 116 284 
6300 186 33 75 121 
6300 188 197 
6300 190 206 
6300 193 1 11 252 103 
6300 194 198 6 284 252 60 47 244 277 28 
6300 195 44 77 255 
6300 196 33 11 252 
6300 197 
6300 198 
6300 200 
6300 202 206 
6300 203 206 
6300 204 198 28 15 252 47 60 
6300 205 200 197 47 
6300 206 252 
6300 208 206 
6300 209 121 11 284 252 116 
6300 210 77 
6300 211 269 206 
6300 212 206 
6300 214 200 289 77 197 
6300 216 206 
6300 219 1 75 277 47 
6300 220 206 
6300 221 121 28 206 47 
6300 222 206 
6300 223 198 6 284 252 60 47 244 277 28 
6300 224 206 
6300 225 33 206 
6300 228 1 47 
6300 231 116 290 11 252 255 
6300 232 200 1 116 
6300 233 289 206 
6300 236 244 198 47 
6300 239 6 297 75 28 47 284 
6300 240 1 269 
6300 242 33 
6300 244 121 
6300 246 200 1 206 
6300 250 33 206 
6300 252 11 103 
6300 254 11 252 
6300 255 1 103 
6300 256 116 
6300 258 197 
6300 259 206 
6300 260 1 75 47 
6300 261 
6300 262 200 197 
6300 263 1 11 252 206 116 
6300 266 198 6 60 47 244 277 121 15 28 30 
6300 268 77 
6300 269 
6300 271 206 
6300 272 206 
6300 273 244 284 28 47 
6300 274 11 252 
6300 277 
6300 281 1 11 252 
6300 284 
6300 285 1 11 252 116 
6300 287 28 252 198 47 
6300 289 
6300 290 
6300 291 206 
6300 292 1 11 252 206 
6300 293 206 
6300 296 28 47 
6300 297 
6300 298 121 28 206 47 
