0 0 148 85 
0 1 65 239 73 
0 2 155 182 143 
0 3 291 167 295 274 240 17 178 19 191 
0 4 290 228 277 279 
0 5 27 34 191 215 
0 6 289 41 203 18 115 188 
0 7 294 
0 8 57 
0 9 8 
0 10 273 50 291 22 
0 11 
0 12 291 151 286 110 71 
0 13 238 47 
0 14 168 160 222 
0 15 249 
0 16 80 179 
0 17 162 243 116 290 
0 18 207 
0 19 140 65 186 83 12 
0 20 158 279 
0 21 185 53 
0 22 240 265 111 77 81 
0 23 26 102 230 
0 24 1 26 282 175 
0 25 86 265 244 278 61 94 
0 26 16 150 215 
0 27 200 44 133 
0 28 193 225 73 75 289 25 
0 29 202 147 
0 30 6 291 172 69 174 
0 31 224 160 
0 32 264 121 252 238 295 
0 33 30 
0 34 137 217 211 65 
0 36 121 260 289 
0 37 155 164 279 
0 38 177 
0 39 91 252 
0 41 232 209 28 62 
0 42 121 242 193 
0 43 272 23 271 
0 44 18 131 141 
0 45 137 294 
0 46 168 41 55 193 
0 47 224 59 180 163 
0 48 50 109 
0 49 89 60 102 
0 50 130 262 
0 51 112 18 223 71 
0 52 266 206 103 
0 53 176 
0 54 261 
0 55 208 234 43 116 23 
0 56 0 2 238 127 
0 57 131 68 72 139 142 86 
0 58 34 243 213 207 
0 59 250 117 
0 60 209 94 
0 61 88 165 60 29 175 
0 62 128 91 116 293 
0 63 162 100 9 2 46 212 120 
0 64 50 223 108 125 221 
0 65 228 75 172 158 
0 67 162 131 69 103 268 239 187 
0 68 225 211 236 108 207 
0 69 241 2 291 92 
0 70 240 243 181 
0 71 248 41 278 78 
0 72 296 25 190 289 
0 73 114 11 162 111 
0 74 99 75 15 272 83 56 126 
0 75 266 
0 76 258 298 44 141 143 
0 77 240 166 
0 78 64 265 139 46 18 21 157 
0 79 183 69 294 263 
0 80 264 126 
0 81 71 297 141 110 116 22 
0 82 200 19 159 
0 83 248 145 132 142 
0 84 89 12 
0 85 48 151 5 126 117 
0 86 162 140 5 
0 88 225 140 276 29 
0 89 
0 90 292 29 
0 91 108 198 206 183 
0 92 96 291 72 15 200 179 
0 93 225 195 39 294 185 
0 94 27 99 100 78 
0 95 152 33 141 0 
0 96 277 174 63 
0 97 128 193 294 141 208 186 157 
0 98 186 219 31 
0 99 74 157 48 50 118 10 
0 100 50 147 22 78 
0 101 89 51 20 
0 102 41 130 20 182 231 
0 103 170 203 237 174 178 88 61 
0 104 147 
0 105 227 111 19 216 60 189 
0 106 265 260 44 223 
0 107 120 193 130 187 
0 108 144 171 261 
0 109 98 
0 110 138 151 
0 111 168 216 39 
0 112 168 160 11 38 
0 113 4 76 125 142 129 
0 114 200 9 194 62 137 
0 115 225 123 239 
0 116 216 121 258 86 14 
0 117 177 115 253 
0 118 80 2 43 261 
0 119 82 10 269 271 210 277 183 
0 120 173 
0 121 241 140 
0 122 131 279 
0 123 166 136 107 12 16 180 
0 124 256 36 69 43 13 51 91 
0 125 257 203 38 235 15 180 122 
0 126 177 10 133 70 
0 127 64 257 44 278 215 88 123 125 
0 128 276 
0 129 242 164 37 45 
0 130 217 90 219 211 71 
0 131 257 107 284 
0 132 207 
0 133 32 64 24 
0 135 264 127 
0 136 62 182 
0 137 298 299 23 
0 138 224 129 150 271 177 54 27 133 
0 139 
0 140 89 162 102 113 
0 141 256 73 4 47 
0 142 226 251 156 37 203 
0 143 260 172 13 277 
0 144 83 102 
0 145 235 
0 146 260 293 295 296 206 82 183 27 61 
0 147 34 116 274 
0 148 44 178 107 244 
0 149 153 246 249 
0 150 
0 151 0 3 219 39 
0 152 184 242 
0 153 248 240 266 111 
0 154 131 198 75 16 254 63 
0 155 250 173 254 
0 156 89 295 68 223 
0 157 266 274 77 30 
0 158 136 232 208 182 
0 159 122 
0 160 16 124 164 
0 161 264 67 163 235 
0 162 104 
0 163 
0 164 185 3 84 5 
0 165 272 258 10 77 157 
0 166 104 113 132 296 
0 167 200 281 
0 168 27 89 155 47 185 
0 169 152 208 58 15 
0 170 153 123 79 
0 171 217 
0 172 170 189 
0 173 214 23 
0 174 216 129 227 156 
0 175 80 4 54 247 
0 176 130 118 
0 177 185 266 97 
0 178 272 
0 179 215 
0 180 233 6 
0 181 149 
0 182 12 29 
0 183 152 175 
0 184 230 10 284 70 214 
0 185 21 
0 186 152 164 
0 187 81 26 271 
0 188 39 75 189 274 182 123 253 286 31 
0 189 111 55 148 31 
0 190 81 235 52 279 
0 191 80 217 195 163 215 
0 193 104 258 131 
0 194 132 
0 195 248 113 200 38 159 
0 196 60 260 
0 197 233 285 269 
0 198 99 299 
0 199 6 7 140 50 82 179 
0 200 132 165 295 170 231 158 
0 202 98 92 205 118 
0 203 34 206 
0 204 13 238 103 
0 205 169 140 
0 206 288 68 104 14 81 248 
0 207 265 52 252 262 
0 208 128 25 114 61 
0 209 163 239 53 278 45 
0 210 128 49 123 296 
0 211 16 226 19 
0 212 21 
0 213 120 104 226 235 
0 214 195 164 13 208 49 191 
0 215 249 162 220 285 29 
0 216 136 204 18 178 147 183 
0 217 267 
0 219 225 4 285 151 
0 220 289 58 5 
0 221 64 34 253 
0 222 32 225 92 24 
0 223 
0 224 33 150 
0 225 117 246 
0 226 24 170 291 
0 227 170 261 
0 228 211 
0 230 268 114 196 234 126 
0 231 8 33 90 242 
0 232 99 130 147 228 
0 233 250 115 175 
0 234 132 254 46 103 
0 235 196 199 11 238 242 214 255 
0 236 267 204 199 
0 237 289 158 
0 238 89 116 69 44 
0 239 168 10 78 71 
0 240 217 93 71 
0 241 171 29 182 
0 242 257 2 263 107 77 82 83 213 280 220 
0 243 152 106 212 61 
0 244 136 200 34 227 
0 246 6 198 48 147 219 284 
0 247 146 227 
0 248 220 133 
0 249 136 121 53 
0 250 264 104 175 101 77 
0 251 224 144 165 208 180 186 
0 252 114 171 
0 253 272 259 199 238 48 83 22 
0 254 136 160 284 141 92 
0 255 128 86 110 166 
0 256 210 222 
0 257 233 151 
0 258 72 146 21 
0 259 99 47 292 126 247 
0 260 224 233 274 76 
0 261 16 187 
0 262 96 290 78 
0 263 88 18 190 
0 264 80 121 18 132 
0 265 64 17 273 81 211 20 124 190 
0 266 
0 267 256 21 262 
0 268 180 213 165 
0 269 286 
0 271 216 156 
0 272 233 269 78 115 265 89 
0 273 83 172 183 
0 274 42 
0 276 15 
0 277 176 107 109 
0 278 168 195 
0 279 157 47 76 125 263 
0 280 160 202 6 
0 281 264 123 150 46 285 
0 282 176 179 43 171 
0 284 4 29 
0 285 104 27 
0 286 298 
0 287 256 3 198 172 210 248 252 
0 288 98 278 265 109 182 247 60 
0 289 153 155 22 
0 290 241 220 73 
0 291 33 78 126 
0 292 299 199 
0 293 14 
0 294 185 108 37 
0 295 216 72 
0 296 105 243 60 177 
0 297 96 102 232 171 147 84 
0 298 144 4 11 242 240 114 
0 299 202 59 213 
900 0 148 85 
900 1 65 239 73 
900 2 155 182 143 
900 3 291 167 295 274 240 17 178 19 191 
900 4 290 228 277 279 
900 5 27 34 191 215 
900 6 289 41 203 18 115 188 
900 7 294 
900 8 57 
900 9 8 
900 10 273 50 291 22 
900 11 
900 12 291 151 286 110 71 
900 13 238 47 
900 14 168 160 222 
900 15 249 
900 16 80 179 
900 17 162 243 116 290 
900 18 207 
900 19 140 65 186 83 12 
900 20 158 279 
900 21 185 53 
900 22 240 265 77 111 
900 23 26 102 230 
900 24 1 26 282 175 
900 25 86 265 244 278 61 94 
900 26 16 150 215 
900 27 200 44 
900 28 193 225 73 75 289 25 
900 29 202 147 
900 30 6 291 172 69 174 
900 32 121 252 238 295 
900 33 30 
900 34 137 217 211 65 
900 36 121 260 289 
900 37 155 164 279 
900 38 177 
900 39 91 252 
900 41 232 209 28 62 
900 44 18 131 141 
900 45 137 294 
900 46 168 41 55 193 
900 47 224 59 163 
900 48 50 109 
900 49 89 60 102 
900 50 262 
900 51 112 18 223 71 
900 52 266 206 103 
900 53 176 
900 54 261 
900 55 208 234 116 23 
900 56 0 2 238 127 
900 57 131 68 72 139 142 86 
900 58 34 243 213 207 
900 59 250 117 
900 60 209 94 
900 61 88 165 60 29 175 
900 62 128 91 116 293 
900 63 162 100 9 2 46 212 120 
900 64 50 223 108 125 221 
900 65 228 75 172 158 
900 68 225 211 236 108 207 
900 69 241 2 291 92 
900 70 240 243 181 
900 71 248 41 278 
900 72 296 25 190 289 
900 73 114 11 162 111 
900 74 99 75 15 272 83 56 126 
900 75 266 
900 76 258 298 44 141 143 
900 77 240 166 
900 79 183 69 294 263 
900 80 126 
900 82 200 19 159 
900 83 248 145 132 142 
900 84 89 12 
900 85 48 151 5 126 117 
900 86 162 140 5 
900 88 225 140 276 29 
900 89 
900 90 292 29 
900 91 108 198 206 183 
900 92 96 291 72 15 200 179 
900 93 225 195 39 294 185 
900 94 27 99 100 
900 95 152 33 141 0 
900 96 277 174 63 
900 97 128 193 294 141 208 186 157 
900 98 186 219 
900 99 74 157 48 50 118 10 
900 100 50 147 22 
900 101 89 51 20 
900 102 41 20 182 231 
900 103 170 203 237 174 178 88 61 
900 104 147 
900 105 227 111 19 216 60 189 
900 106 265 260 44 223 
900 107 120 193 187 
900 108 144 171 261 
900 109 98 
900 110 138 151 
900 111 168 216 39 
900 112 168 160 11 38 
900 113 4 76 125 142 129 
900 114 200 9 194 62 137 
900 115 225 123 239 
900 116 216 121 258 86 14 
900 117 177 115 253 
900 118 80 2 261 
900 119 82 10 269 271 210 277 183 
900 120 173 
900 121 241 140 
900 122 131 279 
900 123 136 16 107 12 166 
900 124 256 36 69 13 51 91 
900 125 257 203 38 235 15 122 
900 126 177 10 70 
900 127 64 257 44 278 215 88 123 125 
900 128 276 
900 129 242 164 37 45 
900 131 257 107 284 
900 132 207 
900 135 127 
900 136 62 182 
900 137 298 299 23 
900 138 224 129 150 271 177 54 27 
900 139 
900 140 89 162 102 113 
900 141 256 73 4 47 
900 142 203 156 37 251 
900 143 260 172 13 277 
900 144 83 102 
900 145 235 
900 146 260 293 295 296 206 82 183 27 61 
900 147 34 116 274 
900 148 44 178 107 244 
900 149 153 246 249 
900 150 
900 151 0 3 219 39 
900 152 184 242 
900 153 248 240 266 111 
900 154 131 198 75 16 254 63 
900 155 250 173 254 
900 156 89 295 68 223 
900 157 266 274 77 30 
900 158 136 232 208 182 
900 159 122 
900 160 16 124 164 
900 162 104 
900 163 
900 164 185 3 84 5 
900 165 272 258 10 77 157 
900 166 104 113 132 296 
900 167 200 281 
900 168 27 89 155 47 185 
900 169 152 208 58 15 
900 170 153 123 79 
900 171 217 
900 172 170 189 
900 173 214 23 
900 174 216 129 227 156 
900 175 80 4 54 247 
900 176 118 
900 177 185 266 97 
900 178 272 
900 179 215 
900 181 149 
900 182 12 29 
900 183 152 175 
900 184 230 10 284 70 214 
900 185 21 
900 186 152 164 
900 187 26 271 
900 188 39 75 253 274 182 123 189 286 
900 189 111 148 55 
900 190 235 52 279 
900 191 80 217 195 163 215 
900 193 104 258 131 
900 194 132 
900 195 248 113 200 38 159 
900 196 60 260 
900 197 233 285 269 
900 198 99 299 
900 199 6 7 140 50 82 179 
900 200 132 165 295 170 231 158 
900 202 98 92 205 118 
900 203 34 206 
900 204 13 238 103 
900 205 169 140 
900 206 248 104 68 14 
900 207 265 52 252 262 
900 208 128 25 114 61 
900 209 163 239 53 278 45 
900 210 128 49 123 296 
900 211 16 19 
900 212 21 
900 213 120 104 235 
900 214 195 164 13 208 49 191 
900 215 249 162 220 285 29 
900 216 136 204 18 178 147 183 
900 217 267 
900 219 225 4 285 151 
900 220 289 58 5 
900 221 64 34 253 
900 222 32 225 92 24 
900 223 
900 224 33 150 
900 225 117 246 
900 227 170 261 
900 228 211 
900 230 268 114 196 234 126 
900 231 8 33 90 242 
900 232 99 147 228 
900 233 250 115 175 
900 234 132 254 46 103 
900 235 196 199 11 238 242 214 255 
900 236 267 204 199 
900 237 289 158 
900 238 89 116 69 44 
900 239 168 10 71 
900 240 217 93 71 
900 241 171 29 182 
900 242 257 2 263 107 77 82 83 213 280 220 
900 243 152 106 212 61 
900 244 136 200 34 227 
900 246 6 198 48 147 219 284 
900 247 146 227 
900 248 220 
900 249 136 121 53 
900 250 104 175 77 101 
900 251 224 208 144 165 186 
900 252 114 171 
900 253 272 259 199 238 48 83 22 
900 254 136 160 284 141 92 
900 255 128 86 110 166 
900 256 210 222 
900 257 233 151 
900 258 72 146 21 
900 259 99 47 292 126 247 
900 260 224 233 274 76 
900 261 16 187 
900 262 96 290 
900 263 88 18 190 
900 265 64 17 273 211 20 124 190 
900 266 
900 267 256 21 262 
900 268 213 165 
900 269 286 
900 271 216 156 
900 272 233 89 115 269 265 
900 273 83 172 183 
900 274 
900 276 15 
900 277 176 107 109 
900 278 168 195 
900 279 157 47 76 125 263 
900 280 160 202 6 
900 281 123 150 46 285 
900 282 176 171 179 
900 284 4 29 
900 285 104 27 
900 286 298 
900 287 256 3 198 172 210 248 252 
900 289 153 155 22 
900 290 241 220 73 
900 291 33 126 
900 292 299 199 
900 293 14 
900 294 185 108 37 
900 295 216 72 
900 296 105 243 60 177 
900 297 96 102 232 171 147 84 
900 298 144 4 11 242 240 114 
900 299 202 59 213 
1800 0 148 85 
1800 1 65 239 73 
1800 2 155 182 143 
1800 3 291 167 295 274 240 17 178 19 191 
1800 4 290 228 277 279 
1800 5 27 34 191 215 
1800 6 289 18 115 188 203 
1800 7 294 
1800 8 57 
1800 9 8 
1800 10 273 50 291 22 
1800 11 
1800 12 291 151 286 110 71 
1800 13 238 47 
1800 14 168 160 222 
1800 15 
1800 16 179 
1800 17 162 243 116 290 
1800 18 207 
1800 19 140 65 186 83 12 
1800 20 158 279 
1800 21 185 53 
1800 22 240 265 77 111 
1800 23 26 102 230 
1800 24 1 26 282 175 
1800 25 86 265 244 278 61 94 
1800 26 16 150 215 
1800 27 200 44 
1800 28 193 225 73 75 289 25 
1800 29 202 147 
1800 30 6 291 172 69 174 
1800 32 121 252 238 295 
1800 33 30 
1800 34 137 217 211 65 
1800 36 121 260 289 
1800 37 155 164 279 
1800 38 177 
1800 39 91 252 
1800 44 18 131 141 
1800 45 137 294 
1800 46 168 193 55 
1800 47 224 59 163 
1800 48 50 
1800 49 89 60 102 
1800 50 262 
1800 51 112 18 223 71 
1800 52 266 206 103 
1800 53 176 
1800 54 261 
1800 55 208 234 116 23 
1800 57 131 68 72 139 142 86 
1800 58 34 243 213 207 
1800 59 250 117 
1800 60 209 94 
1800 61 165 60 29 175 
1800 62 128 91 116 293 
1800 63 162 100 9 2 46 212 120 
1800 64 50 223 108 125 221 
1800 65 228 75 172 158 
1800 68 225 211 236 108 207 
1800 69 2 291 92 
1800 70 240 243 181 
1800 71 248 278 
1800 72 296 25 190 289 
1800 73 114 11 162 111 
1800 74 99 75 15 272 83 126 
1800 75 266 
1800 76 258 298 44 141 143 
1800 77 240 166 
1800 79 183 69 294 263 
1800 82 200 19 159 
1800 83 248 145 132 142 
1800 84 89 12 
1800 85 48 151 5 126 117 
1800 86 162 140 5 
1800 89 
1800 90 292 29 
1800 91 108 198 206 183 
1800 92 96 291 72 15 200 179 
1800 93 225 195 39 294 185 
1800 94 27 99 100 
1800 95 0 33 141 
1800 96 277 174 63 
1800 97 128 193 294 141 208 186 157 
1800 98 186 219 
1800 99 74 157 48 50 118 10 
1800 100 50 147 22 
1800 101 89 51 20 
1800 102 20 182 231 
1800 103 170 203 237 174 178 61 
1800 104 147 
1800 105 227 111 19 216 60 189 
1800 106 265 260 44 223 
1800 107 120 193 187 
1800 108 171 261 
1800 110 138 151 
1800 111 168 216 39 
1800 112 168 160 11 38 
1800 113 4 76 125 142 129 
1800 114 200 9 194 62 137 
1800 115 225 123 239 
1800 116 216 121 258 86 14 
1800 117 177 115 253 
1800 118 2 261 
1800 119 82 10 269 271 210 277 183 
1800 120 173 
1800 121 140 
1800 122 131 279 
1800 123 136 16 107 12 166 
1800 124 256 36 69 13 51 91 
1800 125 257 122 203 38 15 
1800 126 177 10 70 
1800 127 64 257 44 278 215 123 125 
1800 128 276 
1800 129 242 164 37 45 
1800 131 257 107 284 
1800 132 207 
1800 135 127 
1800 136 62 182 
1800 137 298 299 23 
1800 138 224 129 150 271 177 54 27 
1800 139 
1800 140 89 162 102 113 
1800 141 256 73 4 47 
1800 142 203 156 37 251 
1800 143 260 172 13 277 
1800 145 
1800 147 34 116 274 
1800 148 44 178 107 244 
1800 149 153 246 
1800 150 
1800 151 0 3 219 39 
1800 153 248 240 266 111 
1800 154 131 198 75 16 254 63 
1800 155 250 173 254 
1800 156 89 295 68 223 
1800 157 266 274 77 30 
1800 158 136 232 208 182 
1800 159 122 
1800 160 16 124 164 
1800 162 104 
1800 163 
1800 164 185 3 84 5 
1800 165 272 258 10 77 157 
1800 166 104 113 132 296 
1800 167 200 281 
1800 168 27 89 155 47 185 
1800 169 208 58 15 
1800 170 153 123 79 
1800 171 217 
1800 172 170 189 
1800 173 214 23 
1800 174 216 129 227 156 
1800 175 4 54 
1800 176 118 
1800 177 185 266 97 
1800 178 272 
1800 179 215 
1800 181 149 
1800 182 12 29 
1800 183 175 
1800 184 230 10 284 70 214 
1800 185 21 
1800 186 164 
1800 187 26 271 
1800 188 39 75 253 274 182 123 189 286 
1800 189 111 148 55 
1800 190 52 279 
1800 191 217 195 163 215 
1800 193 104 258 131 
1800 194 132 
1800 195 248 113 200 38 159 
1800 196 60 260 
1800 197 233 285 269 
1800 198 99 299 
1800 199 6 7 140 50 82 179 
1800 200 132 165 295 170 231 158 
1800 202 98 92 205 118 
1800 203 34 206 
1800 204 13 238 103 
1800 205 169 140 
1800 206 248 104 68 14 
1800 207 265 52 252 262 
1800 208 128 25 114 61 
1800 209 163 239 53 278 45 
1800 210 128 49 123 296 
1800 211 16 19 
1800 212 21 
1800 213 120 104 
1800 214 195 164 13 208 49 191 
1800 215 162 220 285 29 
1800 216 136 204 18 178 147 183 
1800 217 267 
1800 219 225 4 285 151 
1800 220 289 58 5 
1800 221 64 34 253 
1800 222 32 225 92 24 
1800 223 
1800 224 33 150 
1800 225 117 246 
1800 227 170 261 
1800 228 211 
1800 230 268 114 196 234 126 
1800 231 8 33 90 242 
1800 232 99 147 228 
1800 233 250 115 175 
1800 234 132 254 46 103 
1800 236 267 204 199 
1800 237 289 158 
1800 238 89 116 69 44 
1800 239 168 10 71 
1800 240 217 93 71 
1800 242 257 2 263 107 77 82 83 213 220 
1800 243 106 212 61 
1800 244 136 200 34 227 
1800 246 6 198 48 147 219 284 
1800 248 220 
1800 250 104 175 77 101 
1800 251 224 208 186 165 
1800 252 114 171 
1800 253 272 259 199 238 48 83 22 
1800 254 136 160 284 141 92 
1800 255 128 86 110 166 
1800 256 210 222 
1800 257 233 151 
1800 258 72 21 
1800 259 99 292 126 47 
1800 260 224 233 274 76 
1800 261 16 187 
1800 262 96 290 
1800 263 18 190 
1800 265 64 17 273 211 20 124 190 
1800 266 
1800 267 256 21 262 
1800 268 213 165 
1800 269 286 
1800 271 216 156 
1800 272 233 89 115 269 265 
1800 273 83 172 183 
1800 274 
1800 276 15 
1800 277 176 107 
1800 278 168 195 
1800 279 157 47 76 125 263 
1800 281 123 150 46 285 
1800 282 176 171 179 
1800 284 4 29 
1800 285 104 27 
1800 286 298 
1800 287 256 3 198 172 210 248 252 
1800 289 153 155 22 
1800 290 73 220 
1800 291 33 126 
1800 292 299 199 
1800 293 14 
1800 294 185 108 37 
1800 295 216 72 
1800 296 105 243 60 177 
1800 297 96 102 232 171 147 84 
1800 298 240 114 11 4 242 
1800 299 202 59 213 
2700 0 85 
2700 1 65 239 73 
2700 2 182 143 
2700 3 291 167 295 274 240 17 178 19 191 
2700 4 290 228 277 279 
2700 5 27 34 191 215 
2700 6 289 18 115 188 203 
2700 7 294 
2700 8 57 
2700 9 8 
2700 10 273 50 291 22 
2700 11 
2700 12 291 151 286 110 71 
2700 13 238 47 
2700 14 168 160 222 
2700 15 
2700 16 179 
2700 17 162 243 116 290 
2700 18 207 
2700 19 140 65 186 83 12 
2700 20 158 279 
2700 21 53 
2700 22 240 265 77 111 
2700 23 26 102 
2700 24 1 26 282 175 
2700 25 86 265 244 278 61 94 
2700 26 16 150 215 
2700 27 200 44 
2700 28 193 225 73 75 289 25 
2700 29 202 147 
2700 30 6 291 172 69 174 
2700 32 121 252 238 295 
2700 33 30 
2700 34 137 217 211 65 
2700 36 121 260 289 
2700 38 177 
2700 39 91 252 
2700 44 18 131 141 
2700 45 137 294 
2700 46 168 193 55 
2700 47 224 59 163 
2700 48 50 
2700 49 89 60 102 
2700 50 262 
2700 51 112 18 223 71 
2700 52 266 206 103 
2700 53 176 
2700 54 261 
2700 55 208 116 23 
2700 57 131 68 72 139 142 86 
2700 58 34 243 213 207 
2700 59 250 117 
2700 60 209 94 
2700 61 165 60 29 175 
2700 62 128 91 116 293 
2700 63 162 9 2 46 212 120 
2700 64 50 223 108 125 221 
2700 65 228 75 172 158 
2700 68 225 211 236 108 207 
2700 69 2 291 92 
2700 70 240 243 181 
2700 71 248 278 
2700 72 296 25 190 289 
2700 73 114 11 162 111 
2700 74 99 75 15 272 83 126 
2700 75 266 
2700 76 258 298 44 141 143 
2700 77 240 166 
2700 79 69 294 263 
2700 82 200 19 159 
2700 83 248 145 132 142 
2700 84 89 12 
2700 85 48 151 5 126 117 
2700 86 162 140 5 
2700 89 
2700 90 292 29 
2700 91 108 198 206 
2700 92 96 291 72 15 200 179 
2700 93 225 195 294 39 
2700 94 99 27 
2700 95 0 33 141 
2700 96 277 174 63 
2700 97 128 193 294 141 208 186 157 
2700 98 186 219 
2700 99 74 157 48 50 118 10 
2700 101 89 51 20 
2700 102 20 182 231 
2700 103 170 203 237 174 178 61 
2700 105 227 111 19 216 60 189 
2700 106 265 260 44 223 
2700 107 120 193 187 
2700 108 171 261 
2700 110 138 151 
2700 111 168 216 39 
2700 112 168 160 11 38 
2700 113 4 76 125 142 129 
2700 114 200 9 194 62 137 
2700 115 225 123 239 
2700 116 216 121 258 86 14 
2700 117 177 115 
2700 118 2 261 
2700 119 10 82 269 210 277 271 
2700 120 
2700 121 140 
2700 122 131 279 
2700 123 136 16 107 12 166 
2700 124 256 36 69 13 51 91 
2700 125 257 122 203 38 15 
2700 126 177 10 70 
2700 127 64 257 44 278 215 123 125 
2700 128 276 
2700 129 242 164 45 
2700 131 257 107 284 
2700 132 207 
2700 135 127 
2700 136 62 182 
2700 137 298 23 
2700 138 224 129 150 271 177 54 27 
2700 139 
2700 140 89 162 102 113 
2700 141 256 73 4 47 
2700 142 203 156 251 
2700 143 260 172 13 277 
2700 145 
2700 147 34 116 274 
2700 149 153 246 
2700 150 
2700 151 0 3 219 39 
2700 153 248 240 266 111 
2700 154 131 198 75 16 254 63 
2700 156 89 295 68 223 
2700 157 266 274 77 30 
2700 158 136 232 208 182 
2700 159 122 
2700 160 16 124 164 
2700 162 
2700 163 
2700 164 3 84 5 
2700 165 272 258 10 77 157 
2700 166 296 113 132 
2700 167 200 281 
2700 168 89 27 47 
2700 169 208 58 15 
2700 170 153 123 79 
2700 171 217 
2700 172 170 189 
2700 174 216 129 227 156 
2700 175 4 54 
2700 176 118 
2700 177 97 266 
2700 178 272 
2700 179 215 
2700 181 149 
2700 182 12 29 
2700 184 10 284 70 214 
2700 186 164 
2700 187 26 271 
2700 188 39 75 274 182 123 189 286 
2700 189 111 55 
2700 190 52 279 
2700 191 217 195 163 215 
2700 193 258 131 
2700 194 132 
2700 195 248 113 200 38 159 
2700 196 60 260 
2700 197 233 285 269 
2700 198 99 
2700 200 132 165 295 170 231 158 
2700 202 98 92 205 118 
2700 203 34 206 
2700 204 13 238 103 
2700 205 169 140 
2700 206 248 68 14 
2700 207 265 52 252 262 
2700 208 128 25 114 61 
2700 209 163 239 53 278 45 
2700 210 128 49 123 296 
2700 211 16 19 
2700 212 21 
2700 213 120 
2700 214 195 164 13 208 49 191 
2700 215 162 220 285 29 
2700 216 136 178 147 204 18 
2700 217 267 
2700 219 225 4 285 151 
2700 220 289 58 5 
2700 221 64 34 
2700 222 32 225 92 24 
2700 223 
2700 224 33 150 
2700 225 117 246 
2700 227 170 261 
2700 228 211 
2700 231 8 33 90 242 
2700 232 99 147 228 
2700 233 250 115 175 
2700 236 267 204 
2700 237 289 158 
2700 238 89 116 69 44 
2700 239 168 10 71 
2700 240 217 93 71 
2700 242 257 2 263 107 77 82 83 213 220 
2700 243 106 212 61 
2700 244 136 200 34 227 
2700 246 6 198 48 147 219 284 
2700 248 220 
2700 250 175 77 101 
2700 251 224 208 186 165 
2700 252 114 171 
2700 254 136 160 284 141 92 
2700 255 128 86 110 166 
2700 256 210 222 
2700 257 233 151 
2700 258 72 21 
2700 259 99 292 126 47 
2700 260 224 233 274 76 
2700 261 16 187 
2700 262 96 290 
2700 263 18 190 
2700 265 64 17 273 211 20 124 190 
2700 266 
2700 267 256 21 262 
2700 268 213 165 
2700 269 286 
2700 271 216 156 
2700 272 233 89 115 269 265 
2700 273 83 172 
2700 274 
2700 276 15 
2700 277 176 107 
2700 278 168 195 
2700 279 157 47 76 125 263 
2700 281 123 150 46 285 
2700 282 176 171 179 
2700 284 4 29 
2700 285 27 
2700 286 298 
2700 287 256 3 198 172 210 248 252 
2700 289 153 22 
2700 290 73 220 
2700 291 33 126 
2700 292 
2700 293 14 
2700 294 108 
2700 295 216 72 
2700 296 105 243 60 177 
2700 297 96 102 232 171 147 84 
2700 298 240 114 11 4 242 
3600 0 
3600 1 65 239 73 
3600 2 182 143 
3600 3 291 167 295 274 240 17 178 19 191 
3600 4 290 228 277 279 
3600 5 27 34 191 215 
3600 6 289 18 115 188 203 
3600 7 294 
3600 8 57 
3600 9 8 
3600 10 273 50 291 22 
3600 11 
3600 12 291 151 286 110 71 
3600 13 47 
3600 14 168 160 222 
3600 15 
3600 16 179 
3600 17 162 116 290 
3600 18 207 
3600 19 140 65 186 83 12 
3600 20 279 
3600 21 53 
3600 22 240 265 77 111 
3600 23 26 102 
3600 24 1 26 282 175 
3600 25 86 265 244 278 61 94 
3600 26 16 150 215 
3600 27 200 44 
3600 28 193 225 73 75 289 25 
3600 29 202 147 
3600 30 6 291 172 69 174 
3600 32 121 252 295 
3600 33 30 
3600 34 137 217 211 65 
3600 38 177 
3600 39 91 252 
3600 44 18 131 141 
3600 45 137 294 
3600 46 168 193 55 
3600 47 224 59 163 
3600 48 50 
3600 49 89 60 102 
3600 50 262 
3600 51 112 18 223 71 
3600 52 266 206 103 
3600 53 176 
3600 55 208 116 23 
3600 57 131 68 72 139 142 86 
3600 58 34 213 207 
3600 59 250 117 
3600 60 209 94 
3600 61 165 60 29 175 
3600 62 128 91 116 293 
3600 63 162 9 2 46 212 120 
3600 64 50 223 108 125 221 
3600 65 228 75 172 
3600 68 225 211 236 108 207 
3600 69 2 291 92 
3600 70 240 181 
3600 71 278 
3600 72 296 25 190 289 
3600 73 114 11 162 111 
3600 74 99 75 15 272 83 126 
3600 75 266 
3600 76 258 298 44 141 143 
3600 77 240 166 
3600 79 69 294 263 
3600 83 145 132 142 
3600 84 89 12 
3600 86 162 140 5 
3600 89 
3600 90 292 29 
3600 91 108 198 206 
3600 92 72 200 179 291 15 
3600 93 225 195 294 39 
3600 94 99 27 
3600 95 0 33 141 
3600 97 128 193 294 141 208 186 157 
3600 98 186 219 
3600 99 74 157 48 50 118 10 
3600 101 89 51 20 
3600 102 20 182 231 
3600 103 178 203 170 174 61 
3600 105 227 111 19 216 60 189 
3600 106 265 260 44 223 
3600 107 120 193 
3600 108 171 261 
3600 110 138 151 
3600 111 168 216 39 
3600 112 168 160 11 38 
3600 113 4 76 125 142 
3600 114 200 9 194 62 137 
3600 115 225 123 239 
3600 116 216 121 258 86 14 
3600 117 177 115 
3600 118 2 261 
3600 119 210 10 269 277 271 
3600 120 
3600 121 140 
3600 122 131 279 
3600 123 136 16 107 12 166 
3600 124 256 51 91 69 13 
3600 125 257 122 203 38 15 
3600 126 177 10 70 
3600 127 64 257 44 278 215 123 125 
3600 128 276 
3600 131 257 107 284 
3600 132 207 
3600 135 127 
3600 136 62 182 
3600 137 298 23 
3600 138 224 177 27 150 271 
3600 139 
3600 140 89 162 102 113 
3600 141 256 73 4 47 
3600 142 203 156 251 
3600 143 260 172 13 277 
3600 145 
3600 147 34 116 274 
3600 149 153 246 
3600 150 
3600 151 0 3 219 39 
3600 153 240 266 111 
3600 156 89 295 68 223 
3600 157 266 274 77 30 
3600 159 122 
3600 160 16 124 164 
3600 162 
3600 163 
3600 164 3 84 5 
3600 165 272 258 10 77 157 
3600 166 296 113 132 
3600 167 200 281 
3600 168 89 27 47 
3600 169 208 58 15 
3600 170 153 123 79 
3600 171 217 
3600 172 170 189 
3600 174 216 227 156 
3600 175 4 
3600 176 118 
3600 177 97 266 
3600 178 272 
3600 179 215 
3600 181 149 
3600 182 12 29 
3600 184 10 284 70 214 
3600 186 164 
3600 188 39 75 274 182 123 189 286 
3600 189 111 55 
3600 190 52 279 
3600 191 217 195 163 215 
3600 193 258 131 
3600 194 132 
3600 195 200 113 38 159 
3600 196 60 260 
3600 197 233 285 269 
3600 198 99 
3600 200 170 295 132 165 231 
3600 202 98 92 205 118 
3600 203 34 206 
3600 204 13 103 
3600 205 169 140 
3600 206 68 14 
3600 207 265 52 252 262 
3600 208 128 25 114 61 
3600 209 163 239 53 278 45 
3600 210 128 49 123 296 
3600 211 16 19 
3600 212 21 
3600 213 120 
3600 214 195 164 13 208 49 191 
3600 215 162 220 285 29 
3600 216 136 178 147 204 18 
3600 217 267 
3600 219 225 4 285 151 
3600 220 289 58 5 
3600 221 64 34 
3600 222 32 225 92 24 
3600 223 
3600 224 33 150 
3600 225 117 246 
3600 227 170 261 
3600 228 211 
3600 231 8 33 90 242 
3600 232 99 147 228 
3600 233 250 115 175 
3600 236 267 204 
3600 239 168 10 71 
3600 240 217 93 71 
3600 242 257 2 263 107 77 83 213 220 
3600 244 136 200 34 227 
3600 246 6 198 48 147 219 284 
3600 250 175 77 101 
3600 251 224 208 186 165 
3600 252 114 171 
3600 254 136 160 284 141 92 
3600 255 128 86 110 166 
3600 256 210 222 
3600 257 233 151 
3600 258 72 21 
3600 259 99 292 126 47 
3600 260 224 233 274 76 
3600 261 16 
3600 262 290 
3600 263 18 190 
3600 265 64 17 273 211 20 124 190 
3600 266 
3600 267 256 21 262 
3600 268 213 165 
3600 269 286 
3600 271 216 156 
3600 272 233 89 115 269 265 
3600 273 83 172 
3600 274 
3600 276 15 
3600 277 176 107 
3600 278 168 195 
3600 279 157 47 76 125 263 
3600 281 123 150 46 285 
3600 282 176 171 179 
3600 284 4 29 
3600 285 27 
3600 286 298 
3600 287 256 3 198 172 210 252 
3600 289 153 22 
3600 290 73 220 
3600 291 33 126 
3600 292 
3600 293 14 
3600 294 108 
3600 295 216 72 
3600 296 105 60 177 
3600 297 232 147 84 171 102 
3600 298 240 114 11 4 242 
4500 0 
4500 1 65 239 73 
4500 2 182 143 
4500 3 291 295 274 240 17 178 19 
4500 4 290 228 277 279 
4500 5 34 27 215 
4500 6 289 18 115 188 203 
4500 7 
4500 8 57 
4500 9 8 
4500 10 273 50 291 22 
4500 11 
4500 12 291 151 286 110 71 
4500 13 47 
4500 14 168 222 
4500 15 
4500 16 
4500 17 162 116 290 
4500 18 207 
4500 19 140 65 186 83 12 
4500 20 279 
4500 21 53 
4500 22 240 265 77 111 
4500 23 26 102 
4500 24 1 26 
4500 25 86 265 244 278 61 94 
4500 26 16 150 215 
4500 27 200 44 
4500 28 193 225 73 75 289 25 
4500 29 202 147 
4500 30 6 291 172 69 174 
4500 32 121 252 295 
4500 33 30 
4500 34 137 217 211 65 
4500 38 177 
4500 39 91 252 
4500 44 18 131 141 
4500 45 137 
4500 46 168 193 55 
4500 47 224 59 163 
4500 48 50 
4500 49 89 60 102 
4500 50 262 
4500 51 112 18 223 71 
4500 52 266 206 103 
4500 53 176 
4500 55 208 116 23 
4500 57 131 68 72 139 142 86 
4500 58 34 207 
4500 59 250 117 
4500 60 209 94 
4500 61 60 29 
4500 62 128 91 116 293 
4500 63 162 9 2 46 212 120 
4500 64 50 223 125 221 
4500 65 228 75 172 
4500 68 225 211 236 207 
4500 69 2 291 92 
4500 70 240 181 
4500 71 278 
4500 72 296 25 190 289 
4500 73 114 11 162 111 
4500 74 99 75 15 272 83 126 
4500 75 266 
4500 76 258 298 44 141 143 
4500 77 240 166 
4500 79 69 263 
4500 83 145 132 142 
4500 84 89 12 
4500 86 162 140 5 
4500 89 
4500 90 292 29 
4500 91 198 206 
4500 92 72 200 291 15 
4500 93 225 195 39 
4500 94 99 27 
4500 95 0 33 141 
4500 97 128 193 141 208 186 157 
4500 98 186 219 
4500 99 74 157 48 50 118 10 
4500 101 89 51 20 
4500 102 20 182 231 
4500 103 178 203 170 174 61 
4500 105 216 19 60 111 
4500 106 265 260 44 223 
4500 107 120 193 
4500 110 138 151 
4500 111 168 216 39 
4500 112 168 11 38 
4500 113 4 76 125 142 
4500 114 200 9 194 62 137 
4500 115 225 123 239 
4500 116 216 121 258 86 14 
4500 117 177 115 
4500 118 2 261 
4500 119 210 10 269 277 271 
4500 120 
4500 121 140 
4500 122 131 279 
4500 123 136 16 107 12 166 
4500 124 256 51 91 69 13 
4500 125 257 122 203 38 15 
4500 126 177 10 70 
4500 128 276 
4500 131 257 107 284 
4500 132 207 
4500 135 
4500 136 62 182 
4500 137 298 23 
4500 138 224 177 27 150 271 
4500 139 
4500 140 89 162 102 113 
4500 141 256 73 4 47 
4500 142 203 156 251 
4500 143 260 172 13 277 
4500 145 
4500 147 34 116 274 
4500 149 153 246 
4500 150 
4500 151 0 3 219 39 
4500 153 240 266 111 
4500 156 89 295 68 223 
4500 157 266 274 77 30 
4500 159 122 
4500 162 
4500 163 
4500 164 3 84 5 
4500 166 296 113 132 
4500 168 89 27 47 
4500 169 208 58 15 
4500 170 153 123 79 
4500 171 217 
4500 172 170 
4500 174 216 156 
4500 176 118 
4500 177 97 266 
4500 178 272 
4500 181 149 
4500 182 12 29 
4500 184 10 284 70 214 
4500 186 164 
4500 188 39 75 274 182 123 286 
4500 190 52 279 
4500 193 258 131 
4500 194 132 
4500 195 200 113 38 159 
4500 196 60 260 
4500 197 233 285 269 
4500 198 99 
4500 200 170 295 132 231 
4500 202 98 92 205 118 
4500 203 34 206 
4500 204 13 103 
4500 205 169 140 
4500 206 68 14 
4500 207 265 52 252 262 
4500 208 128 25 114 61 
4500 209 163 239 53 278 45 
4500 210 128 49 123 296 
4500 211 16 19 
4500 212 21 
4500 214 208 49 195 164 13 
4500 215 162 220 285 29 
4500 216 136 178 147 204 18 
4500 217 267 
4500 219 225 4 285 151 
4500 220 289 58 5 
4500 221 64 34 
4500 222 32 225 92 24 
4500 223 
4500 224 33 150 
4500 225 117 246 
4500 228 211 
4500 231 8 33 90 242 
4500 232 99 147 228 
4500 233 250 115 
4500 236 267 204 
4500 239 168 10 71 
4500 240 217 93 71 
4500 242 257 2 263 107 77 83 220 
4500 244 136 200 34 
4500 246 6 198 48 147 219 284 
4500 250 77 101 
4500 251 224 208 186 
4500 252 114 171 
4500 254 136 92 284 141 
4500 255 128 86 110 166 
4500 256 210 222 
4500 257 233 151 
4500 258 72 21 
4500 259 99 292 126 47 
4500 260 224 233 274 76 
4500 261 16 
4500 262 290 
4500 263 18 190 
4500 265 64 17 273 211 20 124 190 
4500 266 
4500 267 256 21 262 
4500 268 
4500 269 286 
4500 271 216 156 
4500 272 233 89 115 269 265 
4500 273 83 172 
4500 274 
4500 276 15 
4500 277 176 107 
4500 278 168 195 
4500 279 157 47 76 125 263 
4500 281 123 150 46 285 
4500 284 4 29 
4500 285 27 
4500 286 298 
4500 287 256 3 198 172 210 252 
4500 289 153 22 
4500 290 73 220 
4500 291 33 126 
4500 292 
4500 293 14 
4500 295 216 72 
4500 296 105 60 177 
4500 297 232 147 84 171 102 
4500 298 240 114 11 4 242 
5400 0 
5400 1 65 239 
5400 2 182 143 
5400 3 291 274 240 17 178 19 
5400 4 290 228 277 279 
5400 5 34 27 
5400 6 289 18 115 188 203 
5400 7 
5400 8 57 
5400 9 8 
5400 10 273 291 22 
5400 11 
5400 12 291 151 286 110 71 
5400 13 47 
5400 14 168 222 
5400 15 
5400 16 
5400 17 162 116 290 
5400 18 
5400 19 140 65 186 83 12 
5400 20 279 
5400 21 
5400 22 240 265 77 111 
5400 23 26 102 
5400 24 1 26 
5400 25 265 244 86 94 61 
5400 26 16 150 
5400 27 200 44 
5400 28 225 75 25 289 193 
5400 29 202 147 
5400 30 6 291 172 69 174 
5400 32 121 252 
5400 33 30 
5400 34 65 211 137 
5400 38 
5400 39 91 252 
5400 44 18 131 141 
5400 46 168 193 55 
5400 47 224 59 163 
5400 49 89 60 102 
5400 51 112 18 223 71 
5400 52 266 206 103 
5400 55 208 116 23 
5400 57 131 68 72 139 142 86 
5400 58 34 
5400 59 250 117 
5400 60 209 94 
5400 61 60 29 
5400 62 128 91 116 293 
5400 63 162 9 2 46 212 120 
5400 64 221 125 223 
5400 65 228 75 172 
5400 68 225 211 236 
5400 69 2 291 92 
5400 70 240 181 
5400 71 
5400 72 296 25 190 289 
5400 74 99 75 15 272 83 126 
5400 75 266 
5400 76 258 298 44 141 143 
5400 77 240 166 
5400 79 69 263 
5400 83 145 132 142 
5400 84 89 12 
5400 86 162 140 5 
5400 89 
5400 90 292 29 
5400 91 198 206 
5400 92 72 200 291 15 
5400 93 225 195 39 
5400 94 99 27 
5400 95 0 33 141 
5400 97 128 193 141 208 186 157 
5400 98 186 219 
5400 99 74 10 157 118 
5400 101 89 51 20 
5400 102 20 182 231 
5400 103 178 203 170 174 61 
5400 105 216 19 60 111 
5400 106 265 260 44 223 
5400 107 120 193 
5400 110 138 151 
5400 111 168 216 39 
5400 112 168 11 38 
5400 113 4 76 125 142 
5400 114 200 9 194 62 137 
5400 115 225 123 239 
5400 116 216 121 258 86 14 
5400 117 115 
5400 118 2 261 
5400 119 210 10 269 277 271 
5400 120 
5400 121 140 
5400 122 131 279 
5400 123 136 16 107 12 166 
5400 124 256 51 91 69 13 
5400 125 257 122 203 38 15 
5400 126 10 70 
5400 128 276 
5400 131 257 107 284 
5400 132 
5400 135 
5400 136 62 182 
5400 137 298 23 
5400 138 224 27 150 271 
5400 139 
5400 140 89 162 102 113 
5400 141 256 4 47 
5400 142 203 156 251 
5400 143 260 172 13 277 
5400 145 
5400 147 34 116 274 
5400 150 
5400 151 0 3 219 39 
5400 153 240 266 111 
5400 156 89 68 223 
5400 157 266 274 77 30 
5400 159 122 
5400 162 
5400 163 
5400 164 3 84 5 
5400 166 296 113 132 
5400 168 89 27 47 
5400 169 208 58 15 
5400 170 153 123 79 
5400 171 
5400 172 170 
5400 174 216 156 
5400 176 118 
5400 178 272 
5400 181 
5400 182 12 29 
5400 184 10 284 70 214 
5400 186 164 
5400 188 39 75 274 182 123 286 
5400 190 52 279 
5400 193 258 131 
5400 194 132 
5400 195 200 113 38 159 
5400 196 60 260 
5400 197 233 285 269 
5400 198 99 
5400 200 170 132 231 
5400 202 98 92 205 118 
5400 203 34 206 
5400 204 13 103 
5400 205 169 140 
5400 206 68 14 
5400 208 128 25 114 61 
5400 209 163 239 
5400 210 128 49 123 296 
5400 211 16 19 
5400 212 21 
5400 214 208 49 195 164 13 
5400 216 136 178 147 204 18 
5400 219 225 4 285 151 
5400 220 289 58 5 
5400 221 64 34 
5400 222 32 225 92 24 
5400 223 
5400 224 33 150 
5400 225 117 246 
5400 228 211 
5400 231 8 33 90 242 
5400 232 99 147 228 
5400 233 250 115 
5400 236 204 
5400 239 168 10 71 
5400 240 93 71 
5400 242 257 2 263 107 77 83 220 
5400 244 136 200 34 
5400 246 284 219 147 6 198 
5400 250 77 101 
5400 251 224 208 186 
5400 252 114 171 
5400 254 136 92 284 141 
5400 255 128 86 110 166 
5400 256 210 222 
5400 257 233 151 
5400 258 72 21 
5400 259 99 292 126 47 
5400 260 224 233 274 76 
5400 261 16 
5400 262 290 
5400 263 18 190 
5400 265 64 17 273 211 20 124 190 
5400 266 
5400 268 
5400 269 286 
5400 271 216 156 
5400 272 233 89 115 269 265 
5400 273 83 172 
5400 274 
5400 276 15 
5400 277 176 107 
5400 279 157 47 76 125 263 
5400 281 123 150 46 285 
5400 284 4 29 
5400 285 27 
5400 286 298 
5400 287 256 3 198 172 210 252 
5400 289 153 22 
5400 290 220 
5400 291 33 126 
5400 292 
5400 293 14 
5400 296 105 60 
5400 297 232 147 84 171 102 
5400 298 240 114 11 4 242 
6300 0 
6300 1 65 239 
6300 2 182 143 
6300 3 291 274 240 17 178 19 
6300 4 290 228 277 
6300 5 27 
6300 6 289 18 115 188 203 
6300 7 
6300 8 57 
6300 9 8 
6300 10 273 291 22 
6300 11 
6300 12 291 151 110 71 
6300 13 47 
6300 14 168 222 
6300 15 
6300 16 
6300 17 162 116 290 
6300 18 
6300 19 140 65 186 83 12 
6300 20 
6300 21 
6300 22 240 77 111 
6300 23 102 
6300 25 244 86 94 61 
6300 27 200 44 
6300 28 225 75 25 289 193 
6300 29 202 147 
6300 30 6 291 172 69 174 
6300 32 121 252 
6300 33 30 
6300 38 
6300 44 18 131 141 
6300 46 168 193 55 
6300 47 224 59 163 
6300 49 89 60 102 
6300 51 112 18 223 71 
6300 52 266 206 103 
6300 55 208 116 23 
6300 57 131 68 72 139 142 86 
6300 58 
6300 59 250 
6300 60 209 94 
6300 61 60 29 
6300 62 128 91 116 293 
6300 63 162 9 2 46 212 120 
6300 64 221 125 223 
6300 65 228 75 172 
6300 68 225 211 236 
6300 69 2 291 92 
6300 71 
6300 72 296 25 190 289 
6300 74 99 75 15 272 83 126 
6300 75 266 
6300 76 258 298 44 141 143 
6300 77 240 166 
6300 79 69 263 
6300 83 145 132 142 
6300 84 89 12 
6300 86 162 140 5 
6300 89 
6300 90 292 29 
6300 91 198 206 
6300 92 72 200 291 15 
6300 93 225 195 
6300 94 99 27 
6300 95 0 33 141 
6300 97 128 193 141 208 186 157 
6300 98 186 219 
6300 99 74 10 157 118 
6300 101 89 51 20 
6300 102 20 182 231 
6300 103 178 203 170 174 61 
6300 105 216 19 60 111 
6300 107 120 193 
6300 110 138 151 
6300 111 168 216 
6300 112 168 11 38 
6300 113 4 76 125 142 
6300 114 200 9 194 62 137 
6300 115 225 123 239 
6300 116 216 121 258 86 14 
6300 118 2 261 
6300 119 210 10 269 277 271 
6300 120 
6300 121 140 
6300 122 131 
6300 123 136 16 107 12 166 
6300 124 256 51 91 69 13 
6300 125 122 203 38 15 
6300 126 10 
6300 128 
6300 131 107 284 
6300 132 
6300 135 
6300 136 62 182 
6300 137 298 23 
6300 138 224 27 150 271 
6300 139 
6300 140 89 162 102 113 
6300 141 256 4 47 
6300 142 203 156 
6300 143 260 172 13 277 
6300 145 
6300 147 274 116 
6300 150 
6300 151 0 3 219 
6300 153 240 266 111 
6300 156 89 68 223 
6300 157 266 274 77 30 
6300 159 122 
6300 162 
6300 163 
6300 164 3 84 5 
6300 166 296 113 132 
6300 168 89 27 47 
6300 169 208 58 15 
6300 170 153 123 79 
6300 171 
6300 172 170 
6300 174 216 156 
6300 176 118 
6300 178 272 
6300 181 
6300 182 12 29 
6300 184 10 284 214 
6300 186 164 
6300 188 75 274 123 182 
6300 190 52 
6300 193 258 131 
6300 194 132 
6300 195 200 113 38 159 
6300 196 60 260 
6300 197 233 285 269 
6300 198 99 
6300 200 170 132 231 
6300 202 98 92 205 118 
6300 203 206 
6300 204 13 103 
6300 205 169 140 
6300 206 68 14 
6300 208 128 25 114 61 
6300 209 163 239 
6300 210 128 49 123 296 
6300 211 16 19 
6300 212 21 
6300 214 208 49 195 164 13 
6300 216 136 178 147 204 18 
6300 219 225 4 285 151 
6300 220 289 58 5 
6300 221 64 
6300 222 32 225 92 
6300 223 
6300 224 33 150 
6300 225 246 
6300 228 211 
6300 231 8 33 90 242 
6300 232 99 147 228 
6300 233 250 115 
6300 236 204 
6300 239 168 10 71 
6300 240 93 71 
6300 242 2 263 107 77 83 220 
6300 244 136 200 
6300 246 284 219 147 6 198 
6300 250 77 101 
6300 252 114 171 
6300 254 136 92 284 141 
6300 255 128 86 110 166 
6300 256 210 222 
6300 258 72 21 
6300 259 99 292 126 47 
6300 260 224 233 274 76 
6300 261 16 
6300 262 290 
6300 263 18 190 
6300 266 
6300 268 
6300 269 
6300 271 216 156 
6300 272 89 115 269 233 
6300 273 83 172 
6300 274 
6300 277 176 107 
6300 281 123 150 46 285 
6300 284 4 29 
6300 285 27 
6300 287 256 3 198 172 210 252 
6300 289 153 22 
6300 290 220 
6300 291 33 126 
6300 292 
6300 293 14 
6300 296 105 60 
6300 297 232 147 84 171 102 
6300 298 240 114 11 4 242 
