0 0 
0 1 17 2 3 4 252 
0 2 
0 3 1 2 4 6 263 14 
0 4 8 1 12 
0 5 2 4 
0 6 1 2 135 
0 7 10 2 
0 8 3 14 6 
0 9 1 2 
0 10 1 2 4 6 299 17 252 
0 11 19 299 
0 12 14 7 
0 13 1 2 3 4 6 14 20 282 
0 14 10 4 
0 15 282 20 
0 16 
0 17 14 6 
0 18 
0 19 0 11 
0 20 18 282 
0 21 
0 22 0 1 4 5 7 8 9 10 11 13 16 18 138 
0 23 0 163 10 299 15 67 
0 24 1 2 3 6 10 12 20 
0 25 0 17 
0 28 0 163 260 199 9 11 13 15 271 
0 29 0 1 3 4 5 16 7 8 9 10 11 13 15 208 19 21 271 138 
0 30 0 179 
0 31 1 2 3 4 6 10 12 20 
0 32 1 2 3 6 7 16 
0 33 11 20 135 
0 34 179 13 
0 35 0 9 6 
0 36 0 3 5 8 9 138 13 208 
0 38 260 5 174 
0 39 0 14 
0 40 163 2 7 5 13 
0 41 0 1 4 5 263 19 
0 43 1 2 131 4 135 10 12 14 17 3 
0 44 1 2 131 4 6 12 239 17 3 20 282 
0 45 1 135 8 138 11 12 16 19 
0 46 179 7 
0 47 1 2 3 6 12 14 
0 48 1 252 4 21 7 
0 49 0 1 5 6 8 9 
0 50 1 2 131 4 6 10 17 18 3 20 
0 51 0 15 
0 52 0 9 3 8 
0 53 0 15 
0 54 0 14 
0 55 4 5 7 13 271 18 
0 56 0 1 4 5 9 11 15 16 19 
0 57 2 14 20 282 6 
0 58 1 2 3 4 6 263 252 
0 59 
0 60 0 179 
0 61 1 2 131 4 6 10 12 14 239 17 18 3 282 
0 62 1 2 3 12 11 172 239 16 18 21 
0 63 0 10 
0 64 0 9 3 8 
0 65 8 67 19 15 
0 66 179 21 
0 67 
0 68 0 5 7 10 15 18 19 
0 69 1 10 3 12 2 
0 70 1 2 131 4 6 7 17 252 
0 71 12 2 4 6 1 
0 72 131 263 8 20 282 158 
0 73 0 9 6 
0 74 1 2 3 6 
0 75 1 2 3 4 5 6 10 12 179 20 
0 76 1 2 3 263 11 20 282 
0 77 0 67 133 199 9 11 13 174 271 16 19 163 
0 78 0 1 4 5 16 7 8 9 10 11 13 15 208 19 138 
0 79 1 2 4 5 10 12 179 20 
0 80 81 28 174 199 
0 81 0 67 133 199 9 11 13 174 271 16 19 163 
0 82 0 8 
0 83 0 8 5 9 
0 84 3 18 2 13 7 
0 85 1 2 4 10 12 20 
0 86 0 9 5 
0 87 1 3 4 
0 88 3 11 7 
0 89 0 8 5 
0 90 2 6 135 
0 91 0 3 15 5 13 
0 92 1 2 131 4 6 7 10 12 14 17 3 252 
0 93 1 2 131 4 6 7 17 252 
0 94 0 7 
0 95 0 1 4 5 7 8 9 10 11 13 16 18 138 
0 96 1 2 131 4 6 12 17 18 3 282 252 
0 97 0 14 
0 98 0 8 
0 99 0 3 5 7 8 9 13 15 208 21 271 
0 100 8 17 21 7 
0 101 0 5 
0 102 0 7 
0 104 11 179 
0 105 1 18 4 7 
0 107 2 5 6 8 15 179 
0 108 0 2 
0 109 0 1 3 4 5 11 13 15 16 
0 110 0 4 21 
0 111 1 2 3 4 135 10 12 14 17 20 
0 112 0 3 
0 113 19 67 15 
0 114 0 9 6 
0 115 0 15 
0 116 0 9 5 
0 117 0 4 
0 118 0 67 133 9 11 13 271 16 19 163 
0 119 4 5 7 13 271 18 
0 120 1 2 3 4 6 7 17 18 
0 121 0 9 3 5 8 
0 122 8 67 19 15 
0 123 1 2 3 6 10 12 
0 124 8 1 4 
0 125 0 4 
0 126 0 1 
0 127 0 5 
0 128 2 12 14 
0 129 0 1 5 6 8 9 
0 130 0 17 10 3 14 
0 131 2 14 263 
0 132 0 1 3 4 5 16 7 8 9 10 11 13 15 208 19 271 138 
0 133 
0 134 0 1 9 
0 135 
0 136 0 7 
0 137 0 179 
0 138 
0 139 0 5 6 7 8 9 13 208 
0 140 179 5 
0 141 0 4 
0 142 14 5 6 
0 143 0 5 7 
0 144 1 2 6 10 12 20 
0 145 282 3 12 14 6 
0 146 0 5 
0 147 1 135 5 7 
0 148 1 2 6 
0 149 1 13 6 
0 150 8 260 133 199 
0 151 0 138 
0 152 1 2 3 4 6 135 10 263 12 13 14 17 252 
0 153 0 299 163 8 10 11 239 16 59 19 21 15 138 
0 154 0 2 
0 155 8 18 179 5 
0 156 0 1 4 5 16 7 8 9 11 13 15 208 19 
0 157 3 2 179 172 5 
0 158 2 15 5 7 
0 159 1 2 131 4 263 10 14 17 18 3 21 
0 160 282 20 15 
0 162 0 1 4 5 9 11 15 16 19 
0 163 
0 164 81 260 28 
0 165 17 179 
0 166 0 299 
0 167 0 1 131 12 6 
0 168 1 18 4 21 7 
0 169 1 3 4 7 17 18 21 
0 170 11 179 
0 171 19 13 21 
0 172 
0 173 0 9 3 5 7 
0 174 8 11 138 67 
0 175 0 11 
0 176 2 12 14 
0 177 1 2 3 
0 178 1 10 4 
0 179 1 5 
0 180 0 8 5 
0 181 0 18 12 2 
0 182 2 4 6 14 
0 183 1 2 3 4 10 12 14 239 17 18 20 
0 184 0 8 
0 185 8 1 10 12 263 
0 186 0 67 5 7 15 16 
0 188 0 1 3 4 5 7 8 9 10 11 13 15 16 19 138 
0 189 18 252 2 263 
0 190 1 10 3 2 135 
0 191 0 5 
0 192 16 2 5 7 
0 194 2 3 6 14 20 282 
0 195 0 2 
0 196 1 2 20 
0 197 3 11 7 
0 198 8 1 10 12 263 
0 199 
0 200 8 1 299 16 11 
0 201 282 20 2 14 135 
0 202 0 1 2 67 4 10 11 12 15 3 299 
0 203 0 67 131 15 
0 204 0 9 3 5 13 
0 205 18 2 13 7 
0 207 3 2 15 5 7 
0 208 
0 209 0 5 
0 210 0 1 4 5 7 9 10 11 13 208 19 59 138 
0 211 1 2 20 
0 213 1 2 138 11 12 13 14 16 21 
0 214 2 20 6 
0 215 1 2 3 4 135 10 12 14 17 20 
0 216 1 3 4 6 
0 217 4 6 14 
0 218 1 2 6 
0 219 18 7 2 14 263 
0 220 0 1 4 5 7 8 9 10 11 13 16 18 138 
0 221 0 14 
0 222 8 3 6 
0 223 0 2 
0 224 0 5 
0 225 0 5 
0 226 0 5 7 8 9 13 15 208 21 271 
0 227 0 13 
0 228 81 260 28 
0 230 4 5 13 
0 231 0 1 59 4 5 16 7 8 9 10 11 13 15 208 19 21 271 138 3 
0 232 0 9 
0 233 1 2 3 4 6 12 14 
0 234 282 20 2 15 
0 235 208 0 
0 236 0 2 
0 237 0 8 5 9 
0 238 1 10 4 
0 239 2 3 
0 240 1 2 4 8 172 19 21 252 
0 241 1 179 
0 242 8 3 20 
0 243 1 2 3 4 6 12 14 
0 244 0 8 7 5 21 
0 245 0 2 
0 247 1 2 3 4 6 263 12 
0 248 8 11 19 
0 249 0 9 3 5 7 
0 250 0 9 3 6 
0 251 0 1 4 5 263 19 
0 252 
0 253 0 1 9 
0 254 1 3 14 6 
0 255 0 11 
0 256 67 5 133 
0 257 1 2 3 4 6 135 17 
0 258 0 8 5 271 
0 259 2 14 6 135 
0 260 0 163 9 11 13 15 271 
0 261 0 252 282 3 4 
0 262 0 16 
0 263 
0 264 0 9 
0 265 0 6 
0 266 8 1 12 14 6 
0 267 8 1 2 6 
0 268 0 163 9 11 13 15 271 
0 269 0 1 2 299 4 5 10 11 15 16 19 
0 270 1 2 131 4 6 7 17 252 
0 271 
0 272 0 5 6 7 8 9 13 208 
0 273 0 3 
0 274 0 16 11 5 7 8 9 10 299 13 239 208 59 19 21 271 163 15 138 
0 275 18 3 7 
0 276 17 4 21 135 
0 277 0 5 
0 278 0 252 
0 279 0 17 
0 280 1 2 7 
0 281 3 14 6 
0 282 
0 283 1 2 3 12 11 172 239 16 18 21 
0 285 179 5 
0 286 1 2 131 4 6 252 10 12 14 17 3 28 
0 287 0 17 
0 288 282 3 20 
0 289 0 9 5 
0 290 8 1 10 12 263 
0 291 0 199 
0 292 8 1 10 131 12 
0 293 11 1 179 16 3 
0 294 16 2 5 7 
0 295 179 15 
0 296 18 179 
0 297 0 18 2 
0 298 0 9 3 6 
0 299 
900 0 
900 1 17 2 3 4 252 
900 2 
900 3 1 2 4 6 263 14 
900 4 8 1 12 
900 5 2 4 
900 6 1 2 135 
900 7 10 2 
900 8 3 14 6 
900 9 1 2 
900 10 1 2 4 6 299 17 252 
900 11 19 299 
900 12 14 7 
900 13 1 2 3 4 6 14 20 282 
900 14 10 4 
900 15 282 20 
900 16 
900 17 14 6 
900 18 
900 19 0 11 
900 20 18 282 
900 21 
900 22 0 1 4 5 7 8 9 10 11 13 16 18 138 
900 23 0 163 10 299 15 67 
900 24 1 2 3 6 10 12 20 
900 25 0 17 
900 28 0 163 199 9 11 13 15 271 
900 29 0 1 3 4 5 7 8 9 10 11 13 15 16 19 21 271 138 
900 30 0 179 
900 31 1 2 3 4 6 10 12 20 
900 32 1 2 3 6 7 16 
900 33 11 20 135 
900 34 179 13 
900 35 0 9 6 
900 38 5 174 
900 40 163 2 7 5 13 
900 41 0 1 4 5 263 19 
900 43 1 2 131 4 135 10 12 14 17 3 
900 44 1 2 131 4 6 12 239 17 3 20 282 
900 45 1 135 8 138 11 12 16 19 
900 46 179 7 
900 47 1 2 3 6 12 14 
900 48 1 252 4 21 7 
900 49 0 1 5 6 8 9 
900 51 0 15 
900 52 0 9 3 8 
900 53 0 15 
900 54 0 14 
900 55 4 5 7 13 271 18 
900 56 0 1 4 5 9 11 15 16 19 
900 57 2 14 20 282 6 
900 58 1 2 3 4 6 263 252 
900 59 
900 60 0 179 
900 62 1 2 3 12 11 172 239 16 18 21 
900 63 0 10 
900 64 0 9 3 8 
900 65 8 67 19 15 
900 66 179 21 
900 67 
900 68 0 5 7 10 15 18 19 
900 69 1 10 3 12 2 
900 70 1 2 131 4 6 7 17 252 
900 71 12 2 4 6 1 
900 72 131 263 8 20 282 158 
900 73 0 9 6 
900 74 1 2 3 6 
900 75 1 2 3 4 5 6 10 12 179 20 
900 76 1 2 3 263 11 20 282 
900 77 0 67 133 199 9 11 13 174 271 16 19 163 
900 79 1 2 4 5 10 12 179 20 
900 80 28 174 199 
900 82 0 8 
900 83 0 8 5 9 
900 84 3 18 2 13 7 
900 85 1 2 4 10 12 20 
900 86 0 9 5 
900 87 1 3 4 
900 88 3 11 7 
900 89 0 8 5 
900 90 2 6 135 
900 91 0 3 15 5 13 
900 92 1 2 131 4 6 7 10 12 14 17 3 252 
900 93 1 2 131 4 6 7 17 252 
900 94 0 7 
900 95 0 1 4 5 7 8 9 10 11 13 16 18 138 
900 96 1 2 131 4 6 12 17 18 3 282 252 
900 97 0 14 
900 98 0 8 
900 99 0 3 5 7 8 9 13 15 21 271 
900 100 8 17 21 7 
900 101 0 5 
900 102 0 7 
900 104 11 179 
900 105 1 18 4 7 
900 107 2 5 6 8 15 179 
900 108 0 2 
900 109 0 1 3 4 5 11 13 15 16 
900 110 0 4 21 
900 111 1 2 3 4 135 10 12 14 17 20 
900 112 0 3 
900 113 19 67 15 
900 114 0 9 6 
900 115 0 15 
900 116 0 9 5 
900 117 0 4 
900 118 0 67 133 9 11 13 271 16 19 163 
900 119 4 5 7 13 271 18 
900 120 1 2 3 4 6 7 17 18 
900 121 0 9 3 5 8 
900 122 8 67 19 15 
900 123 1 2 3 6 10 12 
900 124 8 1 4 
900 125 0 4 
900 126 0 1 
900 127 0 5 
900 128 2 12 14 
900 129 0 1 5 6 8 9 
900 130 0 17 10 3 14 
900 131 2 14 263 
900 132 0 1 3 4 5 7 8 9 10 11 13 15 16 19 271 138 
900 133 
900 134 0 1 9 
900 135 
900 136 0 7 
900 137 0 179 
900 138 
900 139 0 5 6 7 8 9 13 
900 140 179 5 
900 141 0 4 
900 142 14 5 6 
900 143 0 5 7 
900 144 1 2 6 10 12 20 
900 145 282 3 12 14 6 
900 146 0 5 
900 147 1 135 5 7 
900 148 1 2 6 
900 149 1 13 6 
900 150 8 133 199 
900 151 0 138 
900 152 1 2 3 4 6 135 10 263 12 13 14 17 252 
900 153 0 299 163 8 10 11 239 16 59 19 21 15 138 
900 154 0 2 
900 156 0 1 4 5 7 8 9 11 13 15 16 19 
900 157 3 2 179 172 5 
900 158 2 15 5 7 
900 159 1 2 131 4 263 10 14 17 18 3 21 
900 160 282 20 15 
900 163 
900 164 28 
900 165 17 179 
900 166 0 299 
900 167 0 1 131 12 6 
900 168 1 18 4 21 7 
900 169 1 3 4 7 17 18 21 
900 170 11 179 
900 171 19 13 21 
900 172 
900 173 0 9 3 5 7 
900 174 8 11 138 67 
900 175 0 11 
900 176 2 12 14 
900 177 1 2 3 
900 178 1 10 4 
900 179 1 5 
900 180 0 8 5 
900 181 0 18 12 2 
900 182 2 4 6 14 
900 183 1 2 3 4 10 12 14 239 17 18 20 
900 184 0 8 
900 185 8 1 10 12 263 
900 186 0 67 5 7 15 16 
900 188 0 1 3 4 5 7 8 9 10 11 13 15 16 19 138 
900 190 1 10 3 2 135 
900 191 0 5 
900 192 16 2 5 7 
900 194 2 3 6 14 20 282 
900 195 0 2 
900 196 1 2 20 
900 197 3 11 7 
900 198 8 1 10 12 263 
900 199 
900 200 8 1 299 16 11 
900 201 282 20 2 14 135 
900 202 0 1 2 67 4 10 11 12 15 3 299 
900 203 0 67 131 15 
900 204 0 9 3 5 13 
900 205 18 2 13 7 
900 209 0 5 
900 210 0 1 4 5 7 9 10 11 13 19 59 138 
900 211 1 2 20 
900 213 1 2 138 11 12 13 14 16 21 
900 214 2 20 6 
900 215 1 2 3 4 135 10 12 14 17 20 
900 216 1 3 4 6 
900 217 4 6 14 
900 218 1 2 6 
900 219 18 7 2 14 263 
900 220 0 1 4 5 7 8 9 10 11 13 16 18 138 
900 221 0 14 
900 222 8 3 6 
900 223 0 2 
900 224 0 5 
900 225 0 5 
900 226 0 5 7 8 9 13 15 21 271 
900 227 0 13 
900 228 28 
900 230 4 5 13 
900 231 0 1 59 4 5 3 7 8 9 10 11 13 15 16 19 21 271 138 
900 232 0 9 
900 233 1 2 3 4 6 12 14 
900 234 282 20 2 15 
900 235 0 
900 236 0 2 
900 237 0 8 5 9 
900 238 1 10 4 
900 239 2 3 
900 240 1 2 4 8 172 19 21 252 
900 241 1 179 
900 242 8 3 20 
900 243 1 2 3 4 6 12 14 
900 244 0 8 7 5 21 
900 245 0 2 
900 247 1 2 3 4 6 263 12 
900 248 8 11 19 
900 249 0 9 3 5 7 
900 250 0 9 3 6 
900 251 0 1 4 5 263 19 
900 252 
900 253 0 1 9 
900 254 1 3 14 6 
900 255 0 11 
900 256 67 5 133 
900 258 0 8 5 271 
900 259 2 14 6 135 
900 261 0 252 282 3 4 
900 262 0 16 
900 263 
900 264 0 9 
900 265 0 6 
900 266 8 1 12 14 6 
900 267 8 1 2 6 
900 268 0 163 9 11 13 15 271 
900 269 0 1 2 299 4 5 10 11 15 16 19 
900 270 1 2 131 4 6 7 17 252 
900 271 
900 273 0 3 
900 274 0 299 5 7 8 9 10 11 13 239 16 59 19 21 271 163 15 138 
900 275 18 3 7 
900 276 17 4 21 135 
900 277 0 5 
900 278 0 252 
900 279 0 17 
900 280 1 2 7 
900 281 3 14 6 
900 282 
900 283 1 2 3 12 11 172 239 16 18 21 
900 285 179 5 
900 286 1 2 131 4 6 252 10 12 14 17 3 28 
900 287 0 17 
900 288 282 3 20 
900 289 0 9 5 
900 290 8 1 10 12 263 
900 291 0 199 
900 292 8 1 10 131 12 
900 293 11 1 179 16 3 
900 294 16 2 5 7 
900 295 179 15 
900 296 18 179 
900 297 0 18 2 
900 298 0 9 3 6 
900 299 
1800 0 
1800 1 17 2 3 4 252 
1800 2 
1800 3 1 2 4 6 263 14 
1800 4 8 1 12 
1800 5 2 4 
1800 6 1 2 135 
1800 7 10 2 
1800 8 3 14 6 
1800 9 1 2 
1800 10 1 2 4 6 17 252 
1800 11 19 
1800 12 14 7 
1800 13 1 2 3 4 6 14 20 282 
1800 14 10 4 
1800 15 282 20 
1800 16 
1800 17 14 6 
1800 18 
1800 19 0 11 
1800 20 18 282 
1800 21 
1800 22 0 1 4 5 7 8 9 10 11 13 16 18 138 
1800 23 67 0 10 163 15 
1800 24 1 2 3 6 10 12 20 
1800 25 0 17 
1800 28 0 163 199 9 11 13 15 271 
1800 29 0 1 3 4 5 7 8 9 10 11 13 15 16 19 21 271 138 
1800 30 0 179 
1800 32 1 2 3 6 7 16 
1800 33 11 20 135 
1800 34 179 13 
1800 35 0 9 6 
1800 38 5 174 
1800 40 163 2 7 5 13 
1800 41 0 1 4 5 263 19 
1800 43 1 2 131 4 135 10 12 14 17 3 
1800 44 1 2 131 4 6 12 239 17 3 20 282 
1800 45 1 135 8 138 11 12 16 19 
1800 46 179 7 
1800 47 1 2 3 6 12 14 
1800 48 1 252 4 21 7 
1800 49 0 1 5 6 8 9 
1800 51 0 15 
1800 52 0 9 3 8 
1800 53 0 15 
1800 54 0 14 
1800 55 4 5 7 13 271 18 
1800 56 0 1 4 5 9 11 15 16 19 
1800 57 2 14 20 282 6 
1800 58 1 2 3 4 6 263 252 
1800 59 
1800 60 0 179 
1800 62 1 2 3 12 11 172 239 16 18 21 
1800 63 0 10 
1800 64 0 9 3 8 
1800 65 8 67 19 15 
1800 66 179 21 
1800 67 
1800 68 0 5 7 10 15 18 19 
1800 69 1 10 3 12 2 
1800 70 1 2 131 4 6 7 17 252 
1800 71 12 2 4 6 1 
1800 72 131 263 8 20 282 158 
1800 73 0 9 6 
1800 74 1 2 3 6 
1800 75 1 2 3 4 5 6 10 12 179 20 
1800 76 1 2 3 263 11 20 282 
1800 77 0 67 133 199 9 11 13 174 271 16 19 163 
1800 79 1 2 4 5 10 12 179 20 
1800 82 0 8 
1800 83 0 8 5 9 
1800 84 3 18 2 13 7 
1800 85 1 2 4 10 12 20 
1800 86 0 9 5 
1800 87 1 3 4 
1800 88 3 11 7 
1800 90 2 6 135 
1800 91 0 3 15 5 13 
1800 92 1 2 131 4 6 7 10 12 14 17 3 252 
1800 93 1 2 131 4 6 7 17 252 
1800 94 0 7 
1800 95 0 1 4 5 7 8 9 10 11 13 16 18 138 
1800 96 1 2 131 4 6 12 17 18 3 282 252 
1800 97 0 14 
1800 98 0 8 
1800 99 0 3 5 7 8 9 13 15 21 271 
1800 100 8 17 21 7 
1800 101 0 5 
1800 104 11 179 
1800 105 1 18 4 7 
1800 107 2 5 6 8 15 179 
1800 108 0 2 
1800 109 0 1 3 4 5 11 13 15 16 
1800 110 0 4 21 
1800 111 1 2 3 4 135 10 12 14 17 20 
1800 112 0 3 
1800 113 19 67 15 
1800 114 0 9 6 
1800 115 0 15 
1800 116 0 9 5 
1800 117 0 4 
1800 118 0 67 133 9 11 13 271 16 19 163 
1800 119 4 5 7 13 271 18 
1800 120 1 2 3 4 6 7 17 18 
1800 121 0 9 3 5 8 
1800 122 8 67 19 15 
1800 124 8 1 4 
1800 125 0 4 
1800 126 0 1 
1800 127 0 5 
1800 128 2 12 14 
1800 129 0 1 5 6 8 9 
1800 130 0 17 10 3 14 
1800 131 2 14 263 
1800 132 0 1 3 4 5 7 8 9 10 11 13 15 16 19 271 138 
1800 133 
1800 134 0 1 9 
1800 135 
1800 136 0 7 
1800 137 0 179 
1800 138 
1800 139 0 5 6 7 8 9 13 
1800 140 179 5 
1800 141 0 4 
1800 142 14 5 6 
1800 143 0 5 7 
1800 144 1 2 6 10 12 20 
1800 145 282 3 12 14 6 
1800 146 0 5 
1800 147 1 135 5 7 
1800 148 1 2 6 
1800 149 1 13 6 
1800 150 8 133 199 
1800 151 0 138 
1800 152 1 2 3 4 6 135 10 263 12 13 14 17 252 
1800 153 0 59 163 8 10 11 239 16 19 21 15 138 
1800 154 0 2 
1800 156 0 1 4 5 7 8 9 11 13 15 16 19 
1800 157 3 2 179 172 5 
1800 158 2 15 5 7 
1800 159 1 2 131 4 263 10 14 17 18 3 21 
1800 160 282 20 15 
1800 163 
1800 164 28 
1800 165 17 179 
1800 166 0 
1800 167 0 1 131 12 6 
1800 168 1 18 4 21 7 
1800 169 1 3 4 7 17 18 21 
1800 170 11 179 
1800 171 19 13 21 
1800 172 
1800 173 0 9 3 5 7 
1800 174 8 11 138 67 
1800 175 0 11 
1800 176 2 12 14 
1800 177 1 2 3 
1800 178 1 10 4 
1800 179 1 5 
1800 180 0 8 5 
1800 181 0 18 12 2 
1800 182 2 4 6 14 
1800 183 1 2 3 4 10 12 14 239 17 18 20 
1800 184 0 8 
1800 185 8 1 10 12 263 
1800 186 0 67 5 7 15 16 
1800 188 0 1 3 4 5 7 8 9 10 11 13 15 16 19 138 
1800 190 1 10 3 2 135 
1800 191 0 5 
1800 192 16 2 5 7 
1800 194 2 3 6 14 20 282 
1800 195 0 2 
1800 196 1 2 20 
1800 197 3 11 7 
1800 198 8 1 10 12 263 
1800 199 
1800 200 8 1 11 16 
1800 201 282 20 2 14 135 
1800 202 0 1 2 67 4 10 11 12 15 3 
1800 203 0 67 131 15 
1800 204 0 9 3 5 13 
1800 205 18 2 13 7 
1800 209 0 5 
1800 210 0 1 4 5 7 9 10 11 13 19 59 138 
1800 211 1 2 20 
1800 213 1 2 138 11 12 13 14 16 21 
1800 215 1 2 3 4 135 10 12 14 17 20 
1800 216 1 3 4 6 
1800 218 1 2 6 
1800 219 18 7 2 14 263 
1800 220 0 1 4 5 7 8 9 10 11 13 16 18 138 
1800 222 8 3 6 
1800 223 0 2 
1800 224 0 5 
1800 226 0 5 7 8 9 13 15 21 271 
1800 228 28 
1800 230 4 5 13 
1800 231 0 1 59 4 5 3 7 8 9 10 11 13 15 16 19 21 271 138 
1800 232 0 9 
1800 233 1 2 3 4 6 12 14 
1800 234 282 20 2 15 
1800 235 0 
1800 236 0 2 
1800 237 0 8 5 9 
1800 238 1 10 4 
1800 239 2 3 
1800 240 1 2 4 8 172 19 21 252 
1800 241 1 179 
1800 242 8 3 20 
1800 243 1 2 3 4 6 12 14 
1800 244 0 8 7 5 21 
1800 245 0 2 
1800 247 1 2 3 4 6 263 12 
1800 248 8 11 19 
1800 250 0 9 3 6 
1800 251 0 1 4 5 263 19 
1800 252 
1800 253 0 1 9 
1800 254 1 3 14 6 
1800 255 0 11 
1800 256 67 5 133 
1800 258 0 8 5 271 
1800 259 2 14 6 135 
1800 261 0 252 282 3 4 
1800 263 
1800 264 0 9 
1800 265 0 6 
1800 266 8 1 12 14 6 
1800 267 8 1 2 6 
1800 268 0 163 9 11 13 15 271 
1800 269 0 1 2 4 5 10 11 15 16 19 
1800 270 1 2 131 4 6 7 17 252 
1800 271 
1800 273 0 3 
1800 274 0 59 5 7 8 9 10 11 13 239 16 271 19 21 163 15 138 
1800 275 18 3 7 
1800 277 0 5 
1800 278 0 252 
1800 279 0 17 
1800 280 1 2 7 
1800 281 3 14 6 
1800 282 
1800 283 1 2 3 12 11 172 239 16 18 21 
1800 285 179 5 
1800 286 1 2 131 4 6 252 10 12 14 17 3 28 
1800 287 0 17 
1800 288 282 3 20 
1800 289 0 9 5 
1800 290 8 1 10 12 263 
1800 291 0 199 
1800 292 8 1 10 131 12 
1800 293 11 1 179 16 3 
1800 294 16 2 5 7 
1800 295 179 15 
1800 296 18 179 
1800 297 0 18 2 
1800 298 0 9 3 6 
2700 0 
2700 1 17 2 3 4 252 
2700 2 
2700 3 1 2 4 6 263 14 
2700 4 8 1 12 
2700 5 2 4 
2700 6 1 2 
2700 7 10 2 
2700 8 3 14 6 
2700 9 1 2 
2700 10 1 2 4 6 17 252 
2700 11 19 
2700 12 14 7 
2700 13 1 2 3 4 6 14 20 282 
2700 14 10 4 
2700 15 282 20 
2700 16 
2700 17 14 6 
2700 18 
2700 19 0 11 
2700 20 18 282 
2700 21 
2700 22 0 1 4 5 7 8 9 10 11 13 16 18 138 
2700 23 67 0 10 163 15 
2700 24 1 2 3 6 10 12 20 
2700 25 0 17 
2700 28 0 163 199 9 11 13 15 271 
2700 29 0 1 3 4 5 7 8 9 10 11 13 15 16 19 21 271 138 
2700 30 0 179 
2700 32 1 2 3 6 7 16 
2700 33 11 20 
2700 38 5 174 
2700 40 163 2 7 5 13 
2700 41 0 1 4 5 263 19 
2700 43 1 2 131 4 10 12 14 17 3 
2700 44 1 2 131 4 6 12 239 17 3 20 282 
2700 45 1 8 138 11 12 16 19 
2700 46 179 7 
2700 47 1 2 3 6 12 14 
2700 48 1 252 4 21 7 
2700 49 0 1 5 6 8 9 
2700 51 0 15 
2700 52 0 9 3 8 
2700 53 0 15 
2700 54 0 14 
2700 55 4 5 7 13 271 18 
2700 56 0 1 4 5 9 11 15 16 19 
2700 57 2 14 20 282 6 
2700 58 1 2 3 4 6 263 252 
2700 59 
2700 60 0 179 
2700 62 1 2 3 12 11 172 239 16 18 21 
2700 63 0 10 
2700 64 0 9 3 8 
2700 65 8 67 19 15 
2700 66 179 21 
2700 67 
2700 68 0 5 7 10 15 18 19 
2700 69 1 10 3 12 2 
2700 70 1 2 131 4 6 7 17 252 
2700 71 12 2 4 6 1 
2700 72 131 263 8 20 282 158 
2700 73 0 9 6 
2700 74 1 2 3 6 
2700 75 1 2 3 4 5 6 10 12 179 20 
2700 76 1 2 3 263 11 20 282 
2700 77 0 67 163 199 9 11 13 174 271 16 19 
2700 79 1 2 4 5 10 12 179 20 
2700 82 0 8 
2700 83 0 8 5 9 
2700 84 3 18 2 13 7 
2700 85 1 2 4 10 12 20 
2700 86 0 9 5 
2700 87 1 3 4 
2700 88 3 11 7 
2700 90 2 6 
2700 91 0 3 15 5 13 
2700 92 1 2 131 4 6 7 10 12 14 17 3 252 
2700 93 1 2 131 4 6 7 17 252 
2700 94 0 7 
2700 95 0 1 4 5 7 8 9 10 11 13 16 18 138 
2700 96 1 2 131 4 6 12 17 18 3 282 252 
2700 97 0 14 
2700 98 0 8 
2700 99 0 3 5 7 8 9 13 15 21 271 
2700 100 8 17 21 7 
2700 101 0 5 
2700 104 11 179 
2700 105 1 18 4 7 
2700 107 2 5 6 8 15 179 
2700 108 0 2 
2700 109 0 1 3 4 5 11 13 15 16 
2700 110 0 4 21 
2700 111 1 2 3 4 10 12 14 17 20 
2700 112 0 3 
2700 113 19 67 15 
2700 114 0 9 6 
2700 115 0 15 
2700 116 0 9 5 
2700 117 0 4 
2700 119 4 5 7 13 271 18 
2700 120 1 2 3 4 6 7 17 18 
2700 121 0 9 3 5 8 
2700 122 8 67 19 15 
2700 124 8 1 4 
2700 125 0 4 
2700 126 0 1 
2700 127 0 5 
2700 128 2 12 14 
2700 129 0 1 5 6 8 9 
2700 130 0 17 10 3 14 
2700 131 2 14 263 
2700 132 0 1 3 4 5 7 8 9 10 11 13 15 16 19 271 138 
2700 134 0 1 9 
2700 136 0 7 
2700 137 0 179 
2700 138 
2700 139 0 5 6 7 8 9 13 
2700 140 179 5 
2700 141 0 4 
2700 142 14 5 6 
2700 143 0 5 7 
2700 144 1 2 6 10 12 20 
2700 145 282 3 12 14 6 
2700 146 0 5 
2700 147 1 5 7 
2700 148 1 2 6 
2700 149 1 13 6 
2700 150 8 199 
2700 151 0 138 
2700 152 1 2 3 4 6 263 10 12 13 14 17 252 
2700 153 0 59 163 8 10 11 239 16 19 21 15 138 
2700 154 0 2 
2700 156 0 1 4 5 7 8 9 11 13 15 16 19 
2700 157 3 2 179 172 5 
2700 158 2 15 5 7 
2700 159 1 2 131 4 263 10 14 17 18 3 21 
2700 160 282 20 15 
2700 163 
2700 164 28 
2700 165 17 179 
2700 166 0 
2700 167 0 1 131 12 6 
2700 168 1 18 4 21 7 
2700 169 1 3 4 7 17 18 21 
2700 170 11 179 
2700 171 19 13 21 
2700 172 
2700 173 0 9 3 5 7 
2700 174 8 11 138 67 
2700 175 0 11 
2700 176 2 12 14 
2700 177 1 2 3 
2700 178 1 10 4 
2700 179 1 5 
2700 180 0 8 5 
2700 181 0 18 12 2 
2700 182 2 4 6 14 
2700 183 1 2 3 4 10 12 14 239 17 18 20 
2700 184 0 8 
2700 185 8 1 10 12 263 
2700 186 0 67 5 7 15 16 
2700 188 0 1 3 4 5 7 8 9 10 11 13 15 16 19 138 
2700 190 1 10 3 2 
2700 191 0 5 
2700 192 16 2 5 7 
2700 194 2 3 6 14 20 282 
2700 195 0 2 
2700 196 1 2 20 
2700 197 3 11 7 
2700 198 8 1 10 12 263 
2700 199 
2700 200 8 1 11 16 
2700 201 282 20 2 14 
2700 202 0 1 2 67 4 10 11 12 15 3 
2700 203 0 67 131 15 
2700 205 18 2 13 7 
2700 209 0 5 
2700 210 0 1 4 5 7 9 10 11 13 19 59 138 
2700 211 1 2 20 
2700 213 1 2 138 11 12 13 14 16 21 
2700 216 1 3 4 6 
2700 218 1 2 6 
2700 219 18 7 2 14 263 
2700 220 0 1 4 5 7 8 9 10 11 13 16 18 138 
2700 222 8 3 6 
2700 223 0 2 
2700 224 0 5 
2700 226 0 5 7 8 9 13 15 21 271 
2700 228 28 
2700 230 4 5 13 
2700 231 0 1 59 4 5 3 7 8 9 10 11 13 15 16 19 21 271 138 
2700 233 1 2 3 4 6 12 14 
2700 234 282 20 2 15 
2700 235 0 
2700 236 0 2 
2700 237 0 8 5 9 
2700 238 1 10 4 
2700 239 2 3 
2700 240 1 2 4 8 172 19 21 252 
2700 241 1 179 
2700 243 1 2 3 4 6 12 14 
2700 244 0 8 7 5 21 
2700 245 0 2 
2700 248 8 11 19 
2700 250 0 9 3 6 
2700 251 0 1 4 5 263 19 
2700 252 
2700 253 0 1 9 
2700 254 1 3 14 6 
2700 255 0 11 
2700 256 67 5 
2700 258 0 8 5 271 
2700 259 2 14 6 
2700 261 0 252 282 3 4 
2700 263 
2700 264 0 9 
2700 265 0 6 
2700 266 8 1 12 14 6 
2700 267 8 1 2 6 
2700 268 0 163 9 11 13 15 271 
2700 269 0 1 2 4 5 10 11 15 16 19 
2700 270 1 2 131 4 6 7 17 252 
2700 271 
2700 273 0 3 
2700 274 0 59 5 7 8 9 10 11 13 239 16 271 19 21 163 15 138 
2700 277 0 5 
2700 278 0 252 
2700 279 0 17 
2700 280 1 2 7 
2700 281 3 14 6 
2700 282 
2700 285 179 5 
2700 286 1 2 131 4 6 252 10 12 14 17 3 28 
2700 287 0 17 
2700 288 282 3 20 
2700 290 8 1 10 12 263 
2700 291 0 199 
2700 292 8 1 10 131 12 
2700 293 11 1 179 16 3 
2700 295 179 15 
2700 296 18 179 
2700 297 0 18 2 
2700 298 0 9 3 6 
3600 0 
3600 1 17 2 3 4 252 
3600 2 
3600 3 1 2 4 6 263 14 
3600 4 8 1 12 
3600 5 2 4 
3600 6 1 2 
3600 7 10 2 
3600 8 3 14 6 
3600 9 1 2 
3600 10 1 2 4 6 17 252 
3600 11 19 
3600 12 14 7 
3600 13 1 2 3 4 6 14 20 282 
3600 14 10 4 
3600 15 282 20 
3600 16 
3600 17 14 6 
3600 18 
3600 19 0 11 
3600 20 18 282 
3600 21 
3600 22 0 1 4 5 7 8 9 10 11 13 16 18 138 
3600 23 67 0 10 163 15 
3600 24 1 2 3 6 10 12 20 
3600 25 0 17 
3600 28 0 163 199 9 11 13 15 271 
3600 29 0 1 3 4 5 7 8 9 10 11 13 15 16 19 21 271 138 
3600 30 0 179 
3600 32 1 2 3 6 7 16 
3600 33 11 20 
3600 38 5 174 
3600 40 163 2 7 5 13 
3600 41 0 1 4 5 263 19 
3600 43 1 2 131 4 10 12 14 17 3 
3600 44 1 2 131 4 6 12 17 3 20 282 
3600 45 1 8 138 11 12 16 19 
3600 46 179 7 
3600 47 1 2 3 6 12 14 
3600 48 1 252 4 21 7 
3600 49 0 1 5 6 8 9 
3600 51 0 15 
3600 52 0 9 3 8 
3600 53 0 15 
3600 54 0 14 
3600 55 4 5 7 13 271 18 
3600 56 0 1 4 5 9 11 15 16 19 
3600 57 2 14 20 282 6 
3600 58 1 2 3 4 6 263 252 
3600 59 
3600 60 0 179 
3600 62 1 2 3 12 11 172 16 18 21 
3600 63 0 10 
3600 64 0 9 3 8 
3600 65 8 67 19 15 
3600 66 179 21 
3600 67 
3600 68 0 5 7 10 15 18 19 
3600 70 1 2 131 4 6 7 17 252 
3600 71 12 2 4 6 1 
3600 72 8 282 131 20 263 
3600 73 0 9 6 
3600 74 1 2 3 6 
3600 75 1 2 3 4 5 6 10 12 179 20 
3600 76 1 2 3 263 11 20 282 
3600 77 0 67 163 199 9 11 13 174 271 16 19 
3600 79 1 2 4 5 10 12 179 20 
3600 82 0 8 
3600 83 0 8 5 9 
3600 84 3 18 2 13 7 
3600 85 1 2 4 10 12 20 
3600 86 0 9 5 
3600 87 1 3 4 
3600 88 3 11 7 
3600 90 2 6 
3600 91 0 3 15 5 13 
3600 92 1 2 131 4 6 7 10 12 14 17 3 252 
3600 93 1 2 131 4 6 7 17 252 
3600 94 0 7 
3600 95 0 1 4 5 7 8 9 10 11 13 16 18 138 
3600 96 1 2 131 4 6 12 17 18 3 282 252 
3600 97 0 14 
3600 98 0 8 
3600 99 0 3 5 7 8 9 13 15 21 271 
3600 100 8 17 21 7 
3600 101 0 5 
3600 104 11 179 
3600 105 1 18 4 7 
3600 107 2 5 6 8 15 179 
3600 108 0 2 
3600 109 0 1 3 4 5 11 13 15 16 
3600 110 0 4 21 
3600 111 1 2 3 4 10 12 14 17 20 
3600 112 0 3 
3600 113 19 67 15 
3600 114 0 9 6 
3600 115 0 15 
3600 116 0 9 5 
3600 119 4 5 7 13 271 18 
3600 120 1 2 3 4 6 7 17 18 
3600 121 0 9 3 5 8 
3600 122 8 67 19 15 
3600 124 8 1 4 
3600 125 0 4 
3600 126 0 1 
3600 127 0 5 
3600 128 2 12 14 
3600 129 0 1 5 6 8 9 
3600 131 2 14 263 
3600 132 0 1 3 4 5 7 8 9 10 11 13 15 16 19 271 138 
3600 134 0 1 9 
3600 136 0 7 
3600 137 0 179 
3600 138 
3600 139 0 5 6 7 8 9 13 
3600 140 179 5 
3600 141 0 4 
3600 142 14 5 6 
3600 143 0 5 7 
3600 144 1 2 6 10 12 20 
3600 145 282 3 12 14 6 
3600 146 0 5 
3600 147 1 5 7 
3600 148 1 2 6 
3600 149 1 13 6 
3600 150 8 199 
3600 151 0 138 
3600 152 1 2 3 4 6 263 10 12 13 14 17 252 
3600 154 0 2 
3600 156 0 1 4 5 7 8 9 11 13 15 16 19 
3600 157 3 2 179 172 5 
3600 159 1 2 131 4 263 10 14 17 18 3 21 
3600 160 282 20 15 
3600 163 
3600 164 28 
3600 165 17 179 
3600 169 1 3 4 7 17 18 21 
3600 170 11 179 
3600 171 19 13 21 
3600 172 
3600 173 0 9 3 5 7 
3600 174 8 11 138 67 
3600 175 0 11 
3600 176 2 12 14 
3600 178 1 10 4 
3600 179 1 5 
3600 180 0 8 5 
3600 181 0 18 12 2 
3600 182 2 4 6 14 
3600 183 1 2 3 4 10 12 14 17 18 20 
3600 184 0 8 
3600 185 8 1 10 12 263 
3600 186 0 67 5 7 15 16 
3600 188 0 1 3 4 5 7 8 9 10 11 13 15 16 19 138 
3600 190 1 10 3 2 
3600 191 0 5 
3600 192 16 2 5 7 
3600 194 2 3 6 14 20 282 
3600 195 0 2 
3600 196 1 2 20 
3600 197 3 11 7 
3600 198 8 1 10 12 263 
3600 199 
3600 200 8 1 11 16 
3600 201 282 20 2 14 
3600 202 0 1 2 67 4 10 11 12 15 3 
3600 203 0 67 131 15 
3600 205 18 2 13 7 
3600 209 0 5 
3600 210 0 1 4 5 7 9 10 11 13 19 59 138 
3600 211 1 2 20 
3600 213 1 2 138 11 12 13 14 16 21 
3600 216 1 3 4 6 
3600 218 1 2 6 
3600 219 18 7 2 14 263 
3600 220 0 1 4 5 7 8 9 10 11 13 16 18 138 
3600 222 8 3 6 
3600 223 0 2 
3600 224 0 5 
3600 228 28 
3600 230 4 5 13 
3600 231 0 1 59 4 5 3 7 8 9 10 11 13 15 16 19 21 271 138 
3600 233 1 2 3 4 6 12 14 
3600 234 282 20 2 15 
3600 235 0 
3600 236 0 2 
3600 237 0 8 5 9 
3600 238 1 10 4 
3600 240 1 2 4 8 172 19 21 252 
3600 241 1 179 
3600 243 1 2 3 4 6 12 14 
3600 244 0 8 7 5 21 
3600 245 0 2 
3600 248 8 11 19 
3600 250 0 9 3 6 
3600 251 0 1 4 5 263 19 
3600 252 
3600 253 0 1 9 
3600 254 1 3 14 6 
3600 255 0 11 
3600 256 67 5 
3600 259 2 14 6 
3600 261 0 252 282 3 4 
3600 263 
3600 264 0 9 
3600 265 0 6 
3600 266 8 1 12 14 6 
3600 268 0 163 9 11 13 15 271 
3600 269 0 1 2 4 5 10 11 15 16 19 
3600 270 1 2 131 4 6 7 17 252 
3600 271 
3600 273 0 3 
3600 274 0 163 5 7 8 9 10 11 13 15 16 271 19 21 59 138 
3600 277 0 5 
3600 278 0 252 
3600 280 1 2 7 
3600 281 3 14 6 
3600 282 
3600 285 179 5 
3600 286 1 2 131 4 6 252 10 12 14 17 3 28 
3600 287 0 17 
3600 288 282 3 20 
3600 290 8 1 10 12 263 
3600 291 0 199 
3600 292 8 1 10 131 12 
3600 293 11 1 179 16 3 
3600 295 179 15 
3600 296 18 179 
3600 297 0 18 2 
3600 298 0 9 3 6 
4500 0 
4500 1 17 2 3 4 252 
4500 2 
4500 3 1 2 4 6 263 14 
4500 4 8 1 12 
4500 5 2 4 
4500 6 1 2 
4500 7 10 2 
4500 8 3 14 6 
4500 9 1 2 
4500 10 1 2 4 6 17 252 
4500 11 19 
4500 12 14 7 
4500 13 1 2 3 4 6 14 20 282 
4500 14 10 4 
4500 15 282 20 
4500 16 
4500 17 14 6 
4500 18 
4500 19 0 11 
4500 20 18 282 
4500 21 
4500 22 0 1 4 5 7 8 9 10 11 13 16 18 138 
4500 23 0 10 163 15 
4500 24 1 2 3 6 10 12 20 
4500 25 0 17 
4500 28 0 163 199 9 11 13 15 271 
4500 30 0 179 
4500 32 1 2 3 6 7 16 
4500 38 5 174 
4500 40 163 2 7 5 13 
4500 41 0 1 4 5 263 19 
4500 43 1 2 131 4 10 12 14 17 3 
4500 44 1 2 131 4 6 12 17 3 20 282 
4500 45 1 8 138 11 12 16 19 
4500 46 179 7 
4500 47 1 2 3 6 12 14 
4500 48 1 252 4 21 7 
4500 49 0 1 5 6 8 9 
4500 51 0 15 
4500 52 0 9 3 8 
4500 53 0 15 
4500 54 0 14 
4500 55 4 5 7 13 271 18 
4500 56 0 1 4 5 9 11 15 16 19 
4500 57 2 14 20 282 6 
4500 58 1 2 3 4 6 263 252 
4500 59 
4500 60 0 179 
4500 63 0 10 
4500 64 0 9 3 8 
4500 65 8 19 15 
4500 68 0 5 7 10 15 18 19 
4500 70 1 2 131 4 6 7 17 252 
4500 71 12 2 4 6 1 
4500 72 8 282 131 20 263 
4500 73 0 9 6 
4500 75 1 2 3 4 5 6 10 12 179 20 
4500 77 0 163 199 9 11 13 174 271 16 19 
4500 79 1 2 4 5 10 12 179 20 
4500 83 0 8 5 9 
4500 85 1 2 4 10 12 20 
4500 86 0 9 5 
4500 87 1 3 4 
4500 88 3 11 7 
4500 90 2 6 
4500 91 0 3 15 5 13 
4500 92 1 2 131 4 6 7 10 12 14 17 3 252 
4500 94 0 7 
4500 95 0 1 4 5 7 8 9 10 11 13 16 18 138 
4500 96 1 2 131 4 6 12 17 18 3 282 252 
4500 97 0 14 
4500 98 0 8 
4500 99 0 3 5 7 8 9 13 15 21 271 
4500 100 8 17 21 7 
4500 101 0 5 
4500 104 11 179 
4500 105 1 18 4 7 
4500 107 2 5 6 8 15 179 
4500 108 0 2 
4500 109 0 1 3 4 5 11 13 15 16 
4500 110 0 4 21 
4500 112 0 3 
4500 113 19 15 
4500 114 0 9 6 
4500 115 0 15 
4500 116 0 9 5 
4500 119 4 5 7 13 271 18 
4500 120 1 2 3 4 6 7 17 18 
4500 121 0 9 3 5 8 
4500 122 8 19 15 
4500 124 8 1 4 
4500 125 0 4 
4500 126 0 1 
4500 127 0 5 
4500 128 2 12 14 
4500 131 2 14 263 
4500 132 0 1 3 4 5 7 8 9 10 11 13 15 16 19 271 138 
4500 134 0 1 9 
4500 136 0 7 
4500 137 0 179 
4500 138 
4500 139 0 5 6 7 8 9 13 
4500 140 179 5 
4500 141 0 4 
4500 142 14 5 6 
4500 143 0 5 7 
4500 144 1 2 6 10 12 20 
4500 145 282 3 12 14 6 
4500 146 0 5 
4500 147 1 5 7 
4500 148 1 2 6 
4500 149 1 13 6 
4500 150 8 199 
4500 151 0 138 
4500 152 1 2 3 4 6 263 10 12 13 14 17 252 
4500 154 0 2 
4500 156 0 1 4 5 7 8 9 11 13 15 16 19 
4500 157 3 2 179 172 5 
4500 159 1 2 131 4 263 10 14 17 18 3 21 
4500 160 282 20 15 
4500 163 
4500 164 28 
4500 165 17 179 
4500 169 1 3 4 7 17 18 21 
4500 170 11 179 
4500 171 19 13 21 
4500 172 
4500 174 8 138 11 
4500 175 0 11 
4500 176 2 12 14 
4500 178 1 10 4 
4500 179 1 5 
4500 180 0 8 5 
4500 181 0 18 12 2 
4500 182 2 4 6 14 
4500 183 1 2 3 4 10 12 14 17 18 20 
4500 184 0 8 
4500 185 8 1 10 12 263 
4500 186 16 0 15 5 7 
4500 188 0 1 3 4 5 7 8 9 10 11 13 15 16 19 138 
4500 191 0 5 
4500 192 16 2 5 7 
4500 194 2 3 6 14 20 282 
4500 195 0 2 
4500 196 1 2 20 
4500 197 3 11 7 
4500 198 8 1 10 12 263 
4500 199 
4500 200 8 1 11 16 
4500 201 282 20 2 14 
4500 202 0 1 2 3 4 10 11 12 15 
4500 203 0 131 15 
4500 205 18 2 13 7 
4500 209 0 5 
4500 210 0 1 4 5 7 9 10 11 13 19 59 138 
4500 211 1 2 20 
4500 213 1 2 138 11 12 13 14 16 21 
4500 216 1 3 4 6 
4500 218 1 2 6 
4500 219 18 7 2 14 263 
4500 220 0 1 4 5 7 8 9 10 11 13 16 18 138 
4500 222 8 3 6 
4500 223 0 2 
4500 224 0 5 
4500 228 28 
4500 230 4 5 13 
4500 231 0 1 59 4 5 3 7 8 9 10 11 13 15 16 19 21 271 138 
4500 233 1 2 3 4 6 12 14 
4500 234 282 20 2 15 
4500 235 0 
4500 236 0 2 
4500 237 0 8 5 9 
4500 238 1 10 4 
4500 240 1 2 4 8 172 19 21 252 
4500 241 1 179 
4500 243 1 2 3 4 6 12 14 
4500 244 0 8 7 5 21 
4500 245 0 2 
4500 248 8 11 19 
4500 250 0 9 3 6 
4500 251 0 1 4 5 263 19 
4500 252 
4500 253 0 1 9 
4500 254 1 3 14 6 
4500 255 0 11 
4500 256 5 
4500 259 2 14 6 
4500 261 0 252 282 3 4 
4500 263 
4500 264 0 9 
4500 265 0 6 
4500 266 8 1 12 14 6 
4500 268 0 163 9 11 13 15 271 
4500 269 0 1 2 4 5 10 11 15 16 19 
4500 270 1 2 131 4 6 7 17 252 
4500 271 
4500 273 0 3 
4500 274 0 163 5 7 8 9 10 11 13 15 16 271 19 21 59 138 
4500 277 0 5 
4500 278 0 252 
4500 280 1 2 7 
4500 281 3 14 6 
4500 282 
4500 285 179 5 
4500 286 1 2 131 4 6 252 10 12 14 17 3 28 
4500 287 0 17 
4500 288 282 3 20 
4500 290 8 1 10 12 263 
4500 291 0 199 
4500 292 8 1 10 131 12 
4500 293 11 1 179 16 3 
4500 295 179 15 
4500 296 18 179 
4500 297 0 18 2 
4500 298 0 9 3 6 
5400 0 
5400 1 17 2 3 4 252 
5400 2 
5400 3 1 2 4 6 263 14 
5400 4 8 1 12 
5400 5 2 4 
5400 6 1 2 
5400 7 10 2 
5400 8 3 14 6 
5400 9 1 2 
5400 10 1 2 4 6 17 252 
5400 11 19 
5400 12 14 7 
5400 13 1 2 3 4 6 14 20 282 
5400 14 10 4 
5400 15 282 20 
5400 16 
5400 17 14 6 
5400 18 
5400 19 0 11 
5400 20 18 282 
5400 21 
5400 22 0 1 4 5 7 8 9 10 11 13 16 18 138 
5400 23 0 10 163 15 
5400 24 1 2 3 6 10 12 20 
5400 25 0 17 
5400 28 0 163 199 9 11 13 15 271 
5400 30 0 179 
5400 32 1 2 3 6 7 16 
5400 38 5 174 
5400 40 163 2 7 5 13 
5400 41 0 1 4 5 263 19 
5400 43 1 2 131 4 10 12 14 17 3 
5400 44 1 2 131 4 6 12 17 3 20 282 
5400 45 1 8 138 11 12 16 19 
5400 46 179 7 
5400 49 0 1 5 6 8 9 
5400 52 0 9 3 8 
5400 53 0 15 
5400 54 0 14 
5400 55 4 5 7 13 271 18 
5400 56 0 1 4 5 9 11 15 16 19 
5400 57 2 14 20 282 6 
5400 58 1 2 3 4 6 263 252 
5400 59 
5400 60 0 179 
5400 63 0 10 
5400 64 0 9 3 8 
5400 65 8 19 15 
5400 68 0 5 7 10 15 18 19 
5400 70 1 2 131 4 6 7 17 252 
5400 71 12 2 4 6 1 
5400 72 8 282 131 20 263 
5400 73 0 9 6 
5400 75 1 2 3 4 5 6 10 12 179 20 
5400 77 0 163 199 9 11 13 174 271 16 19 
5400 79 1 2 4 5 10 12 179 20 
5400 83 0 8 5 9 
5400 85 1 2 4 10 12 20 
5400 86 0 9 5 
5400 87 1 3 4 
5400 88 3 11 7 
5400 90 2 6 
5400 91 0 3 15 5 13 
5400 92 1 2 131 4 6 7 10 12 14 17 3 252 
5400 94 0 7 
5400 95 0 1 4 5 7 8 9 10 11 13 16 18 138 
5400 96 1 2 131 4 6 12 17 18 3 282 252 
5400 97 0 14 
5400 98 0 8 
5400 99 0 3 5 7 8 9 13 15 21 271 
5400 100 8 17 21 7 
5400 101 0 5 
5400 104 11 179 
5400 105 1 18 4 7 
5400 107 2 5 6 8 15 179 
5400 108 0 2 
5400 109 0 1 3 4 5 11 13 15 16 
5400 110 0 4 21 
5400 112 0 3 
5400 113 19 15 
5400 114 0 9 6 
5400 115 0 15 
5400 116 0 9 5 
5400 119 4 5 7 13 271 18 
5400 120 1 2 3 4 6 7 17 18 
5400 121 0 9 3 5 8 
5400 122 8 19 15 
5400 124 8 1 4 
5400 126 0 1 
5400 127 0 5 
5400 131 2 14 263 
5400 132 0 1 3 4 5 7 8 9 10 11 13 15 16 19 271 138 
5400 134 0 1 9 
5400 136 0 7 
5400 137 0 179 
5400 138 
5400 140 179 5 
5400 141 0 4 
5400 143 0 5 7 
5400 144 1 2 6 10 12 20 
5400 145 282 3 12 14 6 
5400 146 0 5 
5400 147 1 5 7 
5400 148 1 2 6 
5400 149 1 13 6 
5400 150 8 199 
5400 151 0 138 
5400 152 1 2 3 4 6 263 10 12 13 14 17 252 
5400 156 0 1 4 5 7 8 9 11 13 15 16 19 
5400 157 3 2 179 172 5 
5400 159 1 2 131 4 263 10 14 17 18 3 21 
5400 160 282 20 15 
5400 163 
5400 164 28 
5400 165 17 179 
5400 169 1 3 4 7 17 18 21 
5400 170 11 179 
5400 171 19 13 21 
5400 172 
5400 174 8 138 11 
5400 175 0 11 
5400 176 2 12 14 
5400 178 1 10 4 
5400 179 1 5 
5400 180 0 8 5 
5400 181 0 18 12 2 
5400 182 2 4 6 14 
5400 183 1 2 3 4 10 12 14 17 18 20 
5400 184 0 8 
5400 186 16 0 15 5 7 
5400 191 0 5 
5400 192 16 2 5 7 
5400 194 2 3 6 14 20 282 
5400 195 0 2 
5400 196 1 2 20 
5400 197 3 11 7 
5400 199 
5400 200 8 1 11 16 
5400 201 282 20 2 14 
5400 202 0 1 2 3 4 10 11 12 15 
5400 203 0 131 15 
5400 205 18 2 13 7 
5400 209 0 5 
5400 210 0 1 4 5 7 9 10 11 13 19 59 138 
5400 211 1 2 20 
5400 213 1 2 138 11 12 13 14 16 21 
5400 216 1 3 4 6 
5400 218 1 2 6 
5400 219 18 7 2 14 263 
5400 220 0 1 4 5 7 8 9 10 11 13 16 18 138 
5400 222 8 3 6 
5400 223 0 2 
5400 224 0 5 
5400 228 28 
5400 230 4 5 13 
5400 231 0 1 59 4 5 3 7 8 9 10 11 13 15 16 19 21 271 138 
5400 233 1 2 3 4 6 12 14 
5400 234 282 20 2 15 
5400 235 0 
5400 236 0 2 
5400 237 0 8 5 9 
5400 238 1 10 4 
5400 240 1 2 4 8 172 19 21 252 
5400 241 1 179 
5400 243 1 2 3 4 6 12 14 
5400 244 0 8 7 5 21 
5400 245 0 2 
5400 248 8 11 19 
5400 250 0 9 3 6 
5400 251 0 1 4 5 263 19 
5400 252 
5400 253 0 1 9 
5400 254 1 3 14 6 
5400 255 0 11 
5400 256 5 
5400 259 2 14 6 
5400 261 0 252 282 3 4 
5400 263 
5400 264 0 9 
5400 265 0 6 
5400 266 8 1 12 14 6 
5400 268 0 163 9 11 13 15 271 
5400 269 0 1 2 4 5 10 11 15 16 19 
5400 270 1 2 131 4 6 7 17 252 
5400 271 
5400 273 0 3 
5400 274 0 163 5 7 8 9 10 11 13 15 16 271 19 21 59 138 
5400 277 0 5 
5400 280 1 2 7 
5400 281 3 14 6 
5400 282 
5400 285 179 5 
5400 286 1 2 131 4 6 252 10 12 14 17 3 28 
5400 287 0 17 
5400 288 282 3 20 
5400 290 8 1 10 12 263 
5400 291 0 199 
5400 292 8 1 10 131 12 
5400 293 11 1 179 16 3 
5400 295 179 15 
5400 296 18 179 
6300 0 
6300 1 17 2 3 4 252 
6300 2 
6300 3 1 2 4 6 263 14 
6300 4 8 1 12 
6300 5 2 4 
6300 6 1 2 
6300 7 10 2 
6300 8 3 14 6 
6300 9 1 2 
6300 10 1 2 4 6 17 252 
6300 11 19 
6300 12 14 7 
6300 13 1 2 3 4 6 14 20 282 
6300 14 10 4 
6300 15 282 20 
6300 16 
6300 17 14 6 
6300 18 
6300 19 0 11 
6300 20 18 282 
6300 21 
6300 22 0 1 4 5 7 8 9 10 11 13 16 18 138 
6300 23 0 10 15 
6300 24 1 2 3 6 10 12 20 
6300 25 0 17 
6300 28 0 199 9 11 13 15 
6300 30 0 179 
6300 32 1 2 3 6 7 16 
6300 38 5 174 
6300 40 2 7 5 13 
6300 41 0 1 4 5 263 19 
6300 43 1 2 131 4 10 12 14 17 3 
6300 44 1 2 131 4 6 12 17 3 20 282 
6300 45 1 8 138 11 12 16 19 
6300 46 179 7 
6300 49 0 1 5 6 8 9 
6300 52 0 9 3 8 
6300 53 0 15 
6300 54 0 14 
6300 55 18 7 4 13 5 
6300 59 
6300 60 0 179 
6300 63 0 10 
6300 64 0 9 3 8 
6300 65 8 19 15 
6300 68 0 5 7 10 15 18 19 
6300 70 1 2 131 4 6 7 17 252 
6300 71 12 2 4 6 1 
6300 72 8 282 131 20 263 
6300 73 0 9 6 
6300 75 1 2 3 4 5 6 10 12 179 20 
6300 79 1 2 4 5 10 12 179 20 
6300 83 0 8 5 9 
6300 85 1 2 4 10 12 20 
6300 86 0 9 5 
6300 87 1 3 4 
6300 88 3 11 7 
6300 90 2 6 
6300 91 0 3 15 5 13 
6300 92 1 2 131 4 6 7 10 12 14 17 3 252 
6300 94 0 7 
6300 95 0 1 4 5 7 8 9 10 11 13 16 18 138 
6300 96 1 2 131 4 6 12 17 18 3 282 252 
6300 97 0 14 
6300 98 0 8 
6300 99 0 3 5 7 8 9 13 15 21 
6300 100 8 17 21 7 
6300 101 0 5 
6300 104 11 179 
6300 105 1 18 4 7 
6300 107 2 5 6 8 15 179 
6300 109 0 1 3 4 5 11 13 15 16 
6300 110 0 4 21 
6300 112 0 3 
6300 113 19 15 
6300 114 0 9 6 
6300 115 0 15 
6300 116 0 9 5 
6300 119 18 7 4 13 5 
6300 120 1 2 3 4 6 7 17 18 
6300 121 0 9 3 5 8 
6300 122 8 19 15 
6300 124 8 1 4 
6300 126 0 1 
6300 127 0 5 
6300 131 2 14 263 
6300 132 0 1 3 4 5 7 8 9 10 11 13 15 16 19 138 
6300 134 0 1 9 
6300 136 0 7 
6300 137 0 179 
6300 138 
6300 140 179 5 
6300 141 0 4 
6300 143 0 5 7 
6300 144 1 2 6 10 12 20 
6300 145 282 3 12 14 6 
6300 146 0 5 
6300 147 1 5 7 
6300 148 1 2 6 
6300 149 1 13 6 
6300 150 8 199 
6300 151 0 138 
6300 152 1 2 3 4 6 263 10 12 13 14 17 252 
6300 156 0 1 4 5 7 8 9 11 13 15 16 19 
6300 157 3 2 179 172 5 
6300 159 1 2 131 4 263 10 14 17 18 3 21 
6300 160 282 20 15 
6300 164 28 
6300 169 1 3 4 7 17 18 21 
6300 171 19 13 21 
6300 172 
6300 174 8 138 11 
6300 175 0 11 
6300 176 2 12 14 
6300 178 1 10 4 
6300 179 1 5 
6300 180 0 8 5 
6300 181 0 18 12 2 
6300 182 2 4 6 14 
6300 183 1 2 3 4 10 12 14 17 18 20 
6300 184 0 8 
6300 186 16 0 15 5 7 
6300 191 0 5 
6300 194 2 3 6 14 20 282 
6300 195 0 2 
6300 196 1 2 20 
6300 197 3 11 7 
6300 199 
6300 200 8 1 11 16 
6300 201 282 20 2 14 
6300 202 0 1 2 3 4 10 11 12 15 
6300 203 0 131 15 
6300 209 0 5 
6300 210 0 1 4 5 7 9 10 11 13 19 59 138 
6300 211 1 2 20 
6300 213 1 2 138 11 12 13 14 16 21 
6300 216 1 3 4 6 
6300 218 1 2 6 
6300 219 18 7 2 14 263 
6300 220 0 1 4 5 7 8 9 10 11 13 16 18 138 
6300 223 0 2 
6300 224 0 5 
6300 228 28 
6300 230 4 5 13 
6300 231 0 1 3 4 5 7 8 9 10 11 13 15 16 19 21 59 138 
6300 233 1 2 3 4 6 12 14 
6300 234 282 20 2 15 
6300 235 0 
6300 236 0 2 
6300 237 0 8 5 9 
6300 238 1 10 4 
6300 240 1 2 4 8 172 19 21 252 
6300 241 1 179 
6300 244 0 8 7 5 21 
6300 245 0 2 
6300 248 8 11 19 
6300 250 0 9 3 6 
6300 251 0 1 4 5 263 19 
6300 252 
6300 253 0 1 9 
6300 254 1 3 14 6 
6300 255 0 11 
6300 256 5 
6300 259 2 14 6 
6300 261 0 252 282 3 4 
6300 263 
6300 264 0 9 
6300 265 0 6 
6300 266 8 1 12 14 6 
6300 268 0 9 11 13 15 
6300 270 1 2 131 4 6 7 17 252 
6300 273 0 3 
6300 274 0 5 7 8 9 10 11 13 15 16 19 21 59 138 
6300 277 0 5 
6300 280 1 2 7 
6300 281 3 14 6 
6300 282 
6300 285 179 5 
6300 286 1 2 131 4 6 252 10 12 14 17 3 28 
6300 287 0 17 
6300 288 282 3 20 
6300 290 8 1 10 12 263 
6300 291 0 199 
6300 292 8 1 10 131 12 
6300 293 11 1 179 16 3 
6300 295 179 15 
6300 296 18 179 
