0 0 120 220 128 124 119 
0 1 220 234 4 268 129 
0 2 136 217 234 268 261 
0 3 128 220 109 62 117 
0 4 18 234 
0 5 268 121 4 261 279 
0 6 234 52 54 
0 7 268 
0 8 268 
0 9 128 4 261 234 87 268 109 270 117 279 121 119 220 29 
0 10 268 
0 11 4 165 
0 12 268 165 
0 13 165 117 
0 14 
0 15 4 234 14 29 279 266 
0 16 4 261 234 279 268 109 117 87 220 
0 17 52 18 220 261 
0 18 
0 19 163 38 167 268 109 14 239 117 279 121 85 
0 20 52 220 261 54 
0 21 165 
0 22 268 
0 23 128 4 87 268 270 117 279 121 119 
0 24 128 268 4 14 
0 25 136 129 18 266 
0 28 121 268 52 
0 29 119 
0 30 128 117 
0 31 128 52 18 220 
0 32 128 268 4 261 121 
0 33 
0 34 129 261 136 220 234 119 93 18 52 54 279 124 61 
0 35 99 279 
0 36 163 87 
0 38 128 163 117 270 
0 39 128 290 4 268 52 279 121 29 
0 40 4 234 268 109 117 87 121 220 
0 41 4 234 268 109 117 87 121 220 
0 43 128 220 124 54 52 
0 44 129 261 124 234 18 52 220 
0 45 100 261 124 266 18 54 119 234 220 93 254 
0 46 128 100 261 
0 47 268 
0 48 128 280 85 167 
0 49 100 261 220 18 52 119 124 
0 50 128 121 268 261 
0 51 234 266 220 29 
0 52 18 220 61 
0 53 163 38 167 268 109 14 239 117 279 121 85 
0 54 234 
0 55 128 4 234 119 268 109 270 117 279 121 266 220 29 
0 56 129 220 128 124 119 
0 57 99 220 109 270 18 117 54 279 124 
0 58 165 117 
0 59 18 268 266 
0 60 128 266 4 165 
0 61 
0 62 
0 63 18 220 54 
0 64 280 4 38 
0 65 163 87 268 239 119 62 
0 66 128 234 220 
0 67 18 268 
0 68 261 220 234 18 52 54 124 
0 69 268 
0 70 234 4 279 
0 71 100 261 124 234 61 18 54 119 220 93 
0 72 18 266 261 29 279 
0 73 100 261 124 234 18 52 120 217 220 93 254 
0 74 264 280 53 
0 75 234 220 261 
0 76 100 261 220 18 52 119 124 
0 77 128 4 268 52 121 220 
0 78 18 52 61 
0 79 264 85 38 53 
0 80 129 261 136 234 18 52 220 
0 81 261 220 18 52 54 124 
0 82 121 268 52 
0 83 266 29 261 
0 84 163 261 124 234 119 268 18 117 87 220 62 
0 85 
0 86 117 261 220 109 165 
0 87 217 100 
0 88 121 268 52 
0 89 252 18 4 165 261 
0 90 220 18 124 234 52 
0 91 100 61 117 
0 92 128 99 220 234 252 29 
0 93 52 54 
0 94 128 290 4 234 87 268 109 270 117 279 121 119 220 29 
0 95 18 220 29 
0 96 261 234 61 18 52 220 93 
0 97 268 279 4 261 87 
0 98 99 268 
0 99 
0 100 217 
0 101 268 165 
0 102 128 268 4 
0 104 18 4 109 62 29 
0 105 129 100 261 18 117 217 220 
0 107 4 234 268 109 117 87 121 220 
0 108 261 29 117 
0 109 
0 110 128 33 290 99 4 261 14 87 268 109 270 117 279 121 119 220 29 234 
0 111 234 266 99 220 29 
0 112 52 18 100 
0 113 268 
0 114 128 4 165 18 52 87 
0 115 165 
0 116 217 18 100 61 54 
0 117 
0 118 163 4 268 109 87 29 62 
0 119 136 234 18 52 220 93 62 
0 120 129 18 54 
0 121 18 
0 122 261 124 266 18 52 54 119 120 217 234 220 93 254 
0 123 268 
0 124 29 54 
0 125 52 18 220 
0 126 268 
0 127 52 18 220 
0 128 52 261 54 
0 129 
0 130 268 
0 131 268 
0 132 128 4 268 52 121 220 
0 133 268 
0 134 261 220 18 52 119 124 
0 135 18 266 29 279 
0 136 
0 137 128 268 99 4 29 
0 138 100 220 18 52 119 124 
0 139 268 121 4 29 261 
0 140 234 220 119 
0 141 261 136 124 234 18 52 120 217 266 220 93 
0 142 18 261 4 29 87 
0 143 268 
0 144 268 
0 145 18 220 29 
0 146 18 268 
0 147 128 290 99 4 279 268 14 87 121 29 
0 148 268 
0 149 268 
0 150 268 
0 151 268 
0 152 100 124 234 18 119 220 
0 153 4 266 87 268 119 29 
0 154 136 234 93 18 52 120 220 29 
0 155 128 290 4 268 52 279 121 29 
0 156 129 136 234 93 18 52 279 220 61 
0 157 268 121 4 29 261 
0 158 18 4 109 62 29 
0 159 268 
0 160 129 220 128 124 119 
0 162 261 109 18 52 220 29 
0 163 
0 164 220 18 124 261 119 
0 165 4 
0 166 217 18 100 54 52 
0 167 
0 168 129 99 261 234 18 54 119 120 266 220 93 
0 169 129 18 266 29 54 
0 170 52 261 54 
0 171 268 
0 172 268 
0 173 136 234 93 18 52 120 220 29 
0 174 128 268 4 121 
0 175 268 
0 176 268 
0 177 18 220 261 
0 178 268 
0 179 128 220 109 270 117 124 61 
0 180 279 268 14 239 117 87 121 
0 181 268 
0 182 268 
0 183 217 18 100 87 
0 184 220 18 100 
0 185 261 29 117 
0 186 4 234 119 268 109 18 117 87 220 62 
0 188 268 
0 189 268 
0 190 99 261 234 93 266 220 29 
0 191 121 268 261 52 
0 192 18 261 220 61 119 
0 194 268 18 124 266 
0 195 268 
0 196 120 220 124 268 52 
0 197 264 280 53 
0 198 128 290 4 261 14 87 268 109 270 117 279 121 119 220 29 234 
0 199 261 220 234 61 18 54 119 120 124 93 
0 200 268 
0 201 128 4 234 119 268 109 270 117 279 121 266 220 29 
0 202 18 52 61 54 
0 203 121 268 261 52 
0 204 268 4 
0 205 128 290 4 261 268 270 279 121 
0 207 128 52 261 
0 208 128 33 99 119 268 109 270 239 254 117 87 62 
0 209 100 261 18 52 54 217 
0 210 100 261 234 93 18 220 29 
0 211 100 261 266 18 52 119 120 234 220 93 
0 213 261 220 18 52 54 119 124 
0 214 268 
0 215 268 
0 216 128 268 4 121 
0 217 
0 218 100 261 220 234 18 52 119 124 
0 219 234 99 268 
0 220 136 18 261 234 93 
0 221 268 
0 222 18 124 54 
0 223 18 279 4 29 239 
0 224 268 
0 225 136 234 99 220 29 
0 226 52 234 220 261 
0 227 261 136 124 234 264 18 52 54 119 120 220 93 
0 228 99 261 220 266 109 18 252 117 124 254 
0 230 234 220 119 
0 231 268 4 121 
0 232 128 99 136 252 234 18 220 
0 233 165 
0 234 128 220 124 
0 235 268 
0 236 217 124 261 54 52 
0 237 120 163 268 62 87 
0 238 220 234 4 268 129 
0 239 
0 240 100 261 124 234 61 18 54 119 220 93 
0 241 128 129 100 272 120 217 
0 242 268 4 121 
0 243 268 
0 244 4 234 14 29 279 266 
0 245 268 
0 247 268 
0 248 268 87 
0 249 268 
0 250 128 33 290 99 4 14 87 268 109 270 239 254 117 279 121 119 29 62 
0 251 128 290 4 234 87 268 109 117 279 121 220 29 
0 252 
0 253 268 
0 254 18 261 
0 255 234 99 61 93 
0 256 261 234 93 18 52 266 220 29 
0 257 217 100 87 
0 258 165 
0 259 18 124 54 
0 260 128 163 87 
0 261 129 234 18 52 54 220 
0 262 220 4 61 29 
0 263 129 220 128 124 119 
0 264 87 268 14 239 117 279 280 121 85 
0 265 165 
0 266 
0 267 268 
0 268 
0 269 268 
0 270 
0 271 268 
0 272 18 4 29 87 
0 273 99 136 220 234 252 266 
0 274 165 
0 275 217 100 261 
0 276 18 52 234 54 
0 277 165 
0 278 128 290 99 4 261 279 268 14 87 121 29 
0 279 100 261 234 18 52 54 217 220 
0 280 279 268 14 239 117 87 121 
0 281 268 
0 282 121 220 268 
0 283 4 165 220 234 18 119 100 124 
0 285 268 
0 286 261 136 124 234 93 18 52 54 119 120 220 29 
0 287 128 290 99 4 261 14 87 268 109 270 117 279 121 119 220 29 234 
0 288 261 220 234 18 52 54 124 
0 289 165 
0 290 
0 291 268 4 121 
0 292 128 121 268 261 
0 293 4 165 124 234 18 52 119 100 220 261 
0 294 268 
0 295 33 290 4 234 119 268 270 117 279 121 220 29 
0 296 290 4 261 234 119 268 109 270 117 279 121 220 29 
0 297 128 99 29 93 
0 298 261 268 93 54 119 
0 299 99 261 220 266 109 18 252 117 124 254 
900 0 120 220 128 124 119 
900 1 220 234 4 268 129 
900 2 136 217 234 268 261 
900 3 128 220 109 62 117 
900 4 18 234 
900 5 268 121 4 261 279 
900 6 234 52 54 
900 7 268 
900 8 268 
900 9 128 4 261 234 87 268 109 270 117 279 121 119 220 29 
900 10 268 
900 11 4 165 
900 12 268 165 
900 13 165 117 
900 14 
900 15 4 234 14 29 279 266 
900 16 4 261 234 279 268 109 117 87 220 
900 17 52 18 220 261 
900 18 
900 19 163 38 167 268 109 14 239 117 279 121 85 
900 20 52 220 261 54 
900 21 165 
900 22 268 
900 23 128 4 87 268 270 117 279 121 119 
900 24 128 268 4 14 
900 25 136 129 18 266 
900 28 121 268 52 
900 29 119 
900 30 128 117 
900 31 128 52 18 220 
900 32 128 268 4 261 121 
900 33 
900 34 129 261 136 220 234 119 18 52 54 279 124 93 
900 35 99 279 
900 38 128 163 117 270 
900 40 4 234 268 109 117 87 121 220 
900 41 4 234 268 109 117 87 121 220 
900 43 128 220 124 54 52 
900 44 129 261 124 234 18 52 220 
900 45 100 261 124 266 18 54 119 234 220 93 254 
900 46 128 100 261 
900 47 268 
900 48 128 280 85 167 
900 49 100 261 220 18 52 119 124 
900 51 234 266 220 29 
900 52 18 220 
900 53 163 38 167 268 109 14 239 117 279 121 85 
900 54 234 
900 55 128 4 234 119 268 109 270 117 279 121 266 220 29 
900 56 129 220 128 124 119 
900 57 99 220 109 270 18 117 54 279 124 
900 58 165 117 
900 59 18 268 266 
900 60 128 266 4 165 
900 62 
900 63 18 220 54 
900 64 280 4 38 
900 65 163 87 268 239 119 62 
900 66 128 234 220 
900 67 18 268 
900 68 261 220 234 18 52 54 124 
900 69 268 
900 70 234 4 279 
900 71 100 261 124 234 18 54 119 220 93 
900 72 18 266 261 29 279 
900 73 100 261 124 234 18 52 120 217 220 93 254 
900 74 264 280 53 
900 75 234 220 261 
900 76 100 261 220 18 52 119 124 
900 77 128 4 268 52 121 220 
900 79 264 85 38 53 
900 80 129 261 136 234 18 52 220 
900 82 121 268 52 
900 83 266 29 261 
900 84 163 261 124 234 119 268 18 117 87 220 62 
900 85 
900 86 117 261 220 109 165 
900 87 217 100 
900 88 121 268 52 
900 89 252 18 4 165 261 
900 90 220 18 124 234 52 
900 91 100 117 
900 92 128 99 220 234 252 29 
900 93 52 54 
900 94 128 290 4 234 87 268 109 270 117 279 121 119 220 29 
900 95 18 220 29 
900 96 261 234 18 52 220 93 
900 97 268 279 4 261 87 
900 98 99 268 
900 99 
900 100 217 
900 101 268 165 
900 102 128 268 4 
900 104 18 4 109 62 29 
900 105 129 100 261 18 117 217 220 
900 107 4 234 268 109 117 87 121 220 
900 108 261 29 117 
900 109 
900 110 128 33 290 99 4 261 14 87 268 109 270 117 279 121 119 220 29 234 
900 111 234 266 99 220 29 
900 112 52 18 100 
900 113 268 
900 114 128 4 165 18 52 87 
900 115 165 
900 116 217 18 100 54 
900 117 
900 118 163 4 268 109 87 29 62 
900 119 136 234 18 52 220 93 62 
900 120 129 18 54 
900 121 18 
900 122 261 124 266 18 52 54 119 120 217 234 220 93 254 
900 123 268 
900 124 29 54 
900 125 52 18 220 
900 126 268 
900 127 52 18 220 
900 128 52 261 54 
900 129 
900 130 268 
900 131 268 
900 132 128 4 268 52 121 220 
900 133 268 
900 134 261 220 18 52 119 124 
900 135 18 266 29 279 
900 136 
900 137 128 268 99 4 29 
900 138 100 220 18 52 119 124 
900 139 268 121 4 29 261 
900 140 234 220 119 
900 141 261 136 124 234 18 52 120 217 266 220 93 
900 142 18 261 4 29 87 
900 143 268 
900 144 268 
900 145 18 220 29 
900 146 18 268 
900 147 128 290 99 4 279 268 14 87 121 29 
900 148 268 
900 149 268 
900 150 268 
900 151 268 
900 152 100 124 234 18 119 220 
900 153 4 266 87 268 119 29 
900 154 136 234 93 18 52 120 220 29 
900 156 129 136 234 18 52 279 220 93 
900 157 268 121 4 29 261 
900 158 18 4 109 62 29 
900 159 268 
900 160 129 220 128 124 119 
900 163 
900 164 220 18 124 261 119 
900 165 4 
900 166 217 18 100 54 52 
900 167 
900 168 129 99 261 234 18 54 119 120 266 220 93 
900 169 129 18 266 29 54 
900 170 52 261 54 
900 171 268 
900 172 268 
900 173 136 234 93 18 52 120 220 29 
900 174 128 268 4 121 
900 175 268 
900 176 268 
900 177 18 220 261 
900 178 268 
900 179 128 124 109 270 117 220 
900 180 279 268 14 239 117 87 121 
900 181 268 
900 182 268 
900 183 217 18 100 87 
900 184 220 18 100 
900 185 261 29 117 
900 186 4 234 119 268 109 18 117 87 220 62 
900 188 268 
900 190 99 261 234 93 266 220 29 
900 191 121 268 261 52 
900 192 18 220 261 119 
900 194 268 18 124 266 
900 195 268 
900 196 120 220 124 268 52 
900 197 264 280 53 
900 198 128 290 4 261 14 87 268 109 270 117 279 121 119 220 29 234 
900 199 261 220 234 18 54 119 120 124 93 
900 200 268 
900 201 128 4 234 119 268 109 270 117 279 121 266 220 29 
900 202 18 52 54 
900 203 121 268 261 52 
900 204 268 4 
900 205 128 290 4 261 268 270 279 121 
900 209 100 261 18 52 54 217 
900 210 100 261 234 93 18 220 29 
900 211 100 261 266 18 52 119 120 234 220 93 
900 213 261 220 18 52 54 119 124 
900 214 268 
900 215 268 
900 216 128 268 4 121 
900 217 
900 218 100 261 220 234 18 52 119 124 
900 219 234 99 268 
900 220 136 18 261 234 93 
900 221 268 
900 222 18 124 54 
900 223 18 279 4 29 239 
900 224 268 
900 225 136 234 99 220 29 
900 226 52 234 220 261 
900 227 261 136 124 234 264 18 52 54 119 120 220 93 
900 228 99 261 220 266 109 18 252 117 124 254 
900 230 234 220 119 
900 231 268 4 121 
900 232 128 99 136 252 234 18 220 
900 233 165 
900 234 128 220 124 
900 235 268 
900 236 217 124 261 54 52 
900 237 120 163 268 62 87 
900 238 220 234 4 268 129 
900 239 
900 240 100 261 124 234 18 54 119 220 93 
900 241 120 217 128 100 129 
900 242 268 4 121 
900 243 268 
900 244 4 234 14 29 279 266 
900 245 268 
900 247 268 
900 248 268 87 
900 249 268 
900 250 128 33 290 99 4 14 87 268 109 270 239 254 117 279 121 119 29 62 
900 251 128 290 4 234 87 268 109 117 279 121 220 29 
900 252 
900 253 268 
900 254 18 261 
900 255 234 99 93 
900 256 261 234 93 18 52 266 220 29 
900 258 165 
900 259 18 124 54 
900 261 129 234 18 52 54 220 
900 262 220 4 29 
900 263 129 220 128 124 119 
900 264 87 268 14 239 117 279 280 121 85 
900 265 165 
900 266 
900 267 268 
900 268 
900 269 268 
900 270 
900 271 268 
900 273 99 136 220 234 252 266 
900 274 165 
900 275 217 100 261 
900 276 18 52 234 54 
900 277 165 
900 278 128 290 99 4 261 279 268 14 87 121 29 
900 279 100 261 234 18 52 54 217 220 
900 280 279 268 14 239 117 87 121 
900 281 268 
900 282 121 220 268 
900 283 4 165 220 234 18 119 100 124 
900 285 268 
900 286 261 136 124 234 93 18 52 54 119 120 220 29 
900 287 128 290 99 4 261 14 87 268 109 270 117 279 121 119 220 29 234 
900 288 261 220 234 18 52 54 124 
900 289 165 
900 290 
900 291 268 4 121 
900 292 128 121 268 261 
900 293 4 165 124 234 18 52 119 100 220 261 
900 294 268 
900 295 33 290 4 234 119 268 270 117 279 121 220 29 
900 296 290 4 261 234 119 268 109 270 117 279 121 220 29 
900 297 128 99 29 93 
900 298 261 268 93 54 119 
900 299 99 261 220 266 109 18 252 117 124 254 
1800 0 120 220 128 124 119 
1800 1 220 234 4 268 129 
1800 2 136 234 268 261 
1800 3 128 220 109 62 117 
1800 4 18 234 
1800 5 268 121 4 261 279 
1800 6 234 52 54 
1800 7 268 
1800 8 268 
1800 9 128 4 261 234 87 268 109 270 117 279 121 119 220 29 
1800 10 268 
1800 11 4 165 
1800 12 268 165 
1800 13 165 117 
1800 14 
1800 15 4 234 14 29 279 266 
1800 16 4 261 234 279 268 109 117 87 220 
1800 17 52 18 220 261 
1800 18 
1800 19 163 38 167 268 109 14 239 117 279 121 85 
1800 20 52 220 261 54 
1800 21 165 
1800 22 268 
1800 23 128 4 87 268 270 117 279 121 119 
1800 24 128 268 4 14 
1800 25 136 129 18 266 
1800 28 121 268 52 
1800 29 119 
1800 30 128 117 
1800 32 128 268 4 261 121 
1800 33 
1800 34 129 261 136 220 234 119 18 52 54 279 124 93 
1800 35 99 279 
1800 38 128 163 117 270 
1800 40 4 234 268 109 117 87 121 220 
1800 41 4 234 268 109 117 87 121 220 
1800 43 128 220 124 54 52 
1800 44 129 261 124 234 18 52 220 
1800 45 100 261 124 266 18 54 119 234 220 93 254 
1800 46 128 100 261 
1800 47 268 
1800 48 128 280 85 167 
1800 49 100 261 220 18 52 119 124 
1800 51 234 266 220 29 
1800 52 18 220 
1800 53 163 38 167 268 109 14 239 117 279 121 85 
1800 54 234 
1800 55 128 4 234 119 268 109 270 117 279 121 266 220 29 
1800 56 129 220 128 124 119 
1800 57 99 220 109 270 18 117 54 279 124 
1800 58 165 117 
1800 59 18 268 266 
1800 60 128 266 4 165 
1800 62 
1800 63 18 220 54 
1800 64 280 4 38 
1800 65 163 87 268 239 119 62 
1800 66 128 234 220 
1800 67 18 268 
1800 68 261 220 234 18 52 54 124 
1800 69 268 
1800 70 234 4 279 
1800 71 100 261 124 234 18 54 119 220 93 
1800 72 18 266 261 29 279 
1800 73 100 261 124 234 18 52 120 220 93 254 
1800 74 264 280 53 
1800 75 234 220 261 
1800 76 100 261 220 18 52 119 124 
1800 77 128 4 268 52 121 220 
1800 79 264 85 38 53 
1800 82 121 268 52 
1800 83 266 29 261 
1800 84 163 261 124 234 119 268 18 117 87 220 62 
1800 85 
1800 86 117 261 220 109 165 
1800 87 100 
1800 88 121 268 52 
1800 90 220 18 124 234 52 
1800 91 100 117 
1800 92 128 99 220 234 252 29 
1800 93 52 54 
1800 94 128 290 4 234 87 268 109 270 117 279 121 119 220 29 
1800 95 18 220 29 
1800 96 261 234 18 52 220 93 
1800 97 268 279 4 261 87 
1800 98 99 268 
1800 99 
1800 100 
1800 101 268 165 
1800 104 18 4 109 62 29 
1800 105 129 100 261 18 117 220 
1800 107 4 234 268 109 117 87 121 220 
1800 108 261 29 117 
1800 109 
1800 110 128 33 290 99 4 261 14 87 268 109 270 117 279 121 119 220 29 234 
1800 111 234 266 99 220 29 
1800 112 52 18 100 
1800 113 268 
1800 114 128 4 165 18 52 87 
1800 115 165 
1800 116 18 100 54 
1800 117 
1800 118 163 4 268 109 87 29 62 
1800 119 136 234 18 52 220 93 62 
1800 120 129 18 54 
1800 121 18 
1800 122 261 124 266 18 52 54 119 120 234 220 93 254 
1800 124 29 54 
1800 125 52 18 220 
1800 126 268 
1800 127 52 18 220 
1800 128 52 261 54 
1800 129 
1800 130 268 
1800 131 268 
1800 132 128 4 268 52 121 220 
1800 133 268 
1800 134 261 220 18 52 119 124 
1800 135 18 266 29 279 
1800 136 
1800 137 128 268 99 4 29 
1800 138 100 220 18 52 119 124 
1800 139 268 121 4 29 261 
1800 140 234 220 119 
1800 141 261 136 124 234 18 52 120 266 220 93 
1800 142 18 261 4 29 87 
1800 143 268 
1800 144 268 
1800 145 18 220 29 
1800 146 18 268 
1800 147 128 290 99 4 279 268 14 87 121 29 
1800 148 268 
1800 149 268 
1800 150 268 
1800 151 268 
1800 152 100 124 234 18 119 220 
1800 153 4 266 87 268 119 29 
1800 154 136 234 93 18 52 120 220 29 
1800 156 129 136 234 18 52 279 220 93 
1800 157 268 121 4 29 261 
1800 158 18 4 109 62 29 
1800 159 268 
1800 160 129 220 128 124 119 
1800 163 
1800 164 220 18 124 261 119 
1800 165 4 
1800 166 52 18 100 54 
1800 167 
1800 168 129 99 261 234 18 54 119 120 266 220 93 
1800 169 129 18 266 29 54 
1800 170 52 261 54 
1800 171 268 
1800 172 268 
1800 173 136 234 93 18 52 120 220 29 
1800 174 128 268 4 121 
1800 175 268 
1800 176 268 
1800 177 18 220 261 
1800 178 268 
1800 179 128 124 109 270 117 220 
1800 180 279 268 14 239 117 87 121 
1800 181 268 
1800 182 268 
1800 183 18 100 87 
1800 184 220 18 100 
1800 185 261 29 117 
1800 186 4 234 119 268 109 18 117 87 220 62 
1800 188 268 
1800 190 99 261 234 93 266 220 29 
1800 191 121 268 261 52 
1800 192 18 220 261 119 
1800 194 268 18 124 266 
1800 195 268 
1800 196 120 220 124 268 52 
1800 197 264 280 53 
1800 198 128 290 4 261 14 87 268 109 270 117 279 121 119 220 29 234 
1800 199 261 220 234 18 54 119 120 124 93 
1800 200 268 
1800 201 128 4 234 119 268 109 270 117 279 121 266 220 29 
1800 202 18 52 54 
1800 203 121 268 261 52 
1800 204 268 4 
1800 205 128 290 4 261 268 270 279 121 
1800 209 52 18 100 261 54 
1800 210 100 261 234 93 18 220 29 
1800 211 100 261 266 18 52 119 120 234 220 93 
1800 213 261 220 18 52 54 119 124 
1800 215 268 
1800 216 128 268 4 121 
1800 218 100 261 220 234 18 52 119 124 
1800 219 234 99 268 
1800 220 136 18 261 234 93 
1800 222 18 124 54 
1800 223 18 279 4 29 239 
1800 224 268 
1800 226 52 234 220 261 
1800 228 99 261 220 266 109 18 252 117 124 254 
1800 230 234 220 119 
1800 231 268 4 121 
1800 232 128 99 136 252 234 18 220 
1800 233 165 
1800 234 128 220 124 
1800 235 268 
1800 236 52 124 261 54 
1800 237 120 163 268 62 87 
1800 238 220 234 4 268 129 
1800 239 
1800 240 100 261 124 234 18 54 119 220 93 
1800 241 120 129 128 100 
1800 242 268 4 121 
1800 243 268 
1800 244 4 234 14 29 279 266 
1800 245 268 
1800 247 268 
1800 248 268 87 
1800 250 128 33 290 99 4 14 87 268 109 270 239 254 117 279 121 119 29 62 
1800 251 128 290 4 234 87 268 109 117 279 121 220 29 
1800 252 
1800 253 268 
1800 254 18 261 
1800 255 234 99 93 
1800 256 261 234 93 18 52 266 220 29 
1800 258 165 
1800 259 18 124 54 
1800 261 129 234 18 52 54 220 
1800 263 129 220 128 124 119 
1800 264 87 268 14 239 117 279 280 121 85 
1800 265 165 
1800 266 
1800 267 268 
1800 268 
1800 269 268 
1800 270 
1800 271 268 
1800 273 99 136 220 234 252 266 
1800 274 165 
1800 275 100 261 
1800 277 165 
1800 278 128 290 99 4 261 279 268 14 87 121 29 
1800 279 100 261 234 18 52 54 220 
1800 280 279 268 14 239 117 87 121 
1800 281 268 
1800 282 121 220 268 
1800 283 4 165 220 234 18 119 100 124 
1800 285 268 
1800 286 261 136 124 234 93 18 52 54 119 120 220 29 
1800 287 128 290 99 4 261 14 87 268 109 270 117 279 121 119 220 29 234 
1800 288 261 220 234 18 52 54 124 
1800 289 165 
1800 290 
1800 291 268 4 121 
1800 292 128 121 268 261 
1800 293 4 165 124 234 18 52 119 100 220 261 
1800 294 268 
1800 295 33 290 4 234 119 268 270 117 279 121 220 29 
1800 296 290 4 261 234 119 268 109 270 117 279 121 220 29 
1800 297 128 99 29 93 
1800 298 261 268 93 54 119 
2700 0 120 220 128 124 119 
2700 1 220 234 4 268 129 
2700 2 136 234 268 261 
2700 3 128 220 109 62 117 
2700 4 18 234 
2700 5 268 121 4 261 279 
2700 6 234 52 54 
2700 7 268 
2700 8 268 
2700 9 128 4 261 234 87 268 109 270 117 279 121 119 220 29 
2700 10 268 
2700 11 4 165 
2700 12 268 165 
2700 13 165 117 
2700 14 
2700 15 4 234 14 29 279 266 
2700 16 4 261 234 279 268 109 117 87 220 
2700 17 52 18 220 261 
2700 18 
2700 19 163 38 167 268 109 14 239 117 279 121 85 
2700 20 52 220 261 54 
2700 21 165 
2700 22 268 
2700 23 128 4 87 268 270 117 279 121 119 
2700 24 128 268 4 14 
2700 25 136 129 18 266 
2700 28 121 268 52 
2700 29 119 
2700 30 128 117 
2700 32 128 268 4 261 121 
2700 33 
2700 38 128 163 117 270 
2700 40 4 234 268 109 117 87 121 220 
2700 41 4 234 268 109 117 87 121 220 
2700 43 128 220 124 54 52 
2700 44 129 261 124 234 18 52 220 
2700 45 100 261 124 266 18 54 119 234 220 93 254 
2700 46 128 100 261 
2700 47 268 
2700 48 128 280 85 167 
2700 49 100 261 220 18 52 119 124 
2700 51 234 266 220 29 
2700 52 18 220 
2700 53 163 38 167 268 109 14 239 117 279 121 85 
2700 54 234 
2700 55 128 4 234 119 268 109 270 117 279 121 266 220 29 
2700 56 129 220 128 124 119 
2700 57 99 220 109 270 18 117 54 279 124 
2700 58 165 117 
2700 59 18 268 266 
2700 60 128 266 4 165 
2700 62 
2700 63 18 220 54 
2700 64 280 4 38 
2700 65 163 87 268 239 119 62 
2700 66 128 234 220 
2700 67 18 268 
2700 68 261 220 234 18 52 54 124 
2700 69 268 
2700 70 234 4 279 
2700 71 100 261 124 234 18 54 119 220 93 
2700 72 18 266 261 29 279 
2700 73 100 261 124 234 18 52 120 220 93 254 
2700 74 264 280 53 
2700 75 234 220 261 
2700 76 100 261 220 18 52 119 124 
2700 77 128 4 268 52 121 220 
2700 79 264 85 38 53 
2700 82 121 268 52 
2700 83 266 29 261 
2700 84 163 261 124 234 119 268 18 117 87 220 62 
2700 85 
2700 86 117 261 220 109 165 
2700 87 100 
2700 88 121 268 52 
2700 90 220 18 124 234 52 
2700 91 100 117 
2700 92 128 99 220 234 252 29 
2700 93 52 54 
2700 94 128 290 4 234 87 268 109 270 117 279 121 119 220 29 
2700 95 18 220 29 
2700 96 261 234 18 52 220 93 
2700 97 268 279 4 261 87 
2700 98 99 268 
2700 99 
2700 100 
2700 101 268 165 
2700 104 18 4 109 62 29 
2700 105 129 100 261 18 117 220 
2700 107 4 234 268 109 117 87 121 220 
2700 108 261 29 117 
2700 109 
2700 110 128 33 290 99 4 261 14 87 268 109 270 117 279 121 119 220 29 234 
2700 111 234 266 99 220 29 
2700 112 52 18 100 
2700 113 268 
2700 114 128 4 165 18 52 87 
2700 115 165 
2700 116 18 100 54 
2700 117 
2700 119 136 234 18 52 220 93 62 
2700 120 129 18 54 
2700 121 18 
2700 122 261 124 266 18 52 54 119 120 234 220 93 254 
2700 124 29 54 
2700 125 52 18 220 
2700 126 268 
2700 127 52 18 220 
2700 128 52 261 54 
2700 129 
2700 130 268 
2700 131 268 
2700 132 128 4 268 52 121 220 
2700 134 261 220 18 52 119 124 
2700 136 
2700 137 128 268 99 4 29 
2700 138 100 220 18 52 119 124 
2700 139 268 121 4 29 261 
2700 140 234 220 119 
2700 141 261 136 124 234 18 52 120 266 220 93 
2700 142 18 261 4 29 87 
2700 143 268 
2700 144 268 
2700 145 18 220 29 
2700 146 18 268 
2700 147 128 290 99 4 279 268 14 87 121 29 
2700 148 268 
2700 149 268 
2700 150 268 
2700 151 268 
2700 152 100 124 234 18 119 220 
2700 153 4 266 87 268 119 29 
2700 154 136 234 93 18 52 120 220 29 
2700 156 129 136 234 18 52 279 220 93 
2700 157 268 121 4 29 261 
2700 158 18 4 109 62 29 
2700 159 268 
2700 160 129 220 128 124 119 
2700 163 
2700 164 220 18 124 261 119 
2700 165 4 
2700 166 52 18 100 54 
2700 167 
2700 168 129 99 261 234 18 54 119 120 266 220 93 
2700 169 129 18 266 29 54 
2700 170 52 261 54 
2700 171 268 
2700 172 268 
2700 173 136 234 93 18 52 120 220 29 
2700 174 128 268 4 121 
2700 175 268 
2700 176 268 
2700 177 18 220 261 
2700 178 268 
2700 179 128 124 109 270 117 220 
2700 180 279 268 14 239 117 87 121 
2700 181 268 
2700 182 268 
2700 183 18 100 87 
2700 184 220 18 100 
2700 185 261 29 117 
2700 186 4 234 119 268 109 18 117 87 220 62 
2700 188 268 
2700 190 99 261 234 93 266 220 29 
2700 191 121 268 261 52 
2700 192 18 220 261 119 
2700 194 268 18 124 266 
2700 195 268 
2700 196 120 220 124 268 52 
2700 197 264 280 53 
2700 198 128 290 4 261 14 87 268 109 270 117 279 121 119 220 29 234 
2700 199 261 220 234 18 54 119 120 124 93 
2700 200 268 
2700 201 128 4 234 119 268 109 270 117 279 121 266 220 29 
2700 202 18 52 54 
2700 203 121 268 261 52 
2700 205 128 290 4 261 268 270 279 121 
2700 209 52 18 100 261 54 
2700 210 100 261 234 93 18 220 29 
2700 211 100 261 266 18 52 119 120 234 220 93 
2700 213 261 220 18 52 54 119 124 
2700 216 128 268 4 121 
2700 218 100 261 220 234 18 52 119 124 
2700 219 234 99 268 
2700 220 136 18 261 234 93 
2700 222 18 124 54 
2700 223 18 279 4 29 239 
2700 224 268 
2700 226 52 234 220 261 
2700 228 99 261 220 266 109 18 252 117 124 254 
2700 230 234 220 119 
2700 231 268 4 121 
2700 233 165 
2700 234 128 220 124 
2700 235 268 
2700 236 52 124 261 54 
2700 237 120 163 268 62 87 
2700 238 220 234 4 268 129 
2700 239 
2700 240 100 261 124 234 18 54 119 220 93 
2700 241 120 129 128 100 
2700 243 268 
2700 244 4 234 14 29 279 266 
2700 245 268 
2700 248 268 87 
2700 250 128 33 290 99 4 14 87 268 109 270 239 254 117 279 121 119 29 62 
2700 251 128 290 4 234 87 268 109 117 279 121 220 29 
2700 252 
2700 253 268 
2700 254 18 261 
2700 255 234 99 93 
2700 256 261 234 93 18 52 266 220 29 
2700 258 165 
2700 259 18 124 54 
2700 261 129 234 18 52 54 220 
2700 263 129 220 128 124 119 
2700 264 87 268 14 239 117 279 280 121 85 
2700 265 165 
2700 266 
2700 267 268 
2700 268 
2700 269 268 
2700 270 
2700 271 268 
2700 273 99 136 220 234 252 266 
2700 274 165 
2700 277 165 
2700 278 128 290 99 4 261 279 268 14 87 121 29 
2700 279 100 261 234 18 52 54 220 
2700 280 279 268 14 239 117 87 121 
2700 281 268 
2700 282 121 220 268 
2700 285 268 
2700 286 261 136 124 234 93 18 52 54 119 120 220 29 
2700 287 128 290 99 4 261 14 87 268 109 270 117 279 121 119 220 29 234 
2700 288 261 220 234 18 52 54 124 
2700 290 
2700 291 268 4 121 
2700 292 128 121 268 261 
2700 293 4 165 124 234 18 52 119 100 220 261 
2700 295 33 290 4 234 119 268 270 117 279 121 220 29 
2700 296 290 4 261 234 119 268 109 270 117 279 121 220 29 
2700 297 128 99 29 93 
2700 298 261 268 93 54 119 
3600 0 120 220 128 124 119 
3600 1 220 234 4 268 129 
3600 2 136 234 268 261 
3600 3 128 220 109 62 
3600 4 18 234 
3600 5 268 4 261 121 
3600 6 234 52 54 
3600 7 268 
3600 8 268 
3600 9 128 4 261 234 119 268 109 270 87 121 220 29 
3600 10 268 
3600 11 4 165 
3600 12 268 165 
3600 13 165 
3600 14 
3600 15 234 266 4 29 14 
3600 16 4 261 234 268 109 87 220 
3600 17 52 18 220 261 
3600 18 
3600 19 163 38 268 109 14 85 121 
3600 20 52 220 261 54 
3600 21 165 
3600 22 268 
3600 23 128 4 87 268 270 119 121 
3600 24 128 268 4 14 
3600 25 136 129 18 266 
3600 28 121 268 52 
3600 29 119 
3600 30 128 
3600 32 128 268 4 261 121 
3600 33 
3600 38 128 163 270 
3600 40 4 234 268 109 87 121 220 
3600 41 4 234 268 109 87 121 220 
3600 43 128 220 124 54 52 
3600 44 129 261 124 234 18 52 220 
3600 45 100 261 124 266 18 54 119 234 220 93 254 
3600 46 128 100 261 
3600 47 268 
3600 48 128 280 85 
3600 49 100 261 220 18 52 119 124 
3600 51 234 266 220 29 
3600 52 18 220 
3600 53 163 38 268 109 14 85 121 
3600 54 234 
3600 55 128 4 234 268 109 270 119 121 266 220 29 
3600 56 129 220 128 124 119 
3600 57 99 124 109 270 18 54 220 
3600 58 165 
3600 59 18 268 266 
3600 60 128 266 4 165 
3600 62 
3600 63 18 220 54 
3600 64 280 4 38 
3600 65 119 163 268 62 87 
3600 66 128 234 220 
3600 67 18 268 
3600 68 261 220 234 18 52 54 124 
3600 70 234 4 
3600 71 100 261 124 234 18 54 119 220 93 
3600 72 18 266 29 261 
3600 73 100 261 124 234 18 52 120 220 93 254 
3600 74 264 280 53 
3600 75 234 220 261 
3600 76 100 261 220 18 52 119 124 
3600 77 128 4 268 52 121 220 
3600 79 264 85 38 53 
3600 82 121 268 52 
3600 83 266 29 261 
3600 84 163 261 124 234 119 268 18 87 220 62 
3600 85 
3600 86 261 220 109 165 
3600 87 100 
3600 88 121 268 52 
3600 90 220 18 124 234 52 
3600 91 100 
3600 92 128 99 220 234 252 29 
3600 93 52 54 
3600 94 128 290 4 234 119 268 109 270 87 121 220 29 
3600 95 18 220 29 
3600 96 261 234 18 52 220 93 
3600 97 268 4 261 87 
3600 98 99 268 
3600 99 
3600 100 
3600 101 268 165 
3600 104 18 4 109 62 29 
3600 105 129 18 100 220 261 
3600 107 4 234 268 109 87 121 220 
3600 108 29 261 
3600 109 
3600 110 128 33 290 99 4 261 234 119 268 109 270 14 87 121 220 29 
3600 111 234 266 99 220 29 
3600 112 52 18 100 
3600 113 268 
3600 114 128 4 165 18 52 87 
3600 115 165 
3600 116 18 100 54 
3600 119 136 234 18 52 220 93 62 
3600 120 129 18 54 
3600 121 18 
3600 122 261 124 266 18 52 54 119 120 234 220 93 254 
3600 124 29 54 
3600 125 52 18 220 
3600 126 268 
3600 127 52 18 220 
3600 128 52 261 54 
3600 129 
3600 131 268 
3600 132 128 4 268 52 121 220 
3600 134 261 220 18 52 119 124 
3600 136 
3600 137 128 268 99 4 29 
3600 138 100 220 18 52 119 124 
3600 139 268 121 4 29 261 
3600 140 234 220 119 
3600 141 261 136 124 234 18 52 120 266 220 93 
3600 142 18 261 4 29 87 
3600 143 268 
3600 144 268 
3600 145 18 220 29 
3600 146 18 268 
3600 147 128 290 99 4 268 14 87 121 29 
3600 148 268 
3600 149 268 
3600 150 268 
3600 151 268 
3600 152 100 124 234 18 119 220 
3600 154 136 234 93 18 52 120 220 29 
3600 156 129 136 234 18 52 220 93 
3600 157 268 121 4 29 261 
3600 159 268 
3600 160 129 220 128 124 119 
3600 163 
3600 164 220 18 124 261 119 
3600 165 4 
3600 169 129 18 266 29 54 
3600 170 52 261 54 
3600 171 268 
3600 172 268 
3600 173 136 234 93 18 52 120 220 29 
3600 174 128 268 4 121 
3600 175 268 
3600 176 268 
3600 178 268 
3600 179 128 220 124 109 270 
3600 180 121 268 14 87 
3600 181 268 
3600 182 268 
3600 183 18 100 87 
3600 184 220 18 100 
3600 185 29 261 
3600 186 4 234 119 268 109 18 87 220 62 
3600 188 268 
3600 190 99 261 234 93 266 220 29 
3600 191 121 268 261 52 
3600 192 18 220 261 119 
3600 194 268 18 124 266 
3600 195 268 
3600 196 120 220 124 268 52 
3600 197 264 280 53 
3600 198 128 290 4 261 234 119 268 109 270 14 87 121 220 29 
3600 199 261 220 234 18 54 119 120 124 93 
3600 200 268 
3600 201 128 4 234 268 109 270 119 121 266 220 29 
3600 202 18 52 54 
3600 203 121 268 261 52 
3600 205 128 290 4 261 268 270 121 
3600 209 52 18 100 261 54 
3600 210 100 261 234 93 18 220 29 
3600 211 100 261 266 18 52 119 120 234 220 93 
3600 213 261 220 18 52 54 119 124 
3600 216 128 268 4 121 
3600 218 100 261 220 234 18 52 119 124 
3600 219 234 99 268 
3600 220 136 18 261 234 93 
3600 222 18 124 54 
3600 223 18 4 29 
3600 224 268 
3600 228 99 261 124 266 109 18 252 220 254 
3600 230 234 220 119 
3600 231 268 4 121 
3600 233 165 
3600 234 128 220 124 
3600 235 268 
3600 236 52 124 261 54 
3600 237 120 163 268 62 87 
3600 238 220 234 4 268 129 
3600 240 100 261 124 234 18 54 119 220 93 
3600 241 120 129 128 100 
3600 243 268 
3600 244 234 266 4 29 14 
3600 245 268 
3600 248 268 87 
3600 250 128 33 290 99 4 119 268 109 270 254 14 87 121 29 62 
3600 251 128 290 4 234 268 109 87 121 220 29 
3600 252 
3600 253 268 
3600 254 18 261 
3600 255 234 99 93 
3600 256 261 234 93 18 52 266 220 29 
3600 259 18 124 54 
3600 261 129 234 18 52 54 220 
3600 263 129 220 128 124 119 
3600 264 268 14 85 87 280 121 
3600 265 165 
3600 266 
3600 268 
3600 269 268 
3600 270 
3600 271 268 
3600 273 99 136 220 234 252 266 
3600 274 165 
3600 277 165 
3600 278 128 290 99 4 261 268 14 87 121 29 
3600 280 121 268 14 87 
3600 281 268 
3600 282 121 220 268 
3600 285 268 
3600 286 261 136 124 234 93 18 52 54 119 120 220 29 
3600 287 128 290 99 4 261 234 119 268 109 270 14 87 121 220 29 
3600 288 261 220 234 18 52 54 124 
3600 290 
3600 291 268 4 121 
3600 292 128 121 268 261 
3600 293 4 165 124 234 18 52 119 100 220 261 
3600 295 33 290 4 234 268 270 119 121 220 29 
3600 296 290 4 261 234 268 109 270 119 121 220 29 
3600 297 128 99 29 93 
3600 298 261 268 93 54 119 
4500 0 120 220 128 124 119 
4500 1 220 234 4 268 
4500 2 136 234 268 261 
4500 3 128 220 109 
4500 4 18 234 
4500 5 268 4 261 121 
4500 6 234 52 54 
4500 7 268 
4500 8 268 
4500 9 128 4 261 234 119 268 109 270 87 121 220 
4500 10 268 
4500 11 4 165 
4500 12 268 165 
4500 13 165 
4500 14 
4500 15 234 4 266 14 
4500 16 4 261 234 268 109 87 220 
4500 17 52 18 220 261 
4500 18 
4500 19 163 38 268 109 14 85 121 
4500 20 52 220 261 54 
4500 21 165 
4500 22 268 
4500 23 128 4 87 268 270 119 121 
4500 24 128 268 4 14 
4500 25 136 18 266 
4500 28 121 268 52 
4500 30 128 
4500 32 128 268 4 261 121 
4500 38 128 163 270 
4500 40 4 234 268 109 87 121 220 
4500 41 4 234 268 109 87 121 220 
4500 43 128 220 124 54 52 
4500 44 261 220 234 18 52 124 
4500 45 100 261 124 266 18 54 119 220 234 254 
4500 46 128 100 261 
4500 47 268 
4500 48 128 280 85 
4500 49 100 261 220 18 52 119 124 
4500 51 234 220 266 
4500 52 18 220 
4500 53 163 38 268 109 14 85 121 
4500 54 234 
4500 55 128 4 234 268 109 270 119 121 220 266 
4500 56 128 220 124 119 
4500 57 99 124 109 270 18 54 220 
4500 58 165 
4500 59 18 268 266 
4500 60 128 266 4 165 
4500 63 18 220 54 
4500 64 280 4 38 
4500 65 119 163 268 87 
4500 68 261 220 234 18 52 54 124 
4500 70 234 4 
4500 71 100 261 124 234 18 54 119 220 
4500 72 18 266 261 
4500 73 100 261 124 234 18 52 120 220 254 
4500 75 234 220 261 
4500 77 128 4 268 52 121 220 
4500 79 264 85 38 53 
4500 83 266 261 
4500 85 
4500 86 261 220 109 165 
4500 87 100 
4500 88 121 268 52 
4500 90 220 18 124 234 52 
4500 91 100 
4500 92 128 252 234 99 220 
4500 94 128 290 4 234 119 268 109 270 87 121 220 
4500 95 18 220 
4500 96 52 18 220 234 261 
4500 97 268 4 261 87 
4500 98 99 268 
4500 99 
4500 100 
4500 101 268 165 
4500 104 18 4 109 
4500 105 220 18 100 261 
4500 107 4 234 268 109 87 121 220 
4500 108 261 
4500 109 
4500 110 128 290 99 4 261 234 119 268 109 270 14 87 121 220 
4500 112 52 18 100 
4500 113 268 
4500 114 128 4 165 18 52 87 
4500 115 165 
4500 116 18 100 54 
4500 119 136 52 18 220 234 
4500 120 18 54 
4500 121 18 
4500 122 261 124 266 18 52 54 119 120 220 234 254 
4500 124 54 
4500 125 52 18 220 
4500 126 268 
4500 127 52 18 220 
4500 128 52 261 54 
4500 131 268 
4500 132 128 4 268 52 121 220 
4500 134 261 220 18 52 119 124 
4500 136 
4500 137 128 268 99 4 
4500 138 100 220 18 52 119 124 
4500 139 268 4 261 121 
4500 140 234 220 119 
4500 141 261 136 124 234 18 52 120 220 266 
4500 142 18 4 261 87 
4500 143 268 
4500 144 268 
4500 145 18 220 
4500 146 18 268 
4500 147 128 290 99 4 268 14 87 121 
4500 148 268 
4500 149 268 
4500 150 268 
4500 151 268 
4500 152 100 124 234 18 119 220 
4500 154 136 234 18 52 120 220 
4500 156 136 52 18 220 234 
4500 157 268 4 261 121 
4500 159 268 
4500 160 128 220 124 119 
4500 163 
4500 164 220 18 124 261 119 
4500 165 4 
4500 169 18 266 54 
4500 170 52 261 54 
4500 171 268 
4500 172 268 
4500 174 128 268 4 121 
4500 175 268 
4500 176 268 
4500 178 268 
4500 179 128 220 124 109 270 
4500 180 121 268 14 87 
4500 181 268 
4500 182 268 
4500 183 18 100 87 
4500 184 220 18 100 
4500 185 261 
4500 186 4 234 87 268 109 18 119 220 
4500 188 268 
4500 191 121 268 261 52 
4500 192 18 220 261 119 
4500 194 268 18 124 266 
4500 195 268 
4500 196 120 220 124 268 52 
4500 197 264 280 53 
4500 198 128 290 4 261 234 119 268 109 270 14 87 121 220 
4500 199 261 220 234 18 54 119 120 124 
4500 200 268 
4500 201 128 4 234 268 109 270 119 121 220 266 
4500 202 18 52 54 
4500 203 121 268 261 52 
4500 205 128 290 4 261 268 270 121 
4500 209 52 18 100 261 54 
4500 210 220 18 100 234 261 
4500 211 100 261 266 18 52 119 120 220 234 
4500 213 261 220 18 52 54 119 124 
4500 216 128 268 4 121 
4500 218 100 261 220 234 18 52 119 124 
4500 219 234 99 268 
4500 220 136 18 234 261 
4500 222 18 124 54 
4500 223 18 4 
4500 224 268 
4500 228 99 261 124 266 109 18 252 220 254 
4500 230 234 220 119 
4500 231 268 4 121 
4500 233 165 
4500 234 128 220 124 
4500 235 268 
4500 236 52 124 261 54 
4500 237 120 163 268 87 
4500 238 220 234 4 268 
4500 240 100 261 124 234 18 54 119 220 
4500 241 120 128 100 
4500 243 268 
4500 244 234 4 266 14 
4500 245 268 
4500 248 268 87 
4500 250 128 290 99 4 119 268 109 270 14 87 121 254 
4500 251 128 290 4 234 268 109 87 121 220 
4500 252 
4500 253 268 
4500 254 18 261 
4500 255 234 99 
4500 256 261 266 18 52 220 234 
4500 259 18 124 54 
4500 261 52 18 220 234 54 
4500 263 128 220 124 119 
4500 264 268 14 85 87 280 121 
4500 265 165 
4500 266 
4500 268 
4500 269 268 
4500 270 
4500 271 268 
4500 273 99 136 220 234 252 266 
4500 274 165 
4500 277 165 
4500 278 128 290 99 4 261 268 14 87 121 
4500 280 121 268 14 87 
4500 281 268 
4500 282 121 220 268 
4500 285 268 
4500 286 261 136 124 234 18 52 54 119 120 220 
4500 287 128 290 99 4 261 234 119 268 109 270 14 87 121 220 
4500 288 261 220 234 18 52 54 124 
4500 290 
4500 291 268 4 121 
4500 292 128 121 268 261 
4500 293 4 165 124 234 18 52 119 100 220 261 
4500 295 290 4 234 268 270 119 121 220 
4500 296 290 4 261 234 268 109 270 119 121 220 
4500 297 128 99 
4500 298 268 261 54 119 
5400 0 120 220 124 119 
5400 1 220 234 4 268 
5400 2 136 234 268 261 
5400 3 220 109 
5400 4 18 234 
5400 5 268 4 261 121 
5400 6 234 52 54 
5400 7 268 
5400 8 268 
5400 9 4 261 234 119 268 109 270 87 121 220 
5400 10 268 
5400 11 4 165 
5400 12 268 165 
5400 13 165 
5400 14 
5400 15 234 4 266 14 
5400 16 4 261 234 268 109 87 220 
5400 17 52 18 220 261 
5400 18 
5400 19 163 38 268 109 14 85 121 
5400 20 52 220 261 54 
5400 21 165 
5400 22 268 
5400 23 4 87 268 270 119 121 
5400 24 268 4 14 
5400 25 136 18 266 
5400 28 121 268 52 
5400 30 
5400 32 268 4 261 121 
5400 38 163 270 
5400 40 4 234 268 109 87 121 220 
5400 41 4 234 268 109 87 121 220 
5400 43 220 124 54 52 
5400 44 261 220 234 18 52 124 
5400 45 100 261 124 266 18 54 119 220 234 254 
5400 46 100 261 
5400 49 100 261 220 18 52 119 124 
5400 52 18 220 
5400 53 163 38 268 109 14 85 121 
5400 54 234 
5400 55 4 234 268 109 270 119 121 220 266 
5400 56 220 124 119 
5400 57 99 124 109 270 18 54 220 
5400 58 165 
5400 59 18 268 266 
5400 60 266 4 165 
5400 63 18 220 54 
5400 64 280 4 38 
5400 65 119 163 268 87 
5400 68 261 220 234 18 52 54 124 
5400 70 234 4 
5400 71 100 261 124 234 18 54 119 220 
5400 72 18 266 261 
5400 73 100 261 124 234 18 52 120 220 254 
5400 75 234 220 261 
5400 77 121 220 4 268 52 
5400 79 264 85 38 53 
5400 83 266 261 
5400 85 
5400 86 261 220 109 165 
5400 87 100 
5400 88 121 268 52 
5400 90 220 18 124 234 52 
5400 91 100 
5400 92 252 234 99 220 
5400 94 290 4 234 119 268 109 270 87 121 220 
5400 95 18 220 
5400 96 52 18 220 234 261 
5400 97 268 4 261 87 
5400 98 99 268 
5400 99 
5400 100 
5400 101 268 165 
5400 104 18 4 109 
5400 105 220 18 100 261 
5400 107 4 234 268 109 87 121 220 
5400 108 261 
5400 109 
5400 110 290 99 4 261 234 119 268 109 270 14 87 121 220 
5400 112 52 18 100 
5400 113 268 
5400 114 52 18 4 165 87 
5400 115 165 
5400 116 18 100 54 
5400 119 136 52 18 220 234 
5400 120 18 54 
5400 121 18 
5400 122 261 124 266 18 52 54 119 120 220 234 254 
5400 124 54 
5400 126 268 
5400 127 52 18 220 
5400 131 268 
5400 132 121 220 4 268 52 
5400 134 261 220 18 52 119 124 
5400 136 
5400 137 268 99 4 
5400 138 100 220 18 52 119 124 
5400 140 234 220 119 
5400 141 261 136 124 234 18 52 120 220 266 
5400 143 268 
5400 144 268 
5400 145 18 220 
5400 146 18 268 
5400 147 290 99 4 268 14 87 121 
5400 148 268 
5400 149 268 
5400 150 268 
5400 151 268 
5400 152 100 124 234 18 119 220 
5400 156 136 52 18 220 234 
5400 157 268 4 261 121 
5400 159 268 
5400 160 220 124 119 
5400 163 
5400 164 220 18 124 261 119 
5400 165 4 
5400 169 18 266 54 
5400 170 52 261 54 
5400 171 268 
5400 172 268 
5400 174 268 4 121 
5400 175 268 
5400 176 268 
5400 178 268 
5400 179 220 124 109 270 
5400 180 121 268 14 87 
5400 181 268 
5400 182 268 
5400 183 18 100 87 
5400 184 220 18 100 
5400 186 4 234 87 268 109 18 119 220 
5400 191 121 268 261 52 
5400 192 18 220 261 119 
5400 194 268 18 124 266 
5400 195 268 
5400 196 120 220 124 268 52 
5400 197 264 280 53 
5400 199 261 220 234 18 54 119 120 124 
5400 200 268 
5400 201 4 234 268 109 270 119 121 220 266 
5400 202 18 52 54 
5400 203 121 268 261 52 
5400 205 290 4 261 268 270 121 
5400 209 52 18 100 261 54 
5400 210 220 18 100 234 261 
5400 211 100 261 266 18 52 119 120 220 234 
5400 213 261 220 18 52 54 119 124 
5400 216 268 4 121 
5400 218 100 261 220 234 18 52 119 124 
5400 219 234 99 268 
5400 220 136 18 234 261 
5400 222 18 124 54 
5400 223 18 4 
5400 224 268 
5400 228 99 261 124 266 109 18 252 220 254 
5400 230 234 220 119 
5400 231 268 4 121 
5400 233 165 
5400 234 220 124 
5400 235 268 
5400 236 52 124 261 54 
5400 237 120 163 268 87 
5400 238 220 234 4 268 
5400 240 100 261 124 234 18 54 119 220 
5400 241 120 100 
5400 243 268 
5400 244 234 4 266 14 
5400 245 268 
5400 248 268 87 
5400 250 290 99 4 119 268 109 270 14 87 121 254 
5400 251 290 4 234 268 109 87 121 220 
5400 252 
5400 253 268 
5400 254 18 261 
5400 255 234 99 
5400 256 261 266 18 52 220 234 
5400 259 18 124 54 
5400 261 52 18 220 234 54 
5400 263 220 124 119 
5400 264 268 14 85 87 280 121 
5400 265 165 
5400 266 
5400 268 
5400 269 268 
5400 270 
5400 271 268 
5400 273 99 136 220 234 252 266 
5400 274 165 
5400 277 165 
5400 280 121 268 14 87 
5400 281 268 
5400 282 121 220 268 
5400 285 268 
5400 286 261 136 124 234 18 52 54 119 120 220 
5400 287 290 99 4 261 234 119 268 109 270 14 87 121 220 
5400 288 261 220 234 18 52 54 124 
5400 290 
5400 291 268 4 121 
5400 292 121 268 261 
5400 293 4 165 124 234 18 52 119 100 220 261 
5400 295 290 4 234 268 270 119 121 220 
5400 296 290 4 261 234 268 109 270 119 121 220 
6300 0 120 220 124 119 
6300 1 220 234 4 268 
6300 2 136 234 268 261 
6300 3 220 109 
6300 4 18 234 
6300 5 268 4 261 121 
6300 6 234 52 54 
6300 7 268 
6300 8 268 
6300 9 4 261 234 119 268 109 270 87 121 220 
6300 10 268 
6300 11 4 
6300 12 268 
6300 13 
6300 14 
6300 15 234 4 266 14 
6300 16 4 261 234 268 109 87 220 
6300 17 52 18 220 261 
6300 18 
6300 19 38 268 109 14 85 121 
6300 20 52 220 261 54 
6300 21 
6300 22 268 
6300 23 4 87 268 270 119 121 
6300 24 268 4 14 
6300 25 136 18 266 
6300 28 121 268 52 
6300 30 
6300 32 268 4 261 121 
6300 38 270 
6300 40 4 234 268 109 87 121 220 
6300 41 4 234 268 109 87 121 220 
6300 43 220 124 54 52 
6300 44 261 220 234 18 52 124 
6300 45 100 261 124 266 18 54 119 220 234 254 
6300 46 100 261 
6300 49 100 261 220 18 52 119 124 
6300 52 18 220 
6300 53 38 268 109 14 85 121 
6300 54 234 
6300 55 4 234 268 109 270 119 121 220 266 
6300 59 18 268 266 
6300 60 266 4 
6300 63 18 220 54 
6300 64 280 4 38 
6300 65 87 268 119 
6300 68 261 220 234 18 52 54 124 
6300 70 234 4 
6300 71 100 261 124 234 18 54 119 220 
6300 72 18 266 261 
6300 73 100 261 124 234 18 52 120 220 254 
6300 75 234 220 261 
6300 79 264 85 38 53 
6300 83 266 261 
6300 85 
6300 86 220 109 261 
6300 87 100 
6300 88 121 268 52 
6300 90 220 18 124 234 52 
6300 91 100 
6300 92 252 234 99 220 
6300 94 290 4 234 119 268 109 270 87 121 220 
6300 95 18 220 
6300 96 52 18 220 234 261 
6300 97 268 4 261 87 
6300 98 99 268 
6300 99 
6300 100 
6300 101 268 
6300 104 18 4 109 
6300 105 220 18 100 261 
6300 107 4 234 268 109 87 121 220 
6300 109 
6300 110 290 99 4 261 234 119 268 109 270 14 87 121 220 
6300 112 52 18 100 
6300 113 268 
6300 114 52 18 4 87 
6300 115 
6300 116 18 100 54 
6300 119 136 52 18 220 234 
6300 120 18 54 
6300 121 18 
6300 122 261 124 266 18 52 54 119 120 220 234 254 
6300 124 54 
6300 126 268 
6300 127 52 18 220 
6300 131 268 
6300 132 121 220 4 268 52 
6300 134 261 220 18 52 119 124 
6300 136 
6300 137 268 99 4 
6300 138 100 220 18 52 119 124 
6300 140 234 220 119 
6300 141 261 136 124 234 18 52 120 220 266 
6300 143 268 
6300 144 268 
6300 145 18 220 
6300 146 18 268 
6300 147 290 99 4 268 14 87 121 
6300 148 268 
6300 149 268 
6300 150 268 
6300 151 268 
6300 152 100 124 234 18 119 220 
6300 156 136 52 18 220 234 
6300 157 268 4 261 121 
6300 159 268 
6300 160 220 124 119 
6300 164 220 18 124 261 119 
6300 169 18 266 54 
6300 171 268 
6300 172 268 
6300 174 268 4 121 
6300 175 268 
6300 176 268 
6300 178 268 
6300 179 220 124 109 270 
6300 180 121 268 14 87 
6300 181 268 
6300 182 268 
6300 183 18 100 87 
6300 184 220 18 100 
6300 186 4 234 87 268 109 18 119 220 
6300 191 121 268 261 52 
6300 194 268 18 124 266 
6300 195 268 
6300 196 120 220 124 268 52 
6300 197 264 280 53 
6300 199 261 220 234 18 54 119 120 124 
6300 200 268 
6300 201 4 234 268 109 270 119 121 220 266 
6300 202 18 52 54 
6300 203 121 268 261 52 
6300 209 52 18 100 261 54 
6300 210 220 18 100 234 261 
6300 211 100 261 266 18 52 119 120 220 234 
6300 213 261 220 18 52 54 119 124 
6300 216 268 4 121 
6300 218 100 261 220 234 18 52 119 124 
6300 219 234 99 268 
6300 220 136 18 234 261 
6300 223 18 4 
6300 224 268 
6300 228 99 261 124 266 109 18 252 220 254 
6300 230 234 220 119 
6300 231 268 4 121 
6300 233 
6300 234 220 124 
6300 235 268 
6300 236 52 124 261 54 
6300 237 120 268 87 
6300 238 220 234 4 268 
6300 240 100 261 124 234 18 54 119 220 
6300 241 120 100 
6300 244 234 4 266 14 
6300 245 268 
6300 248 268 87 
6300 250 290 99 4 119 268 109 270 14 87 121 254 
6300 251 290 4 234 268 109 87 121 220 
6300 252 
6300 253 268 
6300 254 18 261 
6300 255 234 99 
6300 256 261 266 18 52 220 234 
6300 259 18 124 54 
6300 261 52 18 220 234 54 
6300 263 220 124 119 
6300 264 268 14 85 87 280 121 
6300 265 
6300 266 
6300 268 
6300 270 
6300 273 99 136 220 234 252 266 
6300 274 
6300 277 
6300 280 121 268 14 87 
6300 281 268 
6300 282 121 220 268 
6300 285 268 
6300 286 261 136 124 234 18 52 54 119 120 220 
6300 287 290 99 4 261 234 119 268 109 270 14 87 121 220 
6300 288 261 220 234 18 52 54 124 
6300 290 
6300 291 268 4 121 
6300 292 121 268 261 
6300 293 4 261 124 234 18 52 119 100 220 
6300 295 290 4 234 268 270 119 121 220 
6300 296 290 4 261 234 268 109 270 119 121 220 
