0 0 294 6 9 202 236 47 83 255 
0 1 98 290 227 61 
0 2 192 249 274 35 
0 3 81 215 101 263 
0 4 298 67 279 
0 5 152 208 202 15 
0 6 232 158 127 
0 7 256 94 247 
0 8 226 68 43 109 211 20 
0 9 280 109 
0 10 67 228 231 9 269 213 
0 11 144 272 
0 12 128 226 13 141 16 19 254 
0 13 224 34 293 262 66 47 145 205 156 
0 14 180 299 196 215 
0 15 98 102 108 146 242 243 
0 16 112 75 124 181 79 
0 17 274 7 151 
0 18 112 
0 19 122 51 220 118 222 
0 20 36 159 13 82 148 278 281 56 249 251 191 
0 21 236 143 
0 22 168 82 
0 23 40 200 55 88 201 
0 24 283 56 251 
0 25 113 242 219 190 
0 28 131 40 46 278 281 283 
0 29 65 228 138 43 4 251 28 223 
0 30 194 228 138 268 66 78 112 57 286 
0 31 33 262 
0 32 227 181 
0 33 115 240 299 280 
0 34 289 82 179 22 184 121 220 191 
0 35 200 
0 36 290 282 277 211 
0 38 
0 39 140 34 267 156 
0 40 114 52 74 14 186 
0 41 80 89 214 150 87 
0 43 128 66 237 
0 44 24 249 252 142 287 
0 45 176 209 268 295 
0 46 210 292 
0 47 162 
0 48 217 79 155 117 265 
0 49 225 180 119 
0 50 24 73 202 
0 51 160 258 295 40 210 253 222 
0 52 129 29 
0 53 81 274 
0 54 248 19 52 29 
0 55 298 
0 56 208 132 62 94 223 
0 57 7 137 237 173 276 255 
0 58 16 233 192 297 
0 59 265 148 181 
0 60 115 171 
0 61 200 57 2 155 
0 62 138 292 29 
0 63 260 
0 64 58 142 254 162 
0 65 208 218 92 250 
0 66 228 134 104 171 172 279 91 
0 67 105 65 279 
0 68 233 148 54 30 279 
0 69 129 91 281 
0 70 136 297 243 13 101 
0 71 64 180 
0 72 48 153 215 45 271 
0 73 107 51 54 
0 74 216 211 
0 75 137 10 82 77 
0 76 258 2 22 263 
0 77 91 
0 78 80 157 269 
0 79 120 128 148 
0 80 4 38 43 268 175 21 92 
0 81 69 72 238 209 243 281 61 
0 82 225 163 295 199 175 195 25 61 
0 83 199 39 
0 84 2 165 134 162 
0 85 134 
0 86 130 139 269 270 82 125 
0 87 267 
0 88 96 219 14 51 22 155 255 
0 89 10 219 155 198 190 
0 90 177 234 299 205 65 
0 91 296 201 13 111 85 215 217 
0 92 208 9 100 182 255 
0 93 289 171 12 239 56 219 
0 94 202 218 191 221 263 
0 95 265 79 163 188 73 
0 96 49 124 69 262 
0 97 145 121 107 22 1 
0 98 115 157 190 
0 99 136 221 46 63 
0 100 49 130 19 186 
0 101 288 251 102 
0 102 196 61 286 
0 104 137 196 79 
0 105 34 264 49 58 125 62 
0 107 208 265 294 150 263 
0 108 73 158 215 
0 109 9 130 180 77 230 
0 110 3 292 262 232 265 173 174 251 28 
0 111 259 137 266 12 172 233 
0 112 196 5 265 49 278 59 254 293 
0 113 192 71 172 117 285 
0 114 165 182 295 
0 115 291 294 167 76 113 210 282 
0 116 0 112 51 220 166 
0 117 134 262 199 267 240 59 125 
0 118 217 19 5 219 
0 119 122 215 
0 120 262 181 230 
0 121 168 240 280 
0 122 72 20 76 175 
0 123 153 180 149 69 127 
0 124 297 282 257 165 21 
0 125 45 111 
0 126 256 162 84 199 
0 127 283 1 152 251 123 
0 128 264 180 252 30 230 
0 129 177 10 204 145 184 255 
0 130 95 
0 131 96 128 299 285 242 125 
0 132 179 63 77 79 275 155 287 
0 133 184 273 50 245 
0 134 64 260 133 298 204 127 
0 135 132 76 242 53 278 56 250 222 
0 136 120 56 170 
0 137 56 233 6 25 
0 138 261 140 157 277 
0 139 251 156 182 
0 140 226 69 74 270 174 214 279 190 
0 141 19 58 290 115 165 
0 142 169 277 
0 143 211 198 
0 144 71 227 44 46 175 
0 145 100 102 262 144 243 196 
0 146 33 291 21 214 151 89 
0 147 182 238 150 149 
0 148 129 66 39 201 43 141 210 56 90 
0 149 97 3 105 109 145 275 41 249 
0 150 48 211 55 
0 151 162 148 93 110 295 
0 152 1 136 111 145 19 276 
0 153 82 251 180 77 95 
0 154 288 4 5 137 55 285 
0 155 226 40 13 213 86 219 
0 156 163 71 168 269 17 250 62 
0 157 240 60 148 
0 158 277 55 
0 159 0 139 4 69 87 
0 160 51 223 166 87 
0 162 199 72 266 239 83 21 93 
0 163 65 235 40 137 203 140 
0 164 226 100 45 
0 165 113 131 141 238 151 
0 166 0 251 221 86 
0 167 89 274 35 118 
0 168 35 139 107 176 148 218 
0 169 178 155 228 54 
0 170 32 34 296 66 51 52 
0 171 130 267 189 102 47 
0 172 266 165 230 
0 173 128 234 290 154 
0 174 11 116 
0 175 82 285 53 
0 176 98 235 244 270 
0 177 169 142 41 
0 178 216 236 116 175 
0 179 89 194 45 285 
0 180 38 198 76 244 215 156 157 
0 181 0 129 231 152 219 188 158 
0 182 33 258 164 231 98 58 30 
0 183 35 7 121 13 149 
0 184 1 258 292 5 146 14 178 20 277 281 
0 185 59 116 150 
0 186 138 92 101 
0 188 264 171 181 101 
0 189 192 202 
0 190 139 173 153 156 29 255 
0 191 4 6 75 272 19 189 
0 192 272 14 
0 194 17 219 68 85 191 
0 195 21 63 
0 196 299 276 126 
0 197 34 40 202 276 118 91 
0 198 33 135 141 147 151 28 61 
0 199 68 175 242 116 53 63 
0 200 201 271 147 59 220 61 
0 201 264 89 47 159 
0 202 144 285 175 
0 203 152 35 269 
0 204 232 78 
0 205 2 99 73 172 144 227 
0 207 144 247 
0 208 195 100 205 15 21 62 
0 209 274 252 102 
0 210 56 154 174 
0 211 144 82 271 
0 213 172 223 
0 214 98 234 7 
0 215 272 162 134 6 
0 216 130 104 74 239 264 19 
0 217 281 146 
0 218 1 290 104 232 211 281 61 
0 219 113 244 141 78 
0 220 137 162 166 
0 221 292 72 264 18 90 60 
0 222 245 140 269 211 183 
0 223 25 82 78 207 
0 224 70 159 
0 225 144 281 189 
0 226 170 250 6 
0 227 232 188 76 228 137 
0 228 169 298 79 154 271 92 157 
0 230 57 73 
0 231 176 297 128 163 93 
0 232 135 
0 233 296 201 66 260 159 
0 234 34 179 294 9 83 241 275 120 153 
0 235 144 147 158 63 
0 236 298 30 
0 237 248 209 218 293 271 
0 238 10 242 262 
0 239 121 202 219 134 25 
0 240 233 114 53 31 
0 241 141 98 29 285 
0 242 227 168 11 112 86 184 60 
0 243 273 290 109 57 
0 244 96 87 55 226 255 
0 245 248 273 196 276 151 
0 247 36 294 80 179 228 218 92 
0 248 265 163 68 231 
0 249 32 0 295 201 151 18 73 
0 250 288 9 298 286 
0 251 25 178 266 
0 252 49 138 55 
0 253 0 35 
0 254 73 46 255 
0 255 65 267 76 15 146 84 151 29 
0 256 56 178 196 237 
0 257 123 195 286 278 183 
0 258 224 228 135 200 265 179 276 191 
0 259 256 35 36 10 46 113 148 277 182 94 
0 260 225 34 66 109 144 183 91 
0 261 256 128 12 238 112 19 118 59 
0 262 270 
0 263 228 46 287 
0 264 283 286 158 
0 265 176 269 166 
0 266 160 132 263 78 243 117 251 
0 267 129 274 101 270 201 
0 268 147 148 159 255 
0 269 60 21 
0 270 120 1 96 
0 271 113 162 116 
0 272 194 199 45 221 273 52 157 
0 273 179 133 54 295 
0 274 9 205 14 24 154 287 
0 275 99 139 124 31 
0 276 131 235 140 237 142 150 
0 277 
0 278 224 228 77 176 113 213 120 217 
0 279 259 263 233 178 55 124 93 159 
0 280 96 
0 281 9 
0 282 240 4 294 
0 283 289 39 233 208 120 287 95 
0 285 68 235 4 
0 286 99 214 
0 287 16 2 213 262 
0 288 224 1 265 192 119 155 29 126 
0 289 261 266 242 83 154 60 127 
0 290 116 164 
0 291 163 10 172 276 213 58 
0 292 1 226 131 72 110 86 155 124 286 
0 293 72 174 121 90 222 223 
0 294 192 163 298 50 18 116 150 92 
0 295 88 11 43 65 
0 296 40 89 11 126 
0 297 64 262 151 
0 298 36 265 44 174 53 217 123 93 
0 299 258 221 269 
900 0 294 6 9 202 236 47 83 255 
900 1 290 227 98 
900 2 192 249 274 35 
900 3 215 101 263 
900 4 298 67 279 
900 5 152 202 15 
900 6 232 158 127 
900 7 256 94 247 
900 8 226 68 43 109 211 20 
900 9 280 109 
900 10 67 228 231 9 269 213 
900 11 144 
900 12 128 226 13 141 16 19 254 
900 13 224 34 293 262 66 47 145 205 156 
900 14 180 299 196 215 
900 15 98 102 108 146 242 243 
900 16 112 75 124 181 79 
900 17 274 7 151 
900 18 112 
900 19 122 51 220 118 222 
900 20 159 13 82 148 278 281 56 249 251 191 
900 21 236 143 
900 22 168 82 
900 23 40 200 55 88 201 
900 24 283 56 251 
900 25 113 242 219 190 
900 28 131 40 46 278 281 283 
900 29 65 228 138 43 4 251 28 223 
900 30 194 228 138 268 66 112 57 286 
900 31 33 262 
900 32 227 181 
900 33 115 240 299 280 
900 34 289 82 179 22 184 121 220 191 
900 35 200 
900 38 
900 40 114 52 74 14 186 
900 41 80 89 214 150 87 
900 43 128 66 237 
900 44 24 249 252 142 287 
900 45 176 209 268 295 
900 46 210 292 
900 47 
900 48 217 79 117 265 
900 49 225 180 119 
900 51 160 258 295 40 210 253 222 
900 52 129 29 
900 53 274 
900 54 248 19 52 29 
900 55 298 
900 56 132 62 94 223 
900 57 7 137 237 173 276 255 
900 58 16 233 192 297 
900 59 265 148 181 
900 60 115 171 
900 62 138 292 29 
900 63 
900 64 58 142 254 
900 65 218 92 250 
900 66 228 134 104 171 172 279 91 
900 67 105 65 279 
900 68 233 148 54 30 279 
900 69 129 91 281 
900 70 136 297 243 13 101 
900 71 64 180 
900 72 48 153 215 45 271 
900 73 107 51 54 
900 74 216 211 
900 75 137 10 82 77 
900 76 258 2 22 263 
900 77 91 
900 79 120 128 148 
900 80 4 38 43 268 175 21 92 
900 82 225 163 295 199 175 195 25 
900 83 199 
900 84 2 165 134 
900 85 134 
900 86 130 139 269 270 82 125 
900 87 267 
900 88 96 14 51 22 219 255 
900 89 10 219 198 190 
900 90 177 234 299 205 65 
900 91 296 201 13 111 85 215 217 
900 92 9 100 182 255 
900 93 289 171 12 239 56 219 
900 94 202 218 191 221 263 
900 95 265 79 163 188 73 
900 96 49 124 69 262 
900 97 145 121 107 22 1 
900 98 115 157 190 
900 99 136 221 46 63 
900 100 49 130 19 186 
900 101 288 251 102 
900 102 196 286 
900 104 137 196 79 
900 105 34 264 49 58 125 62 
900 107 265 294 150 263 
900 108 73 158 215 
900 109 9 130 180 77 230 
900 110 3 292 262 232 265 173 174 251 28 
900 111 259 137 266 12 172 233 
900 112 196 5 265 49 278 59 254 293 
900 113 192 71 172 117 285 
900 114 165 182 295 
900 115 291 294 167 76 113 210 282 
900 116 0 112 51 220 166 
900 117 134 262 199 267 240 59 125 
900 118 217 19 5 219 
900 119 122 215 
900 120 262 181 230 
900 121 168 240 280 
900 122 72 20 76 175 
900 123 153 180 149 69 127 
900 124 297 282 165 21 
900 125 45 111 
900 126 256 84 199 
900 127 283 1 152 251 123 
900 128 264 180 252 30 230 
900 129 177 10 204 145 184 255 
900 130 95 
900 131 96 128 299 285 242 125 
900 132 179 77 79 275 63 287 
900 133 184 273 245 
900 134 64 298 204 133 127 
900 135 132 76 242 53 278 56 250 222 
900 136 120 56 170 
900 137 56 233 6 25 
900 138 261 140 157 277 
900 139 251 156 182 
900 140 226 69 74 270 174 214 279 190 
900 141 19 58 290 115 165 
900 142 169 277 
900 143 211 198 
900 144 71 227 44 46 175 
900 145 100 102 262 144 243 196 
900 146 33 291 21 214 151 89 
900 147 182 238 150 149 
900 148 129 66 201 43 141 210 56 90 
900 149 97 3 105 109 145 275 41 249 
900 150 48 211 55 
900 151 148 93 110 295 
900 152 1 136 111 145 19 276 
900 153 82 251 180 77 95 
900 154 288 4 5 137 55 285 
900 156 163 71 168 269 17 250 62 
900 157 240 60 148 
900 158 277 55 
900 159 0 139 4 69 87 
900 160 51 223 166 87 
900 163 65 235 40 137 203 140 
900 164 226 100 45 
900 165 113 131 141 238 151 
900 166 0 251 221 86 
900 167 89 274 35 118 
900 168 35 139 107 176 148 218 
900 169 178 228 54 
900 170 32 34 296 66 51 52 
900 171 130 267 102 47 
900 172 266 165 230 
900 173 128 234 290 154 
900 174 11 116 
900 175 82 285 53 
900 176 98 235 244 270 
900 177 169 142 41 
900 178 216 236 116 175 
900 179 89 194 45 285 
900 180 38 198 76 244 215 156 157 
900 181 0 129 231 152 219 188 158 
900 182 33 258 164 231 98 58 30 
900 183 35 7 121 13 149 
900 184 1 258 292 5 146 14 178 20 277 281 
900 185 59 116 150 
900 186 138 92 101 
900 188 264 171 181 101 
900 190 139 173 153 156 29 255 
900 191 75 19 4 6 
900 192 14 
900 194 17 219 68 85 191 
900 195 21 63 
900 196 299 276 126 
900 197 34 40 202 276 118 91 
900 198 33 135 141 147 151 28 
900 199 68 175 242 116 53 63 
900 200 220 201 59 147 271 
900 201 264 89 47 159 
900 202 144 285 175 
900 203 152 35 269 
900 204 232 
900 205 2 99 73 172 144 227 
900 209 274 252 102 
900 210 56 154 174 
900 211 144 82 271 
900 213 172 223 
900 214 98 234 7 
900 215 134 6 
900 216 130 104 74 239 264 19 
900 217 281 146 
900 218 1 290 104 232 211 281 
900 219 113 244 141 
900 220 137 166 
900 221 292 72 264 18 90 60 
900 222 245 140 269 211 183 
900 223 25 82 
900 224 70 159 
900 225 144 281 
900 226 170 250 6 
900 227 232 188 76 228 137 
900 228 169 298 79 154 271 92 157 
900 230 57 73 
900 231 176 297 128 163 93 
900 232 135 
900 233 296 201 66 159 
900 234 34 179 294 9 83 241 275 120 153 
900 235 144 147 158 63 
900 236 298 30 
900 237 248 209 218 293 271 
900 238 10 242 262 
900 239 121 202 219 134 25 
900 240 233 114 53 31 
900 241 141 98 29 285 
900 242 227 168 11 112 86 184 60 
900 243 273 290 109 57 
900 244 96 87 55 226 255 
900 245 248 273 196 276 151 
900 247 228 294 80 179 218 92 
900 248 265 163 68 231 
900 249 32 0 295 201 151 18 73 
900 250 288 9 298 286 
900 251 25 178 266 
900 252 49 138 55 
900 253 0 35 
900 254 73 46 255 
900 255 65 267 76 15 146 84 151 29 
900 256 56 178 196 237 
900 258 224 228 135 200 265 179 276 191 
900 259 256 35 10 46 113 148 277 182 94 
900 261 256 128 12 238 112 19 118 59 
900 262 270 
900 263 228 46 287 
900 264 283 286 158 
900 265 176 269 166 
900 266 160 132 263 243 117 251 
900 267 129 274 101 270 201 
900 268 147 148 159 255 
900 269 60 21 
900 270 120 1 96 
900 271 113 116 
900 273 179 133 54 295 
900 274 9 205 14 24 154 287 
900 275 99 139 124 31 
900 276 131 235 140 237 142 150 
900 277 
900 278 224 228 77 176 113 213 120 217 
900 279 259 263 233 178 55 124 93 159 
900 280 96 
900 281 9 
900 282 240 4 294 
900 283 120 233 287 289 95 
900 285 68 235 4 
900 286 99 214 
900 287 16 2 213 262 
900 288 224 1 265 192 119 29 126 
900 289 261 266 242 83 154 60 127 
900 290 116 164 
900 291 163 10 172 276 213 58 
900 292 1 226 131 72 110 86 124 286 
900 293 72 174 121 90 222 223 
900 294 192 163 298 18 116 150 92 
900 295 88 11 43 65 
900 296 40 89 11 126 
900 297 64 262 151 
900 298 265 44 174 53 217 123 93 
900 299 258 221 269 
1800 0 294 6 9 202 236 47 83 255 
1800 1 290 98 
1800 2 192 274 35 
1800 3 215 101 263 
1800 4 298 67 279 
1800 5 152 202 15 
1800 6 232 158 127 
1800 7 256 94 247 
1800 8 226 68 43 109 211 20 
1800 9 280 109 
1800 10 67 228 231 9 269 213 
1800 11 144 
1800 12 128 226 13 141 16 19 254 
1800 13 224 34 293 66 47 145 205 156 
1800 14 180 196 215 
1800 15 242 98 108 146 243 
1800 16 112 75 124 181 79 
1800 17 274 7 151 
1800 18 112 
1800 19 122 51 220 118 222 
1800 20 159 13 82 148 278 56 281 251 191 
1800 21 236 143 
1800 22 168 82 
1800 23 40 200 55 88 201 
1800 24 283 56 251 
1800 25 113 242 219 190 
1800 28 131 40 46 278 281 283 
1800 29 65 228 138 43 4 251 28 223 
1800 30 194 228 138 268 66 112 57 286 
1800 32 181 
1800 33 240 280 115 
1800 34 289 82 179 22 184 121 220 191 
1800 35 200 
1800 38 
1800 40 114 52 74 14 186 
1800 41 150 87 
1800 43 128 66 237 
1800 44 24 252 142 287 
1800 45 176 209 268 295 
1800 46 210 292 
1800 47 
1800 48 265 117 79 
1800 49 180 119 
1800 51 160 258 295 40 210 253 222 
1800 52 129 29 
1800 53 274 
1800 54 248 19 52 29 
1800 55 298 
1800 56 132 62 94 223 
1800 57 237 137 7 173 255 
1800 58 16 233 192 297 
1800 59 265 148 181 
1800 60 115 171 
1800 62 138 292 29 
1800 63 
1800 64 58 142 254 
1800 65 218 92 250 
1800 66 228 134 104 171 172 279 91 
1800 67 105 65 279 
1800 68 233 148 54 30 279 
1800 69 129 91 281 
1800 70 136 297 243 13 101 
1800 71 64 180 
1800 72 48 153 215 45 271 
1800 73 107 51 54 
1800 74 216 211 
1800 75 137 10 82 77 
1800 76 258 2 22 263 
1800 77 91 
1800 79 120 128 148 
1800 82 163 295 199 175 195 25 
1800 83 199 
1800 84 2 165 134 
1800 85 134 
1800 86 130 139 269 270 82 125 
1800 87 267 
1800 88 96 14 51 22 219 255 
1800 90 177 234 205 65 
1800 91 296 201 13 111 85 215 
1800 92 9 100 182 255 
1800 93 289 171 12 239 56 219 
1800 94 218 191 202 263 
1800 95 265 79 163 188 73 
1800 96 49 124 69 
1800 97 145 121 107 22 1 
1800 98 115 157 190 
1800 99 136 46 63 
1800 100 49 130 19 186 
1800 101 288 251 
1800 104 137 196 79 
1800 105 34 264 49 58 125 62 
1800 107 265 294 150 263 
1800 108 73 158 215 
1800 109 9 130 180 77 230 
1800 110 3 292 232 265 173 174 251 28 
1800 111 259 137 266 12 172 233 
1800 112 196 5 265 49 278 59 254 293 
1800 113 192 71 172 117 285 
1800 114 165 182 295 
1800 115 291 294 167 76 113 210 282 
1800 116 0 112 51 220 166 
1800 117 134 199 267 240 59 125 
1800 118 19 5 219 
1800 119 122 215 
1800 120 181 230 
1800 121 168 240 280 
1800 122 72 20 76 175 
1800 124 297 282 165 21 
1800 125 45 111 
1800 126 256 84 199 
1800 127 283 1 152 251 
1800 128 264 180 252 30 230 
1800 129 177 10 204 145 184 255 
1800 130 95 
1800 131 128 96 242 125 285 
1800 132 179 77 79 275 63 287 
1800 133 184 273 245 
1800 134 64 298 204 133 127 
1800 135 132 76 242 53 278 56 250 222 
1800 136 120 56 170 
1800 137 56 233 6 25 
1800 138 261 140 157 277 
1800 139 251 156 182 
1800 140 226 69 74 270 174 279 190 
1800 141 19 58 290 115 165 
1800 142 169 277 
1800 143 211 198 
1800 144 71 44 46 175 
1800 145 144 100 243 196 
1800 146 33 291 21 151 
1800 147 182 238 150 149 
1800 148 129 66 201 43 141 210 56 90 
1800 149 97 3 105 109 145 275 41 
1800 150 48 211 55 
1800 151 148 93 110 295 
1800 152 145 1 136 19 111 
1800 153 82 251 180 77 95 
1800 154 288 4 5 137 55 285 
1800 156 163 71 168 269 17 250 62 
1800 157 240 60 148 
1800 158 277 55 
1800 159 0 139 4 69 87 
1800 160 51 223 166 87 
1800 163 65 235 40 137 203 140 
1800 164 226 100 45 
1800 165 113 131 141 238 151 
1800 166 0 251 86 
1800 167 274 35 118 
1800 168 35 139 107 176 148 218 
1800 169 178 228 54 
1800 170 32 34 296 66 51 52 
1800 171 130 267 47 
1800 172 266 165 230 
1800 173 128 234 290 154 
1800 174 11 116 
1800 175 82 285 53 
1800 176 98 235 244 270 
1800 177 169 142 41 
1800 178 216 236 116 175 
1800 179 194 45 285 
1800 180 38 198 76 244 215 156 157 
1800 181 0 129 231 152 219 188 158 
1800 182 33 258 164 231 98 58 30 
1800 183 35 7 121 13 149 
1800 184 1 258 292 5 146 14 178 20 277 281 
1800 185 59 116 150 
1800 186 138 92 101 
1800 188 264 171 181 101 
1800 190 139 173 153 156 29 255 
1800 191 75 19 4 6 
1800 192 14 
1800 194 17 219 68 85 191 
1800 195 21 63 
1800 196 126 
1800 197 40 34 91 202 118 
1800 198 33 135 141 147 151 28 
1800 199 68 175 242 116 53 63 
1800 200 220 201 59 147 271 
1800 201 264 47 159 
1800 202 144 285 175 
1800 203 152 35 269 
1800 204 232 
1800 205 144 73 2 99 172 
1800 209 274 252 
1800 210 56 154 174 
1800 211 144 82 271 
1800 213 172 223 
1800 215 134 6 
1800 216 130 104 74 239 264 19 
1800 218 1 290 104 232 211 281 
1800 219 113 244 141 
1800 220 137 166 
1800 222 245 140 269 211 183 
1800 223 25 82 
1800 224 70 159 
1800 226 170 250 6 
1800 228 169 298 79 154 271 92 157 
1800 230 57 73 
1800 231 176 297 128 163 93 
1800 232 135 
1800 233 296 201 66 159 
1800 234 34 179 294 9 83 241 275 120 153 
1800 235 144 147 158 63 
1800 236 298 30 
1800 237 248 209 218 293 271 
1800 238 10 242 
1800 239 121 202 219 134 25 
1800 240 233 114 53 
1800 241 141 98 29 285 
1800 242 168 11 112 86 184 60 
1800 243 273 290 109 57 
1800 244 96 87 55 226 255 
1800 245 248 273 196 151 
1800 247 228 218 179 92 294 
1800 248 265 163 68 231 
1800 250 288 9 298 286 
1800 251 25 178 266 
1800 252 49 138 55 
1800 253 0 35 
1800 254 73 46 255 
1800 255 65 267 76 15 146 84 151 29 
1800 256 56 178 196 237 
1800 258 224 228 135 200 265 179 191 
1800 259 256 35 10 46 113 148 277 182 94 
1800 261 256 128 12 238 112 19 118 59 
1800 263 228 46 287 
1800 264 283 286 158 
1800 265 176 269 166 
1800 266 160 132 263 243 117 251 
1800 267 129 274 101 270 201 
1800 268 147 148 159 255 
1800 269 60 21 
1800 270 120 1 96 
1800 271 113 116 
1800 273 179 133 54 295 
1800 274 9 205 14 24 154 287 
1800 275 99 124 139 
1800 277 
1800 278 224 228 77 176 113 213 120 
1800 279 259 263 233 178 55 124 93 159 
1800 280 96 
1800 281 9 
1800 282 240 4 294 
1800 283 120 233 287 289 95 
1800 285 68 235 4 
1800 286 99 
1800 287 16 2 213 
1800 288 224 1 265 192 119 29 126 
1800 289 261 266 242 83 154 60 127 
1800 290 116 164 
1800 291 10 163 172 58 213 
1800 292 1 226 131 72 110 86 124 286 
1800 293 72 174 121 90 222 223 
1800 294 192 163 298 18 116 150 92 
1800 295 88 11 43 65 
1800 296 40 11 126 
1800 297 64 151 
1800 298 265 44 93 174 53 
2700 0 6 9 202 236 47 83 255 
2700 1 290 98 
2700 2 192 274 
2700 3 101 263 
2700 4 298 67 279 
2700 5 152 202 15 
2700 6 158 127 
2700 7 256 94 
2700 8 226 68 43 109 211 20 
2700 9 280 109 
2700 10 67 228 231 9 269 213 
2700 11 144 
2700 12 128 226 13 141 16 19 254 
2700 13 224 66 293 205 47 145 156 
2700 14 180 196 
2700 15 146 243 108 98 
2700 16 112 75 124 181 79 
2700 17 274 7 151 
2700 18 112 
2700 19 122 51 220 222 
2700 20 159 13 82 148 278 56 281 251 191 
2700 21 236 143 
2700 22 168 82 
2700 23 40 200 55 88 201 
2700 24 56 251 
2700 25 113 219 190 
2700 28 40 281 131 46 278 
2700 29 65 228 138 43 4 251 28 223 
2700 30 194 228 138 268 66 112 57 286 
2700 32 181 
2700 33 240 280 115 
2700 38 
2700 40 114 52 74 14 186 
2700 41 150 87 
2700 43 128 66 237 
2700 44 24 252 142 287 
2700 45 176 209 268 295 
2700 46 210 292 
2700 47 
2700 48 265 117 79 
2700 49 180 119 
2700 51 160 258 295 40 210 253 222 
2700 52 129 29 
2700 53 274 
2700 54 248 19 52 29 
2700 55 298 
2700 56 132 62 94 223 
2700 57 237 137 7 173 255 
2700 58 16 233 192 297 
2700 59 265 148 181 
2700 60 115 171 
2700 62 138 292 29 
2700 63 
2700 64 58 142 254 
2700 65 218 92 250 
2700 66 228 134 104 171 172 279 91 
2700 67 105 65 279 
2700 68 233 148 54 30 279 
2700 69 129 91 281 
2700 70 136 297 243 13 101 
2700 71 64 180 
2700 72 48 153 45 271 
2700 73 107 51 54 
2700 74 216 211 
2700 75 137 10 82 77 
2700 76 258 2 22 263 
2700 77 91 
2700 79 120 128 148 
2700 82 163 295 199 175 195 25 
2700 83 199 
2700 84 2 165 134 
2700 85 134 
2700 86 130 139 269 270 82 125 
2700 87 267 
2700 88 96 14 51 22 219 255 
2700 90 177 234 205 65 
2700 91 296 201 13 85 111 
2700 92 9 100 182 255 
2700 93 56 171 12 219 239 
2700 94 218 191 202 263 
2700 95 265 79 163 188 73 
2700 96 49 124 69 
2700 97 145 121 107 22 1 
2700 98 115 157 190 
2700 99 136 46 63 
2700 100 49 130 19 186 
2700 101 288 251 
2700 104 137 196 79 
2700 105 264 49 58 125 62 
2700 107 265 150 263 
2700 108 73 158 
2700 109 9 130 180 77 230 
2700 110 3 292 265 173 174 251 28 
2700 111 259 137 266 12 172 233 
2700 112 196 5 265 49 278 59 254 293 
2700 113 192 71 172 117 285 
2700 114 165 182 295 
2700 115 291 167 76 113 210 282 
2700 116 0 112 51 220 166 
2700 117 134 199 267 240 59 125 
2700 119 122 
2700 120 181 230 
2700 121 168 240 280 
2700 122 72 20 76 175 
2700 124 297 282 165 21 
2700 125 45 111 
2700 126 256 84 199 
2700 127 152 1 251 
2700 128 264 180 252 30 230 
2700 129 184 145 10 177 255 
2700 130 95 
2700 131 128 96 125 285 
2700 132 63 79 179 77 287 
2700 134 64 298 127 
2700 136 120 56 170 
2700 137 56 233 6 25 
2700 138 261 140 157 277 
2700 139 251 156 182 
2700 140 226 69 74 270 174 279 190 
2700 141 19 58 290 115 165 
2700 142 169 277 
2700 143 211 198 
2700 144 71 44 46 175 
2700 145 144 100 243 196 
2700 146 33 291 21 151 
2700 147 182 238 150 149 
2700 148 129 66 201 43 141 210 56 90 
2700 149 97 3 105 109 145 41 
2700 150 48 211 55 
2700 151 148 93 110 295 
2700 152 145 1 136 19 111 
2700 153 82 251 180 77 95 
2700 154 288 4 5 137 55 285 
2700 156 163 71 168 269 17 250 62 
2700 157 240 60 148 
2700 158 277 55 
2700 159 0 139 4 69 87 
2700 160 51 223 166 87 
2700 163 65 235 40 137 203 140 
2700 164 226 100 45 
2700 165 113 131 141 238 151 
2700 166 0 251 86 
2700 167 274 
2700 168 176 107 218 139 148 
2700 169 178 228 54 
2700 170 296 32 66 51 52 
2700 171 130 267 47 
2700 172 266 165 230 
2700 173 128 234 290 154 
2700 174 11 116 
2700 175 82 285 53 
2700 176 98 235 244 270 
2700 177 169 142 41 
2700 178 216 236 116 175 
2700 179 194 45 285 
2700 180 38 198 76 244 156 157 
2700 181 0 129 231 152 219 188 158 
2700 182 33 258 164 231 98 58 30 
2700 183 121 7 13 149 
2700 184 1 258 292 5 146 14 178 20 277 281 
2700 185 59 116 150 
2700 186 138 92 101 
2700 188 264 171 181 101 
2700 190 139 173 153 156 29 255 
2700 191 75 19 4 6 
2700 192 14 
2700 194 17 219 68 85 191 
2700 195 21 63 
2700 196 126 
2700 197 40 202 91 
2700 198 33 147 28 141 151 
2700 199 68 63 116 53 175 
2700 200 220 201 59 147 271 
2700 201 264 47 159 
2700 202 144 285 175 
2700 203 152 269 
2700 205 144 73 2 99 172 
2700 209 274 252 
2700 210 56 154 174 
2700 211 144 82 271 
2700 213 172 223 
2700 216 130 104 74 239 264 19 
2700 218 104 1 290 211 281 
2700 219 113 244 141 
2700 220 137 166 
2700 222 245 140 269 211 183 
2700 223 25 82 
2700 224 70 159 
2700 226 170 250 6 
2700 228 169 298 79 154 271 92 157 
2700 230 57 73 
2700 231 176 297 128 163 93 
2700 233 296 201 66 159 
2700 234 179 9 241 83 120 153 
2700 235 144 147 158 63 
2700 236 298 30 
2700 237 248 209 218 293 271 
2700 238 10 
2700 239 121 202 219 134 25 
2700 240 233 114 53 
2700 241 141 98 29 285 
2700 243 273 290 109 57 
2700 244 96 87 55 226 255 
2700 245 248 273 196 151 
2700 248 265 163 68 231 
2700 250 288 9 298 286 
2700 251 25 178 266 
2700 252 49 138 55 
2700 253 0 
2700 254 73 46 255 
2700 255 65 267 76 15 146 84 151 29 
2700 256 56 178 196 237 
2700 258 224 228 200 265 179 191 
2700 259 256 10 46 113 148 277 182 94 
2700 261 256 128 12 238 112 19 59 
2700 263 228 46 287 
2700 264 286 158 
2700 265 176 269 166 
2700 266 160 132 263 243 117 251 
2700 267 129 274 101 270 201 
2700 268 147 148 159 255 
2700 269 60 21 
2700 270 120 1 96 
2700 271 113 116 
2700 273 179 54 295 
2700 274 9 205 14 24 154 287 
2700 277 
2700 278 224 228 77 176 113 213 120 
2700 279 259 263 233 178 55 124 93 159 
2700 280 96 
2700 281 9 
2700 282 240 4 
2700 285 68 235 4 
2700 286 99 
2700 287 16 2 213 
2700 288 224 1 265 192 119 29 126 
2700 290 116 164 
2700 291 10 163 172 58 213 
2700 292 1 226 131 72 110 86 124 286 
2700 293 72 174 121 90 222 223 
2700 295 88 11 43 65 
2700 296 40 11 126 
2700 297 64 151 
2700 298 265 44 93 174 53 
3600 0 6 9 202 236 47 83 255 
3600 1 290 98 
3600 2 192 274 
3600 3 101 263 
3600 4 298 67 
3600 5 152 202 15 
3600 6 127 
3600 7 256 94 
3600 8 20 43 68 109 211 
3600 9 280 109 
3600 10 67 228 231 9 269 213 
3600 11 144 
3600 12 128 13 141 16 19 254 
3600 13 224 66 293 205 47 145 156 
3600 14 180 196 
3600 15 146 243 108 98 
3600 16 112 75 124 181 79 
3600 17 274 7 151 
3600 18 112 
3600 19 122 51 220 222 
3600 20 159 13 82 148 278 56 281 251 191 
3600 21 236 143 
3600 22 82 
3600 23 40 200 55 88 201 
3600 24 56 251 
3600 25 113 219 190 
3600 28 40 281 131 46 278 
3600 29 65 228 138 43 4 251 28 223 
3600 30 194 228 138 268 66 112 57 286 
3600 32 181 
3600 33 240 280 115 
3600 38 
3600 40 114 52 74 14 186 
3600 41 150 87 
3600 43 128 66 237 
3600 44 24 252 142 287 
3600 45 176 209 268 295 
3600 46 210 292 
3600 47 
3600 48 265 79 
3600 49 180 119 
3600 51 160 295 40 210 253 222 
3600 52 129 29 
3600 53 274 
3600 54 248 19 52 29 
3600 55 298 
3600 56 132 62 94 223 
3600 57 237 137 7 173 255 
3600 58 16 233 192 297 
3600 59 265 148 181 
3600 60 115 171 
3600 62 138 292 29 
3600 63 
3600 64 58 142 254 
3600 65 218 92 250 
3600 66 228 134 104 171 172 91 
3600 67 105 65 
3600 68 233 148 54 30 
3600 70 136 297 243 13 101 
3600 71 64 180 
3600 72 48 45 271 
3600 73 107 51 54 
3600 74 216 211 
3600 75 137 10 82 77 
3600 76 2 22 263 
3600 77 91 
3600 79 120 128 148 
3600 82 163 295 199 175 195 25 
3600 83 199 
3600 84 2 165 134 
3600 85 134 
3600 86 82 139 125 270 269 
3600 87 
3600 88 96 14 51 22 219 255 
3600 90 65 234 205 
3600 91 296 201 13 85 111 
3600 92 9 100 182 255 
3600 93 56 171 12 219 
3600 94 218 191 202 263 
3600 95 265 79 163 188 73 
3600 96 49 124 
3600 97 145 121 107 22 1 
3600 98 115 157 190 
3600 99 136 46 63 
3600 100 49 186 19 
3600 101 288 251 
3600 104 137 196 79 
3600 105 264 49 58 125 62 
3600 107 265 150 263 
3600 108 73 
3600 109 9 180 77 230 
3600 110 3 292 265 173 174 251 28 
3600 111 259 137 266 12 172 233 
3600 112 196 5 265 49 278 59 254 293 
3600 113 192 172 285 71 
3600 114 165 182 295 
3600 115 113 210 291 76 282 
3600 116 0 112 51 220 
3600 119 122 
3600 120 181 230 
3600 121 240 280 
3600 122 72 20 76 175 
3600 124 297 282 165 21 
3600 125 45 111 
3600 126 256 84 199 
3600 127 152 1 251 
3600 128 264 180 252 30 230 
3600 129 184 145 10 255 
3600 131 128 96 125 285 
3600 132 63 79 179 77 287 
3600 134 64 298 127 
3600 136 120 56 170 
3600 137 56 233 6 25 
3600 138 261 140 157 277 
3600 139 251 156 182 
3600 140 74 270 174 190 
3600 141 19 58 290 115 165 
3600 142 169 277 
3600 143 211 198 
3600 144 71 44 46 175 
3600 145 144 100 243 196 
3600 146 33 291 21 151 
3600 147 182 238 150 149 
3600 148 129 66 201 43 141 210 56 90 
3600 149 97 3 105 109 145 41 
3600 150 48 211 55 
3600 151 148 93 110 295 
3600 152 145 1 136 19 111 
3600 154 288 4 5 137 55 285 
3600 156 163 71 269 17 250 62 
3600 157 240 60 148 
3600 159 0 139 4 87 
3600 160 51 223 87 
3600 163 65 235 40 137 203 140 
3600 164 100 45 
3600 165 113 131 141 238 151 
3600 169 178 228 54 
3600 170 296 32 66 51 52 
3600 171 47 
3600 172 266 165 230 
3600 173 128 234 290 154 
3600 174 11 116 
3600 175 82 285 53 
3600 176 98 235 244 270 
3600 178 216 236 116 175 
3600 179 194 45 285 
3600 180 38 198 76 244 156 157 
3600 181 0 129 231 152 219 188 
3600 182 33 98 164 231 58 30 
3600 183 121 7 13 149 
3600 184 1 292 5 146 14 178 20 277 281 
3600 185 59 116 150 
3600 186 138 92 101 
3600 188 264 171 181 101 
3600 190 29 139 156 173 255 
3600 191 75 19 4 6 
3600 192 14 
3600 194 17 219 68 85 191 
3600 195 21 63 
3600 196 126 
3600 197 40 202 91 
3600 198 33 147 28 141 151 
3600 199 68 63 116 53 175 
3600 200 220 201 59 147 271 
3600 201 264 47 159 
3600 202 144 285 175 
3600 203 152 269 
3600 205 144 73 2 99 172 
3600 209 274 252 
3600 210 56 154 174 
3600 211 144 82 271 
3600 213 172 223 
3600 216 104 264 74 19 
3600 218 104 1 290 211 281 
3600 219 113 244 141 
3600 220 137 
3600 222 245 140 269 211 183 
3600 223 25 82 
3600 224 70 159 
3600 228 169 298 79 154 271 92 157 
3600 230 57 73 
3600 231 176 297 128 163 93 
3600 233 296 201 66 159 
3600 234 120 241 83 179 9 
3600 235 144 147 63 
3600 236 298 30 
3600 237 248 209 218 293 271 
3600 238 10 
3600 240 233 114 53 
3600 241 141 98 29 285 
3600 243 273 290 109 57 
3600 244 96 87 55 255 
3600 245 248 273 196 151 
3600 248 265 163 68 231 
3600 250 288 9 298 286 
3600 251 25 178 266 
3600 252 49 138 55 
3600 253 0 
3600 254 73 46 255 
3600 255 65 76 15 146 84 151 29 
3600 256 56 178 196 237 
3600 259 256 10 46 113 148 277 182 94 
3600 261 256 128 12 238 112 19 59 
3600 263 228 46 287 
3600 264 286 
3600 265 176 269 
3600 266 160 251 132 243 263 
3600 268 147 148 159 255 
3600 269 60 21 
3600 270 120 1 96 
3600 271 113 116 
3600 273 179 54 295 
3600 274 9 205 14 24 154 287 
3600 277 
3600 278 224 228 77 176 113 213 120 
3600 280 96 
3600 281 9 
3600 282 240 4 
3600 285 68 235 4 
3600 286 99 
3600 287 16 2 213 
3600 288 224 1 265 192 119 29 126 
3600 290 116 164 
3600 291 10 163 172 58 213 
3600 292 1 131 72 110 86 124 286 
3600 293 72 174 121 90 222 223 
3600 295 88 11 43 65 
3600 296 40 11 126 
3600 297 64 151 
3600 298 265 44 93 174 53 
4500 0 6 9 202 236 47 83 255 
4500 1 290 98 
4500 2 192 274 
4500 3 101 263 
4500 4 298 
4500 5 152 202 15 
4500 6 127 
4500 7 256 94 
4500 8 20 43 68 109 211 
4500 9 280 109 
4500 10 228 9 269 213 231 
4500 11 144 
4500 12 128 13 141 16 19 254 
4500 13 224 293 205 47 145 156 
4500 14 180 196 
4500 15 146 243 108 98 
4500 16 112 75 124 181 79 
4500 17 274 7 151 
4500 18 112 
4500 19 122 51 220 222 
4500 20 159 13 148 278 56 281 251 191 
4500 21 236 143 
4500 22 
4500 23 40 200 55 88 201 
4500 24 56 251 
4500 25 113 219 
4500 28 40 281 131 46 278 
4500 30 194 228 138 268 112 57 286 
4500 32 181 
4500 38 
4500 40 114 52 186 14 
4500 41 150 87 
4500 43 128 237 
4500 44 24 252 142 287 
4500 45 176 209 268 295 
4500 46 210 292 
4500 47 
4500 48 265 79 
4500 49 180 119 
4500 51 160 295 40 210 253 222 
4500 52 
4500 53 274 
4500 54 248 19 52 
4500 55 298 
4500 56 132 94 223 
4500 57 137 7 237 255 
4500 58 16 233 192 297 
4500 59 265 148 181 
4500 60 115 171 
4500 63 
4500 64 58 142 254 
4500 65 218 92 250 
4500 68 233 148 54 30 
4500 70 136 297 243 13 101 
4500 71 64 180 
4500 72 48 45 271 
4500 73 107 51 54 
4500 75 137 10 77 
4500 77 91 
4500 79 120 128 148 
4500 83 199 
4500 85 134 
4500 86 139 125 270 269 
4500 87 
4500 88 96 14 51 22 219 255 
4500 90 65 234 205 
4500 91 296 201 85 13 
4500 92 9 100 182 255 
4500 94 218 191 202 263 
4500 95 265 79 163 188 73 
4500 96 49 124 
4500 97 145 121 107 22 1 
4500 98 115 157 
4500 99 136 46 63 
4500 100 49 186 19 
4500 101 288 251 
4500 104 137 196 79 
4500 105 264 49 58 125 
4500 107 265 150 263 
4500 108 73 
4500 109 9 180 77 230 
4500 110 3 292 265 174 251 28 
4500 112 196 5 265 49 278 59 254 293 
4500 113 192 172 285 71 
4500 114 165 182 295 
4500 115 113 210 291 282 
4500 116 0 112 51 220 
4500 119 122 
4500 120 181 230 
4500 121 240 280 
4500 122 72 20 175 
4500 124 297 282 165 21 
4500 125 45 
4500 126 256 199 
4500 127 152 1 251 
4500 128 264 180 252 30 230 
4500 131 128 96 125 285 
4500 132 63 79 179 77 287 
4500 134 64 298 127 
4500 136 120 56 170 
4500 137 56 233 6 25 
4500 138 261 140 157 277 
4500 139 251 156 182 
4500 140 270 174 
4500 141 19 58 290 115 165 
4500 142 169 277 
4500 143 211 198 
4500 144 71 44 46 175 
4500 145 144 100 243 196 
4500 146 291 21 151 
4500 147 182 238 150 149 
4500 148 201 43 141 210 56 90 
4500 149 97 3 105 109 145 41 
4500 150 48 211 55 
4500 151 148 110 295 
4500 152 136 145 19 1 
4500 154 288 4 5 137 55 285 
4500 156 17 250 163 269 71 
4500 157 240 60 148 
4500 159 0 139 4 87 
4500 160 51 223 87 
4500 163 65 235 40 137 203 140 
4500 164 100 45 
4500 165 113 131 141 238 151 
4500 169 178 228 54 
4500 170 32 296 51 52 
4500 171 47 
4500 172 266 165 230 
4500 174 11 116 
4500 175 285 53 
4500 176 98 235 244 270 
4500 178 216 236 116 175 
4500 179 194 45 285 
4500 180 156 244 38 198 157 
4500 181 152 0 219 188 231 
4500 182 98 164 58 30 231 
4500 183 121 7 13 149 
4500 184 1 292 5 146 14 178 20 277 281 
4500 185 59 116 150 
4500 186 138 92 101 
4500 188 264 171 181 101 
4500 191 75 19 4 6 
4500 192 14 
4500 194 17 219 68 85 191 
4500 195 21 63 
4500 196 126 
4500 197 40 202 91 
4500 198 147 28 141 151 
4500 199 68 63 116 53 175 
4500 200 220 201 59 147 271 
4500 201 264 47 159 
4500 202 144 285 175 
4500 203 152 269 
4500 205 144 73 2 99 172 
4500 209 274 252 
4500 210 56 154 174 
4500 211 144 271 
4500 213 172 223 
4500 216 104 264 19 
4500 218 104 1 290 211 281 
4500 219 113 244 141 
4500 220 137 
4500 222 245 140 269 211 183 
4500 223 25 
4500 224 70 159 
4500 228 169 298 79 154 271 92 157 
4500 230 57 73 
4500 231 176 297 128 163 
4500 233 296 201 159 
4500 234 120 241 83 179 9 
4500 235 144 147 63 
4500 236 298 30 
4500 237 248 209 218 293 271 
4500 238 10 
4500 240 233 114 53 
4500 241 98 141 285 
4500 243 273 290 109 57 
4500 244 96 87 55 255 
4500 245 248 273 196 151 
4500 248 265 163 68 231 
4500 250 288 9 298 286 
4500 251 25 178 266 
4500 252 49 138 55 
4500 253 0 
4500 254 73 46 255 
4500 255 65 146 15 151 
4500 256 56 178 196 237 
4500 259 256 10 46 113 148 277 182 94 
4500 261 256 128 12 238 112 19 59 
4500 263 228 46 287 
4500 264 286 
4500 265 176 269 
4500 266 160 251 132 243 263 
4500 268 147 148 159 255 
4500 269 60 21 
4500 270 120 1 96 
4500 271 113 116 
4500 273 179 54 295 
4500 274 9 205 14 24 154 287 
4500 277 
4500 278 224 228 77 176 113 213 120 
4500 280 96 
4500 281 9 
4500 282 240 4 
4500 285 68 235 4 
4500 286 99 
4500 287 16 2 213 
4500 288 224 1 265 192 119 126 
4500 290 116 164 
4500 291 10 163 172 58 213 
4500 292 1 131 72 110 86 124 286 
4500 293 72 174 121 90 222 223 
4500 295 88 11 43 65 
4500 296 40 11 126 
4500 297 64 151 
4500 298 265 44 53 174 
5400 0 6 9 202 236 83 255 
5400 1 290 98 
5400 2 192 274 
5400 3 101 263 
5400 4 
5400 5 152 202 15 
5400 6 127 
5400 7 256 94 
5400 8 20 43 68 109 211 
5400 9 280 109 
5400 10 228 9 269 213 231 
5400 11 144 
5400 12 16 19 13 254 141 
5400 13 224 145 156 293 205 
5400 14 180 196 
5400 15 146 243 108 98 
5400 16 112 75 124 181 79 
5400 17 274 7 151 
5400 18 112 
5400 19 122 220 222 
5400 20 191 13 148 56 281 251 159 
5400 21 236 143 
5400 22 
5400 23 40 200 55 88 201 
5400 24 56 251 
5400 25 113 219 
5400 28 40 281 131 46 
5400 30 194 228 138 268 112 57 286 
5400 32 181 
5400 38 
5400 40 114 52 186 14 
5400 41 150 87 
5400 43 237 
5400 44 24 252 287 
5400 45 176 209 268 295 
5400 46 210 292 
5400 49 180 119 
5400 52 
5400 53 274 
5400 54 248 19 52 
5400 55 
5400 56 132 94 223 
5400 57 137 7 237 255 
5400 58 16 233 192 
5400 59 265 148 181 
5400 60 115 171 
5400 63 
5400 64 58 254 
5400 65 218 92 250 
5400 68 233 148 54 30 
5400 70 136 243 13 101 
5400 71 64 180 
5400 72 45 271 
5400 73 107 54 
5400 75 137 10 77 
5400 77 91 
5400 79 120 148 
5400 83 199 
5400 85 134 
5400 86 269 270 
5400 87 
5400 88 96 219 14 22 255 
5400 90 65 234 205 
5400 91 296 201 85 13 
5400 92 9 100 182 255 
5400 94 218 191 202 263 
5400 95 265 79 163 73 
5400 96 49 124 
5400 97 145 121 107 22 1 
5400 98 115 157 
5400 99 136 46 63 
5400 100 49 186 19 
5400 101 288 251 
5400 104 137 196 79 
5400 105 264 49 58 
5400 107 265 150 263 
5400 108 73 
5400 109 9 180 77 230 
5400 110 3 292 265 174 251 28 
5400 112 196 5 265 49 59 254 293 
5400 113 192 172 285 71 
5400 114 165 182 295 
5400 115 113 210 291 282 
5400 116 0 112 220 
5400 119 122 
5400 120 181 230 
5400 121 240 280 
5400 122 72 20 175 
5400 124 282 165 21 
5400 126 256 199 
5400 127 152 1 251 
5400 131 96 285 
5400 132 63 79 179 77 287 
5400 134 64 127 
5400 136 120 56 170 
5400 137 56 233 6 25 
5400 138 261 140 157 277 
5400 140 270 174 
5400 141 19 58 290 115 165 
5400 143 211 
5400 144 71 44 46 175 
5400 145 144 100 243 196 
5400 146 291 21 151 
5400 147 182 238 150 149 
5400 148 201 43 141 210 56 90 
5400 149 97 3 105 109 145 41 
5400 150 211 55 
5400 151 148 110 295 
5400 152 136 145 19 1 
5400 156 17 250 163 269 71 
5400 157 240 60 148 
5400 159 0 4 87 
5400 160 223 87 
5400 163 65 235 40 137 203 140 
5400 164 100 45 
5400 165 113 131 141 238 151 
5400 169 178 228 54 
5400 170 32 296 52 
5400 171 
5400 172 266 165 230 
5400 174 11 116 
5400 175 285 53 
5400 176 98 235 244 270 
5400 178 216 236 116 175 
5400 179 194 45 285 
5400 180 156 244 157 38 
5400 181 152 0 219 231 
5400 182 98 164 58 30 231 
5400 183 121 7 13 149 
5400 184 1 292 5 146 14 178 20 277 281 
5400 186 138 92 101 
5400 191 75 19 4 6 
5400 192 14 
5400 194 17 219 68 85 191 
5400 195 21 63 
5400 196 126 
5400 197 40 202 91 
5400 199 68 63 116 53 175 
5400 200 220 201 59 147 271 
5400 201 264 159 
5400 202 144 285 175 
5400 203 152 269 
5400 205 144 73 2 99 172 
5400 209 274 252 
5400 210 56 174 
5400 211 144 271 
5400 213 172 223 
5400 216 104 264 19 
5400 218 104 1 290 211 281 
5400 219 113 244 141 
5400 220 137 
5400 222 245 140 269 211 183 
5400 223 25 
5400 224 70 159 
5400 228 169 79 92 157 271 
5400 230 57 73 
5400 231 176 163 
5400 233 296 201 159 
5400 234 120 241 83 179 9 
5400 235 144 147 63 
5400 236 30 
5400 237 248 209 218 293 271 
5400 238 10 
5400 240 233 114 53 
5400 241 98 141 285 
5400 243 273 290 109 57 
5400 244 96 87 55 255 
5400 245 248 273 196 151 
5400 248 265 163 68 231 
5400 250 288 9 286 
5400 251 25 178 266 
5400 252 49 138 55 
5400 253 0 
5400 254 73 46 255 
5400 255 65 146 15 151 
5400 256 56 178 196 237 
5400 259 256 10 46 113 148 277 182 94 
5400 261 256 12 238 112 19 59 
5400 263 228 46 287 
5400 264 286 
5400 265 176 269 
5400 266 160 251 132 243 263 
5400 268 147 148 159 255 
5400 269 60 21 
5400 270 120 1 96 
5400 271 113 116 
5400 273 179 54 295 
5400 274 24 9 205 14 287 
5400 277 
5400 280 96 
5400 281 9 
5400 282 240 4 
5400 285 68 235 4 
5400 286 99 
5400 287 16 2 213 
5400 288 224 1 265 192 119 126 
5400 290 116 164 
5400 291 10 163 172 58 213 
5400 292 1 131 72 110 86 124 286 
5400 293 72 174 121 90 222 223 
5400 295 88 11 43 65 
5400 296 40 11 126 
6300 0 6 9 202 236 83 255 
6300 1 290 98 
6300 2 274 
6300 3 101 263 
6300 4 
6300 5 152 202 15 
6300 6 127 
6300 7 256 94 
6300 8 20 43 68 109 211 
6300 9 280 109 
6300 10 9 228 213 231 
6300 11 144 
6300 12 16 19 13 254 141 
6300 13 224 145 156 293 
6300 14 180 196 
6300 15 146 98 
6300 16 112 75 124 181 79 
6300 17 274 7 151 
6300 18 112 
6300 19 122 220 
6300 20 191 13 148 281 251 159 
6300 21 236 143 
6300 22 
6300 23 40 200 55 88 201 
6300 24 251 
6300 25 113 219 
6300 28 40 281 131 46 
6300 30 194 228 138 268 112 286 
6300 32 181 
6300 38 
6300 40 114 52 186 14 
6300 41 150 87 
6300 43 237 
6300 44 24 252 287 
6300 45 176 209 268 295 
6300 46 210 292 
6300 49 180 119 
6300 52 
6300 53 274 
6300 54 248 19 52 
6300 55 
6300 59 265 148 181 
6300 60 115 171 
6300 63 
6300 64 254 
6300 65 218 92 250 
6300 68 233 148 54 30 
6300 70 136 13 101 
6300 71 64 180 
6300 72 45 
6300 73 107 54 
6300 75 137 10 
6300 79 120 148 
6300 83 199 
6300 85 134 
6300 86 270 
6300 87 
6300 88 96 219 14 22 255 
6300 90 65 234 
6300 91 296 201 85 13 
6300 92 9 100 182 255 
6300 94 218 191 202 263 
6300 95 265 79 73 
6300 96 49 124 
6300 97 145 121 107 22 1 
6300 98 115 157 
6300 99 136 46 63 
6300 100 49 186 19 
6300 101 288 251 
6300 104 137 196 79 
6300 105 264 49 
6300 107 265 150 263 
6300 109 9 180 230 
6300 110 3 292 265 174 251 28 
6300 112 196 5 265 49 59 254 293 
6300 113 172 285 71 
6300 114 182 295 
6300 115 113 210 291 282 
6300 116 0 112 220 
6300 119 122 
6300 120 181 230 
6300 121 240 280 
6300 122 72 20 175 
6300 124 282 21 
6300 126 256 199 
6300 127 152 1 251 
6300 131 96 285 
6300 132 63 79 179 287 
6300 134 64 127 
6300 136 120 
6300 137 233 6 25 
6300 138 261 140 157 277 
6300 140 270 174 
6300 141 19 290 115 
6300 143 211 
6300 144 71 44 46 175 
6300 145 144 100 196 
6300 146 291 21 151 
6300 147 182 238 150 149 
6300 148 201 210 43 90 141 
6300 149 97 3 105 109 145 41 
6300 150 211 55 
6300 151 148 110 295 
6300 152 136 145 19 1 
6300 156 17 250 71 
6300 157 240 60 148 
6300 159 0 4 87 
6300 160 223 87 
6300 164 100 45 
6300 169 178 228 54 
6300 171 
6300 172 266 230 
6300 174 11 116 
6300 175 285 53 
6300 176 98 235 244 270 
6300 178 216 236 116 175 
6300 179 194 45 285 
6300 180 156 244 157 38 
6300 181 152 0 219 231 
6300 182 98 164 30 231 
6300 183 121 7 13 149 
6300 184 1 292 5 146 14 178 20 277 281 
6300 186 138 92 101 
6300 191 75 19 4 6 
6300 194 17 219 68 85 191 
6300 195 21 63 
6300 196 126 
6300 197 40 202 91 
6300 199 68 63 116 53 175 
6300 200 201 59 220 147 
6300 201 264 159 
6300 202 144 285 175 
6300 203 152 
6300 209 274 252 
6300 210 174 
6300 211 144 
6300 213 172 223 
6300 216 104 264 19 
6300 218 104 1 290 211 281 
6300 219 113 244 141 
6300 220 137 
6300 223 25 
6300 224 70 159 
6300 228 169 92 157 79 
6300 230 73 
6300 231 176 
6300 233 296 201 159 
6300 234 120 241 83 179 9 
6300 235 144 147 63 
6300 236 30 
6300 237 248 209 218 293 
6300 238 10 
6300 240 233 114 53 
6300 241 98 141 285 
6300 244 96 87 55 255 
6300 245 248 273 196 151 
6300 248 265 68 231 
6300 250 288 9 286 
6300 251 25 178 266 
6300 252 49 138 55 
6300 253 0 
6300 254 73 46 255 
6300 255 65 146 15 151 
6300 256 178 196 237 
6300 259 256 10 46 113 148 277 182 94 
6300 261 256 12 238 112 19 59 
6300 263 228 46 287 
6300 264 286 
6300 265 176 
6300 266 160 251 132 263 
6300 268 147 148 159 255 
6300 270 120 1 96 
6300 273 179 54 295 
6300 274 24 9 14 287 
6300 277 
6300 280 96 
6300 281 9 
6300 282 240 4 
6300 285 68 235 4 
6300 286 99 
6300 287 16 2 213 
6300 288 224 265 1 126 119 
6300 290 116 164 
6300 291 10 172 213 
6300 292 1 131 72 110 86 124 286 
6300 293 72 121 90 174 223 
6300 295 88 11 43 65 
6300 296 40 11 126 
